     8     1
    GDAS    22    12    22     0     0
    GDAS    22    12    29     0     0
    GDAS    23     1     1     0     0
    GDAS    23     1     8     0     0
    GDAS    23     1    15     0     0
    GDAS    23     1    22     0     0
    GDAS    23     1    29     0     0
    GDAS    23     2     1     0     0
     1 BACKWARD OMEGA   
    23     1     7    23   32.000  -96.000  1500.0
     1 PRESSURE
     1     1    23     1     7    23     0     1     0.0   32.000  -96.000   1500.0    845.8
     1     1    23     1     7    22     0     2    -1.0   31.937  -96.239   1531.4    839.8
     1     1    23     1     7    21     0     3    -2.0   31.859  -96.467   1568.1    832.8
     1     1    23     1     7    20     0     2    -3.0   31.771  -96.684   1588.9    827.1
     1     1    23     1     7    19     0     1    -4.0   31.685  -96.887   1569.2    826.7
     1     1    23     1     7    18     0     0    -5.0   31.607  -97.076   1498.3    832.1
     1     1    23     1     7    17     0     1    -6.0   31.541  -97.261   1421.0    841.9
     1     1    23     1     7    16     0     2    -7.0   31.484  -97.459   1374.7    842.7
     1     1    23     1     7    15     0     3    -8.0   31.443  -97.668   1340.2    841.6
     1     1    23     1     7    14     0     2    -9.0   31.415  -97.894   1292.9    840.9
     1     1    23     1     7    13     0     1   -10.0   31.395  -98.145   1227.6    844.0
     1     1    23     1     7    12     0     0   -11.0   31.374  -98.419   1161.4    846.3
     1     1    23     1     7    11     0     1   -12.0   31.336  -98.703   1092.8    847.3
     1     1    23     1     7    10     0     2   -13.0   31.270  -98.998   1012.4    849.2
     1     1    23     1     7     9     0     3   -14.0   31.178  -99.306    944.0    853.9
     1     1    23     1     7     8     0     2   -15.0   31.060  -99.611    915.2    852.8
     1     1    23     1     7     7     0     1   -16.0   30.914  -99.904    903.3    847.2
     1     1    23     1     7     6     0     0   -17.0   30.719 -100.177    887.9    846.7
     1     1    23     1     7     5     0     1   -18.0   30.465 -100.405    893.1    849.9
     1     1    23     1     7     4     0     2   -19.0   30.176 -100.576    932.2    849.5
     1     1    23     1     7     3     0     3   -20.0   29.879 -100.702    990.8    850.3
     1     1    23     1     7     2     0     2   -21.0   29.598 -100.804   1036.6    851.1
     1     1    23     1     7     1     0     1   -22.0   29.322 -100.890   1041.0    856.2
     1     1    23     1     7     0     0     0   -23.0   29.034 -100.952    989.9    865.7
     1     1    23     1     6    23     0     1   -24.0   28.735 -100.976    918.9    875.2
     1     1    23     1     6    22     0     2   -25.0   28.442 -100.991    884.0    874.9
     1     1    23     1     6    21     0     3   -26.0   28.168 -101.024    877.9    869.3
     1     1    23     1     6    20     0     2   -27.0   27.918 -101.074    888.6    861.6
     1     1    23     1     6    19     0     1   -28.0   27.692 -101.128    919.3    852.7
     1     1    23     1     6    18     0     0   -29.0   27.488 -101.186    973.1    842.6
     1     1    23     1     6    17     0     1   -30.0   27.299 -101.247   1035.2    830.8
     1     1    23     1     6    16     0     2   -31.0   27.123 -101.297   1087.7    823.0
     1     1    23     1     6    15     0     3   -32.0   26.958 -101.334   1127.4    816.5
     1     1    23     1     6    14     0     2   -33.0   26.801 -101.361   1151.7    808.2
     1     1    23     1     6    13     0     1   -34.0   26.647 -101.385   1165.8    801.4
     1     1    23     1     6    12     0     0   -35.0   26.496 -101.401   1176.2    795.1
     1     1    23     1     6    11     0     1   -36.0   26.340 -101.407   1184.4    789.2
     1     1    23     1     6    10     0     2   -37.0   26.176 -101.397   1191.6    784.1
     1     1    23     1     6     9     0     3   -38.0   26.009 -101.371   1202.5    779.2
     1     1    23     1     6     8     0     2   -39.0   25.841 -101.328   1222.0    768.3
     1     1    23     1     6     7     0     1   -40.0   25.674 -101.270   1253.7    754.1
     1     1    23     1     6     6     0     0   -41.0   25.508 -101.204   1286.7    738.6
     1     1    23     1     6     5     0     1   -42.0   25.349 -101.136   1291.1    722.9
     1     1    23     1     6     4     0     2   -43.0   25.199 -101.066   1227.8    713.1
     1     1    23     1     6     3     0     3   -44.0   25.039 -100.996   1054.2    709.8
     1     1    23     1     6     2     0     2   -45.0   24.882 -100.907    815.4    739.5
     1     1    23     1     6     1     0     1   -46.0   24.762 -100.805    594.7    766.0
     1     1    23     1     6     0     0     0   -47.0   24.683 -100.702    403.5    789.1
     1     1    23     1     5    23     0     1   -48.0   24.633 -100.597    254.3    807.7
     1     1    23     1     5    22     0     2   -49.0   24.605 -100.494    149.8    821.2
     1     1    23     1     5    21     0     3   -50.0   24.596 -100.393     79.5    830.2
     1     1    23     1     5    20     0     2   -51.0   24.604 -100.295     40.1    839.0
     1     1    23     1     5    19     0     1   -52.0   24.628 -100.202     18.9    845.9
     1     1    23     1     5    18     0     0   -53.0   24.665 -100.114      6.1    853.0
     1     1    23     1     5    17     0     1   -54.0   24.701 -100.041      0.0    858.7
     1     1    23     1     5    16     0     2   -55.0   24.722  -99.995      0.0    862.8
     1     1    23     1     5    15     0     3   -56.0   24.726  -99.975      0.8    865.9
     1     1    23     1     5    14     0     2   -57.0   24.722  -99.972      3.0    864.9
     1     1    23     1     5    13     0     1   -58.0   24.718  -99.979      4.3    862.5
     1     1    23     1     5    12     0     0   -59.0   24.715  -99.995      4.8    858.9
     1     1    23     1     5    11     0     1   -60.0   24.710 -100.017      5.0    857.2
     1     1    23     1     5    10     0     2   -61.0   24.701 -100.040      5.8    855.5
     1     1    23     1     5     9     0     3   -62.0   24.688 -100.063      7.0    853.6
     1     1    23     1     5     8     0     2   -63.0   24.670 -100.089      9.7    851.5
     1     1    23     1     5     7     0     1   -64.0   24.646 -100.118     17.4    848.4
     1     1    23     1     5     6     0     0   -65.0   24.617 -100.147     41.3    844.0
     1     1    23     1     5     5     0     1   -66.0   24.595 -100.167     89.7    837.4
     1     1    23     1     5     4     0     2   -67.0   24.587 -100.169    152.8    830.5
     1     1    23     1     5     3     0     3   -68.0   24.594 -100.150    203.8    825.1
     1     1    23     1     5     2     0     2   -69.0   24.608 -100.118    193.7    824.7
     1     1    23     1     5     1     0     1   -70.0   24.627 -100.082    123.3    834.8
     1     1    23     1     5     0     0     0   -71.0   24.650 -100.042     59.0    847.3
     1     1    23     1     4    23     0     1   -72.0   24.676  -99.996     19.5    854.5
     1     1    23     1     4    22     0     2   -73.0   24.708  -99.951      0.0    862.3
     1     1    23     1     4    21     0     3   -74.0   24.749  -99.901      0.0    871.2
     1     1    23     1     4    20     0     2   -75.0   24.796  -99.845      0.0    882.4
     1     1    23     1     4    19     0     1   -76.0   24.845  -99.785      0.0    893.7
     1     1    23     1     4    18     0     0   -77.0   24.898  -99.726      0.0    904.5
     1     1    23     1     4    17     0     1   -78.0   24.946  -99.677      0.0    911.6
     1     1    23     1     4    16     0     2   -79.0   24.985  -99.643      0.0    916.3
     1     1    23     1     4    15     0     3   -80.0   25.012  -99.625      0.0    918.8
     1     1    23     1     4    14     0     2   -81.0   25.028  -99.625      0.0    919.3
     1     1    23     1     4    13     0     1   -82.0   25.033  -99.643      0.0    917.1
     1     1    23     1     4    12     0     0   -83.0   25.025  -99.679      0.0    912.3
     1     1    23     1     4    11     0     1   -84.0   25.010  -99.725      0.0    906.2
     1     1    23     1     4    10     0     2   -85.0   24.995  -99.770      0.0    900.2
     1     1    23     1     4     9     0     3   -86.0   24.980  -99.813      0.0    894.5
     1     1    23     1     4     8     0     2   -87.0   24.961  -99.854      0.0    888.7
     1     1    23     1     4     7     0     1   -88.0   24.932  -99.896      1.0    882.2
     1     1    23     1     4     6     0     0   -89.0   24.892  -99.938      4.3    874.9
     1     1    23     1     4     5     0     1   -90.0   24.849  -99.977      8.2    866.4
     1     1    23     1     4     4     0     2   -91.0   24.812 -100.013     11.1    859.2
     1     1    23     1     4     3     0     3   -92.0   24.784 -100.046     13.4    854.3
     1     1    23     1     4     2     0     2   -93.0   24.761 -100.074     12.7    851.0
     1     1    23     1     4     1     0     1   -94.0   24.741 -100.091      9.1    849.3
     1     1    23     1     4     0     0     0   -95.0   24.722 -100.100      3.4    847.5
     1     1    23     1     3    23     0     1   -96.0   24.701 -100.106      0.0    846.0
     1     1    23     1     3    22     0     2   -97.0   24.676 -100.119      0.0    844.0
     1     1    23     1     3    21     0     3   -98.0   24.643 -100.142      0.0    841.2
     1     1    23     1     3    20     0     2   -99.0   24.607 -100.177      0.0    838.5
     1     1    23     1     3    19     0     1  -100.0   24.570 -100.225      0.0    835.7
     1     1    23     1     3    18     0     0  -101.0   24.533 -100.282      0.0    832.9
     1     1    23     1     3    17     0     1  -102.0   24.494 -100.349      0.0    829.4
     1     1    23     1     3    16     0     2  -103.0   24.454 -100.418      0.0    826.1
     1     1    23     1     3    15     0     3  -104.0   24.420 -100.481      0.0    823.6
     1     1    23     1     3    14     0     2  -105.0   24.388 -100.538      0.0    821.4
     1     1    23     1     3    13     0     1  -106.0   24.351 -100.595      0.6    819.5
     1     1    23     1     3    12     0     0  -107.0   24.310 -100.650      2.0    817.9
     1     1    23     1     3    11     0     1  -108.0   24.265 -100.706      2.0    816.9
     1     1    23     1     3    10     0     2  -109.0   24.221 -100.768      0.0    816.2
     1     1    23     1     3     9     0     3  -110.0   24.179 -100.837      0.0    815.7
     1     1    23     1     3     8     0     2  -111.0   24.138 -100.923      0.0    815.4
     1     1    23     1     3     7     0     1  -112.0   24.092 -101.043      0.0    815.7
     1     1    23     1     3     6     0     0  -113.0   24.023 -101.211      0.0    816.3
     1     1    23     1     3     5     0     1  -114.0   23.916 -101.408      2.0    814.5
     1     1    23     1     3     4     0     2  -115.0   23.783 -101.600      6.2    811.5
     1     1    23     1     3     3     0     3  -116.0   23.635 -101.786     12.3    807.3
     1     1    23     1     3     2     0     2  -117.0   23.483 -101.976     23.1    800.2
     1     1    23     1     3     1     0     1  -118.0   23.335 -102.180     37.2    791.4
     1     1    23     1     3     0     0     0  -119.0   23.193 -102.413     48.0    782.2
     1     1    23     1     2    23     0     1  -120.0   23.036 -102.699     58.1    771.8
