     8     1
    GDAS    22    12    22     0     0
    GDAS    22    12    29     0     0
    GDAS    23     1     1     0     0
    GDAS    23     1     8     0     0
    GDAS    23     1    15     0     0
    GDAS    23     1    22     0     0
    GDAS    23     1    29     0     0
    GDAS    23     2     1     0     0
     1 BACKWARD OMEGA   
    23     1     3    17   32.000  -96.000  1000.0
     1 PRESSURE
     1     1    23     1     3    17     0     1     0.0   32.000  -96.000   1000.0    888.6
     1     1    23     1     3    16     0     2    -1.0   32.013  -96.434   1081.9    875.9
     1     1    23     1     3    15     0     3    -2.0   32.049  -96.987   1237.0    856.0
     1     1    23     1     3    14     0     2    -3.0   32.055  -97.662   1435.4    820.6
     1     1    23     1     3    13     0     1    -4.0   32.017  -98.432   1594.0    792.1
     1     1    23     1     3    12     0     0    -5.0   31.938  -99.318   1695.0    773.9
     1     1    23     1     3    11     0     1    -6.0   31.819 -100.248   1770.7    754.8
     1     1    23     1     3    10     0     2    -7.0   31.660 -101.195   1817.7    740.4
     1     1    23     1     3     9     0     3    -8.0   31.482 -102.125   1974.3    720.2
     1     1    23     1     3     8     0     2    -9.0   31.279 -103.018   2159.9    700.4
     1     1    23     1     3     7     0     1   -10.0   31.046 -103.939   2235.9    655.0
     1     1    23     1     3     6     0     0   -11.0   30.786 -104.888   2197.9    653.1
     1     1    23     1     3     5     0     1   -12.0   30.554 -105.806   2262.9    643.0
     1     1    23     1     3     4     0     2   -13.0   30.405 -106.700   2303.5    640.7
     1     1    23     1     3     3     0     3   -14.0   30.322 -107.640   2175.5    631.0
     1     1    23     1     3     2     0     2   -15.0   30.226 -108.587   2073.8    644.9
     1     1    23     1     3     1     0     1   -16.0   29.950 -109.352   2145.1    664.0
     1     1    23     1     3     0     0     0   -17.0   29.728 -109.992   2219.7    684.2
     1     1    23     1     2    23     0     1   -18.0   29.585 -110.573   2285.9    701.1
     1     1    23     1     2    22     0     2   -19.0   29.486 -111.110   2243.4    725.9
     1     1    23     1     2    21     0     3   -20.0   29.422 -111.610   2111.7    749.5
     1     1    23     1     2    20     0     2   -21.0   29.405 -112.081   2022.3    771.2
     1     1    23     1     2    19     0     1   -22.0   29.421 -112.534   1992.5    783.4
     1     1    23     1     2    18     0     0   -23.0   29.450 -112.955   1950.2    798.4
     1     1    23     1     2    17     0     1   -24.0   29.500 -113.343   1905.3    802.9
     1     1    23     1     2    16     0     2   -25.0   29.588 -113.732   1900.7    797.3
     1     1    23     1     2    15     0     3   -26.0   29.730 -114.141   1915.4    790.1
     1     1    23     1     2    14     0     2   -27.0   29.961 -114.645   1946.2    763.1
     1     1    23     1     2    13     0     1   -28.0   30.280 -115.288   2028.5    749.9
     1     1    23     1     2    12     0     0   -29.0   30.567 -115.900   2051.3    762.1
     1     1    23     1     2    11     0     1   -30.0   30.795 -116.414   1960.5    783.4
     1     1    23     1     2    10     0     2   -31.0   31.004 -116.897   1888.2    806.8
     1     1    23     1     2     9     0     3   -32.0   31.234 -117.384   1862.3    809.1
     1     1    23     1     2     8     0     2   -33.0   31.511 -117.849   1842.8    810.4
     1     1    23     1     2     7     0     1   -34.0   31.832 -118.285   1816.9    812.1
     1     1    23     1     2     6     0     0   -35.0   32.207 -118.719   1790.1    815.3
     1     1    23     1     2     5     0     1   -36.0   32.640 -119.153   1769.5    817.0
     1     1    23     1     2     4     0     2   -37.0   33.095 -119.597   1744.2    817.6
     1     1    23     1     2     3     0     3   -38.0   33.559 -120.067   1742.9    821.5
     1     1    23     1     2     2     0     2   -39.0   34.043 -120.510   1788.7    813.4
     1     1    23     1     2     1     0     1   -40.0   34.520 -120.870   1823.3    802.4
     1     1    23     1     2     0     0     0   -41.0   34.956 -121.155   1829.7    808.5
     1     1    23     1     1    23     0     1   -42.0   35.408 -121.410   1825.6    801.8
     1     1    23     1     1    22     0     2   -43.0   35.935 -121.674   1852.0    798.0
     1     1    23     1     1    21     0     3   -44.0   36.511 -121.931   1893.2    792.3
     1     1    23     1     1    20     0     2   -45.0   37.083 -122.127   1890.4    787.4
     1     1    23     1     1    19     0     1   -46.0   37.597 -122.232   1932.4    798.3
     1     1    23     1     1    18     0     0   -47.0   38.069 -122.242   2123.2    780.3
     1     1    23     1     1    17     0     1   -48.0   38.546 -122.195   2362.8    744.1
     1     1    23     1     1    16     0     2   -49.0   39.050 -122.115   2632.7    730.7
     1     1    23     1     1    15     0     3   -50.0   39.594 -122.012   2886.9    689.4
     1     1    23     1     1    14     0     2   -51.0   40.114 -121.896   3013.1    662.5
     1     1    23     1     1    13     0     1   -52.0   40.608 -121.799   3163.8    621.8
     1     1    23     1     1    12     0     0   -53.0   41.098 -121.749   3405.9    569.7
     1     1    23     1     1    11     0     1   -54.0   41.584 -121.718   3621.7    538.1
     1     1    23     1     1    10     0     2   -55.0   42.065 -121.701   3768.2    518.0
     1     1    23     1     1     9     0     3   -56.0   42.541 -121.701   3911.1    500.3
     1     1    23     1     1     8     0     2   -57.0   43.023 -121.741   4072.9    477.8
     1     1    23     1     1     7     0     1   -58.0   43.495 -121.842   4282.1    475.1
     1     1    23     1     1     6     0     0   -59.0   43.940 -122.004   4441.7    471.7
     1     1    23     1     1     5     0     1   -60.0   44.353 -122.181   4571.8    486.4
     1     1    23     1     1     4     0     2   -61.0   44.715 -122.356   4660.0    501.1
     1     1    23     1     1     3     0     3   -62.0   45.031 -122.567   4741.2    515.0
     1     1    23     1     1     2     0     2   -63.0   45.320 -122.810   4819.7    524.8
     1     1    23     1     1     1     0     1   -64.0   45.587 -123.073   4892.7    528.4
     1     1    23     1     1     0     0     0   -65.0   45.839 -123.373   4944.3    525.4
     1     1    22    12    31    23     0     1   -66.0   46.082 -123.702   5004.6    526.3
     1     1    22    12    31    22     0     2   -67.0   46.305 -124.031   5054.5    525.9
     1     1    22    12    31    21     0     3   -68.0   46.509 -124.369   5096.5    524.8
     1     1    22    12    31    20     0     2   -69.0   46.715 -124.754   5164.3    518.8
     1     1    22    12    31    19     0     1   -70.0   46.919 -125.169   5227.5    512.4
     1     1    22    12    31    18     0     0   -71.0   47.115 -125.561   5284.6    509.4
     1     1    22    12    31    17     0     1   -72.0   47.303 -125.947   5341.3    504.0
     1     1    22    12    31    16     0     2   -73.0   47.475 -126.368   5364.2    500.0
     1     1    22    12    31    15     0     3   -74.0   47.631 -126.816   5333.0    502.1
     1     1    22    12    31    14     0     2   -75.0   47.769 -127.305   5277.0    507.3
     1     1    22    12    31    13     0     1   -76.0   47.889 -127.845   5227.4    511.0
     1     1    22    12    31    12     0     0   -77.0   48.017 -128.416   5170.3    513.2
     1     1    22    12    31    11     0     1   -78.0   48.154 -129.016   5099.5    518.8
     1     1    22    12    31    10     0     2   -79.0   48.264 -129.646   5042.5    523.2
     1     1    22    12    31     9     0     3   -80.0   48.346 -130.291   5015.9    524.8
     1     1    22    12    31     8     0     2   -81.0   48.432 -130.929   5019.9    523.8
     1     1    22    12    31     7     0     1   -82.0   48.519 -131.560   5024.2    521.3
     1     1    22    12    31     6     0     0   -83.0   48.607 -132.186   5020.1    522.1
     1     1    22    12    31     5     0     1   -84.0   48.707 -132.817   5010.7    521.7
     1     1    22    12    31     4     0     2   -85.0   48.808 -133.440   4995.9    523.1
     1     1    22    12    31     3     0     3   -86.0   48.893 -134.025   5000.8    523.3
     1     1    22    12    31     2     0     2   -87.0   48.972 -134.591   5012.0    520.2
     1     1    22    12    31     1     0     1   -88.0   49.040 -135.133   4993.5    520.8
     1     1    22    12    31     0     0     0   -89.0   49.105 -135.674   4929.7    524.6
     1     1    22    12    30    23     0     1   -90.0   49.178 -136.230   4860.7    533.2
     1     1    22    12    30    22     0     2   -91.0   49.235 -136.769   4852.4    534.7
     1     1    22    12    30    21     0     3   -92.0   49.283 -137.315   4892.6    529.6
     1     1    22    12    30    20     0     2   -93.0   49.320 -137.856   4921.6    525.0
     1     1    22    12    30    19     0     1   -94.0   49.346 -138.378   4928.7    525.5
     1     1    22    12    30    18     0     0   -95.0   49.371 -138.931   4919.9    525.0
     1     1    22    12    30    17     0     1   -96.0   49.389 -139.490   4917.5    527.5
     1     1    22    12    30    16     0     2   -97.0   49.395 -140.026   4946.7    524.3
     1     1    22    12    30    15     0     3   -98.0   49.390 -140.572   4988.8    520.2
     1     1    22    12    30    14     0     2   -99.0   49.361 -141.117   5021.8    516.8
     1     1    22    12    30    13     0     1  -100.0   49.317 -141.668   5033.0    515.9
     1     1    22    12    30    12     0     0  -101.0   49.275 -142.275   5034.1    516.7
     1     1    22    12    30    11     0     1  -102.0   49.222 -142.885   5054.7    516.1
     1     1    22    12    30    10     0     2  -103.0   49.149 -143.439   5086.5    512.2
     1     1    22    12    30     9     0     3  -104.0   49.093 -144.010   5102.7    510.2
     1     1    22    12    30     8     0     2  -105.0   49.056 -144.603   5118.8    510.6
     1     1    22    12    30     7     0     1  -106.0   48.987 -145.143   5145.6    507.5
     1     1    22    12    30     6     0     0  -107.0   48.897 -145.684   5177.6    505.5
     1     1    22    12    30     5     0     1  -108.0   48.816 -146.273   5216.2    502.1
     1     1    22    12    30     4     0     2  -109.0   48.731 -146.903   5256.8    499.2
     1     1    22    12    30     3     0     3  -110.0   48.635 -147.588   5301.8    495.6
     1     1    22    12    30     2     0     2  -111.0   48.514 -148.319   5337.8    492.0
     1     1    22    12    30     1     0     1  -112.0   48.367 -149.098   5371.9    490.3
     1     1    22    12    30     0     0     0  -113.0   48.225 -149.974   5457.6    484.4
     1     1    22    12    29    23     0     1  -114.0   48.074 -150.955   5558.0    476.4
     1     1    22    12    29    22     0     2  -115.0   47.862 -151.920   5621.7    472.5
     1     1    22    12    29    21     0     3  -116.0   47.647 -152.894   5672.6    468.5
     1     1    22    12    29    20     0     2  -117.0   47.423 -153.908   5716.2    466.0
     1     1    22    12    29    19     0     1  -118.0   47.157 -154.921   5781.1    461.0
     1     1    22    12    29    18     0     0  -119.0   46.893 -155.935   5850.5    455.9
     1     1    22    12    29    17     0     1  -120.0   46.607 -156.973   5893.1    452.7
