     8     1
    GDAS    22    12    22     0     0
    GDAS    22    12    29     0     0
    GDAS    23     1     1     0     0
    GDAS    23     1     8     0     0
    GDAS    23     1    15     0     0
    GDAS    23     1    22     0     0
    GDAS    23     1    29     0     0
    GDAS    23     2     1     0     0
     1 BACKWARD OMEGA   
    23     1     7    23   32.000  -96.000   500.0
     1 PRESSURE
     1     1    23     1     7    23     0     1     0.0   32.000  -96.000    500.0    952.4
     1     1    23     1     7    22     0     2    -1.0   32.178  -96.075    551.3    942.7
     1     1    23     1     7    21     0     3    -2.0   32.330  -96.169    583.2    937.6
     1     1    23     1     7    20     0     2    -3.0   32.460  -96.274    596.2    934.6
     1     1    23     1     7    19     0     1    -4.0   32.577  -96.378    590.1    935.1
     1     1    23     1     7    18     0     0    -5.0   32.690  -96.478    573.6    936.8
     1     1    23     1     7    17     0     1    -6.0   32.811  -96.573    555.9    938.7
     1     1    23     1     7    16     0     2    -7.0   32.957  -96.656    539.3    939.9
     1     1    23     1     7    15     0     3    -8.0   33.141  -96.713    517.5    941.1
     1     1    23     1     7    14     0     2    -9.0   33.357  -96.782    493.3    942.5
     1     1    23     1     7    13     0     1   -10.0   33.609  -96.874    476.9    942.7
     1     1    23     1     7    12     0     0   -11.0   33.918  -96.957    484.6    939.5
     1     1    23     1     7    11     0     1   -12.0   34.252  -97.074    495.8    929.4
     1     1    23     1     7    10     0     2   -13.0   34.586  -97.276    485.5    925.4
     1     1    23     1     7     9     0     3   -14.0   34.955  -97.533    467.8    923.1
     1     1    23     1     7     8     0     2   -15.0   35.328  -97.839    456.2    924.6
     1     1    23     1     7     7     0     1   -16.0   35.661  -98.181    472.8    919.9
     1     1    23     1     7     6     0     0   -17.0   35.973  -98.513    548.7    902.5
     1     1    23     1     7     5     0     1   -18.0   36.212  -98.842    628.1    878.7
     1     1    23     1     7     4     0     2   -19.0   36.380  -99.180    662.4    871.0
     1     1    23     1     7     3     0     3   -20.0   36.524  -99.480    687.1    867.6
     1     1    23     1     7     2     0     2   -21.0   36.631  -99.746    745.7    860.1
     1     1    23     1     7     1     0     1   -22.0   36.661 -100.096    866.2    842.2
     1     1    23     1     7     0     0     0   -23.0   36.676 -100.590   1023.5    814.0
     1     1    23     1     6    23     0     1   -24.0   36.736 -101.120   1163.1    792.9
     1     1    23     1     6    22     0     2   -25.0   36.760 -101.666   1339.0    763.5
     1     1    23     1     6    21     0     3   -26.0   36.711 -102.313   1506.5    726.6
     1     1    23     1     6    20     0     2   -27.0   36.644 -103.048   1576.9    699.4
     1     1    23     1     6    19     0     1   -28.0   36.572 -103.824   1763.6    662.4
     1     1    23     1     6    18     0     0   -29.0   36.385 -104.779   2170.7    587.8
     1     1    23     1     6    17     0     1   -30.0   36.111 -105.827   2054.7    599.6
     1     1    23     1     6    16     0     2   -31.0   36.020 -106.514   1438.4    658.9
     1     1    23     1     6    15     0     3   -32.0   35.977 -107.126    988.3    698.1
     1     1    23     1     6    14     0     2   -33.0   35.922 -107.717    746.1    736.9
     1     1    23     1     6    13     0     1   -34.0   35.836 -108.295    652.3    732.3
     1     1    23     1     6    12     0     0   -35.0   35.713 -108.891    606.2    718.8
     1     1    23     1     6    11     0     1   -36.0   35.567 -109.452    581.8    741.8
     1     1    23     1     6    10     0     2   -37.0   35.410 -109.934    593.2    763.5
     1     1    23     1     6     9     0     3   -38.0   35.192 -110.416    715.5    769.0
     1     1    23     1     6     8     0     2   -39.0   34.844 -111.032   1233.8    737.7
     1     1    23     1     6     7     0     1   -40.0   34.506 -111.668   1654.6    667.4
     1     1    23     1     6     6     0     0   -41.0   34.243 -112.163   1678.2    716.0
     1     1    23     1     6     5     0     1   -42.0   34.028 -112.588   1586.8    756.7
     1     1    23     1     6     4     0     2   -43.0   33.850 -112.966   1481.7    786.9
     1     1    23     1     6     3     0     3   -44.0   33.686 -113.303   1366.5    813.0
     1     1    23     1     6     2     0     2   -45.0   33.513 -113.596   1247.0    836.1
     1     1    23     1     6     1     0     1   -46.0   33.347 -113.845   1159.7    852.6
     1     1    23     1     6     0     0     0   -47.0   33.201 -114.081   1112.6    857.7
     1     1    23     1     5    23     0     1   -48.0   33.050 -114.316   1098.0    861.4
     1     1    23     1     5    22     0     2   -49.0   32.880 -114.540   1095.1    865.8
     1     1    23     1     5    21     0     3   -50.0   32.705 -114.755   1089.3    873.7
     1     1    23     1     5    20     0     2   -51.0   32.541 -114.956   1092.3    881.1
     1     1    23     1     5    19     0     1   -52.0   32.379 -115.147   1108.5    872.5
     1     1    23     1     5    18     0     0   -53.0   32.195 -115.343   1140.8    847.5
     1     1    23     1     5    17     0     1   -54.0   31.989 -115.606   1229.5    800.2
     1     1    23     1     5    16     0     2   -55.0   31.747 -116.014   1487.2    751.9
     1     1    23     1     5    15     0     3   -56.0   31.495 -116.481   1802.1    768.9
     1     1    23     1     5    14     0     2   -57.0   31.272 -116.897   1926.2    794.6
     1     1    23     1     5    13     0     1   -58.0   31.051 -117.291   1921.1    805.4
     1     1    23     1     5    12     0     0   -59.0   30.854 -117.692   1902.5    811.8
     1     1    23     1     5    11     0     1   -60.0   30.675 -118.109   1911.0    809.8
     1     1    23     1     5    10     0     2   -61.0   30.480 -118.548   1911.2    807.3
     1     1    23     1     5     9     0     3   -62.0   30.342 -119.033   1890.2    810.4
     1     1    23     1     5     8     0     2   -63.0   30.192 -119.550   1858.1    814.6
     1     1    23     1     5     7     0     1   -64.0   29.948 -120.074   1864.5    816.3
     1     1    23     1     5     6     0     0   -65.0   29.688 -120.624   1888.8    810.5
     1     1    23     1     5     5     0     1   -66.0   29.440 -121.195   1909.9    808.6
     1     1    23     1     5     4     0     2   -67.0   29.167 -121.777   1921.9    806.0
     1     1    23     1     5     3     0     3   -68.0   28.881 -122.370   1911.3    806.5
     1     1    23     1     5     2     0     2   -69.0   28.601 -122.967   1886.7    809.6
     1     1    23     1     5     1     0     1   -70.0   28.317 -123.578   1881.6    812.0
     1     1    23     1     5     0     0     0   -71.0   28.032 -124.208   1938.7    807.6
     1     1    23     1     4    23     0     1   -72.0   27.755 -124.843   1970.9    794.4
     1     1    23     1     4    22     0     2   -73.0   27.463 -125.474   1943.3    803.7
     1     1    23     1     4    21     0     3   -74.0   27.157 -126.105   1912.9    806.3
     1     1    23     1     4    20     0     2   -75.0   26.858 -126.723   1898.7    810.8
     1     1    23     1     4    19     0     1   -76.0   26.568 -127.325   1917.3    808.5
     1     1    23     1     4    18     0     0   -77.0   26.274 -127.908   1968.0    804.6
     1     1    23     1     4    17     0     1   -78.0   25.988 -128.473   1979.4    795.7
     1     1    23     1     4    16     0     2   -79.0   25.714 -129.012   1941.4    804.9
     1     1    23     1     4    15     0     3   -80.0   25.450 -129.528   1904.5    808.0
     1     1    23     1     4    14     0     2   -81.0   25.202 -130.023   1864.7    811.7
     1     1    23     1     4    13     0     1   -82.0   24.966 -130.495   1830.9    816.0
     1     1    23     1     4    12     0     0   -83.0   24.731 -130.940   1816.4    817.7
     1     1    23     1     4    11     0     1   -84.0   24.498 -131.355   1800.6    817.5
     1     1    23     1     4    10     0     2   -85.0   24.270 -131.740   1770.9    821.6
     1     1    23     1     4     9     0     3   -86.0   24.046 -132.100   1745.6    825.6
     1     1    23     1     4     8     0     2   -87.0   23.832 -132.434   1726.7    827.1
     1     1    23     1     4     7     0     1   -88.0   23.630 -132.735   1694.5    829.4
     1     1    23     1     4     6     0     0   -89.0   23.442 -133.003   1623.3    835.3
     1     1    23     1     4     5     0     1   -90.0   23.269 -133.243   1550.7    847.9
     1     1    23     1     4     4     0     2   -91.0   23.107 -133.453   1517.2    850.0
     1     1    23     1     4     3     0     3   -92.0   22.952 -133.625   1504.3    850.1
     1     1    23     1     4     2     0     2   -93.0   22.800 -133.763   1503.6    849.8
     1     1    23     1     4     1     0     1   -94.0   22.648 -133.874   1512.3    848.6
     1     1    23     1     4     0     0     0   -95.0   22.496 -133.961   1527.5    846.6
     1     1    23     1     3    23     0     1   -96.0   22.351 -134.024   1547.7    845.2
     1     1    23     1     3    22     0     2   -97.0   22.220 -134.062   1570.2    843.3
     1     1    23     1     3    21     0     3   -98.0   22.101 -134.071   1590.1    841.6
     1     1    23     1     3    20     0     2   -99.0   21.994 -134.053   1597.4    840.6
     1     1    23     1     3    19     0     1  -100.0   21.897 -134.010   1588.8    842.6
     1     1    23     1     3    18     0     0  -101.0   21.808 -133.946   1569.0    844.9
     1     1    23     1     3    17     0     1  -102.0   21.729 -133.871   1547.6    848.1
     1     1    23     1     3    16     0     2  -103.0   21.664 -133.793   1536.3    849.0
     1     1    23     1     3    15     0     3  -104.0   21.612 -133.715   1534.1    849.0
     1     1    23     1     3    14     0     2  -105.0   21.571 -133.636   1539.9    848.3
     1     1    23     1     3    13     0     1  -106.0   21.541 -133.554   1552.2    846.9
     1     1    23     1     3    12     0     0  -107.0   21.519 -133.469   1569.5    844.9
     1     1    23     1     3    11     0     1  -108.0   21.509 -133.383   1580.1    843.2
     1     1    23     1     3    10     0     2  -109.0   21.515 -133.300   1574.2    844.4
     1     1    23     1     3     9     0     3  -110.0   21.541 -133.220   1552.1    847.1
     1     1    23     1     3     8     0     2  -111.0   21.584 -133.145   1523.1    851.4
     1     1    23     1     3     7     0     1  -112.0   21.640 -133.077   1496.9    854.5
     1     1    23     1     3     6     0     0  -113.0   21.706 -133.016   1474.5    857.0
     1     1    23     1     3     5     0     1  -114.0   21.775 -132.963   1466.5    858.5
     1     1    23     1     3     4     0     2  -115.0   21.842 -132.918   1485.7    856.6
     1     1    23     1     3     3     0     3  -116.0   21.906 -132.877   1538.1    851.3
     1     1    23     1     3     2     0     2  -117.0   21.967 -132.841   1596.6    842.0
     1     1    23     1     3     1     0     1  -118.0   22.025 -132.811   1627.7    838.2
     1     1    23     1     3     0     0     0  -119.0   22.081 -132.786   1628.5    837.9
     1     1    23     1     2    23     0     1  -120.0   22.134 -132.764   1620.2    841.3
