     8     1
    GDAS    22    12    22     0     0
    GDAS    22    12    29     0     0
    GDAS    23     1     1     0     0
    GDAS    23     1     8     0     0
    GDAS    23     1    15     0     0
    GDAS    23     1    22     0     0
    GDAS    23     1    29     0     0
    GDAS    23     2     1     0     0
     1 BACKWARD OMEGA   
    23     1    23    11   32.000  -96.000  1500.0
     1 PRESSURE
     1     1    23     1    23    11     0     1     0.0   32.000  -96.000   1500.0    840.9
     1     1    23     1    23    10     0     2    -1.0   32.157  -96.078   1623.1    829.1
     1     1    23     1    23     9     0     3    -2.0   32.308  -96.210   1794.5    807.1
     1     1    23     1    23     8     0     2    -3.0   32.463  -96.389   1933.4    784.9
     1     1    23     1    23     7     0     1    -4.0   32.629  -96.588   2001.2    778.9
     1     1    23     1    23     6     0     0    -5.0   32.804  -96.785   2031.8    776.5
     1     1    23     1    23     5     0     1    -6.0   32.996  -96.989   2049.9    776.1
     1     1    23     1    23     4     0     2    -7.0   33.210  -97.217   2061.7    769.8
     1     1    23     1    23     3     0     3    -8.0   33.448  -97.459   2085.2    763.8
     1     1    23     1    23     2     0     2    -9.0   33.705  -97.724   2142.5    756.0
     1     1    23     1    23     1     0     1   -10.0   33.989  -98.022   2216.8    744.4
     1     1    23     1    23     0     0     0   -11.0   34.301  -98.336   2301.1    734.4
     1     1    23     1    22    23     0     1   -12.0   34.633  -98.662   2415.8    715.2
     1     1    23     1    22    22     0     2   -13.0   34.976  -98.998   2525.3    696.2
     1     1    23     1    22    21     0     3   -14.0   35.333  -99.327   2619.0    679.8
     1     1    23     1    22    20     0     2   -15.0   35.704  -99.630   2704.1    664.5
     1     1    23     1    22    19     0     1   -16.0   36.093  -99.907   2778.7    651.6
     1     1    23     1    22    18     0     0   -17.0   36.500 -100.149   2862.3    645.0
     1     1    23     1    22    17     0     1   -18.0   36.916 -100.350   2954.1    634.4
     1     1    23     1    22    16     0     2   -19.0   37.337 -100.515   3035.1    622.1
     1     1    23     1    22    15     0     3   -20.0   37.774 -100.643   3122.4    610.3
     1     1    23     1    22    14     0     2   -21.0   38.233 -100.732   3219.2    598.8
     1     1    23     1    22    13     0     1   -22.0   38.699 -100.791   3301.3    590.9
     1     1    23     1    22    12     0     0   -23.0   39.170 -100.836   3355.6    585.8
     1     1    23     1    22    11     0     1   -24.0   39.645 -100.868   3396.6    583.3
     1     1    23     1    22    10     0     2   -25.0   40.114 -100.880   3435.6    579.6
     1     1    23     1    22     9     0     3   -26.0   40.553 -100.873   3482.1    577.0
     1     1    23     1    22     8     0     2   -27.0   40.962 -100.858   3560.1    571.9
     1     1    23     1    22     7     0     1   -28.0   41.376 -100.835   3652.2    561.2
     1     1    23     1    22     6     0     0   -29.0   41.804 -100.779   3731.1    553.9
     1     1    23     1    22     5     0     1   -30.0   42.222 -100.702   3795.3    550.3
     1     1    23     1    22     4     0     2   -31.0   42.621 -100.635   3845.6    549.9
     1     1    23     1    22     3     0     3   -32.0   43.010 -100.569   3890.1    549.8
     1     1    23     1    22     2     0     2   -33.0   43.380 -100.521   3965.7    553.0
     1     1    23     1    22     1     0     1   -34.0   43.729 -100.508   4059.2    550.4
     1     1    23     1    22     0     0     0   -35.0   44.055 -100.516   4122.5    548.3
     1     1    23     1    21    23     0     1   -36.0   44.356 -100.561   4137.9    547.0
     1     1    23     1    21    22     0     2   -37.0   44.633 -100.661   4129.5    546.3
     1     1    23     1    21    21     0     3   -38.0   44.881 -100.794   4096.0    547.5
     1     1    23     1    21    20     0     2   -39.0   45.111 -100.940   4048.9    551.4
     1     1    23     1    21    19     0     1   -40.0   45.336 -101.099   4018.8    554.7
     1     1    23     1    21    18     0     0   -41.0   45.565 -101.277   4009.7    553.6
     1     1    23     1    21    17     0     1   -42.0   45.802 -101.474   3998.8    553.0
     1     1    23     1    21    16     0     2   -43.0   46.045 -101.690   3997.8    553.5
     1     1    23     1    21    15     0     3   -44.0   46.288 -101.923   4038.8    551.5
     1     1    23     1    21    14     0     2   -45.0   46.550 -102.171   4094.1    543.7
     1     1    23     1    21    13     0     1   -46.0   46.846 -102.448   4140.8    540.2
     1     1    23     1    21    12     0     0   -47.0   47.164 -102.757   4210.8    535.0
     1     1    23     1    21    11     0     1   -48.0   47.513 -103.079   4257.6    528.3
     1     1    23     1    21    10     0     2   -49.0   47.881 -103.394   4267.5    536.5
     1     1    23     1    21     9     0     3   -50.0   48.255 -103.710   4308.0    537.9
     1     1    23     1    21     8     0     2   -51.0   48.650 -104.041   4377.2    529.7
     1     1    23     1    21     7     0     1   -52.0   49.086 -104.391   4420.9    521.3
     1     1    23     1    21     6     0     0   -53.0   49.528 -104.740   4417.9    523.6
     1     1    23     1    21     5     0     1   -54.0   49.972 -105.093   4367.3    530.9
     1     1    23     1    21     4     0     2   -55.0   50.436 -105.474   4311.8    539.2
     1     1    23     1    21     3     0     3   -56.0   50.883 -105.858   4299.0    539.5
     1     1    23     1    21     2     0     2   -57.0   51.321 -106.259   4314.8    539.4
     1     1    23     1    21     1     0     1   -58.0   51.775 -106.724   4370.7    538.4
     1     1    23     1    21     0     0     0   -59.0   52.237 -107.248   4401.0    529.2
     1     1    23     1    20    23     0     1   -60.0   52.731 -107.778   4362.3    531.3
     1     1    23     1    20    22     0     2   -61.0   53.235 -108.298   4357.4    537.8
     1     1    23     1    20    21     0     3   -62.0   53.701 -108.883   4340.3    535.9
     1     1    23     1    20    20     0     2   -63.0   54.172 -109.550   4304.0    537.8
     1     1    23     1    20    19     0     1   -64.0   54.706 -110.264   4283.6    532.2
     1     1    23     1    20    18     0     0   -65.0   55.170 -111.005   4346.8    535.4
     1     1    23     1    20    17     0     1   -66.0   55.646 -111.864   4445.0    523.0
     1     1    23     1    20    16     0     2   -67.0   56.155 -112.782   4460.9    522.1
     1     1    23     1    20    15     0     3   -68.0   56.572 -113.660   4365.3    532.8
     1     1    23     1    20    14     0     2   -69.0   56.928 -114.623   4331.0    538.5
     1     1    23     1    20    13     0     1   -70.0   57.317 -115.665   4479.7    522.4
     1     1    23     1    20    12     0     0   -71.0   57.700 -116.714   4712.7    517.5
     1     1    23     1    20    11     0     1   -72.0   58.063 -117.863   4818.0    508.9
     1     1    23     1    20    10     0     2   -73.0   58.426 -119.065   4761.5    506.8
     1     1    23     1    20     9     0     3   -74.0   58.740 -120.351   4797.8    504.7
     1     1    23     1    20     8     0     2   -75.0   59.022 -121.723   4864.7    500.9
     1     1    23     1    20     7     0     1   -76.0   59.304 -123.181   4981.5    491.6
     1     1    23     1    20     6     0     0   -77.0   59.496 -124.602   4947.1    480.1
     1     1    23     1    20     5     0     1   -78.0   59.672 -126.405   5266.1    433.9
     1     1    23     1    20     4     0     2   -79.0   59.756 -128.287   5490.5    432.9
     1     1    23     1    20     3     0     3   -80.0   59.707 -129.960   5345.1    423.8
     1     1    23     1    20     2     0     2   -81.0   59.612 -131.623   5258.8    431.5
     1     1    23     1    20     1     0     1   -82.0   59.490 -133.191   5029.2    452.6
     1     1    23     1    20     0     0     0   -83.0   59.278 -134.773   4835.4    466.4
     1     1    23     1    19    23     0     1   -84.0   58.919 -136.232   4992.5    479.1
     1     1    23     1    19    22     0     2   -85.0   58.467 -137.655   5239.2    474.6
     1     1    23     1    19    21     0     3   -86.0   58.037 -138.704   4923.1    528.4
     1     1    23     1    19    20     0     2   -87.0   57.613 -139.656   4683.9    544.5
     1     1    23     1    19    19     0     1   -88.0   57.158 -140.570   4592.6    550.9
     1     1    23     1    19    18     0     0   -89.0   56.722 -141.548   4588.7    549.6
     1     1    23     1    19    17     0     1   -90.0   56.278 -142.637   4648.8    541.4
     1     1    23     1    19    16     0     2   -91.0   55.798 -143.745   4576.6    549.8
     1     1    23     1    19    15     0     3   -92.0   55.327 -144.872   4561.3    548.9
     1     1    23     1    19    14     0     2   -93.0   54.857 -146.062   4566.7    547.7
     1     1    23     1    19    13     0     1   -94.0   54.366 -147.241   4551.2    549.3
     1     1    23     1    19    12     0     0   -95.0   53.859 -148.446   4521.5    551.2
     1     1    23     1    19    11     0     1   -96.0   53.327 -149.729   4645.1    540.8
     1     1    23     1    19    10     0     2   -97.0   52.779 -150.993   4747.4    530.4
     1     1    23     1    19     9     0     3   -98.0   52.206 -152.264   4744.5    532.3
     1     1    23     1    19     8     0     2   -99.0   51.621 -153.544   4795.7    527.8
     1     1    23     1    19     7     0     1  -100.0   51.028 -154.755   4815.1    526.2
     1     1    23     1    19     6     0     0  -101.0   50.451 -155.949   4865.9    523.5
     1     1    23     1    19     5     0     1  -102.0   49.906 -157.084   4913.0    518.3
     1     1    23     1    19     4     0     2  -103.0   49.369 -158.246   4939.5    517.4
     1     1    23     1    19     3     0     3  -104.0   48.920 -159.406   4977.5    513.4
     1     1    23     1    19     2     0     2  -105.0   48.512 -160.564   5019.6    511.3
     1     1    23     1    19     1     0     1  -106.0   48.121 -161.686   5105.8    503.3
     1     1    23     1    19     0     0     0  -107.0   47.770 -162.832   5173.6    499.5
     1     1    23     1    18    23     0     1  -108.0   47.447 -163.954   5249.7    493.4
     1     1    23     1    18    22     0     2  -109.0   47.135 -165.035   5273.6    491.5
     1     1    23     1    18    21     0     3  -110.0   46.875 -166.065   5244.9    494.0
     1     1    23     1    18    20     0     2  -111.0   46.657 -167.076   5211.4    496.1
     1     1    23     1    18    19     0     1  -112.0   46.445 -168.064   5206.9    496.3
     1     1    23     1    18    18     0     0  -113.0   46.278 -169.009   5226.2    494.6
     1     1    23     1    18    17     0     1  -114.0   46.182 -169.921   5238.5    493.0
     1     1    23     1    18    16     0     2  -115.0   46.103 -170.809   5229.1    493.8
     1     1    23     1    18    15     0     3  -116.0   46.032 -171.677   5218.9    494.3
     1     1    23     1    18    14     0     2  -117.0   46.039 -172.497   5205.6    494.4
     1     1    23     1    18    13     0     1  -118.0   46.097 -173.320   5168.9    497.8
     1     1    23     1    18    12     0     0  -119.0   46.176 -174.147   5206.7    494.9
     1     1    23     1    18    11     0     1  -120.0   46.305 -174.958   5302.5    487.7
