     8     1
    GDAS    22    12    22     0     0
    GDAS    22    12    29     0     0
    GDAS    23     1     1     0     0
    GDAS    23     1     8     0     0
    GDAS    23     1    15     0     0
    GDAS    23     1    22     0     0
    GDAS    23     1    29     0     0
    GDAS    23     2     1     0     0
     1 BACKWARD OMEGA   
    23     1    25    23   32.000  -96.000  1500.0
     1 PRESSURE
     1     1    23     1    25    23     0     1     0.0   32.000  -96.000   1500.0    838.6
     1     1    23     1    25    22     0     2    -1.0   32.255  -96.279   1548.1    828.1
     1     1    23     1    25    21     0     3    -2.0   32.505  -96.572   1601.5    819.8
     1     1    23     1    25    20     0     2    -3.0   32.753  -96.866   1654.5    812.3
     1     1    23     1    25    19     0     1    -4.0   33.002  -97.130   1690.0    807.3
     1     1    23     1    25    18     0     0    -5.0   33.250  -97.368   1706.5    800.9
     1     1    23     1    25    17     0     1    -6.0   33.510  -97.587   1718.4    796.8
     1     1    23     1    25    16     0     2    -7.0   33.789  -97.784   1729.5    793.0
     1     1    23     1    25    15     0     3    -8.0   34.075  -97.960   1733.9    791.0
     1     1    23     1    25    14     0     2    -9.0   34.376  -98.123   1745.3    787.5
     1     1    23     1    25    13     0     1   -10.0   34.695  -98.274   1767.0    779.5
     1     1    23     1    25    12     0     0   -11.0   35.009  -98.411   1778.5    772.9
     1     1    23     1    25    11     0     1   -12.0   35.326  -98.533   1783.0    769.5
     1     1    23     1    25    10     0     2   -13.0   35.661  -98.637   1790.2    763.7
     1     1    23     1    25     9     0     3   -14.0   35.983  -98.728   1792.5    757.9
     1     1    23     1    25     8     0     2   -15.0   36.286  -98.799   1797.1    757.5
     1     1    23     1    25     7     0     1   -16.0   36.565  -98.841   1805.4    756.9
     1     1    23     1    25     6     0     0   -17.0   36.797  -98.865   1810.6    756.9
     1     1    23     1    25     5     0     1   -18.0   36.994  -98.872   1805.5    757.9
     1     1    23     1    25     4     0     2   -19.0   37.185  -98.856   1782.3    759.5
     1     1    23     1    25     3     0     3   -20.0   37.366  -98.819   1738.5    762.7
     1     1    23     1    25     2     0     2   -21.0   37.530  -98.775   1675.6    769.0
     1     1    23     1    25     1     0     1   -22.0   37.681  -98.736   1611.8    776.3
     1     1    23     1    25     0     0     0   -23.0   37.821  -98.699   1567.1    781.4
     1     1    23     1    24    23     0     1   -24.0   37.931  -98.656   1526.7    783.3
     1     1    23     1    24    22     0     2   -25.0   38.002  -98.604   1459.0    790.1
     1     1    23     1    24    21     0     3   -26.0   38.043  -98.555   1353.4    801.2
     1     1    23     1    24    20     0     2   -27.0   38.067  -98.519   1249.7    817.3
     1     1    23     1    24    19     0     1   -28.0   38.079  -98.476   1183.6    825.7
     1     1    23     1    24    18     0     0   -29.0   38.075  -98.418   1154.9    830.3
     1     1    23     1    24    17     0     1   -30.0   38.043  -98.362   1134.8    830.5
     1     1    23     1    24    16     0     2   -31.0   37.971  -98.333   1091.4    835.3
     1     1    23     1    24    15     0     3   -32.0   37.858  -98.329   1023.3    843.8
     1     1    23     1    24    14     0     2   -33.0   37.734  -98.326    963.5    853.9
     1     1    23     1    24    13     0     1   -34.0   37.619  -98.305    924.4    858.4
     1     1    23     1    24    12     0     0   -35.0   37.503  -98.271    899.0    862.2
     1     1    23     1    24    11     0     1   -36.0   37.386  -98.244    881.0    865.4
     1     1    23     1    24    10     0     2   -37.0   37.280  -98.237    874.1    868.1
     1     1    23     1    24     9     0     3   -38.0   37.197  -98.241    890.2    867.7
     1     1    23     1    24     8     0     2   -39.0   37.122  -98.259    909.6    863.5
     1     1    23     1    24     7     0     1   -40.0   37.038  -98.293    902.8    864.6
     1     1    23     1    24     6     0     0   -41.0   36.944  -98.342    868.1    868.9
     1     1    23     1    24     5     0     1   -42.0   36.851  -98.388    827.2    875.0
     1     1    23     1    24     4     0     2   -43.0   36.773  -98.422    797.1    877.7
     1     1    23     1    24     3     0     3   -44.0   36.711  -98.448    775.0    879.7
     1     1    23     1    24     2     0     2   -45.0   36.669  -98.474    768.9    880.9
     1     1    23     1    24     1     0     1   -46.0   36.649  -98.507    786.6    878.1
     1     1    23     1    24     0     0     0   -47.0   36.656  -98.553    825.5    872.9
     1     1    23     1    23    23     0     1   -48.0   36.678  -98.623    871.2    865.4
     1     1    23     1    23    22     0     2   -49.0   36.699  -98.720    911.5    859.2
     1     1    23     1    23    21     0     3   -50.0   36.720  -98.844    947.5    853.2
     1     1    23     1    23    20     0     2   -51.0   36.741  -98.988    979.3    847.7
     1     1    23     1    23    19     0     1   -52.0   36.757  -99.141   1009.8    843.2
     1     1    23     1    23    18     0     0   -53.0   36.763  -99.301   1041.9    838.3
     1     1    23     1    23    17     0     1   -54.0   36.767  -99.455   1068.4    832.3
     1     1    23     1    23    16     0     2   -55.0   36.778  -99.595   1078.6    828.8
     1     1    23     1    23    15     0     3   -56.0   36.796  -99.726   1067.6    827.7
     1     1    23     1    23    14     0     2   -57.0   36.816  -99.853   1047.5    829.1
     1     1    23     1    23    13     0     1   -58.0   36.831  -99.979   1033.2    828.5
     1     1    23     1    23    12     0     0   -59.0   36.839 -100.102   1027.1    826.6
     1     1    23     1    23    11     0     1   -60.0   36.834 -100.222   1024.9    823.6
     1     1    23     1    23    10     0     2   -61.0   36.818 -100.339   1020.1    821.4
     1     1    23     1    23     9     0     3   -62.0   36.793 -100.456   1012.0    819.5
     1     1    23     1    23     8     0     2   -63.0   36.762 -100.574   1011.8    818.3
     1     1    23     1    23     7     0     1   -64.0   36.734 -100.700   1031.1    813.7
     1     1    23     1    23     6     0     0   -65.0   36.709 -100.846   1070.9    807.0
     1     1    23     1    23     5     0     1   -66.0   36.690 -101.001   1103.7    797.9
     1     1    23     1    23     4     0     2   -67.0   36.676 -101.135   1098.7    794.7
     1     1    23     1    23     3     0     3   -68.0   36.671 -101.238   1064.0    795.7
     1     1    23     1    23     2     0     2   -69.0   36.686 -101.326   1042.8    798.7
     1     1    23     1    23     1     0     1   -70.0   36.731 -101.424   1070.6    792.7
     1     1    23     1    23     0     0     0   -71.0   36.812 -101.540   1145.4    781.9
     1     1    23     1    22    23     0     1   -72.0   36.930 -101.676   1240.5    765.8
     1     1    23     1    22    22     0     2   -73.0   37.083 -101.823   1319.2    753.7
     1     1    23     1    22    21     0     3   -74.0   37.267 -101.964   1372.3    746.0
     1     1    23     1    22    20     0     2   -75.0   37.476 -102.088   1413.0    741.9
     1     1    23     1    22    19     0     1   -76.0   37.711 -102.190   1454.8    737.8
     1     1    23     1    22    18     0     0   -77.0   37.981 -102.267   1499.1    734.4
     1     1    23     1    22    17     0     1   -78.0   38.296 -102.328   1538.0    724.4
     1     1    23     1    22    16     0     2   -79.0   38.672 -102.382   1573.9    712.8
     1     1    23     1    22    15     0     3   -80.0   39.111 -102.436   1601.6    703.6
     1     1    23     1    22    14     0     2   -81.0   39.569 -102.529   1637.1    704.3
     1     1    23     1    22    13     0     1   -82.0   40.018 -102.689   1667.2    700.2
     1     1    23     1    22    12     0     0   -83.0   40.456 -102.888   1679.2    696.2
     1     1    23     1    22    11     0     1   -84.0   40.872 -103.073   1687.5    693.4
     1     1    23     1    22    10     0     2   -85.0   41.259 -103.227   1705.4    692.7
     1     1    23     1    22     9     0     3   -86.0   41.624 -103.370   1755.1    692.1
     1     1    23     1    22     8     0     2   -87.0   41.983 -103.503   1829.8    690.0
     1     1    23     1    22     7     0     1   -88.0   42.358 -103.601   1887.2    686.3
     1     1    23     1    22     6     0     0   -89.0   42.751 -103.650   1899.8    687.9
     1     1    23     1    22     5     0     1   -90.0   43.165 -103.668   1863.4    687.3
     1     1    23     1    22     4     0     2   -91.0   43.628 -103.692   1784.3    677.3
     1     1    23     1    22     3     0     3   -92.0   44.151 -103.744   1707.5    676.5
     1     1    23     1    22     2     0     2   -93.0   44.635 -103.825   1691.5    706.5
     1     1    23     1    22     1     0     1   -94.0   45.050 -103.920   1692.8    727.5
     1     1    23     1    22     0     0     0   -95.0   45.447 -104.026   1681.8    731.9
     1     1    23     1    21    23     0     1   -96.0   45.865 -104.170   1696.0    732.0
     1     1    23     1    21    22     0     2   -97.0   46.282 -104.366   1701.2    732.8
     1     1    23     1    21    21     0     3   -98.0   46.682 -104.605   1658.1    739.8
     1     1    23     1    21    20     0     2   -99.0   47.056 -104.864   1555.8    755.7
     1     1    23     1    21    19     0     1  -100.0   47.401 -105.128   1453.3    776.6
     1     1    23     1    21    18     0     0  -101.0   47.730 -105.397   1395.7    785.0
     1     1    23     1    21    17     0     1  -102.0   48.053 -105.671   1339.8    790.8
     1     1    23     1    21    16     0     2  -103.0   48.384 -105.959   1280.0    793.3
     1     1    23     1    21    15     0     3  -104.0   48.732 -106.264   1261.6    789.7
     1     1    23     1    21    14     0     2  -105.0   49.081 -106.570   1254.3    785.0
     1     1    23     1    21    13     0     1  -106.0   49.418 -106.882   1204.4    792.9
     1     1    23     1    21    12     0     0  -107.0   49.758 -107.223   1120.1    804.5
     1     1    23     1    21    11     0     1  -108.0   50.095 -107.601   1084.0    810.5
     1     1    23     1    21    10     0     2  -109.0   50.417 -108.003   1110.5    805.7
     1     1    23     1    21     9     0     3  -110.0   50.728 -108.406   1141.8    807.5
     1     1    23     1    21     8     0     2  -111.0   51.027 -108.784   1194.0    811.4
     1     1    23     1    21     7     0     1  -112.0   51.335 -109.136   1272.4    798.9
     1     1    23     1    21     6     0     0  -113.0   51.671 -109.477   1315.2    790.2
     1     1    23     1    21     5     0     1  -114.0   52.022 -109.821   1328.3    788.9
     1     1    23     1    21     4     0     2  -115.0   52.384 -110.187   1348.1    789.3
     1     1    23     1    21     3     0     3  -116.0   52.756 -110.577   1370.8    789.1
     1     1    23     1    21     2     0     2  -117.0   53.127 -110.985   1377.7    787.4
     1     1    23     1    21     1     0     1  -118.0   53.487 -111.431   1369.8    789.2
     1     1    23     1    21     0     0     0  -119.0   53.853 -111.914   1386.5    789.9
     1     1    23     1    20    23     0     1  -120.0   54.218 -112.429   1398.9    784.3
