     8     1
    GDAS    22    12    22     0     0
    GDAS    22    12    29     0     0
    GDAS    23     1     1     0     0
    GDAS    23     1     8     0     0
    GDAS    23     1    15     0     0
    GDAS    23     1    22     0     0
    GDAS    23     1    29     0     0
    GDAS    23     2     1     0     0
     1 BACKWARD OMEGA   
    23     1    11    23   32.000  -96.000  1000.0
     1 PRESSURE
     1     1    23     1    11    23     0     1     0.0   32.000  -96.000   1000.0    888.7
     1     1    23     1    11    22     0     2    -1.0   31.545  -96.455    963.5    889.7
     1     1    23     1    11    21     0     3    -2.0   31.113  -96.831    933.6    889.8
     1     1    23     1    11    20     0     2    -3.0   30.697  -97.164    925.4    893.8
     1     1    23     1    11    19     0     1    -4.0   30.309  -97.492    964.4    886.1
     1     1    23     1    11    18     0     0    -5.0   29.946  -97.796   1064.9    875.9
     1     1    23     1    11    17     0     1    -6.0   29.624  -98.048   1184.4    858.7
     1     1    23     1    11    16     0     2    -7.0   29.343  -98.239   1249.4    853.5
     1     1    23     1    11    15     0     3    -8.0   29.091  -98.381   1253.0    857.6
     1     1    23     1    11    14     0     2    -9.0   28.858  -98.498   1229.3    864.8
     1     1    23     1    11    13     0     1   -10.0   28.639  -98.607   1213.0    867.7
     1     1    23     1    11    12     0     0   -11.0   28.437  -98.705   1208.1    868.6
     1     1    23     1    11    11     0     1   -12.0   28.244  -98.794   1196.7    869.9
     1     1    23     1    11    10     0     2   -13.0   28.041  -98.878   1166.3    875.2
     1     1    23     1    11     9     0     3   -14.0   27.816  -98.960   1132.0    879.5
     1     1    23     1    11     8     0     2   -15.0   27.589  -99.040   1136.4    880.2
     1     1    23     1    11     7     0     1   -16.0   27.389  -99.118   1190.7    872.5
     1     1    23     1    11     6     0     0   -17.0   27.219  -99.200   1268.8    862.6
     1     1    23     1    11     5     0     1   -18.0   27.070  -99.278   1335.7    853.1
     1     1    23     1    11     4     0     2   -19.0   26.928  -99.339   1367.4    849.2
     1     1    23     1    11     3     0     3   -20.0   26.786  -99.384   1370.9    847.7
     1     1    23     1    11     2     0     2   -21.0   26.647  -99.427   1382.0    846.5
     1     1    23     1    11     1     0     1   -22.0   26.527  -99.481   1423.4    838.9
     1     1    23     1    11     0     0     0   -23.0   26.430  -99.551   1486.1    828.5
     1     1    23     1    10    23     0     1   -24.0   26.350  -99.632   1564.2    816.3
     1     1    23     1    10    22     0     2   -25.0   26.279  -99.716   1659.6    802.6
     1     1    23     1    10    21     0     3   -26.0   26.218  -99.801   1774.7    786.8
     1     1    23     1    10    20     0     2   -27.0   26.164  -99.884   1886.9    769.9
     1     1    23     1    10    19     0     1   -28.0   26.114  -99.962   1968.3    757.4
     1     1    23     1    10    18     0     0   -29.0   26.064 -100.035   2008.1    749.2
     1     1    23     1    10    17     0     1   -30.0   26.019 -100.103   2036.8    746.1
     1     1    23     1    10    16     0     2   -31.0   25.992 -100.174   2091.6    737.8
     1     1    23     1    10    15     0     3   -32.0   25.982 -100.250   2164.3    728.0
     1     1    23     1    10    14     0     2   -33.0   25.988 -100.330   2219.4    718.3
     1     1    23     1    10    13     0     1   -34.0   26.006 -100.407   2241.9    716.1
     1     1    23     1    10    12     0     0   -35.0   26.034 -100.485   2258.8    714.1
     1     1    23     1    10    11     0     1   -36.0   26.066 -100.571   2300.8    710.2
     1     1    23     1    10    10     0     2   -37.0   26.095 -100.675   2374.9    700.7
     1     1    23     1    10     9     0     3   -38.0   26.115 -100.798   2462.4    689.4
     1     1    23     1    10     8     0     2   -39.0   26.128 -100.932   2559.2    678.3
     1     1    23     1    10     7     0     1   -40.0   26.142 -101.061   2663.8    666.0
     1     1    23     1    10     6     0     0   -41.0   26.164 -101.182   2773.9    653.7
     1     1    23     1    10     5     0     1   -42.0   26.201 -101.302   2900.4    641.3
     1     1    23     1    10     4     0     2   -43.0   26.257 -101.431   3051.4    626.7
     1     1    23     1    10     3     0     3   -44.0   26.335 -101.574   3207.8    610.9
     1     1    23     1    10     2     0     2   -45.0   26.427 -101.731   3290.4    597.7
     1     1    23     1    10     1     0     1   -46.0   26.503 -101.909   3256.8    598.5
     1     1    23     1    10     0     0     0   -47.0   26.552 -102.108   3152.0    607.5
     1     1    23     1     9    23     0     1   -48.0   26.575 -102.309   3085.4    618.9
     1     1    23     1     9    22     0     2   -49.0   26.582 -102.503   3102.4    614.9
     1     1    23     1     9    21     0     3   -50.0   26.581 -102.693   3162.6    607.8
     1     1    23     1     9    20     0     2   -51.0   26.575 -102.883   3244.5    601.1
     1     1    23     1     9    19     0     1   -52.0   26.562 -103.078   3356.1    592.9
     1     1    23     1     9    18     0     0   -53.0   26.540 -103.289   3491.1    579.6
     1     1    23     1     9    17     0     1   -54.0   26.519 -103.521   3578.8    566.5
     1     1    23     1     9    16     0     2   -55.0   26.507 -103.760   3556.4    564.8
     1     1    23     1     9    15     0     3   -56.0   26.500 -103.978   3433.6    571.7
     1     1    23     1     9    14     0     2   -57.0   26.482 -104.199   3289.0    581.0
     1     1    23     1     9    13     0     1   -58.0   26.440 -104.461   3153.1    580.4
     1     1    23     1     9    12     0     0   -59.0   26.387 -104.758   2972.4    580.6
     1     1    23     1     9    11     0     1   -60.0   26.329 -105.067   2780.9    586.9
     1     1    23     1     9    10     0     2   -61.0   26.238 -105.388   2671.8    582.1
     1     1    23     1     9     9     0     3   -62.0   26.091 -105.742   2664.2    562.4
     1     1    23     1     9     8     0     2   -63.0   25.902 -106.121   2718.8    546.5
     1     1    23     1     9     7     0     1   -64.0   25.723 -106.473   2825.6    560.7
     1     1    23     1     9     6     0     0   -65.0   25.575 -106.762   2956.4    582.2
     1     1    23     1     9     5     0     1   -66.0   25.453 -106.998   3098.0    603.0
     1     1    23     1     9     4     0     2   -67.0   25.341 -107.206   3208.0    621.5
     1     1    23     1     9     3     0     3   -68.0   25.235 -107.392   3260.9    641.5
     1     1    23     1     9     2     0     2   -69.0   25.141 -107.564   3288.9    659.0
     1     1    23     1     9     1     0     1   -70.0   25.054 -107.724   3309.5    671.1
     1     1    23     1     9     0     0     0   -71.0   24.965 -107.870   3310.0    680.2
     1     1    23     1     8    23     0     1   -72.0   24.871 -108.007   3287.9    687.8
     1     1    23     1     8    22     0     2   -73.0   24.769 -108.140   3254.5    691.8
     1     1    23     1     8    21     0     3   -74.0   24.652 -108.273   3224.0    693.9
     1     1    23     1     8    20     0     2   -75.0   24.530 -108.404   3210.6    697.5
     1     1    23     1     8    19     0     1   -76.0   24.410 -108.532   3226.2    696.1
     1     1    23     1     8    18     0     0   -77.0   24.288 -108.655   3255.8    693.5
     1     1    23     1     8    17     0     1   -78.0   24.168 -108.782   3263.4    690.2
     1     1    23     1     8    16     0     2   -79.0   24.057 -108.920   3227.4    693.7
     1     1    23     1     8    15     0     3   -80.0   23.954 -109.069   3163.1    698.6
     1     1    23     1     8    14     0     2   -81.0   23.850 -109.223   3106.1    702.5
     1     1    23     1     8    13     0     1   -82.0   23.739 -109.376   3084.0    701.2
     1     1    23     1     8    12     0     0   -83.0   23.624 -109.528   3093.7    697.0
     1     1    23     1     8    11     0     1   -84.0   23.506 -109.680   3117.9    691.1
     1     1    23     1     8    10     0     2   -85.0   23.379 -109.830   3144.0    686.4
     1     1    23     1     8     9     0     3   -86.0   23.245 -109.981   3182.3    681.3
     1     1    23     1     8     8     0     2   -87.0   23.104 -110.135   3230.5    678.2
     1     1    23     1     8     7     0     1   -88.0   22.964 -110.288   3261.0    679.1
     1     1    23     1     8     6     0     0   -89.0   22.822 -110.437   3275.8    682.8
     1     1    23     1     8     5     0     1   -90.0   22.674 -110.580   3283.3    685.7
     1     1    23     1     8     4     0     2   -91.0   22.519 -110.719   3293.9    687.6
     1     1    23     1     8     3     0     3   -92.0   22.354 -110.848   3315.8    687.5
     1     1    23     1     8     2     0     2   -93.0   22.180 -110.970   3350.8    684.9
     1     1    23     1     8     1     0     1   -94.0   21.999 -111.091   3395.7    680.7
     1     1    23     1     8     0     0     0   -95.0   21.817 -111.212   3445.5    675.8
     1     1    23     1     7    23     0     1   -96.0   21.640 -111.335   3477.9    671.6
     1     1    23     1     7    22     0     2   -97.0   21.464 -111.453   3481.0    672.0
     1     1    23     1     7    21     0     3   -98.0   21.287 -111.562   3467.6    673.7
     1     1    23     1     7    20     0     2   -99.0   21.104 -111.657   3456.5    676.3
     1     1    23     1     7    19     0     1  -100.0   20.919 -111.735   3454.2    676.5
     1     1    23     1     7    18     0     0  -101.0   20.732 -111.796   3450.6    677.0
     1     1    23     1     7    17     0     1  -102.0   20.553 -111.846   3449.3    677.5
     1     1    23     1     7    16     0     2  -103.0   20.390 -111.893   3462.1    676.7
     1     1    23     1     7    15     0     3  -104.0   20.246 -111.940   3498.0    673.9
     1     1    23     1     7    14     0     2  -105.0   20.120 -111.992   3536.1    668.3
     1     1    23     1     7    13     0     1  -106.0   20.002 -112.044   3549.5    666.6
     1     1    23     1     7    12     0     0  -107.0   19.885 -112.096   3536.8    667.4
     1     1    23     1     7    11     0     1  -108.0   19.763 -112.140   3519.8    670.7
     1     1    23     1     7    10     0     2  -109.0   19.637 -112.175   3520.4    670.9
     1     1    23     1     7     9     0     3  -110.0   19.509 -112.202   3540.0    669.6
     1     1    23     1     7     8     0     2  -111.0   19.377 -112.221   3571.3    666.8
     1     1    23     1     7     7     0     1  -112.0   19.239 -112.231   3606.8    664.3
     1     1    23     1     7     6     0     0  -113.0   19.094 -112.232   3647.8    661.5
     1     1    23     1     7     5     0     1  -114.0   18.948 -112.224   3682.6    657.5
     1     1    23     1     7     4     0     2  -115.0   18.804 -112.200   3695.6    656.1
     1     1    23     1     7     3     0     3  -116.0   18.656 -112.159   3686.5    656.8
     1     1    23     1     7     2     0     2  -117.0   18.501 -112.097   3671.9    658.7
     1     1    23     1     7     1     0     1  -118.0   18.340 -112.014   3666.4    658.8
     1     1    23     1     7     0     0     0  -119.0   18.173 -111.905   3668.8    658.0
     1     1    23     1     6    23     0     1  -120.0   18.004 -111.779   3672.2    657.5
