     8     1
    GDAS    22    12    22     0     0
    GDAS    22    12    29     0     0
    GDAS    23     1     1     0     0
    GDAS    23     1     8     0     0
    GDAS    23     1    15     0     0
    GDAS    23     1    22     0     0
    GDAS    23     1    29     0     0
    GDAS    23     2     1     0     0
     1 BACKWARD OMEGA   
    23     1     7    11   32.000  -96.000  1000.0
     1 PRESSURE
     1     1    23     1     7    11     0     1     0.0   32.000  -96.000   1000.0    896.3
     1     1    23     1     7    10     0     2    -1.0   31.734  -96.496    913.2    908.6
     1     1    23     1     7     9     0     3    -2.0   31.417  -96.957    951.0    896.6
     1     1    23     1     7     8     0     2    -3.0   31.069  -97.380    979.7    878.7
     1     1    23     1     7     7     0     1    -4.0   30.670  -97.746    927.3    879.5
     1     1    23     1     7     6     0     0    -5.0   30.191  -98.043    865.0    890.4
     1     1    23     1     7     5     0     1    -6.0   29.670  -98.249    841.2    894.6
     1     1    23     1     7     4     0     2    -7.0   29.160  -98.350    803.1    906.5
     1     1    23     1     7     3     0     3    -8.0   28.663  -98.351    748.8    921.2
     1     1    23     1     7     2     0     2    -9.0   28.181  -98.280    730.6    927.9
     1     1    23     1     7     1     0     1   -10.0   27.731  -98.180    733.4    925.9
     1     1    23     1     7     0     0     0   -11.0   27.318  -98.057    675.6    931.4
     1     1    23     1     6    23     0     1   -12.0   26.936  -97.911    555.3    953.9
     1     1    23     1     6    22     0     2   -13.0   26.572  -97.761    479.8    969.2
     1     1    23     1     6    21     0     3   -14.0   26.216  -97.609    486.6    965.9
     1     1    23     1     6    20     0     2   -15.0   25.869  -97.456    530.0    959.5
     1     1    23     1     6    19     0     1   -16.0   25.543  -97.301    574.2    954.3
     1     1    23     1     6    18     0     0   -17.0   25.246  -97.144    603.9    952.1
     1     1    23     1     6    17     0     1   -18.0   24.981  -96.982    623.9    950.9
     1     1    23     1     6    16     0     2   -19.0   24.751  -96.811    642.3    949.4
     1     1    23     1     6    15     0     3   -20.0   24.559  -96.637    662.1    947.3
     1     1    23     1     6    14     0     2   -21.0   24.396  -96.460    681.8    944.4
     1     1    23     1     6    13     0     1   -22.0   24.252  -96.281    699.5    942.0
     1     1    23     1     6    12     0     0   -23.0   24.120  -96.099    717.7    939.6
     1     1    23     1     6    11     0     1   -24.0   24.004  -95.906    735.9    937.3
     1     1    23     1     6    10     0     2   -25.0   23.915  -95.691    750.3    935.6
     1     1    23     1     6     9     0     3   -26.0   23.853  -95.458    757.9    934.7
     1     1    23     1     6     8     0     2   -27.0   23.816  -95.206    766.3    935.1
     1     1    23     1     6     7     0     1   -28.0   23.802  -94.934    783.6    933.5
     1     1    23     1     6     6     0     0   -29.0   23.808  -94.644    808.4    931.0
     1     1    23     1     6     5     0     1   -30.0   23.838  -94.346    836.1    928.0
     1     1    23     1     6     4     0     2   -31.0   23.894  -94.052    863.4    925.3
     1     1    23     1     6     3     0     3   -32.0   23.974  -93.765    893.1    922.6
     1     1    23     1     6     2     0     2   -33.0   24.067  -93.492    914.6    918.1
     1     1    23     1     6     1     0     1   -34.0   24.167  -93.226    916.1    917.7
     1     1    23     1     6     0     0     0   -35.0   24.273  -92.962    901.9    919.2
     1     1    23     1     5    23     0     1   -36.0   24.383  -92.698    891.0    922.1
     1     1    23     1     5    22     0     2   -37.0   24.494  -92.442    897.5    920.8
     1     1    23     1     5    21     0     3   -38.0   24.607  -92.189    918.0    918.1
     1     1    23     1     5    20     0     2   -39.0   24.715  -91.946    940.9    914.8
     1     1    23     1     5    19     0     1   -40.0   24.817  -91.716    949.6    913.7
     1     1    23     1     5    18     0     0   -41.0   24.913  -91.486    941.5    915.4
     1     1    23     1     5    17     0     1   -42.0   25.015  -91.253    930.4    918.0
     1     1    23     1     5    16     0     2   -43.0   25.129  -91.038    934.7    918.6
     1     1    23     1     5    15     0     3   -44.0   25.247  -90.855    961.5    915.8
     1     1    23     1     5    14     0     2   -45.0   25.357  -90.707    986.7    909.8
     1     1    23     1     5    13     0     1   -46.0   25.461  -90.587    985.1    909.2
     1     1    23     1     5    12     0     0   -47.0   25.568  -90.485    953.7    912.0
     1     1    23     1     5    11     0     1   -48.0   25.673  -90.388    910.2    918.4
     1     1    23     1     5    10     0     2   -49.0   25.756  -90.297    876.8    922.2
     1     1    23     1     5     9     0     3   -50.0   25.810  -90.216    860.8    923.6
     1     1    23     1     5     8     0     2   -51.0   25.840  -90.139    852.8    923.1
     1     1    23     1     5     7     0     1   -52.0   25.853  -90.049    845.7    924.0
     1     1    23     1     5     6     0     0   -53.0   25.846  -89.951    842.1    924.2
     1     1    23     1     5     5     0     1   -54.0   25.838  -89.855    840.3    924.3
     1     1    23     1     5     4     0     2   -55.0   25.846  -89.765    840.8    924.5
     1     1    23     1     5     3     0     3   -56.0   25.868  -89.682    846.0    924.2
     1     1    23     1     5     2     0     2   -57.0   25.898  -89.623    849.7    922.6
     1     1    23     1     5     1     0     1   -58.0   25.932  -89.600    841.9    922.8
     1     1    23     1     5     0     0     0   -59.0   25.976  -89.607    822.6    924.5
     1     1    23     1     4    23     0     1   -60.0   26.023  -89.632    804.6    927.0
     1     1    23     1     4    22     0     2   -61.0   26.062  -89.672    797.8    927.5
     1     1    23     1     4    21     0     3   -62.0   26.092  -89.728    807.4    926.3
     1     1    23     1     4    20     0     2   -63.0   26.105  -89.804    824.2    923.4
     1     1    23     1     4    19     0     1   -64.0   26.092  -89.902    828.6    922.6
     1     1    23     1     4    18     0     0   -65.0   26.056  -90.018    803.5    924.5
     1     1    23     1     4    17     0     1   -66.0   26.007  -90.149    764.8    931.6
     1     1    23     1     4    16     0     2   -67.0   25.955  -90.301    741.4    934.4
     1     1    23     1     4    15     0     3   -68.0   25.899  -90.472    733.0    935.4
     1     1    23     1     4    14     0     2   -69.0   25.831  -90.654    731.3    934.0
     1     1    23     1     4    13     0     1   -70.0   25.746  -90.843    731.8    933.7
     1     1    23     1     4    12     0     0   -71.0   25.645  -91.040    743.7    932.1
     1     1    23     1     4    11     0     1   -72.0   25.516  -91.243    751.4    928.9
     1     1    23     1     4    10     0     2   -73.0   25.354  -91.448    740.5    930.2
     1     1    23     1     4     9     0     3   -74.0   25.169  -91.651    712.6    932.7
     1     1    23     1     4     8     0     2   -75.0   24.960  -91.829    669.6    938.0
     1     1    23     1     4     7     0     1   -76.0   24.711  -91.965    616.6    944.1
     1     1    23     1     4     6     0     0   -77.0   24.417  -92.061    569.8    950.2
     1     1    23     1     4     5     0     1   -78.0   24.099  -92.123    533.7    953.1
     1     1    23     1     4     4     0     2   -79.0   23.781  -92.149    504.9    956.7
     1     1    23     1     4     3     0     3   -80.0   23.461  -92.143    489.5    958.6
     1     1    23     1     4     2     0     2   -81.0   23.156  -92.125    494.7    958.3
     1     1    23     1     4     1     0     1   -82.0   22.879  -92.119    518.1    954.4
     1     1    23     1     4     0     0     0   -83.0   22.620  -92.126    540.0    950.3
     1     1    23     1     3    23     0     1   -84.0   22.353  -92.124    543.7    948.9
     1     1    23     1     3    22     0     2   -85.0   22.059  -92.096    529.7    950.7
     1     1    23     1     3    21     0     3   -86.0   21.750  -92.045    516.5    953.0
     1     1    23     1     3    20     0     2   -87.0   21.430  -91.968    518.3    954.0
     1     1    23     1     3    19     0     1   -88.0   21.099  -91.864    531.1    952.7
     1     1    23     1     3    18     0     0   -89.0   20.764  -91.740    553.9    951.7
     1     1    23     1     3    17     0     1   -90.0   20.434  -91.594    585.6    948.1
     1     1    23     1     3    16     0     2   -91.0   20.108  -91.417    614.1    944.9
     1     1    23     1     3    15     0     3   -92.0   19.782  -91.206    633.0    943.3
     1     1    23     1     3    14     0     2   -93.0   19.461  -90.972    671.8    941.6
     1     1    23     1     3    13     0     1   -94.0   19.139  -90.734    744.0    929.1
     1     1    23     1     3    12     0     0   -95.0   18.808  -90.488    831.2    915.8
     1     1    23     1     3    11     0     1   -96.0   18.473  -90.237    926.6    898.9
     1     1    23     1     3    10     0     2   -97.0   18.153  -90.000   1021.5    880.3
     1     1    23     1     3     9     0     3   -98.0   17.856  -89.788   1103.4    871.1
     1     1    23     1     3     8     0     2   -99.0   17.584  -89.589   1169.1    865.6
     1     1    23     1     3     7     0     1  -100.0   17.333  -89.405   1231.6    854.5
     1     1    23     1     3     6     0     0  -101.0   17.084  -89.249   1290.1    841.4
     1     1    23     1     3     5     0     1  -102.0   16.844  -89.104   1328.2    836.0
     1     1    23     1     3     4     0     2  -103.0   16.639  -88.932   1332.7    844.2
     1     1    23     1     3     3     0     3  -104.0   16.484  -88.734   1302.5    857.7
     1     1    23     1     3     2     0     2  -105.0   16.385  -88.534   1264.8    870.0
     1     1    23     1     3     1     0     1  -106.0   16.318  -88.352   1253.6    875.0
     1     1    23     1     3     0     0     0  -107.0   16.262  -88.203   1282.6    874.9
     1     1    23     1     2    23     0     1  -108.0   16.198  -88.087   1356.3    867.9
     1     1    23     1     2    22     0     2  -109.0   16.120  -87.994   1473.0    857.3
     1     1    23     1     2    21     0     3  -110.0   16.026  -87.906   1620.5    840.2
     1     1    23     1     2    20     0     2  -111.0   15.925  -87.800   1722.8    820.8
     1     1    23     1     2    19     0     1  -112.0   15.825  -87.671   1751.5    811.4
     1     1    23     1     2    18     0     0  -113.0   15.724  -87.520   1724.2    804.8
     1     1    23     1     2    17     0     1  -114.0   15.627  -87.352   1677.9    800.9
     1     1    23     1     2    16     0     2  -115.0   15.535  -87.159   1628.4    790.9
     1     1    23     1     2    15     0     3  -116.0   15.445  -86.933   1553.2    784.5
     1     1    23     1     2    14     0     2  -117.0   15.367  -86.698   1493.7    788.7
     1     1    23     1     2    13     0     1  -118.0   15.304  -86.473   1471.7    787.1
     1     1    23     1     2    12     0     0  -119.0   15.251  -86.251   1465.2    785.4
     1     1    23     1     2    11     0     1  -120.0   15.206  -86.024   1457.9    786.4
