     8     1
    GDAS    22    12    22     0     0
    GDAS    22    12    29     0     0
    GDAS    23     1     1     0     0
    GDAS    23     1     8     0     0
    GDAS    23     1    15     0     0
    GDAS    23     1    22     0     0
    GDAS    23     1    29     0     0
    GDAS    23     2     1     0     0
     1 BACKWARD OMEGA   
    23     1     9    13   32.716  -96.748     5.0
     1 PRESSURE
     1     1    23     1     9    13     0     1     0.0   32.716  -96.748      5.0   1001.7
     1     1    23     1     9    12     0     0    -1.0   32.633  -96.718      2.9   1001.3
     1     1    23     1     9    11     0     1    -2.0   32.562  -96.683      1.3   1001.7
     1     1    23     1     9    10     0     2    -3.0   32.499  -96.640      0.1   1002.1
     1     1    23     1     9     9     0     3    -4.0   32.448  -96.591      0.0   1002.5
     1     1    23     1     9     8     0     2    -5.0   32.402  -96.538      0.0   1003.6
     1     1    23     1     9     7     0     1    -6.0   32.359  -96.486      0.0   1004.8
     1     1    23     1     9     6     0     0    -7.0   32.316  -96.437      0.0   1006.1
     1     1    23     1     9     5     0     1    -8.0   32.286  -96.385      0.2   1006.5
     1     1    23     1     9     4     0     2    -9.0   32.281  -96.324      0.3   1006.7
     1     1    23     1     9     3     0     3   -10.0   32.301  -96.251      0.3   1006.7
     1     1    23     1     9     2     0     2   -11.0   32.340  -96.177      0.6   1007.0
     1     1    23     1     9     1     0     1   -12.0   32.393  -96.110      1.4   1007.1
     1     1    23     1     9     0     0     0   -13.0   32.459  -96.054      2.8   1006.9
     1     1    23     1     8    23     0     1   -14.0   32.538  -96.009      4.6   1006.8
     1     1    23     1     8    22     0     2   -15.0   32.629  -95.977      6.5   1006.3
     1     1    23     1     8    21     0     3   -16.0   32.731  -95.959      8.4   1005.7
     1     1    23     1     8    20     0     2   -17.0   32.840  -95.946     10.2   1006.0
     1     1    23     1     8    19     0     1   -18.0   32.954  -95.929     12.0   1006.3
     1     1    23     1     8    18     0     0   -19.0   33.075  -95.910     13.9   1006.8
     1     1    23     1     8    17     0     1   -20.0   33.209  -95.891     16.4   1005.4
     1     1    23     1     8    16     0     2   -21.0   33.363  -95.875     20.9   1004.1
     1     1    23     1     8    15     0     3   -22.0   33.538  -95.861     28.5   1002.9
     1     1    23     1     8    14     0     2   -23.0   33.721  -95.855     39.6   1001.7
     1     1    23     1     8    13     0     1   -24.0   33.897  -95.868     54.0   1000.5
     1     1    23     1     8    12     0     0   -25.0   34.067  -95.895     72.4    997.2
     1     1    23     1     8    11     0     1   -26.0   34.255  -95.919     93.2    992.7
     1     1    23     1     8    10     0     2   -27.0   34.472  -95.935    112.3    988.6
     1     1    23     1     8     9     0     3   -28.0   34.705  -95.949    127.4    985.2
     1     1    23     1     8     8     0     2   -29.0   34.929  -95.958    135.2    982.6
     1     1    23     1     8     7     0     1   -30.0   35.128  -95.962    138.2    982.5
     1     1    23     1     8     6     0     0   -31.0   35.308  -95.965    143.1    982.2
     1     1    23     1     8     5     0     1   -32.0   35.486  -95.966    150.8    981.0
     1     1    23     1     8     4     0     2   -33.0   35.676  -95.958    161.9    979.6
     1     1    23     1     8     3     0     3   -34.0   35.887  -95.942    179.7    977.3
     1     1    23     1     8     2     0     2   -35.0   36.119  -95.917    200.9    972.9
     1     1    23     1     8     1     0     1   -36.0   36.365  -95.876    214.6    968.8
     1     1    23     1     8     0     0     0   -37.0   36.622  -95.812    217.0    966.4
     1     1    23     1     7    23     0     1   -38.0   36.885  -95.742    216.3    965.2
     1     1    23     1     7    22     0     2   -39.0   37.146  -95.678    220.4    963.1
     1     1    23     1     7    21     0     3   -40.0   37.403  -95.613    228.7    960.5
     1     1    23     1     7    20     0     2   -41.0   37.658  -95.520    238.9    958.7
     1     1    23     1     7    19     0     1   -42.0   37.917  -95.360    248.5    957.7
     1     1    23     1     7    18     0     0   -43.0   38.173  -95.140    256.1    958.5
     1     1    23     1     7    17     0     1   -44.0   38.404  -94.880    257.8    959.1
     1     1    23     1     7    16     0     2   -45.0   38.598  -94.578    248.4    960.9
     1     1    23     1     7    15     0     3   -46.0   38.755  -94.225    231.5    963.0
     1     1    23     1     7    14     0     2   -47.0   38.887  -93.834    207.3    965.3
     1     1    23     1     7    13     0     1   -48.0   39.015  -93.447    179.5    971.3
     1     1    23     1     7    12     0     0   -49.0   39.144  -93.076    158.9    976.4
     1     1    23     1     7    11     0     1   -50.0   39.273  -92.720    148.9    976.2
     1     1    23     1     7    10     0     2   -51.0   39.396  -92.388    145.3    975.5
     1     1    23     1     7     9     0     3   -52.0   39.511  -92.096    142.6    975.8
     1     1    23     1     7     8     0     2   -53.0   39.614  -91.852    139.3    977.8
     1     1    23     1     7     7     0     1   -54.0   39.703  -91.649    137.8    979.4
     1     1    23     1     7     6     0     0   -55.0   39.777  -91.477    140.2    980.1
     1     1    23     1     7     5     0     1   -56.0   39.842  -91.327    145.3    979.6
     1     1    23     1     7     4     0     2   -57.0   39.907  -91.193    152.0    979.0
     1     1    23     1     7     3     0     3   -58.0   39.972  -91.070    162.3    977.8
     1     1    23     1     7     2     0     2   -59.0   40.038  -90.976    173.4    975.7
     1     1    23     1     7     1     0     1   -60.0   40.102  -90.928    179.9    974.7
     1     1    23     1     7     0     0     0   -61.0   40.166  -90.923    181.0    974.3
     1     1    23     1     6    23     0     1   -62.0   40.225  -90.958    180.3    974.2
     1     1    23     1     6    22     0     2   -63.0   40.274  -91.032    180.4    973.5
     1     1    23     1     6    21     0     3   -64.0   40.311  -91.142    180.6    973.0
     1     1    23     1     6    20     0     2   -65.0   40.340  -91.272    181.0    973.1
     1     1    23     1     6    19     0     1   -66.0   40.367  -91.407    182.2    973.1
     1     1    23     1     6    18     0     0   -67.0   40.389  -91.547    183.8    973.1
     1     1    23     1     6    17     0     1   -68.0   40.414  -91.693    186.2    972.9
     1     1    23     1     6    16     0     2   -69.0   40.452  -91.850    189.7    972.4
     1     1    23     1     6    15     0     3   -70.0   40.506  -92.021    193.7    971.7
     1     1    23     1     6    14     0     2   -71.0   40.573  -92.208    198.3    969.4
     1     1    23     1     6    13     0     1   -72.0   40.650  -92.413    203.8    966.7
     1     1    23     1     6    12     0     0   -73.0   40.737  -92.637    209.8    963.8
     1     1    23     1     6    11     0     1   -74.0   40.831  -92.879    215.8    960.9
     1     1    23     1     6    10     0     2   -75.0   40.931  -93.136    219.0    958.1
     1     1    23     1     6     9     0     3   -76.0   41.037  -93.409    219.1    955.9
     1     1    23     1     6     8     0     2   -77.0   41.156  -93.690    223.2    953.8
     1     1    23     1     6     7     0     1   -78.0   41.290  -93.973    235.9    950.0
     1     1    23     1     6     6     0     0   -79.0   41.432  -94.253    257.9    946.6
     1     1    23     1     6     5     0     1   -80.0   41.582  -94.530    287.7    941.2
     1     1    23     1     6     4     0     2   -81.0   41.744  -94.810    321.2    934.6
     1     1    23     1     6     3     0     3   -82.0   41.925  -95.090    349.3    928.6
     1     1    23     1     6     2     0     2   -83.0   42.118  -95.361    363.9    927.7
     1     1    23     1     6     1     0     1   -84.0   42.316  -95.621    369.4    928.3
     1     1    23     1     6     0     0     0   -85.0   42.521  -95.882    370.6    927.8
     1     1    23     1     5    23     0     1   -86.0   42.734  -96.139    358.7    926.2
     1     1    23     1     5    22     0     2   -87.0   42.950  -96.392    336.5    928.2
     1     1    23     1     5    21     0     3   -88.0   43.163  -96.660    322.7    928.3
     1     1    23     1     5    20     0     2   -89.0   43.387  -96.941    330.0    924.7
     1     1    23     1     5    19     0     1   -90.0   43.632  -97.199    353.0    918.8
     1     1    23     1     5    18     0     0   -91.0   43.891  -97.417    381.5    915.4
     1     1    23     1     5    17     0     1   -92.0   44.153  -97.596    407.4    913.4
     1     1    23     1     5    16     0     2   -93.0   44.415  -97.747    425.3    913.2
     1     1    23     1     5    15     0     3   -94.0   44.677  -97.885    440.5    914.0
     1     1    23     1     5    14     0     2   -95.0   44.939  -98.022    459.1    914.0
     1     1    23     1     5    13     0     1   -96.0   45.194  -98.155    473.1    909.7
     1     1    23     1     5    12     0     0   -97.0   45.437  -98.283    479.3    907.2
     1     1    23     1     5    11     0     1   -98.0   45.669  -98.384    484.0    903.9
     1     1    23     1     5    10     0     2   -99.0   45.899  -98.425    484.3    901.4
     1     1    23     1     5     9     0     3  -100.0   46.129  -98.402    480.2    902.1
     1     1    23     1     5     8     0     2  -101.0   46.362  -98.339    476.8    904.8
     1     1    23     1     5     7     0     1  -102.0   46.600  -98.264    476.2    906.5
     1     1    23     1     5     6     0     0  -103.0   46.839  -98.169    476.1    908.4
     1     1    23     1     5     5     0     1  -104.0   47.079  -98.060    468.3    909.6
     1     1    23     1     5     4     0     2  -105.0   47.317  -97.947    451.6    912.3
     1     1    23     1     5     3     0     3  -106.0   47.546  -97.835    436.7    915.0
     1     1    23     1     5     2     0     2  -107.0   47.757  -97.717    430.2    917.1
     1     1    23     1     5     1     0     1  -108.0   47.949  -97.575    432.9    918.3
     1     1    23     1     5     0     0     0  -109.0   48.127  -97.398    441.9    921.3
     1     1    23     1     4    23     0     1  -110.0   48.293  -97.207    448.8    923.6
     1     1    23     1     4    22     0     2  -111.0   48.446  -97.035    445.7    926.9
     1     1    23     1     4    21     0     3  -112.0   48.584  -96.881    436.1    928.0
     1     1    23     1     4    20     0     2  -113.0   48.699  -96.715    432.8    928.4
     1     1    23     1     4    19     0     1  -114.0   48.787  -96.495    445.4    925.4
     1     1    23     1     4    18     0     0  -115.0   48.856  -96.205    478.3    919.5
     1     1    23     1     4    17     0     1  -116.0   48.926  -95.854    502.0    910.9
     1     1    23     1     4    16     0     2  -117.0   49.014  -95.474    473.1    913.0
     1     1    23     1     4    15     0     3  -118.0   49.115  -95.073    394.0    923.7
     1     1    23     1     4    14     0     2  -119.0   49.210  -94.674    336.3    936.3
     1     1    23     1     4    13     0     1  -120.0   49.292  -94.297    338.2    932.9
