     8     1
    GDAS    22    12    22     0     0
    GDAS    22    12    29     0     0
    GDAS    23     1     1     0     0
    GDAS    23     1     8     0     0
    GDAS    23     1    15     0     0
    GDAS    23     1    22     0     0
    GDAS    23     1    29     0     0
    GDAS    23     2     1     0     0
     1 BACKWARD OMEGA   
    23     1     9    12   32.716  -96.748   133.0
     1 PRESSURE
     1     1    23     1     9    12     0     0     0.0   32.716  -96.748    133.0    987.3
     1     1    23     1     9    11     0     1    -1.0   32.597  -96.716    125.2    988.3
     1     1    23     1     9    10     0     2    -2.0   32.493  -96.670    118.8    989.1
     1     1    23     1     9     9     0     3    -3.0   32.406  -96.612    111.7    990.2
     1     1    23     1     9     8     0     2    -4.0   32.333  -96.546    105.8    992.2
     1     1    23     1     9     7     0     1    -5.0   32.267  -96.479    103.5    993.6
     1     1    23     1     9     6     0     0    -6.0   32.207  -96.415    104.7    994.8
     1     1    23     1     9     5     0     1    -7.0   32.164  -96.343    107.0    995.1
     1     1    23     1     9     4     0     2    -8.0   32.156  -96.253    108.4    995.8
     1     1    23     1     9     3     0     3    -9.0   32.184  -96.141    109.2    996.7
     1     1    23     1     9     2     0     2   -10.0   32.241  -96.024    111.9    997.3
     1     1    23     1     9     1     0     1   -11.0   32.322  -95.923    118.6    995.8
     1     1    23     1     9     0     0     0   -12.0   32.422  -95.838    130.0    993.5
     1     1    23     1     8    23     0     1   -13.0   32.535  -95.773    144.9    990.8
     1     1    23     1     8    22     0     2   -14.0   32.653  -95.728    160.7    987.9
     1     1    23     1     8    21     0     3   -15.0   32.775  -95.704    176.7    985.1
     1     1    23     1     8    20     0     2   -16.0   32.901  -95.687    191.5    983.3
     1     1    23     1     8    19     0     1   -17.0   33.034  -95.667    203.8    982.0
     1     1    23     1     8    18     0     0   -18.0   33.174  -95.642    214.0    981.5
     1     1    23     1     8    17     0     1   -19.0   33.342  -95.605    228.4    980.3
     1     1    23     1     8    16     0     2   -20.0   33.559  -95.548    252.0    977.4
     1     1    23     1     8    15     0     3   -21.0   33.832  -95.475    281.0    973.3
     1     1    23     1     8    14     0     2   -22.0   34.137  -95.416    312.9    968.0
     1     1    23     1     8    13     0     1   -23.0   34.443  -95.388    343.3    961.1
     1     1    23     1     8    12     0     0   -24.0   34.752  -95.381    361.0    956.0
     1     1    23     1     8    11     0     1   -25.0   35.055  -95.392    368.1    954.1
     1     1    23     1     8    10     0     2   -26.0   35.337  -95.418    385.8    952.6
     1     1    23     1     8     9     0     3   -27.0   35.604  -95.460    426.5    947.1
     1     1    23     1     8     8     0     2   -28.0   35.847  -95.512    482.1    939.2
     1     1    23     1     8     7     0     1   -29.0   36.063  -95.567    548.1    931.4
     1     1    23     1     8     6     0     0   -30.0   36.263  -95.623    629.7    922.4
     1     1    23     1     8     5     0     1   -31.0   36.459  -95.680    720.4    910.0
     1     1    23     1     8     4     0     2   -32.0   36.659  -95.732    806.0    899.1
     1     1    23     1     8     3     0     3   -33.0   36.861  -95.766    879.2    889.6
     1     1    23     1     8     2     0     2   -34.0   37.070  -95.788    934.0    881.6
     1     1    23     1     8     1     0     1   -35.0   37.282  -95.804    972.2    876.6
     1     1    23     1     8     0     0     0   -36.0   37.492  -95.807    999.4    872.3
     1     1    23     1     7    23     0     1   -37.0   37.690  -95.789   1015.9    869.1
     1     1    23     1     7    22     0     2   -38.0   37.869  -95.732   1021.7    867.5
     1     1    23     1     7    21     0     3   -39.0   38.029  -95.624   1016.0    867.7
     1     1    23     1     7    20     0     2   -40.0   38.164  -95.465   1001.9    870.9
     1     1    23     1     7    19     0     1   -41.0   38.265  -95.261    989.0    874.3
     1     1    23     1     7    18     0     0   -42.0   38.330  -95.012    987.4    876.7
     1     1    23     1     7    17     0     1   -43.0   38.357  -94.718    971.9    876.2
     1     1    23     1     7    16     0     2   -44.0   38.349  -94.365    914.3    883.8
     1     1    23     1     7    15     0     3   -45.0   38.314  -93.951    819.6    896.3
     1     1    23     1     7    14     0     2   -46.0   38.264  -93.509    722.0    908.6
     1     1    23     1     7    13     0     1   -47.0   38.208  -93.081    647.0    915.2
     1     1    23     1     7    12     0     0   -48.0   38.152  -92.689    572.0    919.6
     1     1    23     1     7    11     0     1   -49.0   38.086  -92.363    485.2    929.5
     1     1    23     1     7    10     0     2   -50.0   37.977  -92.123    394.0    939.9
     1     1    23     1     7     9     0     3   -51.0   37.822  -91.961    323.2    947.9
     1     1    23     1     7     8     0     2   -52.0   37.638  -91.847    281.1    951.1
     1     1    23     1     7     7     0     1   -53.0   37.437  -91.758    251.3    952.4
     1     1    23     1     7     6     0     0   -54.0   37.209  -91.694    217.5    954.6
     1     1    23     1     7     5     0     1   -55.0   36.973  -91.631    180.9    960.1
     1     1    23     1     7     4     0     2   -56.0   36.753  -91.556    151.5    970.3
     1     1    23     1     7     3     0     3   -57.0   36.547  -91.476    130.0    978.1
     1     1    23     1     7     2     0     2   -58.0   36.353  -91.395    114.9    985.1
     1     1    23     1     7     1     0     1   -59.0   36.167  -91.316    106.5    990.9
     1     1    23     1     7     0     0     0   -60.0   35.983  -91.239    105.6    995.5
     1     1    23     1     6    23     0     1   -61.0   35.804  -91.172    110.9    996.2
     1     1    23     1     6    22     0     2   -62.0   35.640  -91.127    119.5    996.1
     1     1    23     1     6    21     0     3   -63.0   35.488  -91.104    127.8    995.5
     1     1    23     1     6    20     0     2   -64.0   35.347  -91.094    133.5    995.8
     1     1    23     1     6    19     0     1   -65.0   35.218  -91.089    136.6    996.5
     1     1    23     1     6    18     0     0   -66.0   35.103  -91.091    138.6    997.3
     1     1    23     1     6    17     0     1   -67.0   35.010  -91.088    142.2    997.5
     1     1    23     1     6    16     0     2   -68.0   34.948  -91.073    150.3    997.2
     1     1    23     1     6    15     0     3   -69.0   34.918  -91.049    163.4    995.9
     1     1    23     1     6    14     0     2   -70.0   34.917  -91.035    176.8    993.3
     1     1    23     1     6    13     0     1   -71.0   34.942  -91.048    185.3    991.7
     1     1    23     1     6    12     0     0   -72.0   34.993  -91.088    188.9    990.5
     1     1    23     1     6    11     0     1   -73.0   35.064  -91.154    192.1    990.1
     1     1    23     1     6    10     0     2   -74.0   35.149  -91.247    199.4    988.5
     1     1    23     1     6     9     0     3   -75.0   35.248  -91.370    210.9    986.0
     1     1    23     1     6     8     0     2   -76.0   35.356  -91.528    228.2    982.7
     1     1    23     1     6     7     0     1   -77.0   35.472  -91.727    254.0    977.5
     1     1    23     1     6     6     0     0   -78.0   35.596  -91.966    289.3    969.6
     1     1    23     1     6     5     0     1   -79.0   35.731  -92.241    327.1    958.4
     1     1    23     1     6     4     0     2   -80.0   35.881  -92.552    357.0    947.6
     1     1    23     1     6     3     0     3   -81.0   36.051  -92.898    377.5    937.4
     1     1    23     1     6     2     0     2   -82.0   36.226  -93.262    400.9    929.9
     1     1    23     1     6     1     0     1   -83.0   36.395  -93.630    424.4    922.1
     1     1    23     1     6     0     0     0   -84.0   36.555  -94.001    427.7    918.5
     1     1    23     1     5    23     0     1   -85.0   36.704  -94.367    412.6    928.2
     1     1    23     1     5    22     0     2   -86.0   36.844  -94.726    400.9    937.1
     1     1    23     1     5    21     0     3   -87.0   36.985  -95.081    415.8    940.6
     1     1    23     1     5    20     0     2   -88.0   37.141  -95.431    446.1    934.4
     1     1    23     1     5    19     0     1   -89.0   37.324  -95.774    471.4    929.9
     1     1    23     1     5    18     0     0   -90.0   37.536  -96.114    492.0    924.8
     1     1    23     1     5    17     0     1   -91.0   37.784  -96.471    512.1    918.1
     1     1    23     1     5    16     0     2   -92.0   38.076  -96.847    541.0    911.3
     1     1    23     1     5    15     0     3   -93.0   38.418  -97.223    572.8    905.4
     1     1    23     1     5    14     0     2   -94.0   38.794  -97.580    585.0    900.1
     1     1    23     1     5    13     0     1   -95.0   39.189  -97.913    576.7    896.6
     1     1    23     1     5    12     0     0   -96.0   39.620  -98.224    576.7    894.6
     1     1    23     1     5    11     0     1   -97.0   40.079  -98.518    612.3    885.8
     1     1    23     1     5    10     0     2   -98.0   40.544  -98.801    654.0    869.5
     1     1    23     1     5     9     0     3   -99.0   41.017  -99.076    650.8    860.2
     1     1    23     1     5     8     0     2  -100.0   41.497  -99.354    664.1    861.5
     1     1    23     1     5     7     0     1  -101.0   41.979  -99.612    716.0    845.5
     1     1    23     1     5     6     0     0  -102.0   42.444  -99.827    747.4    842.9
     1     1    23     1     5     5     0     1  -103.0   42.884 -100.023    765.4    844.0
     1     1    23     1     5     4     0     2  -104.0   43.299 -100.216    784.1    844.7
     1     1    23     1     5     3     0     3  -105.0   43.690 -100.381    786.0    849.4
     1     1    23     1     5     2     0     2  -106.0   44.058 -100.522    763.7    856.8
     1     1    23     1     5     1     0     1  -107.0   44.407 -100.651    745.1    859.0
     1     1    23     1     5     0     0     0  -108.0   44.742 -100.760    771.2    855.1
     1     1    23     1     4    23     0     1  -109.0   45.059 -100.839    841.9    845.3
     1     1    23     1     4    22     0     2  -110.0   45.344 -100.896    914.4    833.1
     1     1    23     1     4    21     0     3  -111.0   45.595 -100.941    962.2    828.0
     1     1    23     1     4    20     0     2  -112.0   45.817 -100.968    990.2    825.0
     1     1    23     1     4    19     0     1  -113.0   46.018 -100.977   1002.7    824.3
     1     1    23     1     4    18     0     0  -114.0   46.201 -100.971   1009.3    825.6
     1     1    23     1     4    17     0     1  -115.0   46.367 -100.956   1018.5    825.8
     1     1    23     1     4    16     0     2  -116.0   46.518 -100.936   1035.3    825.1
     1     1    23     1     4    15     0     3  -117.0   46.660 -100.912   1062.8    823.1
     1     1    23     1     4    14     0     2  -118.0   46.791 -100.878   1085.0    820.0
     1     1    23     1     4    13     0     1  -119.0   46.913 -100.830   1081.2    820.8
     1     1    23     1     4    12     0     0  -120.0   47.028 -100.776   1049.8    824.9
