     8     1
    GDAS    22    12    22     0     0
    GDAS    22    12    29     0     0
    GDAS    23     1     1     0     0
    GDAS    23     1     8     0     0
    GDAS    23     1    15     0     0
    GDAS    23     1    22     0     0
    GDAS    23     1    29     0     0
    GDAS    23     2     1     0     0
     1 BACKWARD OMEGA   
    23     1    15    16   32.716  -96.748    10.0
     1 PRESSURE
     1     1    23     1    15    16     0     2     0.0   32.716  -96.748     10.0    992.8
     1     1    23     1    15    15     0     3    -1.0   32.469  -96.765      8.7    993.7
     1     1    23     1    15    14     0     2    -2.0   32.233  -96.777      7.6    993.9
     1     1    23     1    15    13     0     1    -3.0   32.001  -96.787      6.1    994.1
     1     1    23     1    15    12     0     0    -4.0   31.784  -96.793      4.1    995.4
     1     1    23     1    15    11     0     1    -5.0   31.582  -96.794      1.6    996.7
     1     1    23     1    15    10     0     2    -6.0   31.386  -96.788      0.0    998.0
     1     1    23     1    15     9     0     3    -7.0   31.199  -96.774      0.0    999.3
     1     1    23     1    15     8     0     2    -8.0   31.023  -96.748      0.0   1001.8
     1     1    23     1    15     7     0     1    -9.0   30.857  -96.714      0.0   1003.6
     1     1    23     1    15     6     0     0   -10.0   30.699  -96.671      0.0   1005.2
     1     1    23     1    15     5     0     1   -11.0   30.547  -96.613      0.0   1005.5
     1     1    23     1    15     4     0     2   -12.0   30.400  -96.538      0.0   1006.3
     1     1    23     1    15     3     0     3   -13.0   30.254  -96.443      0.0   1007.3
     1     1    23     1    15     2     0     2   -14.0   30.114  -96.341      0.0   1008.6
     1     1    23     1    15     1     0     1   -15.0   29.985  -96.241      0.0   1009.9
     1     1    23     1    15     0     0     0   -16.0   29.866  -96.142      0.0   1011.7
     1     1    23     1    14    23     0     1   -17.0   29.750  -96.049      0.0   1013.3
     1     1    23     1    14    22     0     2   -18.0   29.626  -95.965      0.0   1014.8
     1     1    23     1    14    21     0     3   -19.0   29.493  -95.888      0.0   1016.3
     1     1    23     1    14    20     0     2   -20.0   29.367  -95.805      0.0   1018.9
     1     1    23     1    14    19     0     1   -21.0   29.269  -95.706      0.0   1021.1
     1     1    23     1    14    18     0     0   -22.0   29.197  -95.592      0.0   1022.7
     1     1    23     1    14    17     0     1   -23.0   29.145  -95.466      0.2   1023.8
     1     1    23     1    14    16     0     2   -24.0   29.108  -95.328      0.1   1025.0
     1     1    23     1    14    15     0     3   -25.0   29.083  -95.171      0.0   1026.5
     1     1    23     1    14    14     0     2   -26.0   29.078  -95.006      0.0   1026.1
     1     1    23     1    14    13     0     1   -27.0   29.101  -94.854      0.0   1024.9
     1     1    23     1    14    12     0     0   -28.0   29.150  -94.722      0.0   1023.8
     1     1    23     1    14    11     0     1   -29.0   29.217  -94.598      0.0   1023.8
     1     1    23     1    14    10     0     2   -30.0   29.298  -94.474      0.0   1023.8
     1     1    23     1    14     9     0     3   -31.0   29.392  -94.350      0.0   1023.7
     1     1    23     1    14     8     0     2   -32.0   29.499  -94.233      0.0   1023.8
     1     1    23     1    14     7     0     1   -33.0   29.612  -94.133      0.2   1023.8
     1     1    23     1    14     6     0     0   -34.0   29.725  -94.052      0.7   1023.7
     1     1    23     1    14     5     0     1   -35.0   29.836  -93.996      1.6   1024.9
     1     1    23     1    14     4     0     2   -36.0   29.940  -93.968      2.4   1026.1
     1     1    23     1    14     3     0     3   -37.0   30.040  -93.964      3.2   1026.9
     1     1    23     1    14     2     0     2   -38.0   30.138  -93.973      4.0   1024.6
     1     1    23     1    14     1     0     1   -39.0   30.237  -93.988      4.9   1022.6
     1     1    23     1    14     0     0     0   -40.0   30.338  -94.009      5.9   1020.8
     1     1    23     1    13    23     0     1   -41.0   30.446  -94.040      6.8   1019.9
     1     1    23     1    13    22     0     2   -42.0   30.570  -94.081      7.4   1018.9
     1     1    23     1    13    21     0     3   -43.0   30.709  -94.131      7.6   1017.7
     1     1    23     1    13    20     0     2   -44.0   30.849  -94.181      7.8   1016.7
     1     1    23     1    13    19     0     1   -45.0   30.977  -94.223      8.1   1015.5
     1     1    23     1    13    18     0     0   -46.0   31.094  -94.258      8.6   1015.1
     1     1    23     1    13    17     0     1   -47.0   31.208  -94.288      9.2   1015.4
     1     1    23     1    13    16     0     2   -48.0   31.321  -94.314     10.1   1016.0
     1     1    23     1    13    15     0     3   -49.0   31.434  -94.337     11.2   1016.5
     1     1    23     1    13    14     0     2   -50.0   31.549  -94.363     12.0   1015.5
     1     1    23     1    13    13     0     1   -51.0   31.670  -94.396     12.3   1014.5
     1     1    23     1    13    12     0     0   -52.0   31.799  -94.432     12.3   1013.2
     1     1    23     1    13    11     0     1   -53.0   31.931  -94.474     12.3   1012.8
     1     1    23     1    13    10     0     2   -54.0   32.054  -94.530     12.5   1012.4
     1     1    23     1    13     9     0     3   -55.0   32.162  -94.607     12.5   1012.0
     1     1    23     1    13     8     0     2   -56.0   32.278  -94.680     12.5   1011.7
     1     1    23     1    13     7     0     1   -57.0   32.421  -94.717     13.2   1011.3
     1     1    23     1    13     6     0     0   -58.0   32.585  -94.722     15.0   1010.9
     1     1    23     1    13     5     0     1   -59.0   32.758  -94.731     17.9   1010.2
     1     1    23     1    13     4     0     2   -60.0   32.935  -94.770     20.5   1009.4
     1     1    23     1    13     3     0     3   -61.0   33.123  -94.834     23.0   1008.6
     1     1    23     1    13     2     0     2   -62.0   33.329  -94.912     28.5   1006.6
     1     1    23     1    13     1     0     1   -63.0   33.564  -94.999     43.3   1003.7
     1     1    23     1    13     0     0     0   -64.0   33.839  -95.092     78.9    999.0
     1     1    23     1    12    23     0     1   -65.0   34.143  -95.200    133.1    989.8
     1     1    23     1    12    22     0     2   -66.0   34.469  -95.339    184.8    979.4
     1     1    23     1    12    21     0     3   -67.0   34.821  -95.503    224.3    972.1
     1     1    23     1    12    20     0     2   -68.0   35.198  -95.667    255.1    967.5
     1     1    23     1    12    19     0     1   -69.0   35.597  -95.800    284.7    963.7
     1     1    23     1    12    18     0     0   -70.0   36.014  -95.890    310.1    959.9
     1     1    23     1    12    17     0     1   -71.0   36.462  -95.960    342.5    954.1
     1     1    23     1    12    16     0     2   -72.0   36.965  -96.027    415.4    943.2
     1     1    23     1    12    15     0     3   -73.0   37.538  -96.055    523.3    921.8
     1     1    23     1    12    14     0     2   -74.0   38.173  -96.014    619.0    906.1
     1     1    23     1    12    13     0     1   -75.0   38.833  -95.938    657.6    897.5
     1     1    23     1    12    12     0     0   -76.0   39.504  -95.862    659.6    902.1
     1     1    23     1    12    11     0     1   -77.0   40.193  -95.771    656.4    900.8
     1     1    23     1    12    10     0     2   -78.0   40.855  -95.686    665.1    902.1
     1     1    23     1    12     9     0     3   -79.0   41.476  -95.613    696.7    894.5
     1     1    23     1    12     8     0     2   -80.0   42.042  -95.562    719.2    887.8
     1     1    23     1    12     7     0     1   -81.0   42.553  -95.532    727.3    885.6
     1     1    23     1    12     6     0     0   -82.0   43.028  -95.505    742.1    882.4
     1     1    23     1    12     5     0     1   -83.0   43.474  -95.494    783.1    875.8
     1     1    23     1    12     4     0     2   -84.0   43.901  -95.517    835.4    863.4
     1     1    23     1    12     3     0     3   -85.0   44.324  -95.564    885.3    862.7
     1     1    23     1    12     2     0     2   -86.0   44.727  -95.647    957.5    861.1
     1     1    23     1    12     1     0     1   -87.0   45.107  -95.765   1041.7    853.3
     1     1    23     1    12     0     0     0   -88.0   45.487  -95.895   1103.7    844.6
     1     1    23     1    11    23     0     1   -89.0   45.861  -96.032   1134.4    841.5
     1     1    23     1    11    22     0     2   -90.0   46.210  -96.175   1153.2    839.4
     1     1    23     1    11    21     0     3   -91.0   46.538  -96.304   1166.9    835.9
     1     1    23     1    11    20     0     2   -92.0   46.842  -96.411   1174.8    835.5
     1     1    23     1    11    19     0     1   -93.0   47.120  -96.499   1190.9    835.3
     1     1    23     1    11    18     0     0   -94.0   47.376  -96.570   1222.7    833.1
     1     1    23     1    11    17     0     1   -95.0   47.596  -96.631   1247.2    828.5
     1     1    23     1    11    16     0     2   -96.0   47.771  -96.674   1235.3    829.7
     1     1    23     1    11    15     0     3   -97.0   47.910  -96.678   1175.7    835.3
     1     1    23     1    11    14     0     2   -98.0   48.008  -96.656   1097.4    847.3
     1     1    23     1    11    13     0     1   -99.0   48.063  -96.640   1046.8    853.2
     1     1    23     1    11    12     0     0  -100.0   48.078  -96.637   1032.4    854.4
     1     1    23     1    11    11     0     1  -101.0   48.048  -96.658   1030.5    852.3
     1     1    23     1    11    10     0     2  -102.0   47.971  -96.714   1023.8    853.8
     1     1    23     1    11     9     0     3  -103.0   47.840  -96.819   1026.1    855.1
     1     1    23     1    11     8     0     2  -104.0   47.668  -96.970   1034.3    854.0
     1     1    23     1    11     7     0     1  -105.0   47.486  -97.149   1018.1    852.6
     1     1    23     1    11     6     0     0  -106.0   47.295  -97.347    967.4    855.5
     1     1    23     1    11     5     0     1  -107.0   47.100  -97.547    900.6    862.4
     1     1    23     1    11     4     0     2  -108.0   46.910  -97.733    850.7    867.8
     1     1    23     1    11     3     0     3  -109.0   46.731  -97.884    846.9    867.8
     1     1    23     1    11     2     0     2  -110.0   46.565  -98.001    843.0    860.9
     1     1    23     1    11     1     0     1  -111.0   46.410  -98.093    789.3    865.3
     1     1    23     1    11     0     0     0  -112.0   46.260  -98.155    700.1    874.6
     1     1    23     1    10    23     0     1  -113.0   46.109  -98.190    611.9    886.7
     1     1    23     1    10    22     0     2  -114.0   45.957  -98.215    544.4    892.6
     1     1    23     1    10    21     0     3  -115.0   45.807  -98.227    496.7    898.5
     1     1    23     1    10    20     0     2  -116.0   45.653  -98.228    471.7    902.2
     1     1    23     1    10    19     0     1  -117.0   45.494  -98.224    463.6    903.6
     1     1    23     1    10    18     0     0  -118.0   45.335  -98.222    462.3    904.2
     1     1    23     1    10    17     0     1  -119.0   45.192  -98.219    459.3    904.8
     1     1    23     1    10    16     0     2  -120.0   45.083  -98.218    452.9    906.3
