     8     1
    GDAS    22    12    22     0     0
    GDAS    22    12    29     0     0
    GDAS    23     1     1     0     0
    GDAS    23     1     8     0     0
    GDAS    23     1    15     0     0
    GDAS    23     1    22     0     0
    GDAS    23     1    29     0     0
    GDAS    23     2     1     0     0
     1 BACKWARD OMEGA   
    23     1    17    11   32.716  -96.748    10.0
     1 PRESSURE
     1     1    23     1    17    11     0     1     0.0   32.716  -96.748     10.0    986.5
     1     1    23     1    17    10     0     2    -1.0   32.657  -96.867      9.4    985.8
     1     1    23     1    17     9     0     3    -2.0   32.594  -96.985      8.4    985.3
     1     1    23     1    17     8     0     2    -3.0   32.525  -97.104      7.5    983.0
     1     1    23     1    17     7     0     1    -4.0   32.447  -97.224      7.7    980.5
     1     1    23     1    17     6     0     0    -5.0   32.358  -97.343      8.6    978.1
     1     1    23     1    17     5     0     1    -6.0   32.262  -97.463      9.6    975.7
     1     1    23     1    17     4     0     2    -7.0   32.161  -97.588     10.7    973.0
     1     1    23     1    17     3     0     3    -8.0   32.056  -97.722     12.6    970.1
     1     1    23     1    17     2     0     2    -9.0   31.950  -97.868     16.4    966.8
     1     1    23     1    17     1     0     1   -10.0   31.851  -98.027     23.0    963.4
     1     1    23     1    17     0     0     0   -11.0   31.760  -98.192     30.4    959.9
     1     1    23     1    16    23     0     1   -12.0   31.686  -98.389     38.1    956.3
     1     1    23     1    16    22     0     2   -13.0   31.638  -98.651     43.8    951.2
     1     1    23     1    16    21     0     3   -14.0   31.604  -98.972     38.4    945.8
     1     1    23     1    16    20     0     2   -15.0   31.579  -99.314     31.3    943.2
     1     1    23     1    16    19     0     1   -16.0   31.572  -99.653     32.6    938.7
     1     1    23     1    16    18     0     0   -17.0   31.590  -99.995     42.2    933.6
     1     1    23     1    16    17     0     1   -18.0   31.607 -100.327     59.6    927.3
     1     1    23     1    16    16     0     2   -19.0   31.602 -100.636     78.7    919.8
     1     1    23     1    16    15     0     3   -20.0   31.594 -100.937     92.3    913.5
     1     1    23     1    16    14     0     2   -21.0   31.588 -101.236    102.1    910.0
     1     1    23     1    16    13     0     1   -22.0   31.587 -101.548    105.7    906.0
     1     1    23     1    16    12     0     0   -23.0   31.600 -101.870     89.9    903.9
     1     1    23     1    16    11     0     1   -24.0   31.622 -102.175     71.7    906.0
     1     1    23     1    16    10     0     2   -25.0   31.651 -102.469     63.2    904.0
     1     1    23     1    16     9     0     3   -26.0   31.679 -102.741     60.9    901.5
     1     1    23     1    16     8     0     2   -27.0   31.693 -102.992     52.2    899.1
     1     1    23     1    16     7     0     1   -28.0   31.692 -103.211     37.6    898.6
     1     1    23     1    16     6     0     0   -29.0   31.687 -103.416     30.7    896.4
     1     1    23     1    16     5     0     1   -30.0   31.691 -103.610     32.0    893.8
     1     1    23     1    16     4     0     2   -31.0   31.718 -103.789     43.9    891.1
     1     1    23     1    16     3     0     3   -32.0   31.777 -103.942     69.6    888.6
     1     1    23     1    16     2     0     2   -33.0   31.829 -104.140     92.9    879.9
     1     1    23     1    16     1     0     1   -34.0   31.842 -104.465      0.0    872.3
     1     1    23     1    16     0     0     0   -35.0   31.842 -104.831      0.0    865.1
     1     1    23     1    15    23     0     1   -36.0   31.833 -105.246      0.0    855.5
     1     1    23     1    15    22     0     2   -37.0   31.788 -105.687      0.0    848.9
     1     1    23     1    15    21     0     3   -38.0   31.697 -106.152      0.0    847.3
     1     1    23     1    15    20     0     2   -39.0   31.591 -106.641      0.0    858.9
     1     1    23     1    15    19     0     1   -40.0   31.487 -107.140      8.0    866.9
     1     1    23     1    15    18     0     0   -41.0   31.358 -107.646     23.0    860.5
     1     1    23     1    15    17     0     1   -42.0   31.193 -108.157     33.1    848.6
     1     1    23     1    15    16     0     2   -43.0   31.029 -108.563     12.4    834.2
     1     1    23     1    15    15     0     3   -44.0   30.900 -108.807      1.5    828.3
     1     1    23     1    15    14     0     2   -45.0   30.787 -108.958      0.0    827.5
     1     1    23     1    15    13     0     1   -46.0   30.677 -109.065      0.0    831.7
     1     1    23     1    15    12     0     0   -47.0   30.563 -109.147      0.0    837.4
     1     1    23     1    15    11     0     1   -48.0   30.447 -109.220      0.0    844.0
     1     1    23     1    15    10     0     2   -49.0   30.335 -109.288      0.0    850.7
     1     1    23     1    15     9     0     3   -50.0   30.227 -109.345      0.0    857.3
     1     1    23     1    15     8     0     2   -51.0   30.121 -109.386      0.0    863.4
     1     1    23     1    15     7     0     1   -52.0   30.016 -109.412      0.0    869.2
     1     1    23     1    15     6     0     0   -53.0   29.914 -109.429      0.0    874.0
     1     1    23     1    15     5     0     1   -54.0   29.816 -109.443      0.0    878.0
     1     1    23     1    15     4     0     2   -55.0   29.722 -109.456      0.0    881.8
     1     1    23     1    15     3     0     3   -56.0   29.635 -109.472      0.0    885.6
     1     1    23     1    15     2     0     2   -57.0   29.548 -109.512      0.0    890.1
     1     1    23     1    15     1     0     1   -58.0   29.453 -109.594      0.0    896.7
     1     1    23     1    15     0     0     0   -59.0   29.343 -109.716      0.0    905.5
     1     1    23     1    14    23     0     1   -60.0   29.216 -109.865      0.0    916.8
     1     1    23     1    14    22     0     2   -61.0   29.074 -110.025      0.0    929.8
     1     1    23     1    14    21     0     3   -62.0   28.926 -110.186      0.0    945.3
     1     1    23     1    14    20     0     2   -63.0   28.797 -110.307      0.0    958.6
     1     1    23     1    14    19     0     1   -64.0   28.697 -110.366      0.0    966.8
     1     1    23     1    14    18     0     0   -65.0   28.622 -110.371      0.0    971.3
     1     1    23     1    14    17     0     1   -66.0   28.574 -110.346      0.0    972.3
     1     1    23     1    14    16     0     2   -67.0   28.553 -110.313      0.0    971.9
     1     1    23     1    14    15     0     3   -68.0   28.561 -110.270      2.0    969.9
     1     1    23     1    14    14     0     2   -69.0   28.582 -110.230      4.6    966.9
     1     1    23     1    14    13     0     1   -70.0   28.606 -110.208      6.0    964.4
     1     1    23     1    14    12     0     0   -71.0   28.631 -110.203      5.9    962.6
     1     1    23     1    14    11     0     1   -72.0   28.655 -110.200      5.7    961.5
     1     1    23     1    14    10     0     2   -73.0   28.674 -110.184      6.6    960.1
     1     1    23     1    14     9     0     3   -74.0   28.690 -110.150      9.0    958.1
     1     1    23     1    14     8     0     2   -75.0   28.709 -110.110     12.6    955.2
     1     1    23     1    14     7     0     1   -76.0   28.739 -110.079     18.1    951.7
     1     1    23     1    14     6     0     0   -77.0   28.780 -110.060     26.3    947.8
     1     1    23     1    14     5     0     1   -78.0   28.825 -110.054     35.9    943.6
     1     1    23     1    14     4     0     2   -79.0   28.868 -110.065     43.3    940.9
     1     1    23     1    14     3     0     3   -80.0   28.910 -110.096     45.9    939.9
     1     1    23     1    14     2     0     2   -81.0   28.945 -110.139     37.5    940.5
     1     1    23     1    14     1     0     1   -82.0   28.970 -110.190     20.8    944.8
     1     1    23     1    14     0     0     0   -83.0   28.985 -110.248      7.4    949.9
     1     1    23     1    13    23     0     1   -84.0   28.999 -110.302      0.0    952.3
     1     1    23     1    13    22     0     2   -85.0   29.016 -110.336      0.0    953.4
     1     1    23     1    13    21     0     3   -86.0   29.036 -110.346      0.0    953.0
     1     1    23     1    13    20     0     2   -87.0   29.062 -110.332      1.2    952.2
     1     1    23     1    13    19     0     1   -88.0   29.099 -110.290      4.6    949.5
     1     1    23     1    13    18     0     0   -89.0   29.145 -110.219     10.3    944.9
     1     1    23     1    13    17     0     1   -90.0   29.199 -110.130     22.4    935.9
     1     1    23     1    13    16     0     2   -91.0   29.258 -110.032     53.2    924.5
     1     1    23     1    13    15     0     3   -92.0   29.315 -109.920    115.0    909.2
     1     1    23     1    13    14     0     2   -93.0   29.358 -109.803    203.9    891.6
     1     1    23     1    13    13     0     1   -94.0   29.386 -109.689    302.0    875.4
     1     1    23     1    13    12     0     0   -95.0   29.404 -109.579    409.2    859.6
     1     1    23     1    13    11     0     1   -96.0   29.411 -109.479    512.7    843.5
     1     1    23     1    13    10     0     2   -97.0   29.409 -109.390    600.8    832.2
     1     1    23     1    13     9     0     3   -98.0   29.400 -109.308    678.7    821.9
     1     1    23     1    13     8     0     2   -99.0   29.388 -109.230    755.6    812.6
     1     1    23     1    13     7     0     1  -100.0   29.375 -109.152    839.5    802.7
     1     1    23     1    13     6     0     0  -101.0   29.360 -109.077    937.0    791.4
     1     1    23     1    13     5     0     1  -102.0   29.333 -109.012   1019.5    778.6
     1     1    23     1    13     4     0     2  -103.0   29.291 -108.956   1039.9    772.9
     1     1    23     1    13     3     0     3  -104.0   29.241 -108.907    991.3    774.8
     1     1    23     1    13     2     0     2  -105.0   29.200 -108.859    925.1    782.2
     1     1    23     1    13     1     0     1  -106.0   29.168 -108.800    878.8    782.1
     1     1    23     1    13     0     0     0  -107.0   29.141 -108.733    847.4    779.9
     1     1    23     1    12    23     0     1  -108.0   29.106 -108.662    812.5    776.6
     1     1    23     1    12    22     0     2  -109.0   29.049 -108.596    754.0    777.2
     1     1    23     1    12    21     0     3  -110.0   28.967 -108.533    671.2    779.9
     1     1    23     1    12    20     0     2  -111.0   28.876 -108.467    593.3    784.5
     1     1    23     1    12    19     0     1  -112.0   28.792 -108.388    555.2    781.0
     1     1    23     1    12    18     0     0  -113.0   28.717 -108.293    559.4    772.5
     1     1    23     1    12    17     0     1  -114.0   28.653 -108.196    586.5    758.9
     1     1    23     1    12    16     0     2  -115.0   28.606 -108.115    612.8    748.4
     1     1    23     1    12    15     0     3  -116.0   28.577 -108.055    638.1    740.2
     1     1    23     1    12    14     0     2  -117.0   28.558 -108.023    651.4    734.4
     1     1    23     1    12    13     0     1  -118.0   28.538 -108.021    645.7    734.2
     1     1    23     1    12    12     0     0  -119.0   28.518 -108.043    624.9    737.5
     1     1    23     1    12    11     0     1  -120.0   28.498 -108.083    608.3    743.8
