     8     1
    GDAS    22    12    22     0     0
    GDAS    22    12    29     0     0
    GDAS    23     1     1     0     0
    GDAS    23     1     8     0     0
    GDAS    23     1    15     0     0
    GDAS    23     1    22     0     0
    GDAS    23     1    29     0     0
    GDAS    23     2     1     0     0
     1 BACKWARD OMEGA   
    23     1    31    11   32.716  -96.748  1000.0
     1 PRESSURE
     1     1    23     1    31    11     0     1     0.0   32.716  -96.748   1000.0    887.2
     1     1    23     1    31    10     0     2    -1.0   32.759  -96.731   1009.5    886.5
     1     1    23     1    31     9     0     3    -2.0   32.805  -96.726   1024.1    885.2
     1     1    23     1    31     8     0     2    -3.0   32.847  -96.743   1038.8    883.1
     1     1    23     1    31     7     0     1    -4.0   32.885  -96.786   1048.5    882.4
     1     1    23     1    31     6     0     0    -5.0   32.923  -96.854   1054.6    882.0
     1     1    23     1    31     5     0     1    -6.0   32.961  -96.934   1060.9    881.8
     1     1    23     1    31     4     0     2    -7.0   32.995  -97.016   1064.4    880.9
     1     1    23     1    31     3     0     3    -8.0   33.023  -97.100   1060.0    879.5
     1     1    23     1    31     2     0     2    -9.0   33.045  -97.195   1060.8    878.6
     1     1    23     1    31     1     0     1   -10.0   33.050  -97.317   1077.4    874.0
     1     1    23     1    31     0     0     0   -11.0   33.032  -97.472   1107.2    867.5
     1     1    23     1    30    23     0     1   -12.0   32.975  -97.656   1132.0    859.1
     1     1    23     1    30    22     0     2   -13.0   32.877  -97.846   1136.5    854.6
     1     1    23     1    30    21     0     3   -14.0   32.745  -98.033   1130.7    852.4
     1     1    23     1    30    20     0     2   -15.0   32.588  -98.209   1124.0    852.4
     1     1    23     1    30    19     0     1   -16.0   32.413  -98.365   1111.8    852.0
     1     1    23     1    30    18     0     0   -17.0   32.221  -98.494   1086.3    853.0
     1     1    23     1    30    17     0     1   -18.0   32.022  -98.592   1047.0    855.2
     1     1    23     1    30    16     0     2   -19.0   31.832  -98.656   1004.4    858.7
     1     1    23     1    30    15     0     3   -20.0   31.648  -98.690    967.7    861.5
     1     1    23     1    30    14     0     2   -21.0   31.471  -98.698    936.8    863.2
     1     1    23     1    30    13     0     1   -22.0   31.306  -98.683    907.0    865.4
     1     1    23     1    30    12     0     0   -23.0   31.156  -98.642    877.1    868.6
     1     1    23     1    30    11     0     1   -24.0   31.018  -98.581    848.8    872.0
     1     1    23     1    30    10     0     2   -25.0   30.889  -98.506    819.4    876.4
     1     1    23     1    30     9     0     3   -26.0   30.772  -98.414    781.1    881.9
     1     1    23     1    30     8     0     2   -27.0   30.687  -98.308    747.0    890.1
     1     1    23     1    30     7     0     1   -28.0   30.637  -98.201    735.2    894.1
     1     1    23     1    30     6     0     0   -29.0   30.613  -98.096    747.8    895.5
     1     1    23     1    30     5     0     1   -30.0   30.599  -98.012    775.9    893.5
     1     1    23     1    30     4     0     2   -31.0   30.584  -97.962    805.7    891.4
     1     1    23     1    30     3     0     3   -32.0   30.565  -97.946    836.0    888.9
     1     1    23     1    30     2     0     2   -33.0   30.542  -97.956    874.6    885.3
     1     1    23     1    30     1     0     1   -34.0   30.516  -97.992    929.6    878.2
     1     1    23     1    30     0     0     0   -35.0   30.488  -98.060    997.4    868.9
     1     1    23     1    29    23     0     1   -36.0   30.453  -98.152   1048.0    858.9
     1     1    23     1    29    22     0     2   -37.0   30.426  -98.246   1061.8    855.4
     1     1    23     1    29    21     0     3   -38.0   30.416  -98.336   1045.1    855.0
     1     1    23     1    29    20     0     2   -39.0   30.420  -98.420   1030.6    858.1
     1     1    23     1    29    19     0     1   -40.0   30.426  -98.507   1046.4    854.9
     1     1    23     1    29    18     0     0   -41.0   30.432  -98.609   1094.6    848.6
     1     1    23     1    29    17     0     1   -42.0   30.429  -98.738   1134.7    837.5
     1     1    23     1    29    16     0     2   -43.0   30.428  -98.882   1117.7    836.0
     1     1    23     1    29    15     0     3   -44.0   30.433  -99.027   1033.5    840.4
     1     1    23     1    29    14     0     2   -45.0   30.422  -99.188    925.1    853.8
     1     1    23     1    29    13     0     1   -46.0   30.388  -99.382    873.5    857.9
     1     1    23     1    29    12     0     0   -47.0   30.359  -99.615    892.7    853.1
     1     1    23     1    29    11     0     1   -48.0   30.323  -99.877    945.9    840.0
     1     1    23     1    29    10     0     2   -49.0   30.243 -100.135   1006.0    833.8
     1     1    23     1    29     9     0     3   -50.0   30.131 -100.382   1089.5    829.7
     1     1    23     1    29     8     0     2   -51.0   30.031 -100.620   1211.3    822.3
     1     1    23     1    29     7     0     1   -52.0   29.947 -100.856   1378.2    811.0
     1     1    23     1    29     6     0     0   -53.0   29.860 -101.111   1559.0    791.6
     1     1    23     1    29     5     0     1   -54.0   29.757 -101.413   1694.2    769.5
     1     1    23     1    29     4     0     2   -55.0   29.635 -101.788   1769.9    745.7
     1     1    23     1    29     3     0     3   -56.0   29.503 -102.224   1791.1    725.2
     1     1    23     1    29     2     0     2   -57.0   29.369 -102.655   1756.1    726.9
     1     1    23     1    29     1     0     1   -58.0   29.232 -103.040   1726.0    741.6
     1     1    23     1    29     0     0     0   -59.0   29.096 -103.435   1772.1    724.1
     1     1    23     1    28    23     0     1   -60.0   28.943 -103.890   1800.5    687.1
     1     1    23     1    28    22     0     2   -61.0   28.775 -104.340   1804.6    699.4
     1     1    23     1    28    21     0     3   -62.0   28.605 -104.787   1902.3    700.7
     1     1    23     1    28    20     0     2   -63.0   28.425 -105.269   1956.2    678.4
     1     1    23     1    28    19     0     1   -64.0   28.223 -105.769   1882.4    679.0
     1     1    23     1    28    18     0     0   -65.0   27.968 -106.326   1801.0    667.8
     1     1    23     1    28    17     0     1   -66.0   27.641 -106.919   1663.1    634.5
     1     1    23     1    28    16     0     2   -67.0   27.311 -107.418   1714.8    668.7
     1     1    23     1    28    15     0     3   -68.0   26.982 -107.758   1790.6    686.1
     1     1    23     1    28    14     0     2   -69.0   26.650 -107.915   1731.1    728.2
     1     1    23     1    28    13     0     1   -70.0   26.318 -107.933   1584.6    766.4
     1     1    23     1    28    12     0     0   -71.0   25.997 -107.869   1415.0    790.3
     1     1    23     1    28    11     0     1   -72.0   25.707 -107.786   1302.5    814.9
     1     1    23     1    28    10     0     2   -73.0   25.441 -107.707   1280.3    826.0
     1     1    23     1    28     9     0     3   -74.0   25.190 -107.629   1306.4    835.3
     1     1    23     1    28     8     0     2   -75.0   24.948 -107.546   1304.9    843.8
     1     1    23     1    28     7     0     1   -76.0   24.734 -107.459   1256.6    853.5
     1     1    23     1    28     6     0     0   -77.0   24.552 -107.378   1198.7    863.9
     1     1    23     1    28     5     0     1   -78.0   24.390 -107.296   1153.9    873.8
     1     1    23     1    28     4     0     2   -79.0   24.224 -107.203   1131.8    880.5
     1     1    23     1    28     3     0     3   -80.0   24.043 -107.099   1126.2    888.4
     1     1    23     1    28     2     0     2   -81.0   23.854 -106.995   1130.8    889.3
     1     1    23     1    28     1     0     1   -82.0   23.675 -106.908   1129.5    880.6
     1     1    23     1    28     0     0     0   -83.0   23.510 -106.847   1111.1    879.7
     1     1    23     1    27    23     0     1   -84.0   23.350 -106.804   1079.5    884.8
     1     1    23     1    27    22     0     2   -85.0   23.190 -106.770   1043.2    891.7
     1     1    23     1    27    21     0     3   -86.0   23.023 -106.739   1001.7    900.4
     1     1    23     1    27    20     0     2   -87.0   22.851 -106.698    972.3    907.2
     1     1    23     1    27    19     0     1   -88.0   22.675 -106.642    967.3    907.6
     1     1    23     1    27    18     0     0   -89.0   22.500 -106.579    970.2    907.2
     1     1    23     1    27    17     0     1   -90.0   22.334 -106.518    974.4    906.7
     1     1    23     1    27    16     0     2   -91.0   22.179 -106.466    981.8    905.9
     1     1    23     1    27    15     0     3   -92.0   22.032 -106.423    994.5    904.4
     1     1    23     1    27    14     0     2   -93.0   21.891 -106.387   1013.6    901.9
     1     1    23     1    27    13     0     1   -94.0   21.754 -106.355   1040.3    898.6
     1     1    23     1    27    12     0     0   -95.0   21.620 -106.329   1076.7    894.5
     1     1    23     1    27    11     0     1   -96.0   21.484 -106.316   1115.6    889.8
     1     1    23     1    27    10     0     2   -97.0   21.340 -106.314   1148.0    886.6
     1     1    23     1    27     9     0     3   -98.0   21.184 -106.326   1171.2    884.1
     1     1    23     1    27     8     0     2   -99.0   21.016 -106.347   1176.0    883.0
     1     1    23     1    27     7     0     1  -100.0   20.846 -106.367   1160.7    885.5
     1     1    23     1    27     6     0     0  -101.0   20.685 -106.383   1130.8    889.0
     1     1    23     1    27     5     0     1  -102.0   20.536 -106.393   1099.4    893.1
     1     1    23     1    27     4     0     2  -103.0   20.395 -106.400   1072.7    895.1
     1     1    23     1    27     3     0     3  -104.0   20.268 -106.401   1043.1    897.6
     1     1    23     1    27     2     0     2  -105.0   20.149 -106.395   1013.2    900.8
     1     1    23     1    27     1     0     1  -106.0   20.027 -106.379    987.0    902.9
     1     1    23     1    27     0     0     0  -107.0   19.895 -106.352    965.1    904.9
     1     1    23     1    26    23     0     1  -108.0   19.764 -106.319    953.5    906.6
     1     1    23     1    26    22     0     2  -109.0   19.642 -106.283    958.3    906.4
     1     1    23     1    26    21     0     3  -110.0   19.526 -106.242    983.5    904.0
     1     1    23     1    26    20     0     2  -111.0   19.417 -106.190   1012.6    899.8
     1     1    23     1    26    19     0     1  -112.0   19.324 -106.127   1020.7    899.3
     1     1    23     1    26    18     0     0  -113.0   19.250 -106.054    997.2    902.1
     1     1    23     1    26    17     0     1  -114.0   19.202 -105.991    969.3    908.3
     1     1    23     1    26    16     0     2  -115.0   19.171 -105.952    969.9    908.2
     1     1    23     1    26    15     0     3  -116.0   19.151 -105.937   1001.2    904.6
     1     1    23     1    26    14     0     2  -117.0   19.133 -105.944   1043.4    897.5
     1     1    23     1    26    13     0     1  -118.0   19.113 -105.973   1076.7    893.6
     1     1    23     1    26    12     0     0  -119.0   19.092 -106.026   1098.8    890.7
     1     1    23     1    26    11     0     1  -120.0   19.070 -106.092   1121.3    889.6
