     8     1
    GDAS    22    12    22     0     0
    GDAS    22    12    29     0     0
    GDAS    23     1     1     0     0
    GDAS    23     1     8     0     0
    GDAS    23     1    15     0     0
    GDAS    23     1    22     0     0
    GDAS    23     1    29     0     0
    GDAS    23     2     1     0     0
     1 BACKWARD OMEGA   
    23     1     5    12   32.716  -96.748    20.0
     1 PRESSURE
     1     1    23     1     5    12     0     0     0.0   32.716  -96.748     20.0   1001.6
     1     1    23     1     5    11     0     1    -1.0   32.821  -96.794     22.1   1001.4
     1     1    23     1     5    10     0     2    -2.0   32.925  -96.850     26.5   1001.1
     1     1    23     1     5     9     0     3    -3.0   33.030  -96.917     35.4   1000.2
     1     1    23     1     5     8     0     2    -4.0   33.133  -96.982     47.1    997.4
     1     1    23     1     5     7     0     1    -5.0   33.225  -97.037     55.7    994.4
     1     1    23     1     5     6     0     0    -6.0   33.306  -97.086     59.8    991.7
     1     1    23     1     5     5     0     1    -7.0   33.385  -97.127     62.3    990.0
     1     1    23     1     5     4     0     2    -8.0   33.475  -97.159     66.7    988.0
     1     1    23     1     5     3     0     3    -9.0   33.574  -97.186     74.9    985.8
     1     1    23     1     5     2     0     2   -10.0   33.672  -97.226     87.7    982.3
     1     1    23     1     5     1     0     1   -11.0   33.755  -97.294    103.3    978.7
     1     1    23     1     5     0     0     0   -12.0   33.817  -97.388    120.7    975.2
     1     1    23     1     4    23     0     1   -13.0   33.860  -97.500    139.6    972.1
     1     1    23     1     4    22     0     2   -14.0   33.888  -97.623    159.7    967.9
     1     1    23     1     4    21     0     3   -15.0   33.900  -97.750    179.1    963.7
     1     1    23     1     4    20     0     2   -16.0   33.910  -97.869    198.3    961.0
     1     1    23     1     4    19     0     1   -17.0   33.930  -97.969    218.6    958.4
     1     1    23     1     4    18     0     0   -18.0   33.961  -98.047    240.9    956.1
     1     1    23     1     4    17     0     1   -19.0   34.010  -98.103    263.1    952.8
     1     1    23     1     4    16     0     2   -20.0   34.083  -98.135    280.7    949.1
     1     1    23     1     4    15     0     3   -21.0   34.184  -98.148    292.3    946.2
     1     1    23     1     4    14     0     2   -22.0   34.312  -98.157    296.5    943.6
     1     1    23     1     4    13     0     1   -23.0   34.463  -98.177    292.6    941.9
     1     1    23     1     4    12     0     0   -24.0   34.646  -98.212    282.9    940.5
     1     1    23     1     4    11     0     1   -25.0   34.841  -98.266    271.5    939.4
     1     1    23     1     4    10     0     2   -26.0   35.023  -98.339    260.5    937.7
     1     1    23     1     4     9     0     3   -27.0   35.193  -98.435    251.2    935.9
     1     1    23     1     4     8     0     2   -28.0   35.364  -98.550    252.4    933.0
     1     1    23     1     4     7     0     1   -29.0   35.555  -98.683    274.2    926.2
     1     1    23     1     4     6     0     0   -30.0   35.766  -98.843    323.0    914.3
     1     1    23     1     4     5     0     1   -31.0   36.008  -99.038    393.9    897.2
     1     1    23     1     4     4     0     2   -32.0   36.262  -99.255    468.0    886.9
     1     1    23     1     4     3     0     3   -33.0   36.508  -99.485    542.8    877.8
     1     1    23     1     4     2     0     2   -34.0   36.744  -99.726    614.5    867.2
     1     1    23     1     4     1     0     1   -35.0   36.971  -99.967    675.6    858.2
     1     1    23     1     4     0     0     0   -36.0   37.202 -100.202    737.7    845.3
     1     1    23     1     3    23     0     1   -37.0   37.454 -100.431    803.7    829.8
     1     1    23     1     3    22     0     2   -38.0   37.734 -100.659    855.6    816.6
     1     1    23     1     3    21     0     3   -39.0   38.028 -100.884    890.8    807.5
     1     1    23     1     3    20     0     2   -40.0   38.362 -101.110    915.6    801.2
     1     1    23     1     3    19     0     1   -41.0   38.763 -101.338    936.1    794.0
     1     1    23     1     3    18     0     0   -42.0   39.204 -101.540    967.4    786.6
     1     1    23     1     3    17     0     1   -43.0   39.669 -101.690    974.6    782.2
     1     1    23     1     3    16     0     2   -44.0   40.159 -101.755    909.7    788.6
     1     1    23     1     3    15     0     3   -45.0   40.698 -101.725    815.2    800.5
     1     1    23     1     3    14     0     2   -46.0   41.270 -101.626    743.4    807.0
     1     1    23     1     3    13     0     1   -47.0   41.842 -101.464    717.0    810.4
     1     1    23     1     3    12     0     0   -48.0   42.391 -101.241    731.9    813.5
     1     1    23     1     3    11     0     1   -49.0   42.890 -100.970    734.5    818.2
     1     1    23     1     3    10     0     2   -50.0   43.324 -100.661    716.1    838.1
     1     1    23     1     3     9     0     3   -51.0   43.697 -100.331    664.5    855.4
     1     1    23     1     3     8     0     2   -52.0   44.009 -100.037    579.7    879.2
     1     1    23     1     3     7     0     1   -53.0   44.260  -99.763    498.1    890.6
     1     1    23     1     3     6     0     0   -54.0   44.460  -99.486    429.2    899.7
     1     1    23     1     3     5     0     1   -55.0   44.624  -99.229    377.8    909.5
     1     1    23     1     3     4     0     2   -56.0   44.776  -98.994    351.6    915.8
     1     1    23     1     3     3     0     3   -57.0   44.925  -98.792    341.7    919.2
     1     1    23     1     3     2     0     2   -58.0   45.068  -98.630    333.7    920.6
     1     1    23     1     3     1     0     1   -59.0   45.199  -98.506    326.8    922.6
     1     1    23     1     3     0     0     0   -60.0   45.320  -98.418    329.3    923.0
     1     1    23     1     2    23     0     1   -61.0   45.431  -98.382    336.3    921.6
     1     1    23     1     2    22     0     2   -62.0   45.527  -98.407    340.1    920.3
     1     1    23     1     2    21     0     3   -63.0   45.607  -98.495    341.7    918.7
     1     1    23     1     2    20     0     2   -64.0   45.672  -98.628    350.5    916.0
     1     1    23     1     2    19     0     1   -65.0   45.723  -98.789    367.2    910.4
     1     1    23     1     2    18     0     0   -66.0   45.765  -98.974    377.7    904.8
     1     1    23     1     2    17     0     1   -67.0   45.796  -99.175    389.6    903.8
     1     1    23     1     2    16     0     2   -68.0   45.821  -99.384    414.1    900.3
     1     1    23     1     2    15     0     3   -69.0   45.844  -99.598    444.6    895.8
     1     1    23     1     2    14     0     2   -70.0   45.870  -99.815    470.1    891.3
     1     1    23     1     2    13     0     1   -71.0   45.903 -100.036    491.3    889.0
     1     1    23     1     2    12     0     0   -72.0   45.939 -100.263    522.4    884.5
     1     1    23     1     2    11     0     1   -73.0   45.981 -100.494    553.3    877.7
     1     1    23     1     2    10     0     2   -74.0   46.033 -100.726    562.1    874.8
     1     1    23     1     2     9     0     3   -75.0   46.097 -100.959    542.8    875.5
     1     1    23     1     2     8     0     2   -76.0   46.171 -101.193    522.1    879.5
     1     1    23     1     2     7     0     1   -77.0   46.251 -101.436    526.3    877.8
     1     1    23     1     2     6     0     0   -78.0   46.333 -101.684    556.5    873.4
     1     1    23     1     2     5     0     1   -79.0   46.418 -101.932    605.7    866.3
     1     1    23     1     2     4     0     2   -80.0   46.515 -102.173    659.8    857.8
     1     1    23     1     2     3     0     3   -81.0   46.632 -102.404    706.8    849.4
     1     1    23     1     2     2     0     2   -82.0   46.775 -102.645    734.0    843.0
     1     1    23     1     2     1     0     1   -83.0   46.945 -102.920    731.5    839.7
     1     1    23     1     2     0     0     0   -84.0   47.139 -103.232    713.9    843.0
     1     1    23     1     1    23     0     1   -85.0   47.330 -103.559    708.6    846.5
     1     1    23     1     1    22     0     2   -86.0   47.505 -103.886    711.3    848.5
     1     1    23     1     1    21     0     3   -87.0   47.669 -104.207    704.8    852.0
     1     1    23     1     1    20     0     2   -88.0   47.826 -104.523    689.4    857.0
     1     1    23     1     1    19     0     1   -89.0   47.975 -104.834    685.2    859.9
     1     1    23     1     1    18     0     0   -90.0   48.123 -105.135    701.2    855.9
     1     1    23     1     1    17     0     1   -91.0   48.282 -105.423    720.9    849.0
     1     1    23     1     1    16     0     2   -92.0   48.458 -105.703    728.8    843.5
     1     1    23     1     1    15     0     3   -93.0   48.653 -105.980    725.5    837.5
     1     1    23     1     1    14     0     2   -94.0   48.863 -106.261    712.9    835.0
     1     1    23     1     1    13     0     1   -95.0   49.079 -106.544    688.0    837.6
     1     1    23     1     1    12     0     0   -96.0   49.295 -106.811    653.7    845.0
     1     1    23     1     1    11     0     1   -97.0   49.504 -107.062    614.6    850.3
     1     1    23     1     1    10     0     2   -98.0   49.707 -107.319    579.7    852.6
     1     1    23     1     1     9     0     3   -99.0   49.910 -107.597    556.7    851.5
     1     1    23     1     1     8     0     2  -100.0   50.112 -107.890    551.7    850.7
     1     1    23     1     1     7     0     1  -101.0   50.304 -108.176    560.8    851.5
     1     1    23     1     1     6     0     0  -102.0   50.475 -108.447    562.7    854.2
     1     1    23     1     1     5     0     1  -103.0   50.627 -108.700    552.4    858.6
     1     1    23     1     1     4     0     2  -104.0   50.768 -108.934    538.8    862.9
     1     1    23     1     1     3     0     3  -105.0   50.903 -109.146    533.2    865.7
     1     1    23     1     1     2     0     2  -106.0   51.036 -109.346    536.4    865.5
     1     1    23     1     1     1     0     1  -107.0   51.169 -109.535    539.3    863.7
     1     1    23     1     1     0     0     0  -108.0   51.298 -109.712    538.0    862.4
     1     1    22    12    31    23     0     1  -109.0   51.425 -109.878    534.6    861.4
     1     1    22    12    31    22     0     2  -110.0   51.552 -110.034    531.7    859.7
     1     1    22    12    31    21     0     3  -111.0   51.683 -110.183    526.3    857.5
     1     1    22    12    31    20     0     2  -112.0   51.816 -110.322    515.9    856.2
     1     1    22    12    31    19     0     1  -113.0   51.949 -110.447    500.5    855.6
     1     1    22    12    31    18     0     0  -114.0   52.078 -110.561    483.2    857.4
     1     1    22    12    31    17     0     1  -115.0   52.194 -110.667    470.9    859.6
     1     1    22    12    31    16     0     2  -116.0   52.297 -110.762    467.2    860.1
     1     1    22    12    31    15     0     3  -117.0   52.387 -110.841    472.0    859.7
     1     1    22    12    31    14     0     2  -118.0   52.467 -110.893    482.1    858.7
     1     1    22    12    31    13     0     1  -119.0   52.538 -110.908    495.1    857.9
     1     1    22    12    31    12     0     0  -120.0   52.605 -110.886    512.4    856.9
