     8     1
    GDAS    22    12    22     0     0
    GDAS    22    12    29     0     0
    GDAS    23     1     1     0     0
    GDAS    23     1     8     0     0
    GDAS    23     1    15     0     0
    GDAS    23     1    22     0     0
    GDAS    23     1    29     0     0
    GDAS    23     2     1     0     0
     1 BACKWARD OMEGA   
    23     1    13    11   32.716  -96.748   132.0
     1 PRESSURE
     1     1    23     1    13    11     0     1     0.0   32.716  -96.748    132.0    993.8
     1     1    23     1    13    10     0     2    -1.0   32.959  -96.739    135.3    992.8
     1     1    23     1    13     9     0     3    -2.0   33.199  -96.743    128.2    994.1
     1     1    23     1    13     8     0     2    -3.0   33.429  -96.763    128.3    993.6
     1     1    23     1    13     7     0     1    -4.0   33.653  -96.797    141.6    990.5
     1     1    23     1    13     6     0     0    -5.0   33.880  -96.840    162.9    985.6
     1     1    23     1    13     5     0     1    -6.0   34.133  -96.887    195.1    979.2
     1     1    23     1    13     4     0     2    -7.0   34.444  -96.933    237.1    968.6
     1     1    23     1    13     3     0     3    -8.0   34.794  -96.995    263.2    957.9
     1     1    23     1    13     2     0     2    -9.0   35.139  -97.071    263.1    955.9
     1     1    23     1    13     1     0     1   -10.0   35.467  -97.151    259.2    959.8
     1     1    23     1    13     0     0     0   -11.0   35.785  -97.259    271.7    960.3
     1     1    23     1    12    23     0     1   -12.0   36.109  -97.394    301.5    955.0
     1     1    23     1    12    22     0     2   -13.0   36.446  -97.539    343.0    946.5
     1     1    23     1    12    21     0     3   -14.0   36.785  -97.684    401.6    936.5
     1     1    23     1    12    20     0     2   -15.0   37.129  -97.810    464.2    923.9
     1     1    23     1    12    19     0     1   -16.0   37.488  -97.906    507.5    914.6
     1     1    23     1    12    18     0     0   -17.0   37.865  -97.986    525.3    909.3
     1     1    23     1    12    17     0     1   -18.0   38.280  -98.053    527.2    907.6
     1     1    23     1    12    16     0     2   -19.0   38.742  -98.116    518.6    907.4
     1     1    23     1    12    15     0     3   -20.0   39.235  -98.189    505.2    908.7
     1     1    23     1    12    14     0     2   -21.0   39.751  -98.267    504.9    907.3
     1     1    23     1    12    13     0     1   -22.0   40.296  -98.345    527.2    900.3
     1     1    23     1    12    12     0     0   -23.0   40.865  -98.448    561.4    889.1
     1     1    23     1    12    11     0     1   -24.0   41.421  -98.589    598.1    879.4
     1     1    23     1    12    10     0     2   -25.0   41.943  -98.763    635.9    868.2
     1     1    23     1    12     9     0     3   -26.0   42.414  -98.964    666.7    866.7
     1     1    23     1    12     8     0     2   -27.0   42.837  -99.172    680.3    867.4
     1     1    23     1    12     7     0     1   -28.0   43.227  -99.370    672.7    870.3
     1     1    23     1    12     6     0     0   -29.0   43.597  -99.558    652.6    876.5
     1     1    23     1    12     5     0     1   -30.0   43.957  -99.731    650.8    884.4
     1     1    23     1    12     4     0     2   -31.0   44.315  -99.885    684.2    878.5
     1     1    23     1    12     3     0     3   -32.0   44.676 -100.032    747.8    866.8
     1     1    23     1    12     2     0     2   -33.0   45.040 -100.196    834.7    853.3
     1     1    23     1    12     1     0     1   -34.0   45.410 -100.392    927.0    839.5
     1     1    23     1    12     0     0     0   -35.0   45.788 -100.620    993.0    828.9
     1     1    23     1    11    23     0     1   -36.0   46.151 -100.876   1036.8    824.6
     1     1    23     1    11    22     0     2   -37.0   46.484 -101.159   1076.5    820.6
     1     1    23     1    11    21     0     3   -38.0   46.785 -101.470   1116.1    816.1
     1     1    23     1    11    20     0     2   -39.0   47.069 -101.780   1179.9    810.9
     1     1    23     1    11    19     0     1   -40.0   47.354 -102.061   1271.0    796.9
     1     1    23     1    11    18     0     0   -41.0   47.649 -102.316   1357.4    785.3
     1     1    23     1    11    17     0     1   -42.0   47.959 -102.570   1418.6    779.4
     1     1    23     1    11    16     0     2   -43.0   48.284 -102.831   1461.1    778.2
     1     1    23     1    11    15     0     3   -44.0   48.613 -103.091   1512.0    775.4
     1     1    23     1    11    14     0     2   -45.0   48.928 -103.373   1571.1    767.8
     1     1    23     1    11    13     0     1   -46.0   49.226 -103.684   1611.2    761.2
     1     1    23     1    11    12     0     0   -47.0   49.513 -104.001   1633.5    760.4
     1     1    23     1    11    11     0     1   -48.0   49.784 -104.316   1652.5    760.0
     1     1    23     1    11    10     0     2   -49.0   50.042 -104.629   1669.4    759.7
     1     1    23     1    11     9     0     3   -50.0   50.287 -104.920   1679.8    759.8
     1     1    23     1    11     8     0     2   -51.0   50.508 -105.175   1691.2    759.8
     1     1    23     1    11     7     0     1   -52.0   50.706 -105.414   1706.8    757.4
     1     1    23     1    11     6     0     0   -53.0   50.891 -105.651   1716.0    755.4
     1     1    23     1    11     5     0     1   -54.0   51.078 -105.888   1728.1    755.2
     1     1    23     1    11     4     0     2   -55.0   51.273 -106.112   1754.1    752.7
     1     1    23     1    11     3     0     3   -56.0   51.480 -106.324   1778.6    750.4
     1     1    23     1    11     2     0     2   -57.0   51.693 -106.548   1790.0    750.6
     1     1    23     1    11     1     0     1   -58.0   51.903 -106.803   1792.9    752.1
     1     1    23     1    11     0     0     0   -59.0   52.104 -107.074   1794.7    751.4
     1     1    23     1    10    23     0     1   -60.0   52.282 -107.333   1811.8    747.5
     1     1    23     1    10    22     0     2   -61.0   52.432 -107.580   1852.0    740.5
     1     1    23     1    10    21     0     3   -62.0   52.559 -107.834   1898.6    733.7
     1     1    23     1    10    20     0     2   -63.0   52.672 -108.086   1935.1    729.3
     1     1    23     1    10    19     0     1   -64.0   52.774 -108.318   1955.2    729.6
     1     1    23     1    10    18     0     0   -65.0   52.864 -108.525   1964.2    730.7
     1     1    23     1    10    17     0     1   -66.0   52.945 -108.719   1980.6    732.5
     1     1    23     1    10    16     0     2   -67.0   53.014 -108.910   2020.1    730.3
     1     1    23     1    10    15     0     3   -68.0   53.070 -109.089   2078.7    724.3
     1     1    23     1    10    14     0     2   -69.0   53.113 -109.269   2130.9    716.0
     1     1    23     1    10    13     0     1   -70.0   53.140 -109.462   2154.9    712.6
     1     1    23     1    10    12     0     0   -71.0   53.149 -109.666   2153.8    711.3
     1     1    23     1    10    11     0     1   -72.0   53.141 -109.876   2143.2    712.1
     1     1    23     1    10    10     0     2   -73.0   53.121 -110.098   2135.7    711.3
     1     1    23     1    10     9     0     3   -74.0   53.086 -110.335   2121.0    710.7
     1     1    23     1    10     8     0     2   -75.0   53.036 -110.580   2100.7    712.2
     1     1    23     1    10     7     0     1   -76.0   52.968 -110.826   2079.5    711.8
     1     1    23     1    10     6     0     0   -77.0   52.877 -111.067   2056.7    712.2
     1     1    23     1    10     5     0     1   -78.0   52.779 -111.298   2017.9    712.4
     1     1    23     1    10     4     0     2   -79.0   52.684 -111.509   1953.6    718.0
     1     1    23     1    10     3     0     3   -80.0   52.586 -111.697   1882.8    723.3
     1     1    23     1    10     2     0     2   -81.0   52.485 -111.866   1812.0    728.1
     1     1    23     1    10     1     0     1   -82.0   52.385 -112.024   1738.3    732.4
     1     1    23     1    10     0     0     0   -83.0   52.295 -112.178   1666.5    738.1
     1     1    23     1     9    23     0     1   -84.0   52.227 -112.330   1655.3    742.3
     1     1    23     1     9    22     0     2   -85.0   52.181 -112.489   1751.1    732.0
     1     1    23     1     9    21     0     3   -86.0   52.155 -112.665   1947.3    712.8
     1     1    23     1     9    20     0     2   -87.0   52.131 -112.857   2146.6    686.3
     1     1    23     1     9    19     0     1   -88.0   52.106 -113.047   2240.3    676.6
     1     1    23     1     9    18     0     0   -89.0   52.093 -113.228   2214.5    677.0
     1     1    23     1     9    17     0     1   -90.0   52.116 -113.387   2151.2    687.9
     1     1    23     1     9    16     0     2   -91.0   52.198 -113.546   2121.3    689.1
     1     1    23     1     9    15     0     3   -92.0   52.333 -113.738   2109.4    688.7
     1     1    23     1     9    14     0     2   -93.0   52.484 -113.975   2103.2    688.0
     1     1    23     1     9    13     0     1   -94.0   52.611 -114.240   2114.9    686.5
     1     1    23     1     9    12     0     0   -95.0   52.715 -114.541   2136.6    681.0
     1     1    23     1     9    11     0     1   -96.0   52.797 -114.878   2140.8    678.9
     1     1    23     1     9    10     0     2   -97.0   52.845 -115.217   2129.2    675.2
     1     1    23     1     9     9     0     3   -98.0   52.858 -115.567   2119.3    668.7
     1     1    23     1     9     8     0     2   -99.0   52.864 -115.948   2106.4    659.9
     1     1    23     1     9     7     0     1  -100.0   52.859 -116.344   2068.4    649.5
     1     1    23     1     9     6     0     0  -101.0   52.814 -116.728   2029.8    638.7
     1     1    23     1     9     5     0     1  -102.0   52.720 -117.093   2035.5    626.5
     1     1    23     1     9     4     0     2  -103.0   52.581 -117.443   2108.6    617.5
     1     1    23     1     9     3     0     3  -104.0   52.407 -117.767   2190.0    608.6
     1     1    23     1     9     2     0     2  -105.0   52.209 -118.052   2212.3    609.3
     1     1    23     1     9     1     0     1  -106.0   51.985 -118.292   2154.3    616.8
     1     1    23     1     9     0     0     0  -107.0   51.724 -118.480   2060.5    636.0
     1     1    23     1     8    23     0     1  -108.0   51.432 -118.618   1951.8    658.2
     1     1    23     1     8    22     0     2  -109.0   51.122 -118.685   1845.8    682.9
     1     1    23     1     8    21     0     3  -110.0   50.797 -118.694   1741.8    693.3
     1     1    23     1     8    20     0     2  -111.0   50.454 -118.688   1645.7    695.2
     1     1    23     1     8    19     0     1  -112.0   50.071 -118.692   1545.6    694.8
     1     1    23     1     8    18     0     0  -113.0   49.654 -118.677   1440.4    714.4
     1     1    23     1     8    17     0     1  -114.0   49.264 -118.615   1340.0    737.2
     1     1    23     1     8    16     0     2  -115.0   48.922 -118.517   1241.2    757.1
     1     1    23     1     8    15     0     3  -116.0   48.618 -118.414   1141.7    778.4
     1     1    23     1     8    14     0     2  -117.0   48.330 -118.326   1029.6    797.2
     1     1    23     1     8    13     0     1  -118.0   48.051 -118.210    859.7    820.0
     1     1    23     1     8    12     0     0  -119.0   47.796 -118.029    631.1    852.9
     1     1    23     1     8    11     0     1  -120.0   47.593 -117.843    488.3    883.4
