     8     1
    GDAS    22    12    22     0     0
    GDAS    22    12    29     0     0
    GDAS    23     1     1     0     0
    GDAS    23     1     8     0     0
    GDAS    23     1    15     0     0
    GDAS    23     1    22     0     0
    GDAS    23     1    29     0     0
    GDAS    23     2     1     0     0
     1 BACKWARD OMEGA   
    23     1    27    12   32.716  -96.748    10.0
     1 PRESSURE
     1     1    23     1    27    12     0     0     0.0   32.716  -96.748     10.0   1003.8
     1     1    23     1    27    11     0     1    -1.0   32.613  -96.820     10.4   1003.8
     1     1    23     1    27    10     0     2    -2.0   32.518  -96.894     11.0   1003.4
     1     1    23     1    27     9     0     3    -3.0   32.429  -96.969     11.8   1002.7
     1     1    23     1    27     8     0     2    -4.0   32.349  -97.052     14.2   1000.7
     1     1    23     1    27     7     0     1    -5.0   32.281  -97.147     20.1    997.5
     1     1    23     1    27     6     0     0    -6.0   32.227  -97.254     30.0    993.9
     1     1    23     1    27     5     0     1    -7.0   32.188  -97.363     41.7    990.6
     1     1    23     1    27     4     0     2    -8.0   32.160  -97.468     52.4    987.9
     1     1    23     1    27     3     0     3    -9.0   32.151  -97.570     62.6    984.9
     1     1    23     1    27     2     0     2   -10.0   32.163  -97.671     72.5    981.9
     1     1    23     1    27     1     0     1   -11.0   32.200  -97.771     80.4    979.1
     1     1    23     1    27     0     0     0   -12.0   32.259  -97.871     83.3    976.6
     1     1    23     1    26    23     0     1   -13.0   32.339  -97.981     85.1    975.1
     1     1    23     1    26    22     0     2   -14.0   32.437  -98.111     91.3    972.8
     1     1    23     1    26    21     0     3   -15.0   32.547  -98.260    103.4    970.0
     1     1    23     1    26    20     0     2   -16.0   32.667  -98.421    119.8    967.7
     1     1    23     1    26    19     0     1   -17.0   32.790  -98.583    138.4    965.9
     1     1    23     1    26    18     0     0   -18.0   32.911  -98.748    159.8    963.3
     1     1    23     1    26    17     0     1   -19.0   33.038  -98.917    184.6    959.6
     1     1    23     1    26    16     0     2   -20.0   33.182  -99.091    211.6    955.7
     1     1    23     1    26    15     0     3   -21.0   33.346  -99.269    240.0    951.2
     1     1    23     1    26    14     0     2   -22.0   33.536  -99.451    271.0    945.1
     1     1    23     1    26    13     0     1   -23.0   33.759  -99.639    305.8    936.8
     1     1    23     1    26    12     0     0   -24.0   34.017  -99.836    347.3    926.7
     1     1    23     1    26    11     0     1   -25.0   34.310 -100.042    407.8    913.6
     1     1    23     1    26    10     0     2   -26.0   34.631 -100.244    492.4    894.6
     1     1    23     1    26     9     0     3   -27.0   34.971 -100.429    591.4    875.8
     1     1    23     1    26     8     0     2   -28.0   35.313 -100.610    683.6    856.9
     1     1    23     1    26     7     0     1   -29.0   35.651 -100.794    766.7    843.7
     1     1    23     1    26     6     0     0   -30.0   36.007 -100.963    877.2    831.7
     1     1    23     1    26     5     0     1   -31.0   36.400 -101.125   1004.2    810.3
     1     1    23     1    26     4     0     2   -32.0   36.830 -101.295   1100.8    794.3
     1     1    23     1    26     3     0     3   -33.0   37.282 -101.467   1130.5    784.2
     1     1    23     1    26     2     0     2   -34.0   37.755 -101.640   1080.7    786.6
     1     1    23     1    26     1     0     1   -35.0   38.240 -101.833   1006.9    793.5
     1     1    23     1    26     0     0     0   -36.0   38.736 -102.063   1015.0    787.4
     1     1    23     1    25    23     0     1   -37.0   39.247 -102.315   1125.0    763.1
     1     1    23     1    25    22     0     2   -38.0   39.749 -102.579   1235.8    744.4
     1     1    23     1    25    21     0     3   -39.0   40.228 -102.851   1307.1    733.9
     1     1    23     1    25    20     0     2   -40.0   40.720 -103.112   1379.3    726.2
     1     1    23     1    25    19     0     1   -41.0   41.243 -103.370   1459.5    714.2
     1     1    23     1    25    18     0     0   -42.0   41.756 -103.629   1480.1    714.6
     1     1    23     1    25    17     0     1   -43.0   42.260 -103.897   1430.9    729.7
     1     1    23     1    25    16     0     2   -44.0   42.783 -104.195   1382.7    733.4
     1     1    23     1    25    15     0     3   -45.0   43.328 -104.506   1374.3    718.9
     1     1    23     1    25    14     0     2   -46.0   43.887 -104.821   1425.9    708.5
     1     1    23     1    25    13     0     1   -47.0   44.431 -105.162   1481.0    713.9
     1     1    23     1    25    12     0     0   -48.0   44.944 -105.547   1475.3    730.1
     1     1    23     1    25    11     0     1   -49.0   45.416 -105.945   1417.8    746.4
     1     1    23     1    25    10     0     2   -50.0   45.849 -106.332   1290.5    767.6
     1     1    23     1    25     9     0     3   -51.0   46.264 -106.724   1154.1    785.5
     1     1    23     1    25     8     0     2   -52.0   46.670 -107.114   1084.7    792.3
     1     1    23     1    25     7     0     1   -53.0   47.073 -107.478   1046.8    799.6
     1     1    23     1    25     6     0     0   -54.0   47.468 -107.817    992.9    813.3
     1     1    23     1    25     5     0     1   -55.0   47.850 -108.151    957.5    820.6
     1     1    23     1    25     4     0     2   -56.0   48.229 -108.464    944.4    813.8
     1     1    23     1    25     3     0     3   -57.0   48.610 -108.768    929.4    811.3
     1     1    23     1    25     2     0     2   -58.0   48.997 -109.085    920.2    813.0
     1     1    23     1    25     1     0     1   -59.0   49.380 -109.394    894.7    818.4
     1     1    23     1    25     0     0     0   -60.0   49.758 -109.699    807.8    830.6
     1     1    23     1    24    23     0     1   -61.0   50.128 -110.054    661.2    850.7
     1     1    23     1    24    22     0     2   -62.0   50.477 -110.450    551.8    874.0
     1     1    23     1    24    21     0     3   -63.0   50.847 -110.819    519.3    876.4
     1     1    23     1    24    20     0     2   -64.0   51.249 -111.193    524.8    870.7
     1     1    23     1    24    19     0     1   -65.0   51.662 -111.629    550.6    862.4
     1     1    23     1    24    18     0     0   -66.0   52.106 -112.124    591.9    852.8
     1     1    23     1    24    17     0     1   -67.0   52.545 -112.695    664.8    853.0
     1     1    23     1    24    16     0     2   -68.0   52.976 -113.360    742.8    838.2
     1     1    23     1    24    15     0     3   -69.0   53.402 -114.089    807.8    834.6
     1     1    23     1    24    14     0     2   -70.0   53.801 -114.913    880.6    827.6
     1     1    23     1    24    13     0     1   -71.0   54.181 -115.864    998.3    803.0
     1     1    23     1    24    12     0     0   -72.0   54.546 -116.838    941.1    802.4
     1     1    23     1    24    11     0     1   -73.0   54.779 -117.885    681.7    848.8
     1     1    23     1    24    10     0     2   -74.0   54.869 -118.927    586.9    861.2
     1     1    23     1    24     9     0     3   -75.0   54.895 -120.004    854.1    815.4
     1     1    23     1    24     8     0     2   -76.0   55.021 -121.212   1282.1    744.7
     1     1    23     1    24     7     0     1   -77.0   55.148 -122.362   1271.7    752.9
     1     1    23     1    24     6     0     0   -78.0   55.256 -123.357    956.8    809.5
     1     1    23     1    24     5     0     1   -79.0   55.275 -124.269    902.8    799.3
     1     1    23     1    24     4     0     2   -80.0   55.215 -125.137    860.9    803.6
     1     1    23     1    24     3     0     3   -81.0   55.156 -125.899    765.9    812.8
     1     1    23     1    24     2     0     2   -82.0   55.070 -126.543    746.9    808.7
     1     1    23     1    24     1     0     1   -83.0   54.917 -127.151    900.7    797.2
     1     1    23     1    24     0     0     0   -84.0   54.733 -127.855   1114.7    766.3
     1     1    23     1    23    23     0     1   -85.0   54.507 -128.563   1162.8    773.5
     1     1    23     1    23    22     0     2   -86.0   54.221 -129.170    816.4    812.1
     1     1    23     1    23    21     0     3   -87.0   53.943 -129.437    476.3    913.1
     1     1    23     1    23    20     0     2   -88.0   53.641 -129.614    280.7    956.8
     1     1    23     1    23    19     0     1   -89.0   53.319 -129.776    193.6    980.0
     1     1    23     1    23    18     0     0   -90.0   52.926 -130.004    146.6   1006.2
     1     1    23     1    23    17     0     1   -91.0   52.502 -130.275    124.5   1008.1
     1     1    23     1    23    16     0     2   -92.0   52.129 -130.540    105.9   1009.1
     1     1    23     1    23    15     0     3   -93.0   51.806 -130.830     80.0   1012.9
     1     1    23     1    23    14     0     2   -94.0   51.536 -131.127     59.6   1018.2
     1     1    23     1    23    13     0     1   -95.0   51.314 -131.407     50.8   1019.3
     1     1    23     1    23    12     0     0   -96.0   51.119 -131.651     49.0   1020.0
     1     1    23     1    23    11     0     1   -97.0   50.961 -131.906     48.8   1019.0
     1     1    23     1    23    10     0     2   -98.0   50.845 -132.226     46.0   1018.1
     1     1    23     1    23     9     0     3   -99.0   50.763 -132.610     43.4   1018.1
     1     1    23     1    23     8     0     2  -100.0   50.683 -133.069     43.3   1017.6
     1     1    23     1    23     7     0     1  -101.0   50.587 -133.603     45.1   1017.0
     1     1    23     1    23     6     0     0  -102.0   50.485 -134.197     51.6   1015.9
     1     1    23     1    23     5     0     1  -103.0   50.358 -134.831     56.2   1013.7
     1     1    23     1    23     4     0     2  -104.0   50.196 -135.478     54.2   1014.1
     1     1    23     1    23     3     0     3  -105.0   50.019 -136.170     52.8   1014.2
     1     1    23     1    23     2     0     2  -106.0   49.827 -136.883     54.9   1012.0
     1     1    23     1    23     1     0     1  -107.0   49.598 -137.573     56.8   1011.0
     1     1    23     1    23     0     0     0  -108.0   49.333 -138.246     56.4   1010.4
     1     1    23     1    22    23     0     1  -109.0   49.045 -138.881     56.9   1010.8
     1     1    23     1    22    22     0     2  -110.0   48.732 -139.462     59.3   1010.5
     1     1    23     1    22    21     0     3  -111.0   48.390 -139.998     59.3   1009.8
     1     1    23     1    22    20     0     2  -112.0   48.028 -140.490     54.8   1010.2
     1     1    23     1    22    19     0     1  -113.0   47.653 -140.916     48.2   1010.6
     1     1    23     1    22    18     0     0  -114.0   47.272 -141.282     41.8   1011.1
     1     1    23     1    22    17     0     1  -115.0   46.892 -141.619     38.0   1012.0
     1     1    23     1    22    16     0     2  -116.0   46.519 -141.942     37.0   1011.4
     1     1    23     1    22    15     0     3  -117.0   46.152 -142.248     36.9   1011.2
     1     1    23     1    22    14     0     2  -118.0   45.771 -142.533     37.2   1011.2
     1     1    23     1    22    13     0     1  -119.0   45.376 -142.786     39.2   1011.5
     1     1    23     1    22    12     0     0  -120.0   44.994 -143.016     47.6   1011.9
