     8     1
    GDAS    22    12    22     0     0
    GDAS    22    12    29     0     0
    GDAS    23     1     1     0     0
    GDAS    23     1     8     0     0
    GDAS    23     1    15     0     0
    GDAS    23     1    22     0     0
    GDAS    23     1    29     0     0
    GDAS    23     2     1     0     0
     1 BACKWARD OMEGA   
    23     1    11    13   32.716  -96.748     5.0
     1 PRESSURE
     1     1    23     1    11    13     0     1     0.0   32.716  -96.748      5.0    990.5
     1     1    23     1    11    12     0     0    -1.0   32.633  -96.874      5.1    990.2
     1     1    23     1    11    11     0     1    -2.0   32.553  -97.008      6.0    989.4
     1     1    23     1    11    10     0     2    -3.0   32.469  -97.147      7.5    986.5
     1     1    23     1    11     9     0     3    -4.0   32.379  -97.294      9.7    983.5
     1     1    23     1    11     8     0     2    -5.0   32.282  -97.455     13.6    979.7
     1     1    23     1    11     7     0     1    -6.0   32.174  -97.649     22.7    974.6
     1     1    23     1    11     6     0     0    -7.0   32.053  -97.893     44.4    967.9
     1     1    23     1    11     5     0     1    -8.0   31.921  -98.195     82.8    959.3
     1     1    23     1    11     4     0     2    -9.0   31.778  -98.536    116.9    949.6
     1     1    23     1    11     3     0     3   -10.0   31.636  -98.878    122.8    942.8
     1     1    23     1    11     2     0     2   -11.0   31.501  -99.193    121.4    939.4
     1     1    23     1    11     1     0     1   -12.0   31.357  -99.507    135.5    932.9
     1     1    23     1    11     0     0     0   -13.0   31.175  -99.832    165.5    923.3
     1     1    23     1    10    23     0     1   -14.0   30.979 -100.159    186.6    913.4
     1     1    23     1    10    22     0     2   -15.0   30.819 -100.465    186.6    912.5
     1     1    23     1    10    21     0     3   -16.0   30.702 -100.752    187.9    914.2
     1     1    23     1    10    20     0     2   -17.0   30.600 -101.015    196.8    914.7
     1     1    23     1    10    19     0     1   -18.0   30.498 -101.243    204.0    917.2
     1     1    23     1    10    18     0     0   -19.0   30.400 -101.443    213.1    919.3
     1     1    23     1    10    17     0     1   -20.0   30.304 -101.626    223.4    919.5
     1     1    23     1    10    16     0     2   -21.0   30.212 -101.804    228.2    919.9
     1     1    23     1    10    15     0     3   -22.0   30.124 -101.981    219.5    921.1
     1     1    23     1    10    14     0     2   -23.0   30.046 -102.144    207.5    917.6
     1     1    23     1    10    13     0     1   -24.0   29.985 -102.295    208.2    909.1
     1     1    23     1    10    12     0     0   -25.0   29.938 -102.445    222.6    897.9
     1     1    23     1    10    11     0     1   -26.0   29.895 -102.597    248.0    887.3
     1     1    23     1    10    10     0     2   -27.0   29.846 -102.741    280.8    877.7
     1     1    23     1    10     9     0     3   -28.0   29.785 -102.876    320.8    869.3
     1     1    23     1    10     8     0     2   -29.0   29.721 -103.003    368.2    863.1
     1     1    23     1    10     7     0     1   -30.0   29.669 -103.128    424.1    855.1
     1     1    23     1    10     6     0     0   -31.0   29.633 -103.248    488.9    845.0
     1     1    23     1    10     5     0     1   -32.0   29.613 -103.370    547.8    833.7
     1     1    23     1    10     4     0     2   -33.0   29.607 -103.500    586.4    825.5
     1     1    23     1    10     3     0     3   -34.0   29.619 -103.639    607.0    818.5
     1     1    23     1    10     2     0     2   -35.0   29.642 -103.784    609.2    812.3
     1     1    23     1    10     1     0     1   -36.0   29.674 -103.933    584.1    808.8
     1     1    23     1    10     0     0     0   -37.0   29.718 -104.084    535.3    812.5
     1     1    23     1     9    23     0     1   -38.0   29.764 -104.233    472.5    820.5
     1     1    23     1     9    22     0     2   -39.0   29.806 -104.371    402.0    829.7
     1     1    23     1     9    21     0     3   -40.0   29.846 -104.501    333.1    837.7
     1     1    23     1     9    20     0     2   -41.0   29.885 -104.611    285.0    845.9
     1     1    23     1     9    19     0     1   -42.0   29.921 -104.693    266.0    848.4
     1     1    23     1     9    18     0     0   -43.0   29.953 -104.748    264.9    849.0
     1     1    23     1     9    17     0     1   -44.0   29.974 -104.790    271.5    847.3
     1     1    23     1     9    16     0     2   -45.0   29.975 -104.833    280.2    846.4
     1     1    23     1     9    15     0     3   -46.0   29.957 -104.879    292.3    845.3
     1     1    23     1     9    14     0     2   -47.0   29.932 -104.926    307.4    843.8
     1     1    23     1     9    13     0     1   -48.0   29.910 -104.976    323.6    842.2
     1     1    23     1     9    12     0     0   -49.0   29.893 -105.029    339.4    840.2
     1     1    23     1     9    11     0     1   -50.0   29.869 -105.089    350.1    838.0
     1     1    23     1     9    10     0     2   -51.0   29.829 -105.152    349.9    837.4
     1     1    23     1     9     9     0     3   -52.0   29.775 -105.215    338.5    838.1
     1     1    23     1     9     8     0     2   -53.0   29.704 -105.262    333.4    840.5
     1     1    23     1     9     7     0     1   -54.0   29.606 -105.281    345.7    839.8
     1     1    23     1     9     6     0     0   -55.0   29.486 -105.274    372.2    838.7
     1     1    23     1     9     5     0     1   -56.0   29.368 -105.250    399.8    836.5
     1     1    23     1     9     4     0     2   -57.0   29.273 -105.218    415.8    836.4
     1     1    23     1     9     3     0     3   -58.0   29.207 -105.180    417.7    837.6
     1     1    23     1     9     2     0     2   -59.0   29.160 -105.137    426.1    840.2
     1     1    23     1     9     1     0     1   -60.0   29.111 -105.090    467.2    837.6
     1     1    23     1     9     0     0     0   -61.0   29.047 -105.038    544.4    831.5
     1     1    23     1     8    23     0     1   -62.0   28.963 -104.987    638.8    821.6
     1     1    23     1     8    22     0     2   -63.0   28.865 -104.944    734.4    810.4
     1     1    23     1     8    21     0     3   -64.0   28.762 -104.910    849.4    799.3
     1     1    23     1     8    20     0     2   -65.0   28.658 -104.882    957.9    784.1
     1     1    23     1     8    19     0     1   -66.0   28.560 -104.847   1020.4    777.8
     1     1    23     1     8    18     0     0   -67.0   28.471 -104.798   1037.3    775.7
     1     1    23     1     8    17     0     1   -68.0   28.398 -104.737   1034.5    777.0
     1     1    23     1     8    16     0     2   -69.0   28.343 -104.671   1037.0    775.8
     1     1    23     1     8    15     0     3   -70.0   28.306 -104.602   1044.2    774.3
     1     1    23     1     8    14     0     2   -71.0   28.282 -104.534   1050.7    772.5
     1     1    23     1     8    13     0     1   -72.0   28.270 -104.469   1052.9    771.7
     1     1    23     1     8    12     0     0   -73.0   28.269 -104.408   1053.7    771.1
     1     1    23     1     8    11     0     1   -74.0   28.275 -104.355   1057.1    770.7
     1     1    23     1     8    10     0     2   -75.0   28.287 -104.318   1066.0    769.7
     1     1    23     1     8     9     0     3   -76.0   28.304 -104.297   1079.7    768.2
     1     1    23     1     8     8     0     2   -77.0   28.313 -104.297   1087.2    766.9
     1     1    23     1     8     7     0     1   -78.0   28.302 -104.312   1076.8    768.2
     1     1    23     1     8     6     0     0   -79.0   28.272 -104.335   1045.6    771.3
     1     1    23     1     8     5     0     1   -80.0   28.240 -104.343   1017.3    776.3
     1     1    23     1     8     4     0     2   -81.0   28.212 -104.337   1022.4    776.2
     1     1    23     1     8     3     0     3   -82.0   28.182 -104.326   1067.4    772.4
     1     1    23     1     8     2     0     2   -83.0   28.137 -104.340   1072.5    763.9
     1     1    23     1     8     1     0     1   -84.0   28.087 -104.375    946.0    774.3
     1     1    23     1     8     0     0     0   -85.0   28.043 -104.426    697.7    798.6
     1     1    23     1     7    23     0     1   -86.0   28.004 -104.490    502.7    831.1
     1     1    23     1     7    22     0     2   -87.0   27.958 -104.573    400.9    836.2
     1     1    23     1     7    21     0     3   -88.0   27.901 -104.679    350.4    838.2
     1     1    23     1     7    20     0     2   -89.0   27.843 -104.784    327.7    840.0
     1     1    23     1     7    19     0     1   -90.0   27.804 -104.859    327.7    840.2
     1     1    23     1     7    18     0     0   -91.0   27.787 -104.913    350.3    838.4
     1     1    23     1     7    17     0     1   -92.0   27.792 -104.965    377.8    833.8
     1     1    23     1     7    16     0     2   -93.0   27.819 -105.031    393.0    831.8
     1     1    23     1     7    15     0     3   -94.0   27.861 -105.115    399.9    829.9
     1     1    23     1     7    14     0     2   -95.0   27.910 -105.215    408.5    827.9
     1     1    23     1     7    13     0     1   -96.0   27.958 -105.326    426.8    824.3
     1     1    23     1     7    12     0     0   -97.0   28.004 -105.447    458.7    819.4
     1     1    23     1     7    11     0     1   -98.0   28.036 -105.584    498.4    812.4
     1     1    23     1     7    10     0     2   -99.0   28.045 -105.747    532.7    805.6
     1     1    23     1     7     9     0     3  -100.0   28.028 -105.947    547.7    799.7
     1     1    23     1     7     8     0     2  -101.0   27.966 -106.214    616.4    785.0
     1     1    23     1     7     7     0     1  -102.0   27.804 -106.576    867.8    738.1
     1     1    23     1     7     6     0     0  -103.0   27.558 -106.972   1310.8    674.4
     1     1    23     1     7     5     0     1  -104.0   27.294 -107.343   1716.5    643.8
     1     1    23     1     7     4     0     2  -105.0   27.043 -107.643   1870.6    668.5
     1     1    23     1     7     3     0     3  -106.0   26.817 -107.853   1815.5    712.3
     1     1    23     1     7     2     0     2  -107.0   26.622 -107.992   1693.2    755.9
     1     1    23     1     7     1     0     1  -108.0   26.459 -108.092   1580.4    782.1
     1     1    23     1     7     0     0     0  -109.0   26.322 -108.172   1485.3    800.4
     1     1    23     1     6    23     0     1  -110.0   26.206 -108.234   1407.9    817.9
     1     1    23     1     6    22     0     2  -111.0   26.100 -108.282   1351.1    830.4
     1     1    23     1     6    21     0     3  -112.0   26.000 -108.323   1303.6    841.7
     1     1    23     1     6    20     0     2  -113.0   25.914 -108.358   1268.9    850.9
     1     1    23     1     6    19     0     1  -114.0   25.847 -108.387   1253.9    855.8
     1     1    23     1     6    18     0     0  -115.0   25.796 -108.410   1253.2    858.6
     1     1    23     1     6    17     0     1  -116.0   25.762 -108.434   1257.5    858.9
     1     1    23     1     6    16     0     2  -117.0   25.749 -108.467   1260.3    859.8
     1     1    23     1     6    15     0     3  -118.0   25.756 -108.508   1263.0    860.6
     1     1    23     1     6    14     0     2  -119.0   25.776 -108.557   1271.2    861.1
     1     1    23     1     6    13     0     1  -120.0   25.801 -108.612   1287.7    860.4
