     8     1
    GDAS    22    12    22     0     0
    GDAS    22    12    29     0     0
    GDAS    23     1     1     0     0
    GDAS    23     1     8     0     0
    GDAS    23     1    15     0     0
    GDAS    23     1    22     0     0
    GDAS    23     1    29     0     0
    GDAS    23     2     1     0     0
     1 BACKWARD OMEGA   
    23     1    25    14   32.716  -96.748   130.0
     1 PRESSURE
     1     1    23     1    25    14     0     2     0.0   32.716  -96.748    130.0    983.2
     1     1    23     1    25    13     0     1    -1.0   32.887  -96.961    156.8    979.5
     1     1    23     1    25    12     0     0    -2.0   33.076  -97.202    181.4    970.7
     1     1    23     1    25    11     0     1    -3.0   33.277  -97.463    198.9    962.6
     1     1    23     1    25    10     0     2    -4.0   33.483  -97.728    219.0    956.7
     1     1    23     1    25     9     0     3    -5.0   33.692  -98.003    259.4    950.4
     1     1    23     1    25     8     0     2    -6.0   33.923  -98.267    305.5    941.2
     1     1    23     1    25     7     0     1    -7.0   34.183  -98.484    334.1    935.3
     1     1    23     1    25     6     0     0    -8.0   34.459  -98.653    361.9    928.8
     1     1    23     1    25     5     0     1    -9.0   34.740  -98.771    400.0    919.8
     1     1    23     1    25     4     0     2   -10.0   35.015  -98.839    433.2    910.3
     1     1    23     1    25     3     0     3   -11.0   35.277  -98.866    441.0    904.8
     1     1    23     1    25     2     0     2   -12.0   35.525  -98.860    438.3    904.6
     1     1    23     1    25     1     0     1   -13.0   35.763  -98.829    440.2    902.0
     1     1    23     1    25     0     0     0   -14.0   35.986  -98.793    441.5    900.0
     1     1    23     1    24    23     0     1   -15.0   36.180  -98.733    437.5    902.3
     1     1    23     1    24    22     0     2   -16.0   36.335  -98.627    423.8    907.5
     1     1    23     1    24    21     0     3   -17.0   36.452  -98.479    403.1    913.3
     1     1    23     1    24    20     0     2   -18.0   36.538  -98.303    383.2    920.9
     1     1    23     1    24    19     0     1   -19.0   36.600  -98.112    381.6    926.6
     1     1    23     1    24    18     0     0   -20.0   36.638  -97.909    416.0    927.4
     1     1    23     1    24    17     0     1   -21.0   36.639  -97.724    443.4    919.9
     1     1    23     1    24    16     0     2   -22.0   36.607  -97.595    405.4    925.8
     1     1    23     1    24    15     0     3   -23.0   36.552  -97.526    315.7    938.8
     1     1    23     1    24    14     0     2   -24.0   36.490  -97.482    236.7    954.5
     1     1    23     1    24    13     0     1   -25.0   36.426  -97.424    190.1    959.4
     1     1    23     1    24    12     0     0   -26.0   36.360  -97.344    161.8    963.0
     1     1    23     1    24    11     0     1   -27.0   36.297  -97.244    141.3    966.6
     1     1    23     1    24    10     0     2   -28.0   36.243  -97.138    124.9    969.8
     1     1    23     1    24     9     0     3   -29.0   36.198  -97.030    114.7    972.7
     1     1    23     1    24     8     0     2   -30.0   36.144  -96.933    109.7    974.6
     1     1    23     1    24     7     0     1   -31.0   36.069  -96.853    107.4    976.5
     1     1    23     1    24     6     0     0   -32.0   35.971  -96.789    108.0    977.8
     1     1    23     1    24     5     0     1   -33.0   35.872  -96.720    111.0    977.5
     1     1    23     1    24     4     0     2   -34.0   35.791  -96.628    114.2    977.6
     1     1    23     1    24     3     0     3   -35.0   35.729  -96.519    116.4    978.2
     1     1    23     1    24     2     0     2   -36.0   35.688  -96.409    116.8    979.0
     1     1    23     1    24     1     0     1   -37.0   35.668  -96.314    114.3    980.0
     1     1    23     1    24     0     0     0   -38.0   35.667  -96.234    108.5    981.3
     1     1    23     1    23    23     0     1   -39.0   35.674  -96.178    103.2    983.1
     1     1    23     1    23    22     0     2   -40.0   35.684  -96.151    102.8    983.8
     1     1    23     1    23    21     0     3   -41.0   35.695  -96.152    107.8    983.6
     1     1    23     1    23    20     0     2   -42.0   35.705  -96.170    115.6    982.7
     1     1    23     1    23    19     0     1   -43.0   35.708  -96.192    122.9    982.2
     1     1    23     1    23    18     0     0   -44.0   35.704  -96.220    129.6    981.8
     1     1    23     1    23    17     0     1   -45.0   35.701  -96.237    133.7    980.8
     1     1    23     1    23    16     0     2   -46.0   35.710  -96.229    133.1    980.6
     1     1    23     1    23    15     0     3   -47.0   35.730  -96.197    127.8    981.2
     1     1    23     1    23    14     0     2   -48.0   35.760  -96.154    121.1    982.2
     1     1    23     1    23    13     0     1   -49.0   35.800  -96.117    115.3    982.7
     1     1    23     1    23    12     0     0   -50.0   35.850  -96.086    110.0    983.3
     1     1    23     1    23    11     0     1   -51.0   35.904  -96.071    103.2    983.4
     1     1    23     1    23    10     0     2   -52.0   35.959  -96.077     93.6    983.7
     1     1    23     1    23     9     0     3   -53.0   36.012  -96.104     82.2    983.9
     1     1    23     1    23     8     0     2   -54.0   36.061  -96.138     73.3    984.6
     1     1    23     1    23     7     0     1   -55.0   36.107  -96.170     68.7    984.2
     1     1    23     1    23     6     0     0   -56.0   36.151  -96.199     67.4    983.6
     1     1    23     1    23     5     0     1   -57.0   36.200  -96.220     66.8    982.5
     1     1    23     1    23     4     0     2   -58.0   36.259  -96.232     65.3    981.8
     1     1    23     1    23     3     0     3   -59.0   36.328  -96.237     63.8    981.2
     1     1    23     1    23     2     0     2   -60.0   36.413  -96.249     65.8    979.8
     1     1    23     1    23     1     0     1   -61.0   36.520  -96.276     75.3    976.6
     1     1    23     1    23     0     0     0   -62.0   36.651  -96.312     95.4    972.2
     1     1    23     1    22    23     0     1   -63.0   36.799  -96.365    121.9    966.3
     1     1    23     1    22    22     0     2   -64.0   36.952  -96.443    140.5    961.2
     1     1    23     1    22    21     0     3   -65.0   37.105  -96.546    142.2    958.0
     1     1    23     1    22    20     0     2   -66.0   37.257  -96.656    135.9    958.4
     1     1    23     1    22    19     0     1   -67.0   37.412  -96.756    133.1    956.9
     1     1    23     1    22    18     0     0   -68.0   37.563  -96.849    133.7    955.1
     1     1    23     1    22    17     0     1   -69.0   37.718  -96.932    139.1    952.8
     1     1    23     1    22    16     0     2   -70.0   37.893  -96.995    153.7    949.0
     1     1    23     1    22    15     0     3   -71.0   38.094  -97.030    179.8    944.8
     1     1    23     1    22    14     0     2   -72.0   38.308  -97.068    207.6    941.1
     1     1    23     1    22    13     0     1   -73.0   38.527  -97.129    224.3    939.6
     1     1    23     1    22    12     0     0   -74.0   38.757  -97.201    227.5    939.4
     1     1    23     1    22    11     0     1   -75.0   38.987  -97.273    219.4    941.0
     1     1    23     1    22    10     0     2   -76.0   39.200  -97.347    210.0    941.1
     1     1    23     1    22     9     0     3   -77.0   39.396  -97.431    207.2    939.9
     1     1    23     1    22     8     0     2   -78.0   39.576  -97.516    209.5    938.1
     1     1    23     1    22     7     0     1   -79.0   39.741  -97.596    213.5    936.5
     1     1    23     1    22     6     0     0   -80.0   39.884  -97.680    216.1    935.3
     1     1    23     1    22     5     0     1   -81.0   40.022  -97.761    226.6    934.6
     1     1    23     1    22     4     0     2   -82.0   40.183  -97.829    254.5    930.1
     1     1    23     1    22     3     0     3   -83.0   40.367  -97.886    296.6    923.1
     1     1    23     1    22     2     0     2   -84.0   40.551  -97.944    329.4    915.4
     1     1    23     1    22     1     0     1   -85.0   40.723  -98.002    338.4    913.4
     1     1    23     1    22     0     0     0   -86.0   40.883  -98.054    335.7    913.1
     1     1    23     1    21    23     0     1   -87.0   41.022  -98.115    323.1    912.1
     1     1    23     1    21    22     0     2   -88.0   41.136  -98.202    301.8    913.4
     1     1    23     1    21    21     0     3   -89.0   41.244  -98.303    284.1    914.1
     1     1    23     1    21    20     0     2   -90.0   41.354  -98.408    276.7    913.6
     1     1    23     1    21    19     0     1   -91.0   41.472  -98.514    279.9    911.2
     1     1    23     1    21    18     0     0   -92.0   41.601  -98.628    294.0    907.6
     1     1    23     1    21    17     0     1   -93.0   41.746  -98.753    315.1    901.8
     1     1    23     1    21    16     0     2   -94.0   41.904  -98.887    333.2    896.5
     1     1    23     1    21    15     0     3   -95.0   42.069  -99.021    336.7    894.0
     1     1    23     1    21    14     0     2   -96.0   42.232  -99.190    339.9    896.8
     1     1    23     1    21    13     0     1   -97.0   42.396  -99.409    358.4    894.5
     1     1    23     1    21    12     0     0   -98.0   42.574  -99.652    390.1    890.4
     1     1    23     1    21    11     0     1   -99.0   42.771  -99.898    421.4    884.7
     1     1    23     1    21    10     0     2  -100.0   42.976 -100.152    440.8    879.8
     1     1    23     1    21     9     0     3  -101.0   43.175 -100.421    461.4    877.6
     1     1    23     1    21     8     0     2  -102.0   43.363 -100.691    486.3    873.7
     1     1    23     1    21     7     0     1  -103.0   43.545 -100.952    504.3    872.0
     1     1    23     1    21     6     0     0  -104.0   43.716 -101.207    519.5    872.3
     1     1    23     1    21     5     0     1  -105.0   43.885 -101.464    541.1    871.5
     1     1    23     1    21     4     0     2  -106.0   44.078 -101.739    574.8    867.7
     1     1    23     1    21     3     0     3  -107.0   44.292 -102.026    625.7    860.5
     1     1    23     1    21     2     0     2  -108.0   44.493 -102.304    671.9    849.8
     1     1    23     1    21     1     0     1  -109.0   44.668 -102.565    692.7    845.7
     1     1    23     1    21     0     0     0  -110.0   44.831 -102.826    692.8    843.3
     1     1    23     1    20    23     0     1  -111.0   44.992 -103.116    670.6    842.6
     1     1    23     1    20    22     0     2  -112.0   45.143 -103.438    650.3    843.5
     1     1    23     1    20    21     0     3  -113.0   45.274 -103.776    649.4    839.7
     1     1    23     1    20    20     0     2  -114.0   45.397 -104.116    655.4    835.1
     1     1    23     1    20    19     0     1  -115.0   45.520 -104.441    659.9    833.1
     1     1    23     1    20    18     0     0  -116.0   45.634 -104.750    669.0    832.6
     1     1    23     1    20    17     0     1  -117.0   45.757 -105.055    682.5    832.1
     1     1    23     1    20    16     0     2  -118.0   45.909 -105.368    686.9    836.6
     1     1    23     1    20    15     0     3  -119.0   46.083 -105.696    674.7    843.3
     1     1    23     1    20    14     0     2  -120.0   46.280 -106.037    659.4    847.1
