     8     1
    GDAS    22    12    22     0     0
    GDAS    22    12    29     0     0
    GDAS    23     1     1     0     0
    GDAS    23     1     8     0     0
    GDAS    23     1    15     0     0
    GDAS    23     1    22     0     0
    GDAS    23     1    29     0     0
    GDAS    23     2     1     0     0
     1 BACKWARD OMEGA   
    23     1     3    12   32.716  -96.748  1000.0
     1 PRESSURE
     1     1    23     1     3    12     0     0     0.0   32.716  -96.748   1000.0    879.0
     1     1    23     1     3    11     0     1    -1.0   32.788  -97.193   1027.0    871.1
     1     1    23     1     3    10     0     2    -2.0   32.857  -97.665   1068.4    861.1
     1     1    23     1     3     9     0     3    -3.0   32.920  -98.178   1176.9    844.2
     1     1    23     1     3     8     0     2    -4.0   32.946  -98.761   1304.5    820.5
     1     1    23     1     3     7     0     1    -5.0   32.955  -99.420   1386.8    808.8
     1     1    23     1     3     6     0     0    -6.0   32.966 -100.140   1461.8    796.8
     1     1    23     1     3     5     0     1    -7.0   32.912 -100.915   1653.1    768.9
     1     1    23     1     3     4     0     2    -8.0   32.702 -101.763   2120.0    703.3
     1     1    23     1     3     3     0     3    -9.0   32.395 -102.629   2551.3    656.1
     1     1    23     1     3     2     0     2   -10.0   32.070 -103.576   2849.4    630.0
     1     1    23     1     3     1     0     1   -11.0   31.747 -104.702   2788.1    611.4
     1     1    23     1     3     0     0     0   -12.0   31.426 -105.820   2683.1    603.8
     1     1    23     1     2    23     0     1   -13.0   31.122 -106.853   2585.9    623.9
     1     1    23     1     2    22     0     2   -14.0   30.820 -107.844   2265.2    640.5
     1     1    23     1     2    21     0     3   -15.0   30.526 -108.812   2272.7    630.9
     1     1    23     1     2    20     0     2   -16.0   30.246 -109.740   2502.9    629.4
     1     1    23     1     2    19     0     1   -17.0   30.072 -110.573   2502.4    666.1
     1     1    23     1     2    18     0     0   -18.0   29.951 -111.278   2508.4    686.6
     1     1    23     1     2    17     0     1   -19.0   29.960 -111.966   2498.0    689.1
     1     1    23     1     2    16     0     2   -20.0   30.037 -112.562   2532.5    721.0
     1     1    23     1     2    15     0     3   -21.0   30.090 -113.022   2593.6    738.6
     1     1    23     1     2    14     0     2   -22.0   30.162 -113.453   2618.6    733.9
     1     1    23     1     2    13     0     1   -23.0   30.336 -113.986   2615.1    734.3
     1     1    23     1     2    12     0     0   -24.0   30.611 -114.628   2553.7    710.2
     1     1    23     1     2    11     0     1   -25.0   30.955 -115.302   2487.6    711.3
     1     1    23     1     2    10     0     2   -26.0   31.332 -116.032   2478.7    697.7
     1     1    23     1     2     9     0     3   -27.0   31.759 -116.812   2593.6    712.4
     1     1    23     1     2     8     0     2   -28.0   32.084 -117.386   2494.9    745.9
     1     1    23     1     2     7     0     1   -29.0   32.432 -117.889   2434.8    752.6
     1     1    23     1     2     6     0     0   -30.0   32.849 -118.388   2353.9    753.8
     1     1    23     1     2     5     0     1   -31.0   33.312 -118.841   2219.5    771.1
     1     1    23     1     2     4     0     2   -32.0   33.769 -119.224   2126.2    783.0
     1     1    23     1     2     3     0     3   -33.0   34.218 -119.607   2090.5    772.5
     1     1    23     1     2     2     0     2   -34.0   34.706 -120.025   2086.3    735.7
     1     1    23     1     2     1     0     1   -35.0   35.217 -120.392   2081.5    741.7
     1     1    23     1     2     0     0     0   -36.0   35.711 -120.661   1987.1    761.0
     1     1    23     1     1    23     0     1   -37.0   36.204 -120.883   1842.1    778.2
     1     1    23     1     1    22     0     2   -38.0   36.699 -121.118   1765.5    795.4
     1     1    23     1     1    21     0     3   -39.0   37.192 -121.353   1783.2    798.0
     1     1    23     1     1    20     0     2   -40.0   37.662 -121.529   1847.5    795.2
     1     1    23     1     1    19     0     1   -41.0   38.083 -121.614   1969.0    790.3
     1     1    23     1     1    18     0     0   -42.0   38.464 -121.593   2107.0    762.7
     1     1    23     1     1    17     0     1   -43.0   38.812 -121.502   2162.7    749.7
     1     1    23     1     1    16     0     2   -44.0   39.160 -121.379   2227.2    733.7
     1     1    23     1     1    15     0     3   -45.0   39.550 -121.230   2420.7    686.4
     1     1    23     1     1    14     0     2   -46.0   39.970 -121.108   2739.2    618.5
     1     1    23     1     1    13     0     1   -47.0   40.368 -121.085   3020.6    574.3
     1     1    23     1     1    12     0     0   -48.0   40.726 -121.123   3219.6    559.6
     1     1    23     1     1    11     0     1   -49.0   41.059 -121.174   3387.3    544.1
     1     1    23     1     1    10     0     2   -50.0   41.375 -121.217   3528.8    534.2
     1     1    23     1     1     9     0     3   -51.0   41.675 -121.247   3654.0    526.4
     1     1    23     1     1     8     0     2   -52.0   41.971 -121.277   3816.4    515.2
     1     1    23     1     1     7     0     1   -53.0   42.268 -121.347   3982.5    496.3
     1     1    23     1     1     6     0     0   -54.0   42.569 -121.494   4106.4    483.4
     1     1    23     1     1     5     0     1   -55.0   42.879 -121.732   4220.6    470.4
     1     1    23     1     1     4     0     2   -56.0   43.184 -122.030   4357.1    462.0
     1     1    23     1     1     3     0     3   -57.0   43.462 -122.336   4535.8    480.1
     1     1    23     1     1     2     0     2   -58.0   43.711 -122.657   4671.0    502.3
     1     1    23     1     1     1     0     1   -59.0   43.936 -122.985   4762.3    529.2
     1     1    23     1     1     0     0     0   -60.0   44.135 -123.310   4738.5    536.5
     1     1    22    12    31    23     0     1   -61.0   44.324 -123.647   4709.3    543.4
     1     1    22    12    31    22     0     2   -62.0   44.504 -124.015   4726.2    542.8
     1     1    22    12    31    21     0     3   -63.0   44.660 -124.447   4801.9    541.9
     1     1    22    12    31    20     0     2   -64.0   44.812 -124.947   4933.5    537.8
     1     1    22    12    31    19     0     1   -65.0   44.974 -125.485   5084.9    525.5
     1     1    22    12    31    18     0     0   -66.0   45.123 -126.037   5267.1    513.9
     1     1    22    12    31    17     0     1   -67.0   45.255 -126.606   5376.2    496.7
     1     1    22    12    31    16     0     2   -68.0   45.387 -127.189   5357.1    502.7
     1     1    22    12    31    15     0     3   -69.0   45.512 -127.780   5358.3    507.7
     1     1    22    12    31    14     0     2   -70.0   45.624 -128.400   5397.5    500.2
     1     1    22    12    31    13     0     1   -71.0   45.737 -129.073   5395.0    499.1
     1     1    22    12    31    12     0     0   -72.0   45.871 -129.782   5375.2    502.6
     1     1    22    12    31    11     0     1   -73.0   46.015 -130.502   5365.5    502.4
     1     1    22    12    31    10     0     2   -74.0   46.147 -131.227   5371.5    502.4
     1     1    22    12    31     9     0     3   -75.0   46.282 -131.973   5432.0    499.5
     1     1    22    12    31     8     0     2   -76.0   46.409 -132.741   5487.0    491.9
     1     1    22    12    31     7     0     1   -77.0   46.521 -133.517   5488.0    491.5
     1     1    22    12    31     6     0     0   -78.0   46.635 -134.302   5451.2    494.3
     1     1    22    12    31     5     0     1   -79.0   46.724 -135.107   5452.5    494.2
     1     1    22    12    31     4     0     2   -80.0   46.785 -135.913   5497.5    490.1
     1     1    22    12    31     3     0     3   -81.0   46.852 -136.739   5570.6    485.2
     1     1    22    12    31     2     0     2   -82.0   46.890 -137.588   5639.1    478.8
     1     1    22    12    31     1     0     1   -83.0   46.886 -138.407   5640.0    479.5
     1     1    22    12    31     0     0     0   -84.0   46.876 -139.220   5660.2    478.2
     1     1    22    12    30    23     0     1   -85.0   46.825 -140.043   5721.8    473.4
     1     1    22    12    30    22     0     2   -86.0   46.741 -140.875   5751.4    471.0
     1     1    22    12    30    21     0     3   -87.0   46.656 -141.717   5754.1    471.0
     1     1    22    12    30    20     0     2   -88.0   46.543 -142.570   5753.6    471.1
     1     1    22    12    30    19     0     1   -89.0   46.382 -143.426   5769.9    469.4
     1     1    22    12    30    18     0     0   -90.0   46.221 -144.311   5786.9    468.1
     1     1    22    12    30    17     0     1   -91.0   46.050 -145.221   5799.4    466.8
     1     1    22    12    30    16     0     2   -92.0   45.841 -146.123   5793.8    467.3
     1     1    22    12    30    15     0     3   -93.0   45.621 -147.054   5791.3    467.0
     1     1    22    12    30    14     0     2   -94.0   45.382 -148.021   5762.4    469.0
     1     1    22    12    30    13     0     1   -95.0   45.107 -148.992   5742.6    470.4
     1     1    22    12    30    12     0     0   -96.0   44.824 -149.978   5767.0    469.1
     1     1    22    12    30    11     0     1   -97.0   44.519 -150.991   5780.4    467.1
     1     1    22    12    30    10     0     2   -98.0   44.182 -152.006   5775.1    468.5
     1     1    22    12    30     9     0     3   -99.0   43.854 -153.032   5772.6    467.5
     1     1    22    12    30     8     0     2  -100.0   43.515 -154.075   5746.7    469.8
     1     1    22    12    30     7     0     1  -101.0   43.164 -155.107   5740.5    470.3
     1     1    22    12    30     6     0     0  -102.0   42.831 -156.133   5720.2    471.3
     1     1    22    12    30     5     0     1  -103.0   42.514 -157.175   5677.5    474.7
     1     1    22    12    30     4     0     2  -104.0   42.200 -158.244   5682.0    473.9
     1     1    22    12    30     3     0     3  -105.0   41.920 -159.321   5660.3    474.7
     1     1    22    12    30     2     0     2  -106.0   41.661 -160.393   5624.6    478.2
     1     1    22    12    30     1     0     1  -107.0   41.378 -161.506   5667.2    473.9
     1     1    22    12    30     0     0     0  -108.0   41.131 -162.616   5685.9    473.7
     1     1    22    12    29    23     0     1  -109.0   40.901 -163.731   5711.9    471.5
     1     1    22    12    29    22     0     2  -110.0   40.663 -164.834   5725.6    471.5
     1     1    22    12    29    21     0     3  -111.0   40.471 -165.930   5749.8    470.1
     1     1    22    12    29    20     0     2  -112.0   40.299 -167.030   5771.2    468.4
     1     1    22    12    29    19     0     1  -113.0   40.145 -168.136   5792.0    467.2
     1     1    22    12    29    18     0     0  -114.0   40.061 -169.230   5811.6    465.8
     1     1    22    12    29    17     0     1  -115.0   40.004 -170.319   5862.6    462.2
     1     1    22    12    29    16     0     2  -116.0   39.949 -171.426   5905.1    459.1
     1     1    22    12    29    15     0     3  -117.0   39.952 -172.555   5918.3    457.8
     1     1    22    12    29    14     0     2  -118.0   39.988 -173.684   5891.0    460.2
     1     1    22    12    29    13     0     1  -119.0   40.046 -174.815   5859.5    462.6
     1     1    22    12    29    12     0     0  -120.0   40.153 -175.951   5852.5    463.5
