     8     1
    GDAS    22    12    22     0     0
    GDAS    22    12    29     0     0
    GDAS    23     1     1     0     0
    GDAS    23     1     8     0     0
    GDAS    23     1    15     0     0
    GDAS    23     1    22     0     0
    GDAS    23     1    29     0     0
    GDAS    23     2     1     0     0
     1 BACKWARD OMEGA   
    23     1     7    14   32.716  -96.748    15.0
     1 PRESSURE
     1     1    23     1     7    14     0     2     0.0   32.716  -96.748     15.0    998.9
     1     1    23     1     7    13     0     1    -1.0   32.771  -96.863     16.7    997.1
     1     1    23     1     7    12     0     0    -2.0   32.817  -96.988     16.7    995.3
     1     1    23     1     7    11     0     1    -3.0   32.839  -97.116     15.7    993.0
     1     1    23     1     7    10     0     2    -4.0   32.806  -97.242     15.4    990.2
     1     1    23     1     7     9     0     3    -5.0   32.719  -97.371     16.0    987.2
     1     1    23     1     7     8     0     2    -6.0   32.587  -97.495     18.3    984.1
     1     1    23     1     7     7     0     1    -7.0   32.413  -97.610     23.2    980.9
     1     1    23     1     7     6     0     0    -8.0   32.192  -97.717     32.1    977.8
     1     1    23     1     7     5     0     1    -9.0   31.940  -97.815     43.5    974.9
     1     1    23     1     7     4     0     2   -10.0   31.680  -97.898     53.0    972.7
     1     1    23     1     7     3     0     3   -11.0   31.412  -97.952     56.5    971.0
     1     1    23     1     7     2     0     2   -12.0   31.139  -97.970     58.2    971.2
     1     1    23     1     7     1     0     1   -13.0   30.857  -97.969     58.8    971.5
     1     1    23     1     7     0     0     0   -14.0   30.581  -97.958     45.3    974.4
     1     1    23     1     6    23     0     1   -15.0   30.321  -97.952     26.2    979.8
     1     1    23     1     6    22     0     2   -16.0   30.057  -97.964     12.3    983.8
     1     1    23     1     6    21     0     3   -17.0   29.775  -97.990      2.6    988.0
     1     1    23     1     6    20     0     2   -18.0   29.494  -98.014      0.0    994.3
     1     1    23     1     6    19     0     1   -19.0   29.235  -98.027      0.0   1000.5
     1     1    23     1     6    18     0     0   -20.0   28.991  -98.035      0.0   1006.4
     1     1    23     1     6    17     0     1   -21.0   28.769  -98.030      0.0   1007.3
     1     1    23     1     6    16     0     2   -22.0   28.578  -98.005      0.0   1008.8
     1     1    23     1     6    15     0     3   -23.0   28.416  -97.969      0.0   1010.6
     1     1    23     1     6    14     0     2   -24.0   28.272  -97.926      0.0   1012.0
     1     1    23     1     6    13     0     1   -25.0   28.140  -97.880      0.0   1013.3
     1     1    23     1     6    12     0     0   -26.0   28.022  -97.831      0.0   1014.5
     1     1    23     1     6    11     0     1   -27.0   27.913  -97.779      0.0   1015.5
     1     1    23     1     6    10     0     2   -28.0   27.805  -97.723      0.0   1016.3
     1     1    23     1     6     9     0     3   -29.0   27.698  -97.661      0.0   1017.1
     1     1    23     1     6     8     0     2   -30.0   27.592  -97.590      0.0   1017.8
     1     1    23     1     6     7     0     1   -31.0   27.487  -97.504      0.0   1018.6
     1     1    23     1     6     6     0     0   -32.0   27.382  -97.403      0.0   1019.4
     1     1    23     1     6     5     0     1   -33.0   27.284  -97.284      0.0   1020.2
     1     1    23     1     6     4     0     2   -34.0   27.201  -97.148      0.0   1020.9
     1     1    23     1     6     3     0     3   -35.0   27.137  -96.997      0.0   1021.7
     1     1    23     1     6     2     0     2   -36.0   27.093  -96.846      0.2   1021.8
     1     1    23     1     6     1     0     1   -37.0   27.067  -96.709      0.7   1021.9
     1     1    23     1     6     0     0     0   -38.0   27.058  -96.587      1.5   1022.0
     1     1    23     1     5    23     0     1   -39.0   27.063  -96.489      2.3   1022.1
     1     1    23     1     5    22     0     2   -40.0   27.079  -96.419      2.9   1022.2
     1     1    23     1     5    21     0     3   -41.0   27.106  -96.375      3.3   1022.3
     1     1    23     1     5    20     0     2   -42.0   27.143  -96.347      3.4   1022.3
     1     1    23     1     5    19     0     1   -43.0   27.191  -96.328      3.5   1022.4
     1     1    23     1     5    18     0     0   -44.0   27.247  -96.318      3.5   1022.5
     1     1    23     1     5    17     0     1   -45.0   27.300  -96.318      3.4   1022.6
     1     1    23     1     5    16     0     2   -46.0   27.346  -96.328      3.0   1022.6
     1     1    23     1     5    15     0     3   -47.0   27.387  -96.346      2.3   1022.7
     1     1    23     1     5    14     0     2   -48.0   27.423  -96.367      1.6   1021.5
     1     1    23     1     5    13     0     1   -49.0   27.451  -96.387      1.0   1020.3
     1     1    23     1     5    12     0     0   -50.0   27.471  -96.407      0.3   1019.2
     1     1    23     1     5    11     0     1   -51.0   27.479  -96.426      0.0   1019.2
     1     1    23     1     5    10     0     2   -52.0   27.471  -96.442      0.0   1019.2
     1     1    23     1     5     9     0     3   -53.0   27.449  -96.453      0.0   1019.2
     1     1    23     1     5     8     0     2   -54.0   27.415  -96.456      0.0   1019.3
     1     1    23     1     5     7     0     1   -55.0   27.374  -96.451      0.2   1019.4
     1     1    23     1     5     6     0     0   -56.0   27.329  -96.436      1.1   1019.5
     1     1    23     1     5     5     0     1   -57.0   27.290  -96.409      2.0   1019.5
     1     1    23     1     5     4     0     2   -58.0   27.264  -96.371      2.4   1019.6
     1     1    23     1     5     3     0     3   -59.0   27.253  -96.325      2.2   1019.7
     1     1    23     1     5     2     0     2   -60.0   27.268  -96.281      2.0   1018.5
     1     1    23     1     5     1     0     1   -61.0   27.318  -96.253      2.5   1017.4
     1     1    23     1     5     0     0     0   -62.0   27.397  -96.243      3.8   1016.3
     1     1    23     1     4    23     0     1   -63.0   27.486  -96.250      5.4   1016.4
     1     1    23     1     4    22     0     2   -64.0   27.574  -96.273      6.6   1016.4
     1     1    23     1     4    21     0     3   -65.0   27.661  -96.313      7.3   1016.5
     1     1    23     1     4    20     0     2   -66.0   27.754  -96.375      7.8   1016.8
     1     1    23     1     4    19     0     1   -67.0   27.860  -96.461      8.1   1017.0
     1     1    23     1     4    18     0     0   -68.0   27.986  -96.569      8.3   1017.0
     1     1    23     1     4    17     0     1   -69.0   28.114  -96.681      8.9   1016.7
     1     1    23     1     4    16     0     2   -70.0   28.226  -96.777     10.2   1016.4
     1     1    23     1     4    15     0     3   -71.0   28.316  -96.861     12.3   1015.8
     1     1    23     1     4    14     0     2   -72.0   28.394  -96.942     15.3   1014.5
     1     1    23     1     4    13     0     1   -73.0   28.468  -97.031     19.5   1012.8
     1     1    23     1     4    12     0     0   -74.0   28.538  -97.122     25.0   1010.5
     1     1    23     1     4    11     0     1   -75.0   28.603  -97.209     31.2   1008.2
     1     1    23     1     4    10     0     2   -76.0   28.665  -97.289     36.7   1006.4
     1     1    23     1     4     9     0     3   -77.0   28.730  -97.365     41.8   1004.9
     1     1    23     1     4     8     0     2   -78.0   28.792  -97.436     47.0   1003.3
     1     1    23     1     4     7     0     1   -79.0   28.834  -97.496     51.6   1001.9
     1     1    23     1     4     6     0     0   -80.0   28.850  -97.545     54.7   1000.7
     1     1    23     1     4     5     0     1   -81.0   28.854  -97.575     55.6   1000.2
     1     1    23     1     4     4     0     2   -82.0   28.863  -97.575     54.5   1000.1
     1     1    23     1     4     3     0     3   -83.0   28.877  -97.547     51.6   1000.3
     1     1    23     1     4     2     0     2   -84.0   28.898  -97.506     50.2    999.8
     1     1    23     1     4     1     0     1   -85.0   28.929  -97.470     53.1    999.1
     1     1    23     1     4     0     0     0   -86.0   28.970  -97.436     61.4    997.8
     1     1    23     1     3    23     0     1   -87.0   29.034  -97.408     74.2    995.6
     1     1    23     1     3    22     0     2   -88.0   29.128  -97.395     88.7    992.5
     1     1    23     1     3    21     0     3   -89.0   29.249  -97.406    104.4    988.8
     1     1    23     1     3    20     0     2   -90.0   29.386  -97.438    123.9    985.5
     1     1    23     1     3    19     0     1   -91.0   29.537  -97.484    150.7    980.6
     1     1    23     1     3    18     0     0   -92.0   29.706  -97.551    187.6    973.1
     1     1    23     1     3    17     0     1   -93.0   29.912  -97.664    247.3    962.0
     1     1    23     1     3    16     0     2   -94.0   30.175  -97.877    353.1    943.3
     1     1    23     1     3    15     0     3   -95.0   30.463  -98.226    492.0    915.9
     1     1    23     1     3    14     0     2   -96.0   30.724  -98.688    588.4    888.5
     1     1    23     1     3    13     0     1   -97.0   30.948  -99.223    615.0    876.4
     1     1    23     1     3    12     0     0   -98.0   31.146  -99.828    673.7    870.8
     1     1    23     1     3    11     0     1   -99.0   31.312 -100.510    799.3    844.9
     1     1    23     1     3    10     0     2  -100.0   31.443 -101.278    949.1    823.4
     1     1    23     1     3     9     0     3  -101.0   31.520 -102.126   1223.9    791.8
     1     1    23     1     3     8     0     2  -102.0   31.508 -102.988   1500.3    756.5
     1     1    23     1     3     7     0     1  -103.0   31.435 -103.848   1781.6    713.5
     1     1    23     1     3     6     0     0  -104.0   31.253 -104.749   1916.6    676.2
     1     1    23     1     3     5     0     1  -105.0   30.988 -105.668   1986.6    662.8
     1     1    23     1     3     4     0     2  -106.0   30.756 -106.548   2044.1    664.2
     1     1    23     1     3     3     0     3  -107.0   30.587 -107.419   1965.5    665.3
     1     1    23     1     3     2     0     2  -108.0   30.448 -108.338   1886.0    657.7
     1     1    23     1     3     1     0     1  -109.0   30.190 -109.144   2016.8    662.3
     1     1    23     1     3     0     0     0  -110.0   29.928 -109.814   2116.5    680.2
     1     1    23     1     2    23     0     1  -111.0   29.747 -110.416   2150.5    700.2
     1     1    23     1     2    22     0     2  -112.0   29.611 -110.954   2073.2    732.1
     1     1    23     1     2    21     0     3  -113.0   29.504 -111.422   1915.1    763.0
     1     1    23     1     2    20     0     2  -114.0   29.434 -111.835   1807.2    786.9
     1     1    23     1     2    19     0     1  -115.0   29.386 -112.221   1772.4    798.0
     1     1    23     1     2    18     0     0  -116.0   29.346 -112.594   1743.6    809.7
     1     1    23     1     2    17     0     1  -117.0   29.327 -112.958   1697.8    825.7
     1     1    23     1     2    16     0     2  -118.0   29.351 -113.350   1667.6    824.6
     1     1    23     1     2    15     0     3  -119.0   29.428 -113.798   1674.7    813.6
     1     1    23     1     2    14     0     2  -120.0   29.562 -114.298   1722.5    804.4
