     8     1
    GDAS    22    12    22     0     0
    GDAS    22    12    29     0     0
    GDAS    23     1     1     0     0
    GDAS    23     1     8     0     0
    GDAS    23     1    15     0     0
    GDAS    23     1    22     0     0
    GDAS    23     1    29     0     0
    GDAS    23     2     1     0     0
     1 BACKWARD OMEGA   
    23     1     5    13   32.716  -96.748    20.0
     1 PRESSURE
     1     1    23     1     5    13     0     1     0.0   32.716  -96.748     20.0   1002.5
     1     1    23     1     5    12     0     0    -1.0   32.823  -96.791     21.7   1001.5
     1     1    23     1     5    11     0     1    -2.0   32.929  -96.841     24.1   1001.4
     1     1    23     1     5    10     0     2    -3.0   33.033  -96.901     29.4   1000.8
     1     1    23     1     5     9     0     3    -4.0   33.141  -96.970     39.6    998.9
     1     1    23     1     5     8     0     2    -5.0   33.248  -97.037     51.6    995.4
     1     1    23     1     5     7     0     1    -6.0   33.346  -97.096     59.9    991.7
     1     1    23     1     5     6     0     0    -7.0   33.434  -97.155     64.0    989.0
     1     1    23     1     5     5     0     1    -8.0   33.523  -97.209     67.2    987.3
     1     1    23     1     5     4     0     2    -9.0   33.622  -97.255     73.7    985.1
     1     1    23     1     5     3     0     3   -10.0   33.731  -97.297     85.8    982.5
     1     1    23     1     5     2     0     2   -11.0   33.836  -97.355    103.6    978.7
     1     1    23     1     5     1     0     1   -12.0   33.922  -97.442    123.7    975.1
     1     1    23     1     5     0     0     0   -13.0   33.979  -97.554    144.9    971.4
     1     1    23     1     4    23     0     1   -14.0   34.013  -97.679    167.1    967.1
     1     1    23     1     4    22     0     2   -15.0   34.035  -97.808    189.0    962.7
     1     1    23     1     4    21     0     3   -16.0   34.043  -97.937    207.9    958.9
     1     1    23     1     4    20     0     2   -17.0   34.050  -98.055    225.9    956.8
     1     1    23     1     4    19     0     1   -18.0   34.067  -98.152    246.9    954.0
     1     1    23     1     4    18     0     0   -19.0   34.091  -98.225    270.5    950.9
     1     1    23     1     4    17     0     1   -20.0   34.130  -98.274    292.2    946.4
     1     1    23     1     4    16     0     2   -21.0   34.195  -98.300    307.0    943.3
     1     1    23     1     4    15     0     3   -22.0   34.289  -98.306    314.8    941.0
     1     1    23     1     4    14     0     2   -23.0   34.410  -98.311    315.8    938.9
     1     1    23     1     4    13     0     1   -24.0   34.555  -98.330    310.5    937.3
     1     1    23     1     4    12     0     0   -25.0   34.731  -98.367    301.8    935.6
     1     1    23     1     4    11     0     1   -26.0   34.921  -98.424    292.2    933.8
     1     1    23     1     4    10     0     2   -27.0   35.099  -98.502    282.2    932.0
     1     1    23     1     4     9     0     3   -28.0   35.268  -98.605    272.2    929.7
     1     1    23     1     4     8     0     2   -29.0   35.444  -98.727    274.1    926.7
     1     1    23     1     4     7     0     1   -30.0   35.641  -98.869    301.1    917.8
     1     1    23     1     4     6     0     0   -31.0   35.860  -99.040    359.5    904.3
     1     1    23     1     4     5     0     1   -32.0   36.096  -99.239    427.9    890.1
     1     1    23     1     4     4     0     2   -33.0   36.335  -99.452    489.2    882.6
     1     1    23     1     4     3     0     3   -34.0   36.573  -99.678    553.6    874.4
     1     1    23     1     4     2     0     2   -35.0   36.809  -99.913    614.9    865.1
     1     1    23     1     4     1     0     1   -36.0   37.037 -100.144    674.0    855.7
     1     1    23     1     4     0     0     0   -37.0   37.270 -100.367    741.8    840.9
     1     1    23     1     3    23     0     1   -38.0   37.528 -100.585    808.7    825.5
     1     1    23     1     3    22     0     2   -39.0   37.813 -100.802    856.5    813.7
     1     1    23     1     3    21     0     3   -40.0   38.112 -101.016    891.5    806.1
     1     1    23     1     3    20     0     2   -41.0   38.453 -101.236    918.3    798.3
     1     1    23     1     3    19     0     1   -42.0   38.860 -101.459    947.3    790.3
     1     1    23     1     3    18     0     0   -43.0   39.300 -101.656    987.0    782.0
     1     1    23     1     3    17     0     1   -44.0   39.755 -101.798    987.7    779.3
     1     1    23     1     3    16     0     2   -45.0   40.235 -101.857    918.5    787.0
     1     1    23     1     3    15     0     3   -46.0   40.765 -101.822    837.1    797.1
     1     1    23     1     3    14     0     2   -47.0   41.332 -101.709    784.2    801.0
     1     1    23     1     3    13     0     1   -48.0   41.895 -101.526    773.4    802.8
     1     1    23     1     3    12     0     0   -49.0   42.432 -101.280    793.3    806.3
     1     1    23     1     3    11     0     1   -50.0   42.922 -100.988    792.9    812.2
     1     1    23     1     3    10     0     2   -51.0   43.350 -100.661    772.3    832.9
     1     1    23     1     3     9     0     3   -52.0   43.718 -100.312    714.1    850.2
     1     1    23     1     3     8     0     2   -53.0   44.028  -99.998    621.0    875.4
     1     1    23     1     3     7     0     1   -54.0   44.279  -99.707    533.6    887.1
     1     1    23     1     3     6     0     0   -55.0   44.478  -99.418    461.9    896.3
     1     1    23     1     3     5     0     1   -56.0   44.642  -99.150    409.4    907.1
     1     1    23     1     3     4     0     2   -57.0   44.796  -98.906    383.3    913.1
     1     1    23     1     3     3     0     3   -58.0   44.949  -98.699    371.8    916.6
     1     1    23     1     3     2     0     2   -59.0   45.097  -98.537    363.8    918.0
     1     1    23     1     3     1     0     1   -60.0   45.234  -98.414    361.4    919.6
     1     1    23     1     3     0     0     0   -61.0   45.363  -98.331    370.9    919.1
     1     1    23     1     2    23     0     1   -62.0   45.484  -98.305    383.8    916.9
     1     1    23     1     2    22     0     2   -63.0   45.588  -98.343    390.9    915.3
     1     1    23     1     2    21     0     3   -64.0   45.675  -98.446    394.9    913.2
     1     1    23     1     2    20     0     2   -65.0   45.745  -98.594    405.8    909.8
     1     1    23     1     2    19     0     1   -66.0   45.803  -98.771    422.4    903.7
     1     1    23     1     2    18     0     0   -67.0   45.854  -98.972    425.7    897.7
     1     1    23     1     2    17     0     1   -68.0   45.894  -99.192    427.4    898.8
     1     1    23     1     2    16     0     2   -69.0   45.926  -99.419    442.9    895.9
     1     1    23     1     2    15     0     3   -70.0   45.955  -99.651    461.7    892.7
     1     1    23     1     2    14     0     2   -71.0   45.987  -99.885    475.0    890.5
     1     1    23     1     2    13     0     1   -72.0   46.022 -100.122    490.0    889.2
     1     1    23     1     2    12     0     0   -73.0   46.057 -100.363    520.7    884.5
     1     1    23     1     2    11     0     1   -74.0   46.100 -100.605    549.6    877.6
     1     1    23     1     2    10     0     2   -75.0   46.154 -100.848    553.7    875.6
     1     1    23     1     2     9     0     3   -76.0   46.220 -101.093    534.1    876.7
     1     1    23     1     2     8     0     2   -77.0   46.292 -101.339    518.1    879.8
     1     1    23     1     2     7     0     1   -78.0   46.368 -101.592    528.5    877.2
     1     1    23     1     2     6     0     0   -79.0   46.443 -101.846    564.5    872.1
     1     1    23     1     2     5     0     1   -80.0   46.520 -102.095    617.6    863.9
     1     1    23     1     2     4     0     2   -81.0   46.613 -102.336    671.2    854.5
     1     1    23     1     2     3     0     3   -82.0   46.730 -102.566    710.2    847.0
     1     1    23     1     2     2     0     2   -83.0   46.874 -102.810    723.2    842.3
     1     1    23     1     2     1     0     1   -84.0   47.047 -103.092    709.5    841.9
     1     1    23     1     2     0     0     0   -85.0   47.235 -103.400    695.9    846.7
     1     1    23     1     1    23     0     1   -86.0   47.416 -103.717    696.0    849.1
     1     1    23     1     1    22     0     2   -87.0   47.582 -104.032    697.5    851.7
     1     1    23     1     1    21     0     3   -88.0   47.740 -104.345    687.4    855.3
     1     1    23     1     1    20     0     2   -89.0   47.892 -104.657    672.7    859.9
     1     1    23     1     1    19     0     1   -90.0   48.038 -104.965    674.7    860.6
     1     1    23     1     1    18     0     0   -91.0   48.186 -105.261    692.3    855.2
     1     1    23     1     1    17     0     1   -92.0   48.344 -105.541    705.8    849.3
     1     1    23     1     1    16     0     2   -93.0   48.519 -105.816    708.3    843.9
     1     1    23     1     1    15     0     3   -94.0   48.714 -106.089    702.5    839.0
     1     1    23     1     1    14     0     2   -95.0   48.925 -106.367    687.6    837.1
     1     1    23     1     1    13     0     1   -96.0   49.140 -106.642    659.9    842.1
     1     1    23     1     1    12     0     0   -97.0   49.352 -106.897    624.1    849.2
     1     1    23     1     1    11     0     1   -98.0   49.559 -107.143    588.8    852.9
     1     1    23     1     1    10     0     2   -99.0   49.762 -107.402    561.7    853.6
     1     1    23     1     1     9     0     3  -100.0   49.966 -107.685    544.7    851.6
     1     1    23     1     1     8     0     2  -101.0   50.166 -107.981    543.7    851.4
     1     1    23     1     1     7     0     1  -102.0   50.351 -108.267    551.4    853.4
     1     1    23     1     1     6     0     0  -103.0   50.514 -108.536    548.1    856.8
     1     1    23     1     1     5     0     1  -104.0   50.657 -108.788    534.5    861.4
     1     1    23     1     1     4     0     2  -105.0   50.791 -109.019    520.4    865.5
     1     1    23     1     1     3     0     3  -106.0   50.919 -109.231    516.1    867.9
     1     1    23     1     1     2     0     2  -107.0   51.048 -109.430    520.5    867.1
     1     1    23     1     1     1     0     1  -108.0   51.176 -109.620    523.5    865.3
     1     1    23     1     1     0     0     0  -109.0   51.300 -109.796    521.5    864.0
     1     1    22    12    31    23     0     1  -110.0   51.422 -109.962    517.4    863.1
     1     1    22    12    31    22     0     2  -111.0   51.544 -110.119    513.5    861.1
     1     1    22    12    31    21     0     3  -112.0   51.671 -110.270    506.3    859.1
     1     1    22    12    31    20     0     2  -113.0   51.798 -110.412    493.6    858.2
     1     1    22    12    31    19     0     1  -114.0   51.924 -110.541    475.9    857.9
     1     1    22    12    31    18     0     0  -115.0   52.047 -110.659    455.1    859.4
     1     1    22    12    31    17     0     1  -116.0   52.158 -110.768    438.8    862.1
     1     1    22    12    31    16     0     2  -117.0   52.257 -110.865    432.1    863.0
     1     1    22    12    31    15     0     3  -118.0   52.344 -110.947    435.1    862.7
     1     1    22    12    31    14     0     2  -119.0   52.421 -111.003    444.2    861.6
     1     1    22    12    31    13     0     1  -120.0   52.490 -111.021    455.5    861.0
