     8     1
    GDAS    22    12    22     0     0
    GDAS    22    12    29     0     0
    GDAS    23     1     1     0     0
    GDAS    23     1     8     0     0
    GDAS    23     1    15     0     0
    GDAS    23     1    22     0     0
    GDAS    23     1    29     0     0
    GDAS    23     2     1     0     0
     1 BACKWARD OMEGA   
    23     1     7    12   32.716  -96.748  1500.0
     1 PRESSURE
     1     1    23     1     7    12     0     0     0.0   32.716  -96.748   1500.0    836.9
     1     1    23     1     7    11     0     1    -1.0   32.703  -97.118   1487.7    834.3
     1     1    23     1     7    10     0     2    -2.0   32.691  -97.496   1448.7    830.4
     1     1    23     1     7     9     0     3    -3.0   32.692  -97.845   1380.7    831.4
     1     1    23     1     7     8     0     2    -4.0   32.697  -98.195   1306.0    836.2
     1     1    23     1     7     7     0     1    -5.0   32.687  -98.589   1200.1    839.5
     1     1    23     1     7     6     0     0    -6.0   32.665  -99.016    985.8    854.3
     1     1    23     1     7     5     0     1    -7.0   32.612  -99.435    793.5    883.5
     1     1    23     1     7     4     0     2    -8.0   32.514  -99.832    677.3    885.6
     1     1    23     1     7     3     0     3    -9.0   32.368 -100.220    584.7    885.9
     1     1    23     1     7     2     0     2   -10.0   32.184 -100.591    520.4    886.0
     1     1    23     1     7     1     0     1   -11.0   31.995 -100.934    474.1    882.4
     1     1    23     1     7     0     0     0   -12.0   31.808 -101.259    438.1    882.3
     1     1    23     1     6    23     0     1   -13.0   31.627 -101.563    419.9    880.9
     1     1    23     1     6    22     0     2   -14.0   31.430 -101.832    407.0    879.1
     1     1    23     1     6    21     0     3   -15.0   31.209 -102.055    388.3    881.1
     1     1    23     1     6    20     0     2   -16.0   30.974 -102.230    363.4    884.3
     1     1    23     1     6    19     0     1   -17.0   30.749 -102.370    346.1    888.0
     1     1    23     1     6    18     0     0   -18.0   30.536 -102.507    345.2    885.2
     1     1    23     1     6    17     0     1   -19.0   30.331 -102.644    352.5    878.2
     1     1    23     1     6    16     0     2   -20.0   30.139 -102.774    362.7    869.4
     1     1    23     1     6    15     0     3   -21.0   29.948 -102.890    375.3    860.7
     1     1    23     1     6    14     0     2   -22.0   29.748 -102.990    384.0    859.6
     1     1    23     1     6    13     0     1   -23.0   29.542 -103.074    387.5    861.8
     1     1    23     1     6    12     0     0   -24.0   29.336 -103.134    396.8    863.6
     1     1    23     1     6    11     0     1   -25.0   29.138 -103.171    409.2    864.4
     1     1    23     1     6    10     0     2   -26.0   28.958 -103.191    416.5    864.0
     1     1    23     1     6     9     0     3   -27.0   28.794 -103.199    419.4    858.2
     1     1    23     1     6     8     0     2   -28.0   28.637 -103.190    420.2    853.4
     1     1    23     1     6     7     0     1   -29.0   28.487 -103.153    422.6    849.9
     1     1    23     1     6     6     0     0   -30.0   28.346 -103.091    435.3    845.6
     1     1    23     1     6     5     0     1   -31.0   28.221 -103.015    461.7    839.0
     1     1    23     1     6     4     0     2   -32.0   28.112 -102.937    494.4    830.5
     1     1    23     1     6     3     0     3   -33.0   28.013 -102.859    524.6    823.8
     1     1    23     1     6     2     0     2   -34.0   27.913 -102.788    556.3    822.8
     1     1    23     1     6     1     0     1   -35.0   27.804 -102.729    593.0    821.4
     1     1    23     1     6     0     0     0   -36.0   27.695 -102.676    628.3    820.1
     1     1    23     1     5    23     0     1   -37.0   27.594 -102.632    648.4    819.5
     1     1    23     1     5    22     0     2   -38.0   27.504 -102.598    644.0    822.6
     1     1    23     1     5    21     0     3   -39.0   27.424 -102.576    621.0    827.4
     1     1    23     1     5    20     0     2   -40.0   27.350 -102.552    598.1    833.9
     1     1    23     1     5    19     0     1   -41.0   27.280 -102.512    592.4    837.5
     1     1    23     1     5    18     0     0   -42.0   27.212 -102.456    606.6    839.8
     1     1    23     1     5    17     0     1   -43.0   27.152 -102.386    629.6    839.1
     1     1    23     1     5    16     0     2   -44.0   27.107 -102.306    645.4    840.3
     1     1    23     1     5    15     0     3   -45.0   27.077 -102.219    650.7    842.4
     1     1    23     1     5    14     0     2   -46.0   27.062 -102.135    642.2    845.1
     1     1    23     1     5    13     0     1   -47.0   27.059 -102.059    616.3    849.0
     1     1    23     1     5    12     0     0   -48.0   27.068 -101.992    571.9    854.3
     1     1    23     1     5    11     0     1   -49.0   27.079 -101.936    524.8    861.4
     1     1    23     1     5    10     0     2   -50.0   27.084 -101.894    484.7    866.1
     1     1    23     1     5     9     0     3   -51.0   27.082 -101.862    446.8    870.7
     1     1    23     1     5     8     0     2   -52.0   27.079 -101.839    410.7    875.6
     1     1    23     1     5     7     0     1   -53.0   27.079 -101.823    378.8    879.3
     1     1    23     1     5     6     0     0   -54.0   27.083 -101.813    352.9    882.3
     1     1    23     1     5     5     0     1   -55.0   27.085 -101.808    331.5    884.2
     1     1    23     1     5     4     0     2   -56.0   27.082 -101.806    312.7    886.0
     1     1    23     1     5     3     0     3   -57.0   27.074 -101.808    296.1    887.7
     1     1    23     1     5     2     0     2   -58.0   27.066 -101.803    265.3    889.1
     1     1    23     1     5     1     0     1   -59.0   27.059 -101.780    216.0    895.3
     1     1    23     1     5     0     0     0   -60.0   27.051 -101.736    163.4    902.8
     1     1    23     1     4    23     0     1   -61.0   27.040 -101.686    115.2    909.6
     1     1    23     1     4    22     0     2   -62.0   27.022 -101.648     73.6    914.7
     1     1    23     1     4    21     0     3   -63.0   26.998 -101.618     41.2    918.5
     1     1    23     1     4    20     0     2   -64.0   26.972 -101.595     22.9    921.2
     1     1    23     1     4    19     0     1   -65.0   26.947 -101.578     13.1    922.1
     1     1    23     1     4    18     0     0   -66.0   26.924 -101.566      7.8    922.4
     1     1    23     1     4    17     0     1   -67.0   26.904 -101.557      5.1    922.0
     1     1    23     1     4    16     0     2   -68.0   26.891 -101.550      4.3    921.8
     1     1    23     1     4    15     0     3   -69.0   26.885 -101.543      5.2    921.8
     1     1    23     1     4    14     0     2   -70.0   26.890 -101.539      6.9    921.0
     1     1    23     1     4    13     0     1   -71.0   26.910 -101.537      8.5    920.6
     1     1    23     1     4    12     0     0   -72.0   26.947 -101.539     10.1    920.7
     1     1    23     1     4    11     0     1   -73.0   26.981 -101.546     12.6    921.5
     1     1    23     1     4    10     0     2   -74.0   26.990 -101.557     17.3    921.0
     1     1    23     1     4     9     0     3   -75.0   26.975 -101.573     25.6    919.2
     1     1    23     1     4     8     0     2   -76.0   26.959 -101.592     36.3    916.8
     1     1    23     1     4     7     0     1   -77.0   26.965 -101.614     46.7    915.6
     1     1    23     1     4     6     0     0   -78.0   26.993 -101.641     56.2    915.1
     1     1    23     1     4     5     0     1   -79.0   27.039 -101.676     79.8    912.7
     1     1    23     1     4     4     0     2   -80.0   27.107 -101.725    157.9    904.0
     1     1    23     1     4     3     0     3   -81.0   27.211 -101.798    304.5    883.1
     1     1    23     1     4     2     0     2   -82.0   27.329 -101.928    473.5    852.8
     1     1    23     1     4     1     0     1   -83.0   27.439 -102.137    626.8    827.5
     1     1    23     1     4     0     0     0   -84.0   27.562 -102.427    720.4    807.9
     1     1    23     1     3    23     0     1   -85.0   27.677 -102.780    756.6    799.4
     1     1    23     1     3    22     0     2   -86.0   27.764 -103.175    762.8    795.1
     1     1    23     1     3    21     0     3   -87.0   27.827 -103.608    810.3    794.0
     1     1    23     1     3    20     0     2   -88.0   27.861 -104.060    935.6    779.9
     1     1    23     1     3    19     0     1   -89.0   27.871 -104.512   1004.6    763.4
     1     1    23     1     3    18     0     0   -90.0   27.858 -104.958    930.5    770.4
     1     1    23     1     3    17     0     1   -91.0   27.818 -105.396    844.1    780.9
     1     1    23     1     3    16     0     2   -92.0   27.754 -105.861    889.8    763.6
     1     1    23     1     3    15     0     3   -93.0   27.718 -106.455    992.4    716.6
     1     1    23     1     3    14     0     2   -94.0   27.732 -107.211   1052.0    686.5
     1     1    23     1     3    13     0     1   -95.0   27.717 -107.893   1134.6    704.9
     1     1    23     1     3    12     0     0   -96.0   27.654 -108.379   1254.5    731.6
     1     1    23     1     3    11     0     1   -97.0   27.547 -108.718   1338.2    754.3
     1     1    23     1     3    10     0     2   -98.0   27.397 -108.922   1347.3    780.5
     1     1    23     1     3     9     0     3   -99.0   27.223 -109.022   1323.4    805.4
     1     1    23     1     3     8     0     2  -100.0   27.040 -109.050   1310.8    824.6
     1     1    23     1     3     7     0     1  -101.0   26.871 -109.060   1328.3    830.9
     1     1    23     1     3     6     0     0  -102.0   26.720 -109.077   1361.2    834.3
     1     1    23     1     3     5     0     1  -103.0   26.581 -109.111   1379.6    837.2
     1     1    23     1     3     4     0     2  -104.0   26.452 -109.162   1376.4    845.4
     1     1    23     1     3     3     0     3  -105.0   26.333 -109.229   1376.1    852.1
     1     1    23     1     3     2     0     2  -106.0   26.221 -109.306   1390.5    855.4
     1     1    23     1     3     1     0     1  -107.0   26.106 -109.384   1418.8    855.7
     1     1    23     1     3     0     0     0  -108.0   25.984 -109.475   1448.5    854.8
     1     1    23     1     2    23     0     1  -109.0   25.856 -109.588   1474.6    852.4
     1     1    23     1     2    22     0     2  -110.0   25.720 -109.723   1507.3    849.7
     1     1    23     1     2    21     0     3  -111.0   25.573 -109.868   1557.0    844.9
     1     1    23     1     2    20     0     2  -112.0   25.422 -110.012   1588.7    837.8
     1     1    23     1     2    19     0     1  -113.0   25.279 -110.140   1563.9    837.5
     1     1    23     1     2    18     0     0  -114.0   25.144 -110.241   1490.7    841.6
     1     1    23     1     2    17     0     1  -115.0   25.029 -110.326   1433.5    848.7
     1     1    23     1     2    16     0     2  -116.0   24.948 -110.409   1441.3    843.2
     1     1    23     1     2    15     0     3  -117.0   24.897 -110.491   1502.3    833.7
     1     1    23     1     2    14     0     2  -118.0   24.875 -110.589   1562.2    819.3
     1     1    23     1     2    13     0     1  -119.0   24.881 -110.709   1572.8    813.9
     1     1    23     1     2    12     0     0  -120.0   24.907 -110.842   1548.1    811.6
