     8     1
    GDAS    22    12    22     0     0
    GDAS    22    12    29     0     0
    GDAS    23     1     1     0     0
    GDAS    23     1     8     0     0
    GDAS    23     1    15     0     0
    GDAS    23     1    22     0     0
    GDAS    23     1    29     0     0
    GDAS    23     2     1     0     0
     1 BACKWARD OMEGA   
    23     1    23    11   32.716  -96.748    10.0
     1 PRESSURE
     1     1    23     1    23    11     0     1     0.0   32.716  -96.748     10.0   1001.5
     1     1    23     1    23    10     0     2    -1.0   32.757  -96.634      9.4   1001.8
     1     1    23     1    23     9     0     3    -2.0   32.799  -96.529      9.5   1001.9
     1     1    23     1    23     8     0     2    -3.0   32.844  -96.436      9.7   1001.9
     1     1    23     1    23     7     0     1    -4.0   32.891  -96.353      9.8   1001.8
     1     1    23     1    23     6     0     0    -5.0   32.944  -96.277      9.9   1001.5
     1     1    23     1    23     5     0     1    -6.0   33.007  -96.213      9.8   1000.6
     1     1    23     1    23     4     0     2    -7.0   33.086  -96.164      9.6   1000.0
     1     1    23     1    23     3     0     3    -8.0   33.178  -96.131      9.3    999.5
     1     1    23     1    23     2     0     2    -9.0   33.278  -96.117      9.2    998.4
     1     1    23     1    23     1     0     1   -10.0   33.385  -96.125      9.4    997.2
     1     1    23     1    23     0     0     0   -11.0   33.500  -96.150     10.1    995.9
     1     1    23     1    22    23     0     1   -12.0   33.628  -96.207     11.4    994.4
     1     1    23     1    22    22     0     2   -13.0   33.771  -96.313     13.6    991.9
     1     1    23     1    22    21     0     3   -14.0   33.927  -96.464     17.1    988.5
     1     1    23     1    22    20     0     2   -15.0   34.083  -96.634     21.6    986.2
     1     1    23     1    22    19     0     1   -16.0   34.237  -96.798     27.2    983.6
     1     1    23     1    22    18     0     0   -17.0   34.396  -96.956     34.2    980.7
     1     1    23     1    22    17     0     1   -18.0   34.564  -97.109     42.2    976.5
     1     1    23     1    22    16     0     2   -19.0   34.736  -97.262     50.7    973.0
     1     1    23     1    22    15     0     3   -20.0   34.909  -97.420     62.0    969.2
     1     1    23     1    22    14     0     2   -21.0   35.086  -97.581     74.6    965.2
     1     1    23     1    22    13     0     1   -22.0   35.265  -97.743     83.8    963.1
     1     1    23     1    22    12     0     0   -23.0   35.441  -97.911     90.4    961.5
     1     1    23     1    22    11     0     1   -24.0   35.626  -98.086     97.8    958.9
     1     1    23     1    22    10     0     2   -25.0   35.831  -98.268    110.1    953.1
     1     1    23     1    22     9     0     3   -26.0   36.065  -98.460    133.1    945.0
     1     1    23     1    22     8     0     2   -27.0   36.329  -98.657    171.6    935.4
     1     1    23     1    22     7     0     1   -28.0   36.618  -98.855    219.4    926.1
     1     1    23     1    22     6     0     0   -29.0   36.921  -99.054    269.8    919.4
     1     1    23     1    22     5     0     1   -30.0   37.238  -99.221    299.7    909.4
     1     1    23     1    22     4     0     2   -31.0   37.559  -99.340    302.8    905.3
     1     1    23     1    22     3     0     3   -32.0   37.885  -99.425    290.4    902.5
     1     1    23     1    22     2     0     2   -33.0   38.210  -99.490    275.5    904.5
     1     1    23     1    22     1     0     1   -34.0   38.525  -99.544    265.0    907.0
     1     1    23     1    22     0     0     0   -35.0   38.824  -99.587    253.0    909.4
     1     1    23     1    21    23     0     1   -36.0   39.096  -99.616    245.1    911.5
     1     1    23     1    21    22     0     2   -37.0   39.342  -99.629    247.8    910.0
     1     1    23     1    21    21     0     3   -38.0   39.562  -99.633    258.4    908.1
     1     1    23     1    21    20     0     2   -39.0   39.750  -99.634    276.2    906.2
     1     1    23     1    21    19     0     1   -40.0   39.905  -99.635    303.5    903.4
     1     1    23     1    21    18     0     0   -41.0   40.030  -99.641    344.2    899.0
     1     1    23     1    21    17     0     1   -42.0   40.147  -99.651    393.2    891.9
     1     1    23     1    21    16     0     2   -43.0   40.272  -99.666    437.4    885.7
     1     1    23     1    21    15     0     3   -44.0   40.400  -99.683    472.9    880.4
     1     1    23     1    21    14     0     2   -45.0   40.519  -99.707    503.1    876.4
     1     1    23     1    21    13     0     1   -46.0   40.624  -99.750    537.1    871.9
     1     1    23     1    21    12     0     0   -47.0   40.719  -99.820    582.7    866.0
     1     1    23     1    21    11     0     1   -48.0   40.797  -99.916    626.2    858.0
     1     1    23     1    21    10     0     2   -49.0   40.838 -100.031    644.4    854.1
     1     1    23     1    21     9     0     3   -50.0   40.838 -100.165    642.7    853.7
     1     1    23     1    21     8     0     2   -51.0   40.813 -100.304    643.0    853.3
     1     1    23     1    21     7     0     1   -52.0   40.782 -100.437    644.5    850.7
     1     1    23     1    21     6     0     0   -53.0   40.747 -100.563    633.9    849.6
     1     1    23     1    21     5     0     1   -54.0   40.711 -100.672    622.1    851.4
     1     1    23     1    21     4     0     2   -55.0   40.673 -100.755    623.2    850.0
     1     1    23     1    21     3     0     3   -56.0   40.628 -100.813    635.9    847.8
     1     1    23     1    21     2     0     2   -57.0   40.588 -100.853    650.3    844.3
     1     1    23     1    21     1     0     1   -58.0   40.566 -100.878    655.7    843.1
     1     1    23     1    21     0     0     0   -59.0   40.561 -100.887    650.7    843.3
     1     1    23     1    20    23     0     1   -60.0   40.562 -100.898    637.9    845.1
     1     1    23     1    20    22     0     2   -61.0   40.558 -100.926    620.5    846.7
     1     1    23     1    20    21     0     3   -62.0   40.549 -100.972    598.0    848.4
     1     1    23     1    20    20     0     2   -63.0   40.541 -101.027    577.5    850.8
     1     1    23     1    20    19     0     1   -64.0   40.539 -101.084    567.6    851.4
     1     1    23     1    20    18     0     0   -65.0   40.543 -101.141    567.7    850.8
     1     1    23     1    20    17     0     1   -66.0   40.559 -101.197    580.9    848.7
     1     1    23     1    20    16     0     2   -67.0   40.592 -101.244    609.1    844.6
     1     1    23     1    20    15     0     3   -68.0   40.643 -101.281    647.9    839.1
     1     1    23     1    20    14     0     2   -69.0   40.718 -101.317    683.8    833.0
     1     1    23     1    20    13     0     1   -70.0   40.820 -101.361    706.6    829.3
     1     1    23     1    20    12     0     0   -71.0   40.954 -101.414    716.5    826.6
     1     1    23     1    20    11     0     1   -72.0   41.113 -101.486    721.8    824.4
     1     1    23     1    20    10     0     2   -73.0   41.283 -101.591    730.6    820.1
     1     1    23     1    20     9     0     3   -74.0   41.462 -101.723    738.7    814.9
     1     1    23     1    20     8     0     2   -75.0   41.649 -101.872    749.4    810.0
     1     1    23     1    20     7     0     1   -76.0   41.842 -102.028    774.2    803.5
     1     1    23     1    20     6     0     0   -77.0   42.044 -102.190    813.1    797.6
     1     1    23     1    20     5     0     1   -78.0   42.260 -102.364    840.1    795.1
     1     1    23     1    20     4     0     2   -79.0   42.491 -102.554    833.8    799.6
     1     1    23     1    20     3     0     3   -80.0   42.732 -102.759    801.5    808.3
     1     1    23     1    20     2     0     2   -81.0   42.972 -102.978    736.4    819.8
     1     1    23     1    20     1     0     1   -82.0   43.213 -103.247    654.5    823.6
     1     1    23     1    20     0     0     0   -83.0   43.466 -103.574    631.4    806.7
     1     1    23     1    19    23     0     1   -84.0   43.744 -103.940    705.8    761.3
     1     1    23     1    19    22     0     2   -85.0   44.050 -104.319    847.2    738.6
     1     1    23     1    19    21     0     3   -86.0   44.339 -104.694    983.0    751.6
     1     1    23     1    19    20     0     2   -87.0   44.600 -105.067   1090.9    755.0
     1     1    23     1    19    19     0     1   -88.0   44.849 -105.440   1161.6    752.6
     1     1    23     1    19    18     0     0   -89.0   45.099 -105.805   1181.5    756.9
     1     1    23     1    19    17     0     1   -90.0   45.347 -106.155   1169.7    765.7
     1     1    23     1    19    16     0     2   -91.0   45.587 -106.514   1155.0    769.9
     1     1    23     1    19    15     0     3   -92.0   45.833 -106.902   1149.2    769.4
     1     1    23     1    19    14     0     2   -93.0   46.066 -107.297   1148.0    772.5
     1     1    23     1    19    13     0     1   -94.0   46.262 -107.681   1144.6    777.5
     1     1    23     1    19    12     0     0   -95.0   46.430 -108.059   1138.3    780.4
     1     1    23     1    19    11     0     1   -96.0   46.589 -108.450   1099.7    769.8
     1     1    23     1    19    10     0     2   -97.0   46.745 -108.885   1030.9    761.5
     1     1    23     1    19     9     0     3   -98.0   46.896 -109.337    941.3    760.5
     1     1    23     1    19     8     0     2   -99.0   47.032 -109.750    806.1    770.8
     1     1    23     1    19     7     0     1  -100.0   47.116 -110.144    672.5    785.8
     1     1    23     1    19     6     0     0  -101.0   47.125 -110.560    635.0    776.7
     1     1    23     1    19     5     0     1  -102.0   47.090 -111.031    712.2    745.5
     1     1    23     1    19     4     0     2  -103.0   47.055 -111.520    848.3    748.1
     1     1    23     1    19     3     0     3  -104.0   47.015 -112.068    991.1    753.5
     1     1    23     1    19     2     0     2  -105.0   47.017 -112.672   1056.1    734.4
     1     1    23     1    19     1     0     1  -106.0   47.047 -113.238   1063.2    734.1
     1     1    23     1    19     0     0     0  -107.0   47.049 -113.731   1058.2    736.3
     1     1    23     1    18    23     0     1  -108.0   47.010 -114.153   1041.3    736.5
     1     1    23     1    18    22     0     2  -109.0   46.948 -114.545   1048.8    730.5
     1     1    23     1    18    21     0     3  -110.0   46.870 -114.953   1108.2    719.5
     1     1    23     1    18    20     0     2  -111.0   46.783 -115.366   1177.4    723.6
     1     1    23     1    18    19     0     1  -112.0   46.683 -115.733   1216.8    740.1
     1     1    23     1    18    18     0     0  -113.0   46.569 -116.042   1261.4    755.3
     1     1    23     1    18    17     0     1  -114.0   46.451 -116.328   1310.2    758.3
     1     1    23     1    18    16     0     2  -115.0   46.328 -116.619   1326.6    762.0
     1     1    23     1    18    15     0     3  -116.0   46.191 -116.909   1282.2    769.0
     1     1    23     1    18    14     0     2  -117.0   46.047 -117.178   1228.5    775.8
     1     1    23     1    18    13     0     1  -118.0   45.913 -117.450   1221.0    764.2
     1     1    23     1    18    12     0     0  -119.0   45.798 -117.728   1234.3    751.0
     1     1    23     1    18    11     0     1  -120.0   45.698 -118.004   1235.7    742.9
