     8     1
    GDAS    22    12    22     0     0
    GDAS    22    12    29     0     0
    GDAS    23     1     1     0     0
    GDAS    23     1     8     0     0
    GDAS    23     1    15     0     0
    GDAS    23     1    22     0     0
    GDAS    23     1    29     0     0
    GDAS    23     2     1     0     0
     1 BACKWARD OMEGA   
    23     1    19    13   32.716  -96.748  1000.0
     1 PRESSURE
     1     1    23     1    19    13     0     1     0.0   32.716  -96.748   1000.0    882.6
     1     1    23     1    19    12     0     0    -1.0   33.095  -97.319   1115.3    866.6
     1     1    23     1    19    11     0     1    -2.0   33.456  -97.940   1265.2    838.9
     1     1    23     1    19    10     0     2    -3.0   33.779  -98.593   1436.6    818.0
     1     1    23     1    19     9     0     3    -4.0   34.081  -99.281   1594.0    791.6
     1     1    23     1    19     8     0     2    -5.0   34.384  -99.948   1693.2    765.6
     1     1    23     1    19     7     0     1    -6.0   34.685 -100.609   1793.4    743.8
     1     1    23     1    19     6     0     0    -7.0   34.989 -101.305   1914.1    710.0
     1     1    23     1    19     5     0     1    -8.0   35.320 -101.960   2059.0    686.2
     1     1    23     1    19     4     0     2    -9.0   35.684 -102.533   2266.5    656.2
     1     1    23     1    19     3     0     3   -10.0   36.103 -103.027   2469.6    625.8
     1     1    23     1    19     2     0     2   -11.0   36.595 -103.485   2549.4    593.8
     1     1    23     1    19     1     0     1   -12.0   37.128 -103.914   2740.7    576.4
     1     1    23     1    19     0     0     0   -13.0   37.704 -104.286   2907.1    540.7
     1     1    23     1    18    23     0     1   -14.0   38.280 -104.600   2922.1    533.6
     1     1    23     1    18    22     0     2   -15.0   38.843 -104.767   2940.6    503.5
     1     1    23     1    18    21     0     3   -16.0   39.378 -104.810   2879.6    518.7
     1     1    23     1    18    20     0     2   -17.0   39.884 -104.812   2700.0    576.4
     1     1    23     1    18    19     0     1   -18.0   40.356 -104.759   2492.1    598.0
     1     1    23     1    18    18     0     0   -19.0   40.762 -104.582   2357.9    601.5
     1     1    23     1    18    17     0     1   -20.0   41.085 -104.319   2288.7    608.6
     1     1    23     1    18    16     0     2   -21.0   41.328 -104.032   2241.5    626.2
     1     1    23     1    18    15     0     3   -22.0   41.492 -103.747   2172.0    640.9
     1     1    23     1    18    14     0     2   -23.0   41.580 -103.452   2058.1    654.7
     1     1    23     1    18    13     0     1   -24.0   41.595 -103.127   1878.1    674.0
     1     1    23     1    18    12     0     0   -25.0   41.531 -102.763   1629.1    699.6
     1     1    23     1    18    11     0     1   -26.0   41.414 -102.361   1372.3    734.1
     1     1    23     1    18    10     0     2   -27.0   41.266 -101.936   1162.0    761.6
     1     1    23     1    18     9     0     3   -28.0   41.107 -101.487   1032.0    787.3
     1     1    23     1    18     8     0     2   -29.0   40.933 -101.025   1027.6    798.0
     1     1    23     1    18     7     0     1   -30.0   40.721 -100.614   1064.0    791.5
     1     1    23     1    18     6     0     0   -31.0   40.496 -100.267   1046.7    800.6
     1     1    23     1    18     5     0     1   -32.0   40.281  -99.943    995.7    813.8
     1     1    23     1    18     4     0     2   -33.0   40.087  -99.620    931.6    828.0
     1     1    23     1    18     3     0     3   -34.0   39.934  -99.308    861.9    840.3
     1     1    23     1    18     2     0     2   -35.0   39.829  -99.018    791.8    853.7
     1     1    23     1    18     1     0     1   -36.0   39.762  -98.763    739.0    862.9
     1     1    23     1    18     0     0     0   -37.0   39.727  -98.547    699.3    869.2
     1     1    23     1    17    23     0     1   -38.0   39.713  -98.372    669.0    874.7
     1     1    23     1    17    22     0     2   -39.0   39.711  -98.239    654.5    878.2
     1     1    23     1    17    21     0     3   -40.0   39.713  -98.154    662.6    878.3
     1     1    23     1    17    20     0     2   -41.0   39.715  -98.110    680.7    875.4
     1     1    23     1    17    19     0     1   -42.0   39.721  -98.098    693.5    874.4
     1     1    23     1    17    18     0     0   -43.0   39.730  -98.114    700.2    873.7
     1     1    23     1    17    17     0     1   -44.0   39.757  -98.155    701.0    872.9
     1     1    23     1    17    16     0     2   -45.0   39.816  -98.222    698.2    872.1
     1     1    23     1    17    15     0     3   -46.0   39.909  -98.316    695.1    870.9
     1     1    23     1    17    14     0     2   -47.0   40.026  -98.444    703.5    868.5
     1     1    23     1    17    13     0     1   -48.0   40.153  -98.616    730.8    861.7
     1     1    23     1    17    12     0     0   -49.0   40.280  -98.828    769.1    852.9
     1     1    23     1    17    11     0     1   -50.0   40.405  -99.066    806.7    844.1
     1     1    23     1    17    10     0     2   -51.0   40.537  -99.324    839.4    836.2
     1     1    23     1    17     9     0     3   -52.0   40.683  -99.610    866.8    828.1
     1     1    23     1    17     8     0     2   -53.0   40.843  -99.921    899.5    820.6
     1     1    23     1    17     7     0     1   -54.0   41.014 -100.254    961.1    809.7
     1     1    23     1    17     6     0     0   -55.0   41.199 -100.615   1074.4    793.8
     1     1    23     1    17     5     0     1   -56.0   41.395 -101.022   1214.6    769.6
     1     1    23     1    17     4     0     2   -57.0   41.589 -101.472   1328.0    747.6
     1     1    23     1    17     3     0     3   -58.0   41.797 -101.940   1375.2    731.3
     1     1    23     1    17     2     0     2   -59.0   41.996 -102.409   1381.9    729.6
     1     1    23     1    17     1     0     1   -60.0   42.176 -102.893   1403.0    729.6
     1     1    23     1    17     0     0     0   -61.0   42.358 -103.389   1448.8    725.9
     1     1    23     1    16    23     0     1   -62.0   42.512 -103.885   1503.2    715.3
     1     1    23     1    16    22     0     2   -63.0   42.635 -104.370   1483.7    702.1
     1     1    23     1    16    21     0     3   -64.0   42.745 -104.832   1371.8    708.1
     1     1    23     1    16    20     0     2   -65.0   42.837 -105.270   1268.8    712.1
     1     1    23     1    16    19     0     1   -66.0   42.913 -105.694   1222.1    706.2
     1     1    23     1    16    18     0     0   -67.0   42.996 -106.079   1206.1    699.3
     1     1    23     1    16    17     0     1   -68.0   43.103 -106.430   1190.5    695.9
     1     1    23     1    16    16     0     2   -69.0   43.237 -106.756   1164.7    687.2
     1     1    23     1    16    15     0     3   -70.0   43.383 -107.026   1149.9    676.5
     1     1    23     1    16    14     0     2   -71.0   43.522 -107.243   1163.5    679.8
     1     1    23     1    16    13     0     1   -72.0   43.654 -107.432   1180.5    686.1
     1     1    23     1    16    12     0     0   -73.0   43.795 -107.608   1190.5    696.8
     1     1    23     1    16    11     0     1   -74.0   43.941 -107.760   1179.3    710.9
     1     1    23     1    16    10     0     2   -75.0   44.090 -107.871   1136.9    722.9
     1     1    23     1    16     9     0     3   -76.0   44.237 -107.935   1086.1    727.0
     1     1    23     1    16     8     0     2   -77.0   44.373 -107.964   1083.1    724.0
     1     1    23     1    16     7     0     1   -78.0   44.498 -107.961   1153.8    709.5
     1     1    23     1    16     6     0     0   -79.0   44.622 -107.903   1273.9    690.4
     1     1    23     1    16     5     0     1   -80.0   44.752 -107.782   1400.2    674.0
     1     1    23     1    16     4     0     2   -81.0   44.889 -107.627   1480.2    668.3
     1     1    23     1    16     3     0     3   -82.0   45.044 -107.467   1493.6    679.0
     1     1    23     1    16     2     0     2   -83.0   45.206 -107.311   1443.5    701.1
     1     1    23     1    16     1     0     1   -84.0   45.357 -107.151   1348.4    724.0
     1     1    23     1    16     0     0     0   -85.0   45.495 -106.966   1230.9    744.8
     1     1    23     1    15    23     0     1   -86.0   45.594 -106.748   1118.4    761.7
     1     1    23     1    15    22     0     2   -87.0   45.637 -106.510   1018.4    774.5
     1     1    23     1    15    21     0     3   -88.0   45.637 -106.261    917.3    786.7
     1     1    23     1    15    20     0     2   -89.0   45.615 -106.013    835.7    800.9
     1     1    23     1    15    19     0     1   -90.0   45.586 -105.782    791.7    803.5
     1     1    23     1    15    18     0     0   -91.0   45.552 -105.576    780.9    803.3
     1     1    23     1    15    17     0     1   -92.0   45.514 -105.401    790.1    799.7
     1     1    23     1    15    16     0     2   -93.0   45.479 -105.257    807.1    796.9
     1     1    23     1    15    15     0     3   -94.0   45.459 -105.133    830.9    793.8
     1     1    23     1    15    14     0     2   -95.0   45.452 -105.037    864.9    790.7
     1     1    23     1    15    13     0     1   -96.0   45.450 -104.973    911.7    786.2
     1     1    23     1    15    12     0     0   -97.0   45.451 -104.942    971.3    780.9
     1     1    23     1    15    11     0     1   -98.0   45.449 -104.956   1027.6    774.0
     1     1    23     1    15    10     0     2   -99.0   45.435 -105.016   1062.0    770.2
     1     1    23     1    15     9     0     3  -100.0   45.404 -105.115   1075.7    768.9
     1     1    23     1    15     8     0     2  -101.0   45.373 -105.238   1096.7    769.0
     1     1    23     1    15     7     0     1  -102.0   45.359 -105.392   1142.1    764.5
     1     1    23     1    15     6     0     0  -103.0   45.349 -105.583   1196.1    758.7
     1     1    23     1    15     5     0     1  -104.0   45.341 -105.805   1230.1    754.1
     1     1    23     1    15     4     0     2  -105.0   45.344 -106.056   1232.5    754.6
     1     1    23     1    15     3     0     3  -106.0   45.357 -106.347   1225.5    754.4
     1     1    23     1    15     2     0     2  -107.0   45.362 -106.672   1223.8    751.3
     1     1    23     1    15     1     0     1  -108.0   45.345 -107.022   1212.7    747.2
     1     1    23     1    15     0     0     0  -109.0   45.294 -107.428   1216.6    730.8
     1     1    23     1    14    23     0     1  -110.0   45.201 -107.929   1296.9    693.6
     1     1    23     1    14    22     0     2  -111.0   45.096 -108.452   1476.5    685.0
     1     1    23     1    14    21     0     3  -112.0   45.016 -108.924   1705.7    685.9
     1     1    23     1    14    20     0     2  -113.0   44.943 -109.455   1837.4    623.2
     1     1    23     1    14    19     0     1  -114.0   44.803 -110.106   1952.4    567.4
     1     1    23     1    14    18     0     0  -115.0   44.598 -110.742   2097.1    563.7
     1     1    23     1    14    17     0     1  -116.0   44.372 -111.299   2118.5    589.7
     1     1    23     1    14    16     0     2  -117.0   44.150 -111.804   2099.4    625.2
     1     1    23     1    14    15     0     3  -118.0   43.940 -112.296   2114.4    631.2
     1     1    23     1    14    14     0     2  -119.0   43.740 -112.801   2196.9    612.8
     1     1    23     1    14    13     0     1  -120.0   43.561 -113.318   2303.6    602.2
