     8     1
    GDAS    22    12    22     0     0
    GDAS    22    12    29     0     0
    GDAS    23     1     1     0     0
    GDAS    23     1     8     0     0
    GDAS    23     1    15     0     0
    GDAS    23     1    22     0     0
    GDAS    23     1    29     0     0
    GDAS    23     2     1     0     0
     1 BACKWARD OMEGA   
    23     1     1    14   32.716  -96.748  1500.0
     1 PRESSURE
     1     1    23     1     1    14     0     2     0.0   32.716  -96.748   1500.0    832.1
     1     1    23     1     1    13     0     1    -1.0   32.407  -97.202   1515.3    825.0
     1     1    23     1     1    12     0     0    -2.0   32.136  -97.677   1552.3    814.4
     1     1    23     1     1    11     0     1    -3.0   31.889  -98.176   1613.6    800.4
     1     1    23     1     1    10     0     2    -4.0   31.676  -98.665   1682.9    786.8
     1     1    23     1     1     9     0     3    -5.0   31.491  -99.149   1762.4    771.9
     1     1    23     1     1     8     0     2    -6.0   31.317  -99.642   1856.4    757.3
     1     1    23     1     1     7     0     1    -7.0   31.163 -100.154   2010.0    740.2
     1     1    23     1     1     6     0     0    -8.0   31.046 -100.706   2190.4    712.9
     1     1    23     1     1     5     0     1    -9.0   30.955 -101.268   2307.0    695.7
     1     1    23     1     1     4     0     2   -10.0   30.863 -101.781   2318.3    696.9
     1     1    23     1     1     3     0     3   -11.0   30.779 -102.261   2262.2    703.1
     1     1    23     1     1     2     0     2   -12.0   30.726 -102.743   2207.8    702.6
     1     1    23     1     1     1     0     1   -13.0   30.721 -103.230   2159.9    692.0
     1     1    23     1     1     0     0     0   -14.0   30.753 -103.698   2050.8    682.6
     1     1    22    12    31    23     0     1   -15.0   30.804 -104.163   1973.2    685.6
     1     1    22    12    31    22     0     2   -16.0   30.868 -104.692   1951.7    681.0
     1     1    22    12    31    21     0     3   -17.0   30.920 -105.284   1924.9    674.5
     1     1    22    12    31    20     0     2   -18.0   30.967 -105.857   1888.2    676.5
     1     1    22    12    31    19     0     1   -19.0   31.021 -106.400   1874.6    685.7
     1     1    22    12    31    18     0     0   -20.0   31.072 -106.892   1882.1    696.4
     1     1    22    12    31    17     0     1   -21.0   31.133 -107.347   1884.3    693.0
     1     1    22    12    31    16     0     2   -22.0   31.218 -107.814   1860.1    689.4
     1     1    22    12    31    15     0     3   -23.0   31.322 -108.310   1853.3    685.4
     1     1    22    12    31    14     0     2   -24.0   31.472 -108.842   1962.0    671.6
     1     1    22    12    31    13     0     1   -25.0   31.651 -109.390   2120.0    652.7
     1     1    22    12    31    12     0     0   -26.0   31.830 -109.897   2175.3    648.9
     1     1    22    12    31    11     0     1   -27.0   32.014 -110.376   2155.7    672.9
     1     1    22    12    31    10     0     2   -28.0   32.182 -110.842   2113.8    700.1
     1     1    22    12    31     9     0     3   -29.0   32.304 -111.267   2067.4    718.8
     1     1    22    12    31     8     0     2   -30.0   32.394 -111.648   2031.4    734.9
     1     1    22    12    31     7     0     1   -31.0   32.465 -112.004   2008.6    748.7
     1     1    22    12    31     6     0     0   -32.0   32.508 -112.338   1983.7    758.6
     1     1    22    12    31     5     0     1   -33.0   32.535 -112.640   1965.5    768.1
     1     1    22    12    31     4     0     2   -34.0   32.549 -112.908   1965.4    773.9
     1     1    22    12    31     3     0     3   -35.0   32.551 -113.158   1987.3    774.9
     1     1    22    12    31     2     0     2   -36.0   32.566 -113.403   2023.9    771.0
     1     1    22    12    31     1     0     1   -37.0   32.600 -113.643   2061.8    767.6
     1     1    22    12    31     0     0     0   -38.0   32.630 -113.870   2092.2    764.1
     1     1    22    12    30    23     0     1   -39.0   32.656 -114.084   2119.2    763.1
     1     1    22    12    30    22     0     2   -40.0   32.694 -114.291   2147.5    762.1
     1     1    22    12    30    21     0     3   -41.0   32.743 -114.491   2174.6    761.3
     1     1    22    12    30    20     0     2   -42.0   32.800 -114.676   2202.1    760.3
     1     1    22    12    30    19     0     1   -43.0   32.860 -114.835   2240.1    758.8
     1     1    22    12    30    18     0     0   -44.0   32.920 -114.966   2304.7    754.1
     1     1    22    12    30    17     0     1   -45.0   32.994 -115.093   2368.6    744.5
     1     1    22    12    30    16     0     2   -46.0   33.089 -115.238   2403.7    740.0
     1     1    22    12    30    15     0     3   -47.0   33.218 -115.434   2418.3    734.5
     1     1    22    12    30    14     0     2   -48.0   33.391 -115.705   2421.0    722.0
     1     1    22    12    30    13     0     1   -49.0   33.616 -116.058   2403.7    698.6
     1     1    22    12    30    12     0     0   -50.0   33.894 -116.457   2407.2    676.8
     1     1    22    12    30    11     0     1   -51.0   34.222 -116.856   2485.4    667.8
     1     1    22    12    30    10     0     2   -52.0   34.589 -117.287   2581.4    672.8
     1     1    22    12    30     9     0     3   -53.0   34.990 -117.823   2652.9    673.4
     1     1    22    12    30     8     0     2   -54.0   35.419 -118.426   2778.1    657.0
     1     1    22    12    30     7     0     1   -55.0   35.779 -119.023   3060.8    677.4
     1     1    22    12    30     6     0     0   -56.0   36.080 -119.629   3227.2    656.4
     1     1    22    12    30     5     0     1   -57.0   36.318 -120.227   3167.0    669.2
     1     1    22    12    30     4     0     2   -58.0   36.516 -120.835   3023.6    682.4
     1     1    22    12    30     3     0     3   -59.0   36.683 -121.469   2874.3    694.7
     1     1    22    12    30     2     0     2   -60.0   36.792 -122.068   2587.8    722.2
     1     1    22    12    30     1     0     1   -61.0   36.843 -122.582   2304.4    772.1
     1     1    22    12    30     0     0     0   -62.0   36.866 -123.075   2161.2    783.2
     1     1    22    12    29    23     0     1   -63.0   36.902 -123.575   2077.0    790.7
     1     1    22    12    29    22     0     2   -64.0   36.977 -124.078   1984.1    793.7
     1     1    22    12    29    21     0     3   -65.0   37.039 -124.549   1882.2    810.4
     1     1    22    12    29    20     0     2   -66.0   37.097 -125.020   1834.5    815.0
     1     1    22    12    29    19     0     1   -67.0   37.187 -125.508   1802.4    814.3
     1     1    22    12    29    18     0     0   -68.0   37.314 -125.974   1772.6    819.9
     1     1    22    12    29    17     0     1   -69.0   37.475 -126.443   1762.6    819.5
     1     1    22    12    29    16     0     2   -70.0   37.669 -126.959   1765.6    818.4
     1     1    22    12    29    15     0     3   -71.0   37.902 -127.515   1775.8    816.3
     1     1    22    12    29    14     0     2   -72.0   38.147 -128.102   1810.1    814.5
     1     1    22    12    29    13     0     1   -73.0   38.379 -128.741   1907.2    806.6
     1     1    22    12    29    12     0     0   -74.0   38.583 -129.468   2008.4    789.3
     1     1    22    12    29    11     0     1   -75.0   38.765 -130.293   1984.5    794.3
     1     1    22    12    29    10     0     2   -76.0   38.917 -131.113   1926.5    799.6
     1     1    22    12    29     9     0     3   -77.0   39.029 -131.932   1832.3    809.2
     1     1    22    12    29     8     0     2   -78.0   39.116 -132.786   1749.3    816.9
     1     1    22    12    29     7     0     1   -79.0   39.207 -133.628   1607.7    829.8
     1     1    22    12    29     6     0     0   -80.0   39.334 -134.414   1406.5    856.3
     1     1    22    12    29     5     0     1   -81.0   39.475 -135.191   1419.1    850.5
     1     1    22    12    29     4     0     2   -82.0   39.603 -135.998   1435.1    847.1
     1     1    22    12    29     3     0     3   -83.0   39.763 -136.840   1363.9    853.8
     1     1    22    12    29     2     0     2   -84.0   39.924 -137.709   1268.0    864.5
     1     1    22    12    29     1     0     1   -85.0   40.038 -138.606   1230.1    870.6
     1     1    22    12    29     0     0     0   -86.0   40.157 -139.562   1292.1    857.9
     1     1    22    12    28    23     0     1   -87.0   40.206 -140.536   1283.7    864.3
     1     1    22    12    28    22     0     2   -88.0   40.214 -141.529   1332.7    853.9
     1     1    22    12    28    21     0     3   -89.0   40.248 -142.524   1279.4    864.9
     1     1    22    12    28    20     0     2   -90.0   40.214 -143.546   1216.6    866.8
     1     1    22    12    28    19     0     1   -91.0   40.149 -144.562   1069.6    886.9
     1     1    22    12    28    18     0     0   -92.0   40.116 -145.622   1055.2    888.1
     1     1    22    12    28    17     0     1   -93.0   40.053 -146.647   1055.4    882.0
     1     1    22    12    28    16     0     2   -94.0   39.976 -147.687    968.3    898.3
     1     1    22    12    28    15     0     3   -95.0   39.882 -148.775   1135.8    879.8
     1     1    22    12    28    14     0     2   -96.0   39.765 -149.912   1280.6    856.3
     1     1    22    12    28    13     0     1   -97.0   39.553 -151.000   1236.3    867.6
     1     1    22    12    28    12     0     0   -98.0   39.310 -152.090   1254.8    860.6
     1     1    22    12    28    11     0     1   -99.0   39.038 -153.210   1205.8    870.0
     1     1    22    12    28    10     0     2  -100.0   38.724 -154.308   1236.8    866.3
     1     1    22    12    28     9     0     3  -101.0   38.410 -155.362   1208.0    870.1
     1     1    22    12    28     8     0     2  -102.0   38.083 -156.408   1332.9    855.7
     1     1    22    12    28     7     0     1  -103.0   37.728 -157.420   1433.0    848.5
     1     1    22    12    28     6     0     0  -104.0   37.391 -158.461   1646.4    826.8
     1     1    22    12    28     5     0     1  -105.0   37.075 -159.507   1842.9    803.3
     1     1    22    12    28     4     0     2  -106.0   36.748 -160.544   1908.6    803.2
     1     1    22    12    28     3     0     3  -107.0   36.427 -161.636   2139.0    772.6
     1     1    22    12    28     2     0     2  -108.0   36.121 -162.770   2280.3    770.5
     1     1    22    12    28     1     0     1  -109.0   35.774 -163.956   2572.1    729.7
     1     1    22    12    28     0     0     0  -110.0   35.374 -165.116   2596.4    734.4
     1     1    22    12    27    23     0     1  -111.0   34.961 -166.260   2581.2    734.2
     1     1    22    12    27    22     0     2  -112.0   34.566 -167.414   2547.7    739.5
     1     1    22    12    27    21     0     3  -113.0   34.157 -168.552   2422.2    749.3
     1     1    22    12    27    20     0     2  -114.0   33.781 -169.666   2286.5    763.8
     1     1    22    12    27    19     0     1  -115.0   33.437 -170.751   2213.3    770.3
     1     1    22    12    27    18     0     0  -116.0   33.091 -171.859   2154.6    775.1
     1     1    22    12    27    17     0     1  -117.0   32.740 -172.952   2072.5    781.4
     1     1    22    12    27    16     0     2  -118.0   32.414 -174.024   2008.4    789.2
     1     1    22    12    27    15     0     3  -119.0   32.086 -175.113   1979.5    790.4
     1     1    22    12    27    14     0     2  -120.0   31.756 -176.188   1950.4    793.8
