     8     1
    GDAS    22    12    22     0     0
    GDAS    22    12    29     0     0
    GDAS    23     1     1     0     0
    GDAS    23     1     8     0     0
    GDAS    23     1    15     0     0
    GDAS    23     1    22     0     0
    GDAS    23     1    29     0     0
    GDAS    23     2     1     0     0
     1 BACKWARD OMEGA   
    23     1    13    15   32.716  -96.748   100.0
     1 PRESSURE
     1     1    23     1    13    15     0     3     0.0   32.716  -96.748    100.0    997.7
     1     1    23     1    13    14     0     2    -1.0   32.893  -96.703    105.6    997.9
     1     1    23     1    13    13     0     1    -2.0   33.085  -96.667    113.5    996.5
     1     1    23     1    13    12     0     0    -3.0   33.287  -96.640    121.4    994.5
     1     1    23     1    13    11     0     1    -4.0   33.497  -96.627    130.6    992.8
     1     1    23     1    13    10     0     2    -5.0   33.720  -96.633    144.9    990.5
     1     1    23     1    13     9     0     3    -6.0   33.960  -96.658    171.4    986.2
     1     1    23     1    13     8     0     2    -7.0   34.236  -96.679    208.7    977.1
     1     1    23     1    13     7     0     1    -8.0   34.548  -96.676    240.9    968.9
     1     1    23     1    13     6     0     0    -9.0   34.902  -96.632    260.4    962.4
     1     1    23     1    13     5     0     1   -10.0   35.268  -96.581    268.8    962.4
     1     1    23     1    13     4     0     2   -11.0   35.615  -96.564    265.7    964.1
     1     1    23     1    13     3     0     3   -12.0   35.936  -96.565    245.7    967.5
     1     1    23     1    13     2     0     2   -13.0   36.236  -96.592    226.7    969.7
     1     1    23     1    13     1     0     1   -14.0   36.538  -96.664    223.4    966.8
     1     1    23     1    13     0     0     0   -15.0   36.846  -96.782    222.1    962.5
     1     1    23     1    12    23     0     1   -16.0   37.162  -96.926    224.2    960.0
     1     1    23     1    12    22     0     2   -17.0   37.496  -97.079    247.2    953.8
     1     1    23     1    12    21     0     3   -18.0   37.849  -97.233    288.2    943.9
     1     1    23     1    12    20     0     2   -19.0   38.209  -97.370    325.3    936.5
     1     1    23     1    12    19     0     1   -20.0   38.565  -97.481    342.7    934.7
     1     1    23     1    12    18     0     0   -21.0   38.918  -97.579    343.6    935.3
     1     1    23     1    12    17     0     1   -22.0   39.279  -97.681    342.8    934.2
     1     1    23     1    12    16     0     2   -23.0   39.658  -97.795    352.5    930.8
     1     1    23     1    12    15     0     3   -24.0   40.056  -97.917    364.9    926.0
     1     1    23     1    12    14     0     2   -25.0   40.481  -98.045    381.5    920.1
     1     1    23     1    12    13     0     1   -26.0   40.957  -98.187    405.3    910.7
     1     1    23     1    12    12     0     0   -27.0   41.471  -98.359    426.4    901.4
     1     1    23     1    12    11     0     1   -28.0   41.989  -98.568    444.9    892.4
     1     1    23     1    12    10     0     2   -29.0   42.472  -98.805    459.2    893.3
     1     1    23     1    12     9     0     3   -30.0   42.906  -99.065    467.4    895.5
     1     1    23     1    12     8     0     2   -31.0   43.298  -99.316    463.9    895.4
     1     1    23     1    12     7     0     1   -32.0   43.665  -99.533    448.0    901.5
     1     1    23     1    12     6     0     0   -33.0   44.019  -99.739    451.7    908.4
     1     1    23     1    12     5     0     1   -34.0   44.375  -99.933    488.6    900.2
     1     1    23     1    12     4     0     2   -35.0   44.742 -100.103    548.8    888.0
     1     1    23     1    12     3     0     3   -36.0   45.122 -100.269    631.1    875.9
     1     1    23     1    12     2     0     2   -37.0   45.513 -100.461    719.9    862.0
     1     1    23     1    12     1     0     1   -38.0   45.905 -100.693    795.3    851.3
     1     1    23     1    12     0     0     0   -39.0   46.283 -100.961    858.8    844.7
     1     1    23     1    11    23     0     1   -40.0   46.635 -101.263    913.2    838.1
     1     1    23     1    11    22     0     2   -41.0   46.957 -101.592    954.9    833.1
     1     1    23     1    11    21     0     3   -42.0   47.256 -101.938    992.5    827.5
     1     1    23     1    11    20     0     2   -43.0   47.542 -102.263   1033.2    820.3
     1     1    23     1    11    19     0     1   -44.0   47.826 -102.541   1069.2    816.1
     1     1    23     1    11    18     0     0   -45.0   48.117 -102.786   1089.3    815.1
     1     1    23     1    11    17     0     1   -46.0   48.419 -103.014   1094.1    816.6
     1     1    23     1    11    16     0     2   -47.0   48.729 -103.230   1102.5    817.5
     1     1    23     1    11    15     0     3   -48.0   49.039 -103.446   1132.3    814.1
     1     1    23     1    11    14     0     2   -49.0   49.346 -103.683   1162.6    806.9
     1     1    23     1    11    13     0     1   -50.0   49.641 -103.926   1173.4    807.5
     1     1    23     1    11    12     0     0   -51.0   49.913 -104.157   1182.3    808.9
     1     1    23     1    11    11     0     1   -52.0   50.170 -104.396   1189.9    808.2
     1     1    23     1    11    10     0     2   -53.0   50.416 -104.637   1189.5    809.1
     1     1    23     1    11     9     0     3   -54.0   50.637 -104.843   1181.1    811.6
     1     1    23     1    11     8     0     2   -55.0   50.828 -105.011   1172.2    814.8
     1     1    23     1    11     7     0     1   -56.0   51.002 -105.165   1168.9    815.3
     1     1    23     1    11     6     0     0   -57.0   51.168 -105.324   1172.9    813.7
     1     1    23     1    11     5     0     1   -58.0   51.342 -105.478   1187.1    812.2
     1     1    23     1    11     4     0     2   -59.0   51.536 -105.613   1217.9    809.2
     1     1    23     1    11     3     0     3   -60.0   51.751 -105.726   1266.3    804.4
     1     1    23     1    11     2     0     2   -61.0   51.977 -105.854   1307.2    798.7
     1     1    23     1    11     1     0     1   -62.0   52.200 -106.039   1325.7    798.7
     1     1    23     1    11     0     0     0   -63.0   52.415 -106.270   1332.0    798.9
     1     1    23     1    10    23     0     1   -64.0   52.603 -106.498   1343.5    797.1
     1     1    23     1    10    22     0     2   -65.0   52.761 -106.700   1362.0    792.2
     1     1    23     1    10    21     0     3   -66.0   52.897 -106.886   1373.2    787.6
     1     1    23     1    10    20     0     2   -67.0   53.027 -107.062   1381.6    785.9
     1     1    23     1    10    19     0     1   -68.0   53.165 -107.221   1401.1    785.2
     1     1    23     1    10    18     0     0   -69.0   53.308 -107.358   1435.3    782.8
     1     1    23     1    10    17     0     1   -70.0   53.453 -107.489   1478.5    778.6
     1     1    23     1    10    16     0     2   -71.0   53.596 -107.633   1519.7    774.7
     1     1    23     1    10    15     0     3   -72.0   53.737 -107.789   1551.1    772.0
     1     1    23     1    10    14     0     2   -73.0   53.864 -107.956   1558.4    770.9
     1     1    23     1    10    13     0     1   -74.0   53.967 -108.137   1536.8    774.2
     1     1    23     1    10    12     0     0   -75.0   54.050 -108.338   1495.3    778.8
     1     1    23     1    10    11     0     1   -76.0   54.122 -108.553   1456.6    784.1
     1     1    23     1    10    10     0     2   -77.0   54.186 -108.773   1443.0    784.5
     1     1    23     1    10     9     0     3   -78.0   54.237 -108.997   1461.4    781.6
     1     1    23     1    10     8     0     2   -79.0   54.275 -109.218   1491.4    773.5
     1     1    23     1    10     7     0     1   -80.0   54.300 -109.429   1508.0    769.3
     1     1    23     1    10     6     0     0   -81.0   54.313 -109.630   1503.8    767.4
     1     1    23     1    10     5     0     1   -82.0   54.324 -109.824   1493.2    768.6
     1     1    23     1    10     4     0     2   -83.0   54.344 -110.013   1501.6    767.1
     1     1    23     1    10     3     0     3   -84.0   54.372 -110.195   1530.2    763.5
     1     1    23     1    10     2     0     2   -85.0   54.415 -110.378   1565.2    759.4
     1     1    23     1    10     1     0     1   -86.0   54.478 -110.574   1603.7    756.0
     1     1    23     1    10     0     0     0   -87.0   54.562 -110.775   1656.0    751.4
     1     1    23     1     9    23     0     1   -88.0   54.654 -110.979   1701.2    744.7
     1     1    23     1     9    22     0     2   -89.0   54.741 -111.184   1711.4    744.4
     1     1    23     1     9    21     0     3   -90.0   54.825 -111.385   1686.5    748.1
     1     1    23     1     9    20     0     2   -91.0   54.923 -111.580   1659.3    755.0
     1     1    23     1     9    19     0     1   -92.0   55.048 -111.769   1660.4    756.5
     1     1    23     1     9    18     0     0   -93.0   55.200 -111.948   1696.1    753.7
     1     1    23     1     9    17     0     1   -94.0   55.355 -112.127   1752.9    746.3
     1     1    23     1     9    16     0     2   -95.0   55.498 -112.313   1815.4    740.2
     1     1    23     1     9    15     0     3   -96.0   55.634 -112.498   1872.8    733.8
     1     1    23     1     9    14     0     2   -97.0   55.773 -112.670   1911.3    730.1
     1     1    23     1     9    13     0     1   -98.0   55.921 -112.826   1939.7    729.3
     1     1    23     1     9    12     0     0   -99.0   56.080 -112.973   1985.3    727.7
     1     1    23     1     9    11     0     1  -100.0   56.224 -113.104   2049.0    721.4
     1     1    23     1     9    10     0     2  -101.0   56.344 -113.211   2119.3    715.4
     1     1    23     1     9     9     0     3  -102.0   56.446 -113.298   2196.0    708.7
     1     1    23     1     9     8     0     2  -103.0   56.529 -113.366   2265.1    701.3
     1     1    23     1     9     7     0     1  -104.0   56.587 -113.416   2309.2    696.9
     1     1    23     1     9     6     0     0  -105.0   56.627 -113.454   2321.9    695.7
     1     1    23     1     9     5     0     1  -106.0   56.655 -113.469   2318.9    697.8
     1     1    23     1     9     4     0     2  -107.0   56.676 -113.451   2322.6    698.2
     1     1    23     1     9     3     0     3  -108.0   56.688 -113.404   2342.5    697.2
     1     1    23     1     9     2     0     2  -109.0   56.689 -113.330   2386.0    694.0
     1     1    23     1     9     1     0     1  -110.0   56.679 -113.224   2455.3    688.6
     1     1    23     1     9     0     0     0  -111.0   56.664 -113.065   2552.3    680.9
     1     1    23     1     8    23     0     1  -112.0   56.634 -112.887   2638.7    670.7
     1     1    23     1     8    22     0     2  -113.0   56.582 -112.742   2668.5    668.4
     1     1    23     1     8    21     0     3  -114.0   56.516 -112.618   2644.2    671.0
     1     1    23     1     8    20     0     2  -115.0   56.440 -112.489   2603.0    677.1
     1     1    23     1     8    19     0     1  -116.0   56.356 -112.339   2579.9    678.4
     1     1    23     1     8    18     0     0  -117.0   56.263 -112.171   2578.6    677.3
     1     1    23     1     8    17     0     1  -118.0   56.144 -112.023   2587.1    672.8
     1     1    23     1     8    16     0     2  -119.0   55.987 -111.934   2585.6    669.9
     1     1    23     1     8    15     0     3  -120.0   55.795 -111.902   2567.4    672.3
