     8     1
    GDAS    22    12    22     0     0
    GDAS    22    12    29     0     0
    GDAS    23     1     1     0     0
    GDAS    23     1     8     0     0
    GDAS    23     1    15     0     0
    GDAS    23     1    22     0     0
    GDAS    23     1    29     0     0
    GDAS    23     2     1     0     0
     1 BACKWARD OMEGA   
    23     1    25    11   32.716  -96.748   132.0
     1 PRESSURE
     1     1    23     1    25    11     0     1     0.0   32.716  -96.748    132.0    980.5
     1     1    23     1    25    10     0     2    -1.0   32.923  -97.011    150.1    977.1
     1     1    23     1    25     9     0     3    -2.0   33.130  -97.279    161.5    969.9
     1     1    23     1    25     8     0     2    -3.0   33.345  -97.536    174.9    963.5
     1     1    23     1    25     7     0     1    -4.0   33.583  -97.764    189.7    958.1
     1     1    23     1    25     6     0     0    -5.0   33.849  -97.958    196.9    955.8
     1     1    23     1    25     5     0     1    -6.0   34.127  -98.114    206.3    955.4
     1     1    23     1    25     4     0     2    -7.0   34.408  -98.230    226.8    949.4
     1     1    23     1    25     3     0     3    -8.0   34.698  -98.305    249.7    943.0
     1     1    23     1    25     2     0     2    -9.0   34.994  -98.329    265.4    937.3
     1     1    23     1    25     1     0     1   -10.0   35.281  -98.298    269.8    935.7
     1     1    23     1    25     0     0     0   -11.0   35.550  -98.237    255.2    936.9
     1     1    23     1    24    23     0     1   -12.0   35.772  -98.162    221.6    942.7
     1     1    23     1    24    22     0     2   -13.0   35.930  -98.062    183.2    950.7
     1     1    23     1    24    21     0     3   -14.0   36.036  -97.928    151.6    957.7
     1     1    23     1    24    20     0     2   -15.0   36.116  -97.767    133.7    961.6
     1     1    23     1    24    19     0     1   -16.0   36.191  -97.597    127.8    963.8
     1     1    23     1    24    18     0     0   -17.0   36.261  -97.429    128.8    965.5
     1     1    23     1    24    17     0     1   -18.0   36.313  -97.290    126.4    966.2
     1     1    23     1    24    16     0     2   -19.0   36.337  -97.202    111.1    968.8
     1     1    23     1    24    15     0     3   -20.0   36.334  -97.160     87.2    972.5
     1     1    23     1    24    14     0     2   -21.0   36.316  -97.127     66.8    976.2
     1     1    23     1    24    13     0     1   -22.0   36.291  -97.065     52.1    977.8
     1     1    23     1    24    12     0     0   -23.0   36.259  -96.969     39.5    979.2
     1     1    23     1    24    11     0     1   -24.0   36.228  -96.861     30.4    982.3
     1     1    23     1    24    10     0     2   -25.0   36.202  -96.762     25.4    984.8
     1     1    23     1    24     9     0     3   -26.0   36.182  -96.671     22.9    987.1
     1     1    23     1    24     8     0     2   -27.0   36.155  -96.595     21.6    988.0
     1     1    23     1    24     7     0     1   -28.0   36.111  -96.539     20.8    988.8
     1     1    23     1    24     6     0     0   -29.0   36.050  -96.502     20.5    989.5
     1     1    23     1    24     5     0     1   -30.0   35.983  -96.465     20.4    990.0
     1     1    23     1    24     4     0     2   -31.0   35.924  -96.414     20.5    990.2
     1     1    23     1    24     3     0     3   -32.0   35.872  -96.352     20.6    990.6
     1     1    23     1    24     2     0     2   -33.0   35.833  -96.286     20.3    991.0
     1     1    23     1    24     1     0     1   -34.0   35.807  -96.224     19.0    991.5
     1     1    23     1    24     0     0     0   -35.0   35.794  -96.168     17.0    992.2
     1     1    23     1    23    23     0     1   -36.0   35.790  -96.128     15.3    993.8
     1     1    23     1    23    22     0     2   -37.0   35.789  -96.115     14.8    994.8
     1     1    23     1    23    21     0     3   -38.0   35.793  -96.128     15.5    995.4
     1     1    23     1    23    20     0     2   -39.0   35.796  -96.155     16.9    995.0
     1     1    23     1    23    19     0     1   -40.0   35.794  -96.186     18.3    994.5
     1     1    23     1    23    18     0     0   -41.0   35.785  -96.220     19.8    994.1
     1     1    23     1    23    17     0     1   -42.0   35.778  -96.244     20.8    993.6
     1     1    23     1    23    16     0     2   -43.0   35.782  -96.243     20.8    993.5
     1     1    23     1    23    15     0     3   -44.0   35.797  -96.217     19.8    993.8
     1     1    23     1    23    14     0     2   -45.0   35.820  -96.179     18.5    994.2
     1     1    23     1    23    13     0     1   -46.0   35.850  -96.146     17.5    994.5
     1     1    23     1    23    12     0     0   -47.0   35.886  -96.117     16.5    994.8
     1     1    23     1    23    11     0     1   -48.0   35.924  -96.100     15.4    994.0
     1     1    23     1    23    10     0     2   -49.0   35.960  -96.103     13.8    993.1
     1     1    23     1    23     9     0     3   -50.0   35.995  -96.123     12.0    992.0
     1     1    23     1    23     8     0     2   -51.0   36.028  -96.152     10.7    991.8
     1     1    23     1    23     7     0     1   -52.0   36.060  -96.181     10.0    991.3
     1     1    23     1    23     6     0     0   -53.0   36.090  -96.209      9.8    990.8
     1     1    23     1    23     5     0     1   -54.0   36.124  -96.230      9.7    990.3
     1     1    23     1    23     4     0     2   -55.0   36.164  -96.242      9.4    989.8
     1     1    23     1    23     3     0     3   -56.0   36.211  -96.244      9.0    989.4
     1     1    23     1    23     2     0     2   -57.0   36.271  -96.252      9.0    987.7
     1     1    23     1    23     1     0     1   -58.0   36.350  -96.274     10.0    985.8
     1     1    23     1    23     0     0     0   -59.0   36.445  -96.306     12.1    983.4
     1     1    23     1    22    23     0     1   -60.0   36.554  -96.352     15.8    981.4
     1     1    23     1    22    22     0     2   -61.0   36.674  -96.422     19.9    979.0
     1     1    23     1    22    21     0     3   -62.0   36.803  -96.515     22.5    976.4
     1     1    23     1    22    20     0     2   -63.0   36.936  -96.613     22.8    974.5
     1     1    23     1    22    19     0     1   -64.0   37.074  -96.699     22.2    972.8
     1     1    23     1    22    18     0     0   -65.0   37.213  -96.778     21.9    971.0
     1     1    23     1    22    17     0     1   -66.0   37.354  -96.850     22.8    968.7
     1     1    23     1    22    16     0     2   -67.0   37.499  -96.910     25.2    966.1
     1     1    23     1    22    15     0     3   -68.0   37.656  -96.954     30.1    963.0
     1     1    23     1    22    14     0     2   -69.0   37.827  -96.997     37.4    959.8
     1     1    23     1    22    13     0     1   -70.0   38.012  -97.059     46.9    957.1
     1     1    23     1    22    12     0     0   -71.0   38.198  -97.143     57.4    956.7
     1     1    23     1    22    11     0     1   -72.0   38.377  -97.238     66.4    955.9
     1     1    23     1    22    10     0     2   -73.0   38.547  -97.331     73.2    955.2
     1     1    23     1    22     9     0     3   -74.0   38.709  -97.426     77.7    954.6
     1     1    23     1    22     8     0     2   -75.0   38.861  -97.520     80.6    954.1
     1     1    23     1    22     7     0     1   -76.0   39.005  -97.609     82.1    953.6
     1     1    23     1    22     6     0     0   -77.0   39.138  -97.694     83.5    952.5
     1     1    23     1    22     5     0     1   -78.0   39.267  -97.770     86.6    951.5
     1     1    23     1    22     4     0     2   -79.0   39.400  -97.835     92.9    950.2
     1     1    23     1    22     3     0     3   -80.0   39.545  -97.887    105.1    948.5
     1     1    23     1    22     2     0     2   -81.0   39.702  -97.927    120.6    945.9
     1     1    23     1    22     1     0     1   -82.0   39.860  -97.957    132.8    944.6
     1     1    23     1    22     0     0     0   -83.0   40.011  -97.982    137.5    943.7
     1     1    23     1    21    23     0     1   -84.0   40.144  -98.006    141.7    943.2
     1     1    23     1    21    22     0     2   -85.0   40.260  -98.029    152.2    940.3
     1     1    23     1    21    21     0     3   -86.0   40.361  -98.054    164.9    937.4
     1     1    23     1    21    20     0     2   -87.0   40.445  -98.079    174.0    935.5
     1     1    23     1    21    19     0     1   -88.0   40.511  -98.100    177.6    935.3
     1     1    23     1    21    18     0     0   -89.0   40.560  -98.115    178.4    935.5
     1     1    23     1    21    17     0     1   -90.0   40.604  -98.136    181.5    935.2
     1     1    23     1    21    16     0     2   -91.0   40.655  -98.174    189.6    933.4
     1     1    23     1    21    15     0     3   -92.0   40.714  -98.227    200.6    930.9
     1     1    23     1    21    14     0     2   -93.0   40.775  -98.299    210.8    928.1
     1     1    23     1    21    13     0     1   -94.0   40.833  -98.391    218.8    925.7
     1     1    23     1    21    12     0     0   -95.0   40.887  -98.502    226.1    923.0
     1     1    23     1    21    11     0     1   -96.0   40.934  -98.617    234.2    920.6
     1     1    23     1    21    10     0     2   -97.0   40.971  -98.718    243.4    918.2
     1     1    23     1    21     9     0     3   -98.0   40.999  -98.806    253.6    916.2
     1     1    23     1    21     8     0     2   -99.0   41.025  -98.892    261.4    913.8
     1     1    23     1    21     7     0     1  -100.0   41.060  -98.992    263.9    912.3
     1     1    23     1    21     6     0     0  -101.0   41.101  -99.108    262.8    911.0
     1     1    23     1    21     5     0     1  -102.0   41.147  -99.220    256.3    909.6
     1     1    23     1    21     4     0     2  -103.0   41.199  -99.314    243.8    909.6
     1     1    23     1    21     3     0     3  -104.0   41.258  -99.391    228.9    910.1
     1     1    23     1    21     2     0     2  -105.0   41.333  -99.461    221.4    910.4
     1     1    23     1    21     1     0     1  -106.0   41.435  -99.532    227.5    908.2
     1     1    23     1    21     0     0     0  -107.0   41.564  -99.608    245.5    904.9
     1     1    23     1    20    23     0     1  -108.0   41.708  -99.714    268.7    900.2
     1     1    23     1    20    22     0     2  -109.0   41.852  -99.867    288.0    896.2
     1     1    23     1    20    21     0     3  -110.0   41.997 -100.062    300.1    892.3
     1     1    23     1    20    20     0     2  -111.0   42.132 -100.262    307.2    889.0
     1     1    23     1    20    19     0     1  -112.0   42.262 -100.443    313.0    885.5
     1     1    23     1    20    18     0     0  -113.0   42.398 -100.624    315.4    882.7
     1     1    23     1    20    17     0     1  -114.0   42.564 -100.821    317.6    879.4
     1     1    23     1    20    16     0     2  -115.0   42.783 -101.061    325.1    875.2
     1     1    23     1    20    15     0     3  -116.0   43.032 -101.338    329.1    872.0
     1     1    23     1    20    14     0     2  -117.0   43.257 -101.607    331.6    875.4
     1     1    23     1    20    13     0     1  -118.0   43.461 -101.870    349.0    875.9
     1     1    23     1    20    12     0     0  -119.0   43.666 -102.170    386.1    874.3
     1     1    23     1    20    11     0     1  -120.0   43.857 -102.482    417.2    869.8
