     8     1
    GDAS    22    12    22     0     0
    GDAS    22    12    29     0     0
    GDAS    23     1     1     0     0
    GDAS    23     1     8     0     0
    GDAS    23     1    15     0     0
    GDAS    23     1    22     0     0
    GDAS    23     1    29     0     0
    GDAS    23     2     1     0     0
     1 BACKWARD OMEGA   
    23     1    31    11   32.716  -96.748    10.0
     1 PRESSURE
     1     1    23     1    31    11     0     1     0.0   32.716  -96.748     10.0   1005.5
     1     1    23     1    31    10     0     2    -1.0   32.902  -96.718     12.7   1004.6
     1     1    23     1    31     9     0     3    -2.0   33.096  -96.676     16.5   1002.9
     1     1    23     1    31     8     0     2    -3.0   33.298  -96.632     21.2   1002.0
     1     1    23     1    31     7     0     1    -4.0   33.506  -96.595     26.6   1000.9
     1     1    23     1    31     6     0     0    -5.0   33.718  -96.565     33.1    999.7
     1     1    23     1    31     5     0     1    -6.0   33.932  -96.539     41.9    998.5
     1     1    23     1    31     4     0     2    -7.0   34.149  -96.508     54.2    996.4
     1     1    23     1    31     3     0     3    -8.0   34.372  -96.465     67.6    992.6
     1     1    23     1    31     2     0     2    -9.0   34.601  -96.409     78.0    989.0
     1     1    23     1    31     1     0     1   -10.0   34.825  -96.340     84.1    986.9
     1     1    23     1    31     0     0     0   -11.0   35.038  -96.263     87.7    986.1
     1     1    23     1    30    23     0     1   -12.0   35.242  -96.190     89.1    986.8
     1     1    23     1    30    22     0     2   -13.0   35.443  -96.126     89.9    987.7
     1     1    23     1    30    21     0     3   -14.0   35.641  -96.073     94.7    988.1
     1     1    23     1    30    20     0     2   -15.0   35.834  -96.018    108.1    988.4
     1     1    23     1    30    19     0     1   -16.0   36.030  -95.949    136.7    986.1
     1     1    23     1    30    18     0     0   -17.0   36.237  -95.865    183.5    978.2
     1     1    23     1    30    17     0     1   -18.0   36.461  -95.767    228.4    968.9
     1     1    23     1    30    16     0     2   -19.0   36.700  -95.651    254.6    964.7
     1     1    23     1    30    15     0     3   -20.0   36.950  -95.513    278.0    962.0
     1     1    23     1    30    14     0     2   -21.0   37.208  -95.364    302.5    956.4
     1     1    23     1    30    13     0     1   -22.0   37.469  -95.220    316.6    953.9
     1     1    23     1    30    12     0     0   -23.0   37.734  -95.081    315.6    953.8
     1     1    23     1    30    11     0     1   -24.0   38.000  -94.949    304.9    956.9
     1     1    23     1    30    10     0     2   -25.0   38.271  -94.828    296.8    959.2
     1     1    23     1    30     9     0     3   -26.0   38.549  -94.721    293.7    959.2
     1     1    23     1    30     8     0     2   -27.0   38.829  -94.624    288.3    959.0
     1     1    23     1    30     7     0     1   -28.0   39.108  -94.535    277.4    960.2
     1     1    23     1    30     6     0     0   -29.0   39.386  -94.458    265.7    962.3
     1     1    23     1    30     5     0     1   -30.0   39.661  -94.381    258.7    963.4
     1     1    23     1    30     4     0     2   -31.0   39.931  -94.295    257.6    963.5
     1     1    23     1    30     3     0     3   -32.0   40.197  -94.203    261.7    961.4
     1     1    23     1    30     2     0     2   -33.0   40.468  -94.120    272.8    957.6
     1     1    23     1    30     1     0     1   -34.0   40.750  -94.061    292.2    952.4
     1     1    23     1    30     0     0     0   -35.0   41.041  -94.021    319.9    946.5
     1     1    23     1    29    23     0     1   -36.0   41.327  -93.998    346.3    941.7
     1     1    23     1    29    22     0     2   -37.0   41.595  -93.993    364.9    939.8
     1     1    23     1    29    21     0     3   -38.0   41.837  -94.000    383.1    937.9
     1     1    23     1    29    20     0     2   -39.0   42.071  -94.013    402.7    935.7
     1     1    23     1    29    19     0     1   -40.0   42.316  -94.031    422.8    933.8
     1     1    23     1    29    18     0     0   -41.0   42.569  -94.052    445.3    931.2
     1     1    23     1    29    17     0     1   -42.0   42.830  -94.068    466.4    927.7
     1     1    23     1    29    16     0     2   -43.0   43.104  -94.080    477.5    926.1
     1     1    23     1    29    15     0     3   -44.0   43.383  -94.099    477.1    928.2
     1     1    23     1    29    14     0     2   -45.0   43.663  -94.132    478.5    930.4
     1     1    23     1    29    13     0     1   -46.0   43.943  -94.178    486.5    929.3
     1     1    23     1    29    12     0     0   -47.0   44.224  -94.238    494.1    927.5
     1     1    23     1    29    11     0     1   -48.0   44.500  -94.324    500.7    926.4
     1     1    23     1    29    10     0     2   -49.0   44.764  -94.440    510.6    925.2
     1     1    23     1    29     9     0     3   -50.0   45.012  -94.581    528.5    923.0
     1     1    23     1    29     8     0     2   -51.0   45.253  -94.737    551.2    915.8
     1     1    23     1    29     7     0     1   -52.0   45.497  -94.905    572.8    909.8
     1     1    23     1    29     6     0     0   -53.0   45.744  -95.084    587.2    905.7
     1     1    23     1    29     5     0     1   -54.0   45.986  -95.283    591.5    905.2
     1     1    23     1    29     4     0     2   -55.0   46.218  -95.501    593.5    905.6
     1     1    23     1    29     3     0     3   -56.0   46.456  -95.738    591.8    904.7
     1     1    23     1    29     2     0     2   -57.0   46.707  -96.002    584.8    906.0
     1     1    23     1    29     1     0     1   -58.0   46.953  -96.285    571.9    908.9
     1     1    23     1    29     0     0     0   -59.0   47.180  -96.570    550.2    916.9
     1     1    23     1    28    23     0     1   -60.0   47.384  -96.853    530.0    924.3
     1     1    23     1    28    22     0     2   -61.0   47.568  -97.143    518.4    924.9
     1     1    23     1    28    21     0     3   -62.0   47.743  -97.457    516.2    917.8
     1     1    23     1    28    20     0     2   -63.0   47.933  -97.810    527.8    908.2
     1     1    23     1    28    19     0     1   -64.0   48.143  -98.191    549.5    901.4
     1     1    23     1    28    18     0     0   -65.0   48.361  -98.561    570.3    899.6
     1     1    23     1    28    17     0     1   -66.0   48.590  -98.918    589.6    895.5
     1     1    23     1    28    16     0     2   -67.0   48.838  -99.278    622.7    886.6
     1     1    23     1    28    15     0     3   -68.0   49.113  -99.630    695.5    871.8
     1     1    23     1    28    14     0     2   -69.0   49.405  -99.980    766.0    855.9
     1     1    23     1    28    13     0     1   -70.0   49.705 -100.339    795.9    861.0
     1     1    23     1    28    12     0     0   -71.0   50.018 -100.708    813.9    866.0
     1     1    23     1    28    11     0     1   -72.0   50.338 -101.087    853.8    855.9
     1     1    23     1    28    10     0     2   -73.0   50.648 -101.461    909.1    842.4
     1     1    23     1    28     9     0     3   -74.0   50.950 -101.824    958.7    837.3
     1     1    23     1    28     8     0     2   -75.0   51.244 -102.160    977.0    835.1
     1     1    23     1    28     7     0     1   -76.0   51.536 -102.459    957.0    836.7
     1     1    23     1    28     6     0     0   -77.0   51.835 -102.724    919.3    839.9
     1     1    23     1    28     5     0     1   -78.0   52.152 -102.964    906.2    842.7
     1     1    23     1    28     4     0     2   -79.0   52.493 -103.192    950.2    841.4
     1     1    23     1    28     3     0     3   -80.0   52.849 -103.407   1037.7    835.0
     1     1    23     1    28     2     0     2   -81.0   53.217 -103.613   1117.3    828.7
     1     1    23     1    28     1     0     1   -82.0   53.598 -103.810   1149.1    828.7
     1     1    23     1    28     0     0     0   -83.0   53.996 -103.988   1156.7    829.7
     1     1    23     1    27    23     0     1   -84.0   54.402 -104.176   1170.2    826.4
     1     1    23     1    27    22     0     2   -85.0   54.803 -104.394   1185.6    824.9
     1     1    23     1    27    21     0     3   -86.0   55.195 -104.625   1186.9    827.4
     1     1    23     1    27    20     0     2   -87.0   55.577 -104.845   1180.3    828.1
     1     1    23     1    27    19     0     1   -88.0   55.952 -105.038   1172.1    826.2
     1     1    23     1    27    18     0     0   -89.0   56.321 -105.199   1154.8    822.0
     1     1    23     1    27    17     0     1   -90.0   56.692 -105.327   1133.7    819.8
     1     1    23     1    27    16     0     2   -91.0   57.083 -105.433   1119.9    817.9
     1     1    23     1    27    15     0     3   -92.0   57.498 -105.522   1124.6    819.4
     1     1    23     1    27    14     0     2   -93.0   57.930 -105.620   1150.2    818.4
     1     1    23     1    27    13     0     1   -94.0   58.365 -105.747   1183.4    822.2
     1     1    23     1    27    12     0     0   -95.0   58.790 -105.891   1217.9    829.2
     1     1    23     1    27    11     0     1   -96.0   59.199 -106.047   1247.4    825.0
     1     1    23     1    27    10     0     2   -97.0   59.590 -106.211   1258.1    814.1
     1     1    23     1    27     9     0     3   -98.0   59.965 -106.370   1253.5    807.8
     1     1    23     1    27     8     0     2   -99.0   60.333 -106.513   1251.1    809.8
     1     1    23     1    27     7     0     1  -100.0   60.705 -106.636   1251.2    809.2
     1     1    23     1    27     6     0     0  -101.0   61.082 -106.728   1239.8    810.1
     1     1    23     1    27     5     0     1  -102.0   61.462 -106.796   1227.1    814.8
     1     1    23     1    27     4     0     2  -103.0   61.851 -106.854   1225.2    816.8
     1     1    23     1    27     3     0     3  -104.0   62.249 -106.897   1228.2    817.0
     1     1    23     1    27     2     0     2  -105.0   62.647 -106.938   1232.7    816.3
     1     1    23     1    27     1     0     1  -106.0   63.045 -106.984   1235.6    815.3
     1     1    23     1    27     0     0     0  -107.0   63.449 -107.034   1240.0    815.1
     1     1    23     1    26    23     0     1  -108.0   63.853 -107.101   1249.3    813.3
     1     1    23     1    26    22     0     2  -109.0   64.250 -107.186   1257.8    813.2
     1     1    23     1    26    21     0     3  -110.0   64.641 -107.279   1261.5    815.2
     1     1    23     1    26    20     0     2  -111.0   65.026 -107.365   1264.1    817.5
     1     1    23     1    26    19     0     1  -112.0   65.406 -107.428   1268.2    815.5
     1     1    23     1    26    18     0     0  -113.0   65.777 -107.458   1274.4    813.0
     1     1    23     1    26    17     0     1  -114.0   66.145 -107.469   1281.8    815.6
     1     1    23     1    26    16     0     2  -115.0   66.517 -107.480   1289.3    827.0
     1     1    23     1    26    15     0     3  -116.0   66.894 -107.489   1297.8    839.0
     1     1    23     1    26    14     0     2  -117.0   67.274 -107.505   1302.8    842.5
     1     1    23     1    26    13     0     1  -118.0   67.654 -107.549   1302.0    844.3
     1     1    23     1    26    12     0     0  -119.0   68.029 -107.627   1294.0    846.6
     1     1    23     1    26    11     0     1  -120.0   68.387 -107.723   1268.6    848.2
