     8     1
    GDAS    22    12    22     0     0
    GDAS    22    12    29     0     0
    GDAS    23     1     1     0     0
    GDAS    23     1     8     0     0
    GDAS    23     1    15     0     0
    GDAS    23     1    22     0     0
    GDAS    23     1    29     0     0
    GDAS    23     2     1     0     0
     1 BACKWARD OMEGA   
    23     1    29    15   32.716  -96.748  1000.0
     1 PRESSURE
     1     1    23     1    29    15     0     3     0.0   32.716  -96.748   1000.0    885.3
     1     1    23     1    29    14     0     2    -1.0   32.692  -97.014    927.7    892.7
     1     1    23     1    29    13     0     1    -2.0   32.664  -97.286    893.9    892.6
     1     1    23     1    29    12     0     0    -3.0   32.607  -97.580    909.5    884.5
     1     1    23     1    29    11     0     1    -4.0   32.534  -97.898    929.2    872.6
     1     1    23     1    29    10     0     2    -5.0   32.461  -98.241    895.3    869.7
     1     1    23     1    29     9     0     3    -6.0   32.384  -98.616    772.1    876.8
     1     1    23     1    29     8     0     2    -7.0   32.286  -99.022    615.9    895.5
     1     1    23     1    29     7     0     1    -8.0   32.157  -99.435    530.2    901.3
     1     1    23     1    29     6     0     0    -9.0   31.994  -99.859    501.2    892.7
     1     1    23     1    29     5     0     1   -10.0   31.803 -100.274    511.2    887.1
     1     1    23     1    29     4     0     2   -11.0   31.605 -100.668    578.2    873.1
     1     1    23     1    29     3     0     3   -12.0   31.418 -101.066    671.8    854.7
     1     1    23     1    29     2     0     2   -13.0   31.257 -101.438    717.7    842.6
     1     1    23     1    29     1     0     1   -14.0   31.128 -101.739    661.0    846.3
     1     1    23     1    29     0     0     0   -15.0   31.044 -101.961    477.8    862.9
     1     1    23     1    28    23     0     1   -16.0   30.956 -102.108    275.5    894.5
     1     1    23     1    28    22     0     2   -17.0   30.885 -102.222    150.1    912.0
     1     1    23     1    28    21     0     3   -18.0   30.844 -102.343     86.4    914.2
     1     1    23     1    28    20     0     2   -19.0   30.802 -102.471     60.1    913.5
     1     1    23     1    28    19     0     1   -20.0   30.733 -102.599     58.7    910.6
     1     1    23     1    28    18     0     0   -21.0   30.647 -102.735     73.5    905.4
     1     1    23     1    28    17     0     1   -22.0   30.560 -102.879    103.0    896.5
     1     1    23     1    28    16     0     2   -23.0   30.471 -103.038    143.7    885.6
     1     1    23     1    28    15     0     3   -24.0   30.367 -103.201    190.0    871.6
     1     1    23     1    28    14     0     2   -25.0   30.246 -103.359    229.9    859.3
     1     1    23     1    28    13     0     1   -26.0   30.110 -103.516    252.4    849.1
     1     1    23     1    28    12     0     0   -27.0   29.964 -103.667    252.1    843.4
     1     1    23     1    28    11     0     1   -28.0   29.813 -103.808    258.7    841.9
     1     1    23     1    28    10     0     2   -29.0   29.648 -103.961    294.8    832.4
     1     1    23     1    28     9     0     3   -30.0   29.466 -104.126    347.0    825.6
     1     1    23     1    28     8     0     2   -31.0   29.279 -104.284    401.0    823.4
     1     1    23     1    28     7     0     1   -32.0   29.103 -104.425    446.1    821.3
     1     1    23     1    28     6     0     0   -33.0   28.948 -104.543    469.4    822.0
     1     1    23     1    28     5     0     1   -34.0   28.804 -104.628    483.5    824.1
     1     1    23     1    28     4     0     2   -35.0   28.651 -104.684    508.7    822.7
     1     1    23     1    28     3     0     3   -36.0   28.485 -104.713    545.3    818.6
     1     1    23     1    28     2     0     2   -37.0   28.316 -104.719    577.4    813.5
     1     1    23     1    28     1     0     1   -38.0   28.153 -104.708    595.7    810.8
     1     1    23     1    28     0     0     0   -39.0   27.995 -104.680    603.1    809.2
     1     1    23     1    27    23     0     1   -40.0   27.845 -104.654    615.4    808.6
     1     1    23     1    27    22     0     2   -41.0   27.707 -104.650    642.6    804.9
     1     1    23     1    27    21     0     3   -42.0   27.583 -104.662    680.8    800.1
     1     1    23     1    27    20     0     2   -43.0   27.469 -104.674    724.5    795.6
     1     1    23     1    27    19     0     1   -44.0   27.366 -104.673    766.4    791.4
     1     1    23     1    27    18     0     0   -45.0   27.271 -104.663    796.5    788.5
     1     1    23     1    27    17     0     1   -46.0   27.192 -104.639    811.1    787.1
     1     1    23     1    27    16     0     2   -47.0   27.137 -104.598    813.0    787.3
     1     1    23     1    27    15     0     3   -48.0   27.108 -104.540    804.5    788.9
     1     1    23     1    27    14     0     2   -49.0   27.093 -104.469    788.5    791.3
     1     1    23     1    27    13     0     1   -50.0   27.079 -104.389    767.2    794.2
     1     1    23     1    27    12     0     0   -51.0   27.067 -104.302    742.3    797.8
     1     1    23     1    27    11     0     1   -52.0   27.053 -104.214    709.9    802.0
     1     1    23     1    27    10     0     2   -53.0   27.036 -104.121    663.3    808.3
     1     1    23     1    27     9     0     3   -54.0   27.021 -104.013    601.7    816.8
     1     1    23     1    27     8     0     2   -55.0   27.014 -103.888    534.6    825.4
     1     1    23     1    27     7     0     1   -56.0   27.015 -103.746    470.9    833.0
     1     1    23     1    27     6     0     0   -57.0   27.022 -103.581    406.3    840.9
     1     1    23     1    27     5     0     1   -58.0   27.024 -103.394    336.4    849.1
     1     1    23     1    27     4     0     2   -59.0   27.011 -103.190    260.3    859.3
     1     1    23     1    27     3     0     3   -60.0   26.973 -102.977    187.1    870.9
     1     1    23     1    27     2     0     2   -61.0   26.937 -102.769    143.7    882.3
     1     1    23     1    27     1     0     1   -62.0   26.924 -102.566    129.1    886.5
     1     1    23     1    27     0     0     0   -63.0   26.929 -102.368    130.7    890.5
     1     1    23     1    26    23     0     1   -64.0   26.945 -102.181    139.7    894.3
     1     1    23     1    26    22     0     2   -65.0   26.968 -102.002    150.6    898.3
     1     1    23     1    26    21     0     3   -66.0   26.990 -101.822    160.0    903.2
     1     1    23     1    26    20     0     2   -67.0   27.010 -101.652    160.5    908.8
     1     1    23     1    26    19     0     1   -68.0   27.033 -101.508    146.0    915.8
     1     1    23     1    26    18     0     0   -69.0   27.059 -101.392    120.2    923.8
     1     1    23     1    26    17     0     1   -70.0   27.088 -101.301     96.4    930.4
     1     1    23     1    26    16     0     2   -71.0   27.113 -101.229     80.8    935.0
     1     1    23     1    26    15     0     3   -72.0   27.133 -101.170     70.8    938.7
     1     1    23     1    26    14     0     2   -73.0   27.152 -101.118     63.4    940.9
     1     1    23     1    26    13     0     1   -74.0   27.175 -101.065     57.0    943.4
     1     1    23     1    26    12     0     0   -75.0   27.205 -101.011     52.2    946.0
     1     1    23     1    26    11     0     1   -76.0   27.244 -100.958     47.4    949.3
     1     1    23     1    26    10     0     2   -77.0   27.295 -100.905     42.3    953.3
     1     1    23     1    26     9     0     3   -78.0   27.359 -100.852     38.4    957.5
     1     1    23     1    26     8     0     2   -79.0   27.430 -100.793     37.8    961.8
     1     1    23     1    26     7     0     1   -80.0   27.501 -100.727     40.1    965.6
     1     1    23     1    26     6     0     0   -81.0   27.577 -100.656     43.6    969.1
     1     1    23     1    26     5     0     1   -82.0   27.663 -100.576     50.0    973.2
     1     1    23     1    26     4     0     2   -83.0   27.770 -100.481     63.6    976.6
     1     1    23     1    26     3     0     3   -84.0   27.910 -100.370     90.8    977.8
     1     1    23     1    26     2     0     2   -85.0   28.101 -100.264    135.3    975.1
     1     1    23     1    26     1     0     1   -86.0   28.341 -100.198    186.9    969.2
     1     1    23     1    26     0     0     0   -87.0   28.620 -100.199    245.2    963.4
     1     1    23     1    25    23     0     1   -88.0   28.918 -100.276    314.6    954.4
     1     1    23     1    25    22     0     2   -89.0   29.206 -100.422    386.0    936.2
     1     1    23     1    25    21     0     3   -90.0   29.469 -100.625    458.8    917.8
     1     1    23     1    25    20     0     2   -91.0   29.716 -100.852    543.0    903.3
     1     1    23     1    25    19     0     1   -92.0   29.961 -101.079    642.7    887.8
     1     1    23     1    25    18     0     0   -93.0   30.207 -101.303    737.1    868.6
     1     1    23     1    25    17     0     1   -94.0   30.453 -101.532    799.4    853.3
     1     1    23     1    25    16     0     2   -95.0   30.701 -101.782    838.2    844.3
     1     1    23     1    25    15     0     3   -96.0   30.963 -102.057    896.8    834.0
     1     1    23     1    25    14     0     2   -97.0   31.227 -102.348    966.1    818.1
     1     1    23     1    25    13     0     1   -98.0   31.473 -102.632   1001.9    810.5
     1     1    23     1    25    12     0     0   -99.0   31.705 -102.911   1005.9    806.6
     1     1    23     1    25    11     0     1  -100.0   31.928 -103.183   1006.4    806.2
     1     1    23     1    25    10     0     2  -101.0   32.142 -103.436   1024.7    800.7
     1     1    23     1    25     9     0     3  -102.0   32.351 -103.662   1039.0    792.3
     1     1    23     1    25     8     0     2  -103.0   32.565 -103.855   1063.3    786.9
     1     1    23     1    25     7     0     1  -104.0   32.796 -104.025   1129.6    773.9
     1     1    23     1    25     6     0     0  -105.0   33.040 -104.195   1217.7    751.8
     1     1    23     1    25     5     0     1  -106.0   33.284 -104.373   1259.3    736.3
     1     1    23     1    25     4     0     2  -107.0   33.513 -104.544   1203.0    735.6
     1     1    23     1    25     3     0     3  -108.0   33.711 -104.671   1014.3    746.7
     1     1    23     1    25     2     0     2  -109.0   33.893 -104.718    800.5    776.9
     1     1    23     1    25     1     0     1  -110.0   34.092 -104.735    704.5    787.3
     1     1    23     1    25     0     0     0  -111.0   34.316 -104.761    717.3    779.2
     1     1    23     1    24    23     0     1  -112.0   34.558 -104.770    706.1    766.7
     1     1    23     1    24    22     0     2  -113.0   34.802 -104.717    577.8    776.9
     1     1    23     1    24    21     0     3  -114.0   35.052 -104.602    379.5    797.2
     1     1    23     1    24    20     0     2  -115.0   35.302 -104.469    250.7    812.8
     1     1    23     1    24    19     0     1  -116.0   35.558 -104.353    222.5    804.1
     1     1    23     1    24    18     0     0  -117.0   35.807 -104.257    207.3    798.1
     1     1    23     1    24    17     0     1  -118.0   36.027 -104.213    193.4    795.9
     1     1    23     1    24    16     0     2  -119.0   36.213 -104.258    203.9    786.8
     1     1    23     1    24    15     0     3  -120.0   36.358 -104.370    233.0    774.0
