     8     1
    GDAS    22    12    22     0     0
    GDAS    22    12    29     0     0
    GDAS    23     1     1     0     0
    GDAS    23     1     8     0     0
    GDAS    23     1    15     0     0
    GDAS    23     1    22     0     0
    GDAS    23     1    29     0     0
    GDAS    23     2     1     0     0
     1 BACKWARD OMEGA   
    23     1    11    14   32.716  -96.748    20.0
     1 PRESSURE
     1     1    23     1    11    14     0     2     0.0   32.716  -96.748     20.0    988.9
     1     1    23     1    11    13     0     1    -1.0   32.627  -96.888     20.5    988.4
     1     1    23     1    11    12     0     0    -2.0   32.543  -97.049     23.2    986.5
     1     1    23     1    11    11     0     1    -3.0   32.454  -97.229     28.2    982.1
     1     1    23     1    11    10     0     2    -4.0   32.357  -97.430     37.2    977.1
     1     1    23     1    11     9     0     3    -5.0   32.258  -97.662     53.7    971.2
     1     1    23     1    11     8     0     2    -6.0   32.157  -97.949     87.8    962.9
     1     1    23     1    11     7     0     1    -7.0   32.040  -98.328    151.0    951.2
     1     1    23     1    11     6     0     0    -8.0   31.902  -98.751    209.7    936.2
     1     1    23     1    11     5     0     1    -9.0   31.768  -99.183    223.6    926.7
     1     1    23     1    11     4     0     2   -10.0   31.657  -99.601    209.5    924.6
     1     1    23     1    11     3     0     3   -11.0   31.550 -100.013    201.7    920.0
     1     1    23     1    11     2     0     2   -12.0   31.434 -100.417    207.8    913.0
     1     1    23     1    11     1     0     1   -13.0   31.312 -100.795    188.5    905.1
     1     1    23     1    11     0     0     0   -14.0   31.185 -101.079    121.0    909.3
     1     1    23     1    10    23     0     1   -15.0   31.079 -101.279     72.3    920.6
     1     1    23     1    10    22     0     2   -16.0   31.006 -101.494     54.7    920.0
     1     1    23     1    10    21     0     3   -17.0   30.967 -101.740     51.6    920.3
     1     1    23     1    10    20     0     2   -18.0   30.949 -101.989     48.1    920.9
     1     1    23     1    10    19     0     1   -19.0   30.921 -102.208     38.8    920.7
     1     1    23     1    10    18     0     0   -20.0   30.867 -102.403     30.0    920.3
     1     1    23     1    10    17     0     1   -21.0   30.794 -102.580     27.6    917.5
     1     1    23     1    10    16     0     2   -22.0   30.712 -102.742     34.4    912.5
     1     1    23     1    10    15     0     3   -23.0   30.625 -102.895     50.8    905.8
     1     1    23     1    10    14     0     2   -24.0   30.538 -103.056     80.3    896.1
     1     1    23     1    10    13     0     1   -25.0   30.456 -103.234    136.1    883.5
     1     1    23     1    10    12     0     0   -26.0   30.375 -103.444    237.1    865.2
     1     1    23     1    10    11     0     1   -27.0   30.289 -103.681    373.4    840.8
     1     1    23     1    10    10     0     2   -28.0   30.204 -103.908    492.2    819.6
     1     1    23     1    10     9     0     3   -29.0   30.130 -104.105    569.8    808.8
     1     1    23     1    10     8     0     2   -30.0   30.071 -104.276    613.6    806.9
     1     1    23     1    10     7     0     1   -31.0   30.026 -104.434    642.2    806.0
     1     1    23     1    10     6     0     0   -32.0   29.994 -104.579    663.5    805.5
     1     1    23     1    10     5     0     1   -33.0   29.972 -104.721    696.2    805.2
     1     1    23     1    10     4     0     2   -34.0   29.964 -104.876    776.5    800.6
     1     1    23     1    10     3     0     3   -35.0   29.972 -105.057    947.5    786.5
     1     1    23     1    10     2     0     2   -36.0   29.981 -105.258   1130.8    757.8
     1     1    23     1    10     1     0     1   -37.0   29.976 -105.448   1221.8    746.2
     1     1    23     1    10     0     0     0   -38.0   29.960 -105.615   1201.7    745.1
     1     1    23     1     9    23     0     1   -39.0   29.945 -105.753   1146.3    756.6
     1     1    23     1     9    22     0     2   -40.0   29.941 -105.879   1166.9    754.5
     1     1    23     1     9    21     0     3   -41.0   29.948 -106.002   1299.2    742.3
     1     1    23     1     9    20     0     2   -42.0   29.969 -106.143   1463.0    718.2
     1     1    23     1     9    19     0     1   -43.0   29.993 -106.295   1539.3    710.3
     1     1    23     1     9    18     0     0   -44.0   30.022 -106.447   1530.7    711.6
     1     1    23     1     9    17     0     1   -45.0   30.047 -106.608   1495.5    718.1
     1     1    23     1     9    16     0     2   -46.0   30.064 -106.791   1465.0    718.9
     1     1    23     1     9    15     0     3   -47.0   30.072 -106.993   1417.4    721.3
     1     1    23     1     9    14     0     2   -48.0   30.070 -107.204   1378.8    719.3
     1     1    23     1     9    13     0     1   -49.0   30.068 -107.423   1389.1    708.1
     1     1    23     1     9    12     0     0   -50.0   30.077 -107.652   1433.9    694.0
     1     1    23     1     9    11     0     1   -51.0   30.094 -107.893   1533.4    678.6
     1     1    23     1     9    10     0     2   -52.0   30.103 -108.153   1712.8    665.1
     1     1    23     1     9     9     0     3   -53.0   30.097 -108.429   1917.3    655.6
     1     1    23     1     9     8     0     2   -54.0   30.082 -108.701   2079.3    651.8
     1     1    23     1     9     7     0     1   -55.0   30.036 -108.957   2213.7    655.2
     1     1    23     1     9     6     0     0   -56.0   29.954 -109.197   2386.5    653.2
     1     1    23     1     9     5     0     1   -57.0   29.863 -109.430   2577.2    641.3
     1     1    23     1     9     4     0     2   -58.0   29.779 -109.663   2705.2    637.3
     1     1    23     1     9     3     0     3   -59.0   29.689 -109.888   2741.0    642.7
     1     1    23     1     9     2     0     2   -60.0   29.574 -110.106   2756.9    658.0
     1     1    23     1     9     1     0     1   -61.0   29.445 -110.324   2815.9    665.1
     1     1    23     1     9     0     0     0   -62.0   29.307 -110.545   2916.0    670.0
     1     1    23     1     8    23     0     1   -63.0   29.149 -110.777   3013.3    673.5
     1     1    23     1     8    22     0     2   -64.0   28.958 -111.015   3048.9    685.7
     1     1    23     1     8    21     0     3   -65.0   28.756 -111.249   3017.9    695.0
     1     1    23     1     8    20     0     2   -66.0   28.563 -111.473   2994.2    704.8
     1     1    23     1     8    19     0     1   -67.0   28.377 -111.694   2989.6    707.5
     1     1    23     1     8    18     0     0   -68.0   28.192 -111.919   2957.1    712.2
     1     1    23     1     8    17     0     1   -69.0   28.006 -112.149   2890.8    716.1
     1     1    23     1     8    16     0     2   -70.0   27.819 -112.393   2828.7    714.4
     1     1    23     1     8    15     0     3   -71.0   27.636 -112.658   2779.0    712.5
     1     1    23     1     8    14     0     2   -72.0   27.460 -112.937   2732.7    713.6
     1     1    23     1     8    13     0     1   -73.0   27.290 -113.209   2701.6    724.3
     1     1    23     1     8    12     0     0   -74.0   27.125 -113.468   2660.7    734.0
     1     1    23     1     8    11     0     1   -75.0   26.955 -113.708   2612.2    744.4
     1     1    23     1     8    10     0     2   -76.0   26.776 -113.921   2582.2    749.4
     1     1    23     1     8     9     0     3   -77.0   26.583 -114.105   2570.6    750.4
     1     1    23     1     8     8     0     2   -78.0   26.386 -114.267   2557.1    750.7
     1     1    23     1     8     7     0     1   -79.0   26.195 -114.413   2527.9    753.8
     1     1    23     1     8     6     0     0   -80.0   26.010 -114.541   2483.9    758.2
     1     1    23     1     8     5     0     1   -81.0   25.844 -114.657   2453.8    763.6
     1     1    23     1     8     4     0     2   -82.0   25.705 -114.771   2454.5    762.2
     1     1    23     1     8     3     0     3   -83.0   25.588 -114.886   2463.1    760.2
     1     1    23     1     8     2     0     2   -84.0   25.488 -115.010   2459.8    759.3
     1     1    23     1     8     1     0     1   -85.0   25.399 -115.152   2443.8    761.2
     1     1    23     1     8     0     0     0   -86.0   25.319 -115.310   2429.0    762.7
     1     1    23     1     7    23     0     1   -87.0   25.237 -115.482   2422.4    763.5
     1     1    23     1     7    22     0     2   -88.0   25.142 -115.669   2421.9    763.4
     1     1    23     1     7    21     0     3   -89.0   25.035 -115.869   2423.2    763.2
     1     1    23     1     7    20     0     2   -90.0   24.922 -116.066   2425.1    763.6
     1     1    23     1     7    19     0     1   -91.0   24.807 -116.248   2430.7    764.0
     1     1    23     1     7    18     0     0   -92.0   24.686 -116.418   2442.4    763.4
     1     1    23     1     7    17     0     1   -93.0   24.568 -116.581   2466.1    761.5
     1     1    23     1     7    16     0     2   -94.0   24.460 -116.743   2506.2    757.4
     1     1    23     1     7    15     0     3   -95.0   24.362 -116.903   2561.7    752.1
     1     1    23     1     7    14     0     2   -96.0   24.272 -117.067   2625.7    745.3
     1     1    23     1     7    13     0     1   -97.0   24.190 -117.243   2684.4    739.2
     1     1    23     1     7    12     0     0   -98.0   24.114 -117.428   2729.3    734.5
     1     1    23     1     7    11     0     1   -99.0   24.042 -117.622   2759.8    732.0
     1     1    23     1     7    10     0     2  -100.0   23.970 -117.818   2779.7    730.7
     1     1    23     1     7     9     0     3  -101.0   23.900 -118.010   2798.2    729.8
     1     1    23     1     7     8     0     2  -102.0   23.831 -118.205   2819.2    728.1
     1     1    23     1     7     7     0     1  -103.0   23.764 -118.411   2839.6    726.4
     1     1    23     1     7     6     0     0  -104.0   23.708 -118.625   2854.8    725.2
     1     1    23     1     7     5     0     1  -105.0   23.662 -118.844   2879.4    724.2
     1     1    23     1     7     4     0     2  -106.0   23.618 -119.076   2925.8    719.5
     1     1    23     1     7     3     0     3  -107.0   23.572 -119.327   2984.7    713.6
     1     1    23     1     7     2     0     2  -108.0   23.522 -119.597   3046.3    707.6
     1     1    23     1     7     1     0     1  -109.0   23.466 -119.881   3107.4    702.2
     1     1    23     1     7     0     0     0  -110.0   23.404 -120.180   3161.8    696.6
     1     1    23     1     6    23     0     1  -111.0   23.331 -120.484   3197.1    693.6
     1     1    23     1     6    22     0     2  -112.0   23.249 -120.788   3225.0    692.8
     1     1    23     1     6    21     0     3  -113.0   23.153 -121.099   3273.9    690.1
     1     1    23     1     6    20     0     2  -114.0   23.059 -121.418   3325.1    683.5
     1     1    23     1     6    19     0     1  -115.0   22.986 -121.732   3347.0    682.2
     1     1    23     1     6    18     0     0  -116.0   22.925 -122.043   3343.2    683.3
     1     1    23     1     6    17     0     1  -117.0   22.868 -122.359   3332.7    685.0
     1     1    23     1     6    16     0     2  -118.0   22.807 -122.690   3313.4    684.9
     1     1    23     1     6    15     0     3  -119.0   22.747 -123.035   3263.5    688.0
     1     1    23     1     6    14     0     2  -120.0   22.692 -123.376   3233.2    695.2
