     8     1
    GDAS    22    12    22     0     0
    GDAS    22    12    29     0     0
    GDAS    23     1     1     0     0
    GDAS    23     1     8     0     0
    GDAS    23     1    15     0     0
    GDAS    23     1    22     0     0
    GDAS    23     1    29     0     0
    GDAS    23     2     1     0     0
     1 BACKWARD OMEGA   
    23     1    19    12   32.716  -96.748   100.0
     1 PRESSURE
     1     1    23     1    19    12     0     0     0.0   32.716  -96.748    100.0    983.8
     1     1    23     1    19    11     0     1    -1.0   32.920  -96.990    125.0    981.1
     1     1    23     1    19    10     0     2    -2.0   33.143  -97.248    156.7    971.0
     1     1    23     1    19     9     0     3    -3.0   33.378  -97.536    192.4    960.5
     1     1    23     1    19     8     0     2    -4.0   33.602  -97.880    234.9    950.6
     1     1    23     1    19     7     0     1    -5.0   33.837  -98.262    282.0    942.3
     1     1    23     1    19     6     0     0    -6.0   34.136  -98.624    327.8    933.0
     1     1    23     1    19     5     0     1    -7.0   34.425  -99.020    361.3    919.8
     1     1    23     1    19     4     0     2    -8.0   34.672  -99.466    385.0    906.5
     1     1    23     1    19     3     0     3    -9.0   34.989  -99.906    461.9    894.0
     1     1    23     1    19     2     0     2   -10.0   35.366 -100.352    615.5    856.1
     1     1    23     1    19     1     0     1   -11.0   35.705 -100.823    814.7    828.6
     1     1    23     1    19     0     0     0   -12.0   36.007 -101.345   1172.1    786.9
     1     1    23     1    18    23     0     1   -13.0   36.284 -101.928   1609.0    713.8
     1     1    23     1    18    22     0     2   -14.0   36.544 -102.528   1822.6    669.4
     1     1    23     1    18    21     0     3   -15.0   36.863 -103.149   1814.8    659.0
     1     1    23     1    18    20     0     2   -16.0   37.226 -103.723   1856.1    650.1
     1     1    23     1    18    19     0     1   -17.0   37.625 -104.198   1927.7    627.5
     1     1    23     1    18    18     0     0   -18.0   38.064 -104.592   1919.5    608.3
     1     1    23     1    18    17     0     1   -19.0   38.509 -104.911   1896.5    578.6
     1     1    23     1    18    16     0     2   -20.0   38.976 -105.187   1948.8    558.0
     1     1    23     1    18    15     0     3   -21.0   39.418 -105.412   2028.3    565.1
     1     1    23     1    18    14     0     2   -22.0   39.769 -105.566   1987.6    573.8
     1     1    23     1    18    13     0     1   -23.0   40.037 -105.671   1805.2    590.1
     1     1    23     1    18    12     0     0   -24.0   40.254 -105.739   1533.7    609.6
     1     1    23     1    18    11     0     1   -25.0   40.423 -105.744   1271.0    632.8
     1     1    23     1    18    10     0     2   -26.0   40.520 -105.691   1043.6    657.2
     1     1    23     1    18     9     0     3   -27.0   40.545 -105.597    850.6    680.5
     1     1    23     1    18     8     0     2   -28.0   40.541 -105.476    676.7    705.0
     1     1    23     1    18     7     0     1   -29.0   40.542 -105.329    504.2    732.1
     1     1    23     1    18     6     0     0   -30.0   40.550 -105.174    331.0    762.1
     1     1    23     1    18     5     0     1   -31.0   40.569 -105.043    208.2    789.7
     1     1    23     1    18     4     0     2   -32.0   40.594 -104.927    140.4    799.5
     1     1    23     1    18     3     0     3   -33.0   40.615 -104.808    104.7    804.0
     1     1    23     1    18     2     0     2   -34.0   40.629 -104.677     84.9    807.9
     1     1    23     1    18     1     0     1   -35.0   40.637 -104.534     73.1    811.9
     1     1    23     1    18     0     0     0   -36.0   40.637 -104.383     64.9    816.0
     1     1    23     1    17    23     0     1   -37.0   40.628 -104.231     58.9    820.1
     1     1    23     1    17    22     0     2   -38.0   40.608 -104.076     55.5    824.3
     1     1    23     1    17    21     0     3   -39.0   40.577 -103.917     54.1    828.2
     1     1    23     1    17    20     0     2   -40.0   40.529 -103.769     50.1    832.9
     1     1    23     1    17    19     0     1   -41.0   40.463 -103.648     42.9    837.6
     1     1    23     1    17    18     0     0   -42.0   40.380 -103.558     36.3    841.4
     1     1    23     1    17    17     0     1   -43.0   40.298 -103.495     31.7    843.4
     1     1    23     1    17    16     0     2   -44.0   40.230 -103.446     28.6    844.6
     1     1    23     1    17    15     0     3   -45.0   40.175 -103.411     26.7    845.4
     1     1    23     1    17    14     0     2   -46.0   40.120 -103.378     25.4    845.9
     1     1    23     1    17    13     0     1   -47.0   40.053 -103.337     24.6    846.4
     1     1    23     1    17    12     0     0   -48.0   39.976 -103.285     23.9    846.4
     1     1    23     1    17    11     0     1   -49.0   39.895 -103.224     23.0    845.3
     1     1    23     1    17    10     0     2   -50.0   39.820 -103.156     21.4    845.0
     1     1    23     1    17     9     0     3   -51.0   39.749 -103.085     19.3    845.2
     1     1    23     1    17     8     0     2   -52.0   39.680 -103.013     17.4    846.3
     1     1    23     1    17     7     0     1   -53.0   39.614 -102.942     16.0    848.2
     1     1    23     1    17     6     0     0   -54.0   39.551 -102.870     14.7    850.2
     1     1    23     1    17     5     0     1   -55.0   39.507 -102.797     12.2    852.0
     1     1    23     1    17     4     0     2   -56.0   39.494 -102.729      8.2    854.4
     1     1    23     1    17     3     0     3   -57.0   39.508 -102.670      2.8    856.1
     1     1    23     1    17     2     0     2   -58.0   39.528 -102.622      0.0    857.0
     1     1    23     1    17     1     0     1   -59.0   39.539 -102.587      0.0    857.5
     1     1    23     1    17     0     0     0   -60.0   39.541 -102.564      0.0    857.6
     1     1    23     1    16    23     0     1   -61.0   39.541 -102.568      0.3    857.5
     1     1    23     1    16    22     0     2   -62.0   39.542 -102.612      1.3    856.0
     1     1    23     1    16    21     0     3   -63.0   39.543 -102.690      2.9    853.5
     1     1    23     1    16    20     0     2   -64.0   39.538 -102.782      4.6    850.8
     1     1    23     1    16    19     0     1   -65.0   39.518 -102.875      5.6    848.1
     1     1    23     1    16    18     0     0   -66.0   39.476 -102.969      5.9    845.2
     1     1    23     1    16    17     0     1   -67.0   39.431 -103.075      6.5    841.3
     1     1    23     1    16    16     0     2   -68.0   39.411 -103.199      8.9    837.1
     1     1    23     1    16    15     0     3   -69.0   39.416 -103.345     16.2    832.2
     1     1    23     1    16    14     0     2   -70.0   39.437 -103.508     39.9    826.6
     1     1    23     1    16    13     0     1   -71.0   39.463 -103.683     89.7    817.8
     1     1    23     1    16    12     0     0   -72.0   39.486 -103.873    153.7    806.5
     1     1    23     1    16    11     0     1   -73.0   39.506 -104.082    250.2    793.4
     1     1    23     1    16    10     0     2   -74.0   39.536 -104.339    460.2    768.1
     1     1    23     1    16     9     0     3   -75.0   39.613 -104.691    835.7    725.0
     1     1    23     1    16     8     0     2   -76.0   39.736 -105.173   1229.0    666.9
     1     1    23     1    16     7     0     1   -77.0   39.867 -105.768   1404.8    607.6
     1     1    23     1    16     6     0     0   -78.0   39.972 -106.415   1471.7    587.8
     1     1    23     1    16     5     0     1   -79.0   40.024 -107.037   1586.6    571.8
     1     1    23     1    16     4     0     2   -80.0   40.042 -107.596   1633.4    593.7
     1     1    23     1    16     3     0     3   -81.0   40.053 -108.114   1504.4    636.2
     1     1    23     1    16     2     0     2   -82.0   40.057 -108.612   1324.3    672.9
     1     1    23     1    16     1     0     1   -83.0   40.057 -109.086   1191.5    695.7
     1     1    23     1    16     0     0     0   -84.0   40.072 -109.578   1046.6    704.4
     1     1    23     1    15    23     0     1   -85.0   40.085 -110.062    918.3    719.6
     1     1    23     1    15    22     0     2   -86.0   40.090 -110.521    923.7    694.1
     1     1    23     1    15    21     0     3   -87.0   40.115 -111.081   1161.1    648.5
     1     1    23     1    15    20     0     2   -88.0   40.178 -111.613   1340.8    651.6
     1     1    23     1    15    19     0     1   -89.0   40.245 -112.077   1305.6    696.7
     1     1    23     1    15    18     0     0   -90.0   40.306 -112.488   1205.5    720.7
     1     1    23     1    15    17     0     1   -91.0   40.378 -112.845   1132.5    731.8
     1     1    23     1    15    16     0     2   -92.0   40.473 -113.188   1073.2    733.5
     1     1    23     1    15    15     0     3   -93.0   40.577 -113.527   1036.3    731.1
     1     1    23     1    15    14     0     2   -94.0   40.677 -113.830   1059.2    727.5
     1     1    23     1    15    13     0     1   -95.0   40.786 -114.114   1150.6    713.8
     1     1    23     1    15    12     0     0   -96.0   40.913 -114.431   1310.4    687.6
     1     1    23     1    15    11     0     1   -97.0   41.017 -114.777   1468.4    655.3
     1     1    23     1    15    10     0     2   -98.0   41.074 -115.103   1548.8    637.7
     1     1    23     1    15     9     0     3   -99.0   41.089 -115.401   1546.6    641.9
     1     1    23     1    15     8     0     2  -100.0   41.060 -115.697   1497.7    652.9
     1     1    23     1    15     7     0     1  -101.0   40.978 -116.021   1403.7    663.4
     1     1    23     1    15     6     0     0  -102.0   40.850 -116.352   1303.1    688.4
     1     1    23     1    15     5     0     1  -103.0   40.697 -116.673   1205.5    703.9
     1     1    23     1    15     4     0     2  -104.0   40.522 -116.950   1028.9    718.7
     1     1    23     1    15     3     0     3  -105.0   40.318 -117.118    811.8    743.8
     1     1    23     1    15     2     0     2  -106.0   40.118 -117.195    644.3    761.4
     1     1    23     1    15     1     0     1  -107.0   39.936 -117.234    529.9    765.6
     1     1    23     1    15     0     0     0  -108.0   39.767 -117.240    450.6    769.7
     1     1    23     1    14    23     0     1  -109.0   39.597 -117.208    410.3    771.3
     1     1    23     1    14    22     0     2  -110.0   39.409 -117.146    414.0    765.7
     1     1    23     1    14    21     0     3  -111.0   39.202 -117.080    444.9    756.8
     1     1    23     1    14    20     0     2  -112.0   38.986 -117.034    483.5    748.5
     1     1    23     1    14    19     0     1  -113.0   38.767 -116.993    487.0    750.9
     1     1    23     1    14    18     0     0  -114.0   38.548 -116.929    430.8    762.6
     1     1    23     1    14    17     0     1  -115.0   38.336 -116.831    348.8    778.2
     1     1    23     1    14    16     0     2  -116.0   38.140 -116.699    280.5    791.3
     1     1    23     1    14    15     0     3  -117.0   37.969 -116.549    249.3    799.7
     1     1    23     1    14    14     0     2  -118.0   37.823 -116.414    252.9    803.0
     1     1    23     1    14    13     0     1  -119.0   37.695 -116.317    265.8    804.5
     1     1    23     1    14    12     0     0  -120.0   37.576 -116.251    269.6    807.8
