     8     1
    GDAS    22    12    22     0     0
    GDAS    22    12    29     0     0
    GDAS    23     1     1     0     0
    GDAS    23     1     8     0     0
    GDAS    23     1    15     0     0
    GDAS    23     1    22     0     0
    GDAS    23     1    29     0     0
    GDAS    23     2     1     0     0
     1 BACKWARD OMEGA   
    23     1     1    11   32.716  -96.748  1500.0
     1 PRESSURE
     1     1    23     1     1    11     0     1     0.0   32.716  -96.748   1500.0    831.4
     1     1    23     1     1    10     0     2    -1.0   32.522  -97.244   1475.2    830.9
     1     1    23     1     1     9     0     3    -2.0   32.334  -97.770   1505.3    818.4
     1     1    23     1     1     8     0     2    -3.0   32.135  -98.304   1557.3    803.9
     1     1    23     1     1     7     0     1    -4.0   31.926  -98.821   1625.7    792.6
     1     1    23     1     1     6     0     0    -5.0   31.716  -99.319   1707.3    775.8
     1     1    23     1     1     5     0     1    -6.0   31.525  -99.811   1845.6    762.1
     1     1    23     1     1     4     0     2    -7.0   31.379 -100.281   2008.2    733.0
     1     1    23     1     1     3     0     3    -8.0   31.257 -100.742   2080.3    718.0
     1     1    23     1     1     2     0     2    -9.0   31.148 -101.213   2084.1    717.9
     1     1    23     1     1     1     0     1   -10.0   31.070 -101.682   2069.7    718.7
     1     1    23     1     1     0     0     0   -11.0   31.019 -102.143   2045.7    720.2
     1     1    22    12    31    23     0     1   -12.0   30.998 -102.615   2030.0    720.1
     1     1    22    12    31    22     0     2   -13.0   31.011 -103.115   2045.0    712.9
     1     1    22    12    31    21     0     3   -14.0   31.058 -103.620   2092.4    691.2
     1     1    22    12    31    20     0     2   -15.0   31.141 -104.100   2062.6    672.1
     1     1    22    12    31    19     0     1   -16.0   31.215 -104.613   1996.9    680.4
     1     1    22    12    31    18     0     0   -17.0   31.248 -105.205   2040.6    676.0
     1     1    22    12    31    17     0     1   -18.0   31.304 -105.805   2140.8    654.0
     1     1    22    12    31    16     0     2   -19.0   31.399 -106.364   2231.7    653.3
     1     1    22    12    31    15     0     3   -20.0   31.484 -106.870   2298.7    655.5
     1     1    22    12    31    14     0     2   -21.0   31.574 -107.341   2300.3    653.9
     1     1    22    12    31    13     0     1   -22.0   31.678 -107.811   2242.8    655.6
     1     1    22    12    31    12     0     0   -23.0   31.759 -108.317   2194.1    660.0
     1     1    22    12    31    11     0     1   -24.0   31.865 -108.851   2235.0    657.3
     1     1    22    12    31    10     0     2   -25.0   32.016 -109.378   2291.2    647.2
     1     1    22    12    31     9     0     3   -26.0   32.125 -109.912   2258.4    649.2
     1     1    22    12    31     8     0     2   -27.0   32.187 -110.405   2192.4    677.1
     1     1    22    12    31     7     0     1   -28.0   32.243 -110.816   2131.4    698.7
     1     1    22    12    31     6     0     0   -29.0   32.275 -111.178   2073.2    715.9
     1     1    22    12    31     5     0     1   -30.0   32.302 -111.507   2028.0    729.9
     1     1    22    12    31     4     0     2   -31.0   32.342 -111.810   2009.3    741.1
     1     1    22    12    31     3     0     3   -32.0   32.384 -112.089   2019.8    748.5
     1     1    22    12    31     2     0     2   -33.0   32.429 -112.348   2044.1    751.1
     1     1    22    12    31     1     0     1   -34.0   32.478 -112.591   2064.3    754.7
     1     1    22    12    31     0     0     0   -35.0   32.527 -112.819   2076.6    759.0
     1     1    22    12    30    23     0     1   -36.0   32.583 -113.036   2088.1    763.5
     1     1    22    12    30    22     0     2   -37.0   32.653 -113.254   2108.0    763.1
     1     1    22    12    30    21     0     3   -38.0   32.739 -113.477   2141.9    760.1
     1     1    22    12    30    20     0     2   -39.0   32.843 -113.707   2176.6    754.7
     1     1    22    12    30    19     0     1   -40.0   32.969 -113.935   2190.2    749.6
     1     1    22    12    30    18     0     0   -41.0   33.111 -114.150   2191.2    750.9
     1     1    22    12    30    17     0     1   -42.0   33.242 -114.363   2199.2    752.7
     1     1    22    12    30    16     0     2   -43.0   33.354 -114.594   2216.8    750.9
     1     1    22    12    30    15     0     3   -44.0   33.467 -114.859   2229.8    749.9
     1     1    22    12    30    14     0     2   -45.0   33.600 -115.181   2225.4    743.1
     1     1    22    12    30    13     0     1   -46.0   33.771 -115.571   2192.0    723.7
     1     1    22    12    30    12     0     0   -47.0   33.981 -116.014   2145.6    691.1
     1     1    22    12    30    11     0     1   -48.0   34.222 -116.451   2184.9    695.8
     1     1    22    12    30    10     0     2   -49.0   34.504 -116.873   2257.4    691.9
     1     1    22    12    30     9     0     3   -50.0   34.825 -117.349   2349.2    696.3
     1     1    22    12    30     8     0     2   -51.0   35.197 -117.912   2442.0    675.1
     1     1    22    12    30     7     0     1   -52.0   35.578 -118.496   2613.4    669.3
     1     1    22    12    30     6     0     0   -53.0   35.857 -119.072   2871.3    692.6
     1     1    22    12    30     5     0     1   -54.0   36.080 -119.638   2965.7    677.8
     1     1    22    12    30     4     0     2   -55.0   36.270 -120.166   2875.1    696.8
     1     1    22    12    30     3     0     3   -56.0   36.426 -120.693   2785.7    707.6
     1     1    22    12    30     2     0     2   -57.0   36.572 -121.265   2717.9    705.8
     1     1    22    12    30     1     0     1   -58.0   36.691 -121.820   2544.6    725.6
     1     1    22    12    30     0     0     0   -59.0   36.779 -122.304   2344.8    759.8
     1     1    22    12    29    23     0     1   -60.0   36.848 -122.767   2252.7    774.3
     1     1    22    12    29    22     0     2   -61.0   36.922 -123.241   2267.2    774.4
     1     1    22    12    29    21     0     3   -62.0   37.028 -123.736   2270.0    764.5
     1     1    22    12    29    20     0     2   -63.0   37.161 -124.226   2235.2    774.6
     1     1    22    12    29    19     0     1   -64.0   37.319 -124.728   2209.2    774.5
     1     1    22    12    29    18     0     0   -65.0   37.503 -125.223   2135.9    778.9
     1     1    22    12    29    17     0     1   -66.0   37.706 -125.703   2053.6    792.5
     1     1    22    12    29    16     0     2   -67.0   37.934 -126.218   2032.5    794.0
     1     1    22    12    29    15     0     3   -68.0   38.209 -126.817   2070.8    789.7
     1     1    22    12    29    14     0     2   -69.0   38.492 -127.489   2158.3    779.6
     1     1    22    12    29    13     0     1   -70.0   38.742 -128.186   2311.5    768.0
     1     1    22    12    29    12     0     0   -71.0   38.942 -128.948   2479.2    744.2
     1     1    22    12    29    11     0     1   -72.0   39.118 -129.820   2493.3    744.1
     1     1    22    12    29    10     0     2   -73.0   39.304 -130.744   2443.6    750.8
     1     1    22    12    29     9     0     3   -74.0   39.445 -131.675   2444.6    751.3
     1     1    22    12    29     8     0     2   -75.0   39.554 -132.605   2433.4    748.1
     1     1    22    12    29     7     0     1   -76.0   39.674 -133.499   2245.7    770.6
     1     1    22    12    29     6     0     0   -77.0   39.822 -134.343   2186.5    775.4
     1     1    22    12    29     5     0     1   -78.0   39.949 -135.165   2256.8    769.1
     1     1    22    12    29     4     0     2   -79.0   40.042 -136.066   2377.8    751.5
     1     1    22    12    29     3     0     3   -80.0   40.148 -137.044   2255.2    765.2
     1     1    22    12    29     2     0     2   -81.0   40.249 -138.068   2204.5    772.8
     1     1    22    12    29     1     0     1   -82.0   40.319 -139.108   2276.5    763.8
     1     1    22    12    29     0     0     0   -83.0   40.346 -140.132   2215.3    766.7
     1     1    22    12    28    23     0     1   -84.0   40.346 -141.215   2223.9    768.9
     1     1    22    12    28    22     0     2   -85.0   40.329 -142.305   2177.6    773.7
     1     1    22    12    28    21     0     3   -86.0   40.304 -143.338   2076.6    782.2
     1     1    22    12    28    20     0     2   -87.0   40.218 -144.382   1900.4    801.4
     1     1    22    12    28    19     0     1   -88.0   40.143 -145.414   1794.5    811.9
     1     1    22    12    28    18     0     0   -89.0   40.071 -146.451   1830.5    805.3
     1     1    22    12    28    17     0     1   -90.0   39.983 -147.485   1718.1    816.1
     1     1    22    12    28    16     0     2   -91.0   39.879 -148.512   1656.0    828.5
     1     1    22    12    28    15     0     3   -92.0   39.766 -149.622   1891.4    795.5
     1     1    22    12    28    14     0     2   -93.0   39.596 -150.713   1872.3    799.1
     1     1    22    12    28    13     0     1   -94.0   39.378 -151.776   1797.3    810.2
     1     1    22    12    28    12     0     0   -95.0   39.168 -152.850   1733.1    815.2
     1     1    22    12    28    11     0     1   -96.0   38.913 -153.972   1697.9    821.0
     1     1    22    12    28    10     0     2   -97.0   38.637 -155.034   1687.4    816.6
     1     1    22    12    28     9     0     3   -98.0   38.359 -156.095   1709.1    824.3
     1     1    22    12    28     8     0     2   -99.0   38.048 -157.162   1794.6    806.3
     1     1    22    12    28     7     0     1  -100.0   37.731 -158.225   1816.6    809.9
     1     1    22    12    28     6     0     0  -101.0   37.431 -159.312   1932.4    796.6
     1     1    22    12    28     5     0     1  -102.0   37.118 -160.393   1997.9    791.8
     1     1    22    12    28     4     0     2  -103.0   36.789 -161.478   2211.7    767.6
     1     1    22    12    28     3     0     3  -104.0   36.485 -162.647   2376.5    759.5
     1     1    22    12    28     2     0     2  -105.0   36.131 -163.914   2828.4    708.1
     1     1    22    12    28     1     0     1  -106.0   35.723 -165.198   2959.5    699.4
     1     1    22    12    28     0     0     0  -107.0   35.282 -166.471   2977.3    697.2
     1     1    22    12    27    23     0     1  -108.0   34.832 -167.727   2889.4    709.0
     1     1    22    12    27    22     0     2  -109.0   34.374 -168.989   2808.7    713.1
     1     1    22    12    27    21     0     3  -110.0   33.920 -170.213   2660.0    729.2
     1     1    22    12    27    20     0     2  -111.0   33.475 -171.416   2600.9    733.9
     1     1    22    12    27    19     0     1  -112.0   33.045 -172.621   2579.2    733.2
     1     1    22    12    27    18     0     0  -113.0   32.623 -173.798   2501.1    744.5
     1     1    22    12    27    17     0     1  -114.0   32.209 -174.975   2476.4    743.2
     1     1    22    12    27    16     0     2  -115.0   31.797 -176.164   2460.6    746.3
     1     1    22    12    27    15     0     3  -116.0   31.389 -177.325   2455.5    746.1
     1     1    22    12    27    14     0     2  -117.0   30.977 -178.476   2446.1    747.0
     1     1    22    12    27    13     0     1  -118.0   30.575 -179.594   2387.4    753.4
     1     1    22    12    27    12     0     0  -119.0   30.198  179.314   2304.3    761.1
     1     1    22    12    27    11     0     1  -120.0   29.852  178.262   2232.8    769.5
