     8     1
    GDAS    22    12    22     0     0
    GDAS    22    12    29     0     0
    GDAS    23     1     1     0     0
    GDAS    23     1     8     0     0
    GDAS    23     1    15     0     0
    GDAS    23     1    22     0     0
    GDAS    23     1    29     0     0
    GDAS    23     2     1     0     0
     1 BACKWARD OMEGA   
    23     1    15    13   32.716  -96.748     5.0
     1 PRESSURE
     1     1    23     1    15    13     0     1     0.0   32.716  -96.748      5.0    993.4
     1     1    23     1    15    12     0     0    -1.0   32.490  -96.743      4.0    993.8
     1     1    23     1    15    11     0     1    -2.0   32.265  -96.740      2.5    994.2
     1     1    23     1    15    10     0     2    -3.0   32.034  -96.742      0.2    994.6
     1     1    23     1    15     9     0     3    -4.0   31.801  -96.744      0.0    995.8
     1     1    23     1    15     8     0     2    -5.0   31.579  -96.737      0.0    998.5
     1     1    23     1    15     7     0     1    -6.0   31.374  -96.717      0.0   1001.1
     1     1    23     1    15     6     0     0    -7.0   31.184  -96.686      0.0   1003.6
     1     1    23     1    15     5     0     1    -8.0   31.008  -96.641      0.0   1004.3
     1     1    23     1    15     4     0     2    -9.0   30.842  -96.577      0.0   1004.7
     1     1    23     1    15     3     0     3   -10.0   30.682  -96.494      0.0   1005.5
     1     1    23     1    15     2     0     2   -11.0   30.531  -96.405      0.0   1006.8
     1     1    23     1    15     1     0     1   -12.0   30.392  -96.324      0.0   1007.9
     1     1    23     1    15     0     0     0   -13.0   30.263  -96.248      0.0   1008.9
     1     1    23     1    14    23     0     1   -14.0   30.136  -96.176      0.0   1010.0
     1     1    23     1    14    22     0     2   -15.0   30.002  -96.107      0.0   1011.0
     1     1    23     1    14    21     0     3   -16.0   29.864  -96.047      0.0   1012.4
     1     1    23     1    14    20     0     2   -17.0   29.732  -95.982      0.0   1015.1
     1     1    23     1    14    19     0     1   -18.0   29.623  -95.901      0.0   1017.8
     1     1    23     1    14    18     0     0   -19.0   29.537  -95.805      0.0   1020.2
     1     1    23     1    14    17     0     1   -20.0   29.473  -95.700      0.0   1021.6
     1     1    23     1    14    16     0     2   -21.0   29.425  -95.590      0.0   1022.9
     1     1    23     1    14    15     0     3   -22.0   29.392  -95.473      0.0   1024.1
     1     1    23     1    14    14     0     2   -23.0   29.378  -95.351      0.0   1024.0
     1     1    23     1    14    13     0     1   -24.0   29.384  -95.235      0.0   1023.7
     1     1    23     1    14    12     0     0   -25.0   29.413  -95.128      0.0   1023.4
     1     1    23     1    14    11     0     1   -26.0   29.461  -95.027      0.0   1023.7
     1     1    23     1    14    10     0     2   -27.0   29.523  -94.926      0.0   1023.8
     1     1    23     1    14     9     0     3   -28.0   29.599  -94.827      0.0   1023.7
     1     1    23     1    14     8     0     2   -29.0   29.684  -94.735      0.1   1024.0
     1     1    23     1    14     7     0     1   -30.0   29.774  -94.656      0.4   1024.0
     1     1    23     1    14     6     0     0   -31.0   29.866  -94.591      1.0   1023.9
     1     1    23     1    14     5     0     1   -32.0   29.957  -94.543      1.8   1024.3
     1     1    23     1    14     4     0     2   -33.0   30.046  -94.515      2.6   1024.4
     1     1    23     1    14     3     0     3   -34.0   30.138  -94.501      3.4   1024.1
     1     1    23     1    14     2     0     2   -35.0   30.231  -94.500      4.1   1022.7
     1     1    23     1    14     1     0     1   -36.0   30.325  -94.512      4.6   1021.4
     1     1    23     1    14     0     0     0   -37.0   30.418  -94.535      5.0   1020.2
     1     1    23     1    13    23     0     1   -38.0   30.520  -94.567      5.4   1019.3
     1     1    23     1    13    22     0     2   -39.0   30.641  -94.606      6.0   1018.3
     1     1    23     1    13    21     0     3   -40.0   30.778  -94.653      6.5   1017.2
     1     1    23     1    13    20     0     2   -41.0   30.916  -94.699      7.1   1016.1
     1     1    23     1    13    19     0     1   -42.0   31.040  -94.735      7.9   1015.2
     1     1    23     1    13    18     0     0   -43.0   31.156  -94.762      9.2   1014.7
     1     1    23     1    13    17     0     1   -44.0   31.272  -94.784     10.5   1015.2
     1     1    23     1    13    16     0     2   -45.0   31.394  -94.804     11.8   1015.5
     1     1    23     1    13    15     0     3   -46.0   31.522  -94.825     12.9   1015.8
     1     1    23     1    13    14     0     2   -47.0   31.659  -94.846     13.5   1014.1
     1     1    23     1    13    13     0     1   -48.0   31.809  -94.866     13.7   1012.4
     1     1    23     1    13    12     0     0   -49.0   31.978  -94.874     13.6   1010.6
     1     1    23     1    13    11     0     1   -50.0   32.145  -94.895     13.6   1010.5
     1     1    23     1    13    10     0     2   -51.0   32.288  -94.951     13.3   1010.3
     1     1    23     1    13     9     0     3   -52.0   32.407  -95.042     12.4   1010.3
     1     1    23     1    13     8     0     2   -53.0   32.529  -95.124     12.0   1010.7
     1     1    23     1    13     7     0     1   -54.0   32.672  -95.163     12.6   1010.3
     1     1    23     1    13     6     0     0   -55.0   32.828  -95.165     14.6   1009.5
     1     1    23     1    13     5     0     1   -56.0   32.994  -95.164     17.8   1008.5
     1     1    23     1    13     4     0     2   -57.0   33.172  -95.194     22.1   1007.7
     1     1    23     1    13     3     0     3   -58.0   33.367  -95.255     29.1   1006.6
     1     1    23     1    13     2     0     2   -59.0   33.583  -95.333     42.1   1004.3
     1     1    23     1    13     1     0     1   -60.0   33.832  -95.419     67.7   1000.9
     1     1    23     1    13     0     0     0   -61.0   34.111  -95.507    106.1    994.0
     1     1    23     1    12    23     0     1   -62.0   34.413  -95.606    145.6    985.8
     1     1    23     1    12    22     0     2   -63.0   34.735  -95.725    176.8    979.0
     1     1    23     1    12    21     0     3   -64.0   35.077  -95.862    201.1    974.3
     1     1    23     1    12    20     0     2   -65.0   35.443  -95.993    224.9    972.2
     1     1    23     1    12    19     0     1   -66.0   35.834  -96.095    248.9    968.5
     1     1    23     1    12    18     0     0   -67.0   36.245  -96.167    271.9    963.8
     1     1    23     1    12    17     0     1   -68.0   36.689  -96.229    308.2    955.8
     1     1    23     1    12    16     0     2   -69.0   37.180  -96.300    376.2    943.3
     1     1    23     1    12    15     0     3   -70.0   37.724  -96.358    474.3    926.1
     1     1    23     1    12    14     0     2   -71.0   38.328  -96.355    568.4    910.0
     1     1    23     1    12    13     0     1   -72.0   38.955  -96.315    586.2    904.8
     1     1    23     1    12    12     0     0   -73.0   39.580  -96.289    572.9    912.3
     1     1    23     1    12    11     0     1   -74.0   40.251  -96.245    578.1    907.6
     1     1    23     1    12    10     0     2   -75.0   40.914  -96.215    586.4    906.8
     1     1    23     1    12     9     0     3   -76.0   41.549  -96.209    595.6    904.6
     1     1    23     1    12     8     0     2   -77.0   42.134  -96.226    597.0    903.5
     1     1    23     1    12     7     0     1   -78.0   42.660  -96.242    617.1    901.7
     1     1    23     1    12     6     0     0   -79.0   43.142  -96.237    679.0    890.1
     1     1    23     1    12     5     0     1   -80.0   43.601  -96.253    741.9    872.1
     1     1    23     1    12     4     0     2   -81.0   44.057  -96.310    771.3    863.2
     1     1    23     1    12     3     0     3   -82.0   44.502  -96.390    806.1    867.7
     1     1    23     1    12     2     0     2   -83.0   44.908  -96.500    874.8    860.9
     1     1    23     1    12     1     0     1   -84.0   45.293  -96.635    945.3    851.2
     1     1    23     1    12     0     0     0   -85.0   45.681  -96.787    987.5    851.3
     1     1    23     1    11    23     0     1   -86.0   46.060  -96.949   1013.6    856.7
     1     1    23     1    11    22     0     2   -87.0   46.414  -97.109   1034.0    855.0
     1     1    23     1    11    21     0     3   -88.0   46.741  -97.254   1031.5    853.1
     1     1    23     1    11    20     0     2   -89.0   47.050  -97.389   1012.2    856.2
     1     1    23     1    11    19     0     1   -90.0   47.352  -97.520   1009.7    854.4
     1     1    23     1    11    18     0     0   -91.0   47.644  -97.655   1034.5    847.1
     1     1    23     1    11    17     0     1   -92.0   47.913  -97.790   1050.4    837.7
     1     1    23     1    11    16     0     2   -93.0   48.162  -97.902   1025.9    838.9
     1     1    23     1    11    15     0     3   -94.0   48.398  -97.988    975.2    847.3
     1     1    23     1    11    14     0     2   -95.0   48.614  -98.061    941.5    855.9
     1     1    23     1    11    13     0     1   -96.0   48.801  -98.113    934.8    856.4
     1     1    23     1    11    12     0     0   -97.0   48.962  -98.129    931.3    857.1
     1     1    23     1    11    11     0     1   -98.0   49.103  -98.130    938.2    859.2
     1     1    23     1    11    10     0     2   -99.0   49.224  -98.152    966.2    856.3
     1     1    23     1    11     9     0     3  -100.0   49.325  -98.199   1010.1    851.2
     1     1    23     1    11     8     0     2  -101.0   49.392  -98.287   1040.5    844.6
     1     1    23     1    11     7     0     1  -102.0   49.420  -98.406   1040.6    844.4
     1     1    23     1    11     6     0     0  -103.0   49.414  -98.542   1027.8    845.0
     1     1    23     1    11     5     0     1  -104.0   49.381  -98.688   1009.1    845.1
     1     1    23     1    11     4     0     2  -105.0   49.326  -98.840    977.8    845.5
     1     1    23     1    11     3     0     3  -106.0   49.238  -98.995    920.7    848.2
     1     1    23     1    11     2     0     2  -107.0   49.150  -99.144    858.2    854.1
     1     1    23     1    11     1     0     1  -108.0   49.093  -99.294    812.0    854.4
     1     1    23     1    11     0     0     0  -109.0   49.049  -99.456    764.6    854.6
     1     1    23     1    10    23     0     1  -110.0   48.995  -99.648    722.3    856.0
     1     1    23     1    10    22     0     2  -111.0   48.921  -99.890    709.1    854.7
     1     1    23     1    10    21     0     3  -112.0   48.848 -100.172    732.4    853.9
     1     1    23     1    10    20     0     2  -113.0   48.774 -100.460    747.3    853.6
     1     1    23     1    10    19     0     1  -114.0   48.686 -100.740    725.0    861.5
     1     1    23     1    10    18     0     0  -115.0   48.585 -101.029    689.7    869.3
     1     1    23     1    10    17     0     1  -116.0   48.480 -101.337    661.5    869.3
     1     1    23     1    10    16     0     2  -117.0   48.369 -101.666    643.2    866.0
     1     1    23     1    10    15     0     3  -118.0   48.254 -102.023    628.2    862.1
     1     1    23     1    10    14     0     2  -119.0   48.139 -102.364    611.4    861.7
     1     1    23     1    10    13     0     1  -120.0   48.016 -102.650    604.6    862.4
