     8     1
    GDAS    22    12    22     0     0
    GDAS    22    12    29     0     0
    GDAS    23     1     1     0     0
    GDAS    23     1     8     0     0
    GDAS    23     1    15     0     0
    GDAS    23     1    22     0     0
    GDAS    23     1    29     0     0
    GDAS    23     2     1     0     0
     1 BACKWARD OMEGA   
    23     1     9    13   32.716  -96.748  1000.0
     1 PRESSURE
     1     1    23     1     9    13     0     1     0.0   32.716  -96.748   1000.0    889.6
     1     1    23     1     9    12     0     0    -1.0   32.549  -96.940   1028.8    886.9
     1     1    23     1     9    11     0     1    -2.0   32.386  -97.129   1072.9    876.0
     1     1    23     1     9    10     0     2    -3.0   32.218  -97.310   1094.4    869.1
     1     1    23     1     9     9     0     3    -4.0   32.042  -97.472   1085.2    867.4
     1     1    23     1     9     8     0     2    -5.0   31.859  -97.605   1064.8    870.0
     1     1    23     1     9     7     0     1    -6.0   31.678  -97.712   1043.6    870.8
     1     1    23     1     9     6     0     0    -7.0   31.498  -97.787   1018.9    873.2
     1     1    23     1     9     5     0     1    -8.0   31.334  -97.827   1008.5    875.5
     1     1    23     1     9     4     0     2    -9.0   31.202  -97.835   1023.8    873.9
     1     1    23     1     9     3     0     3   -10.0   31.101  -97.814   1062.4    870.3
     1     1    23     1     9     2     0     2   -11.0   31.033  -97.778   1102.8    864.8
     1     1    23     1     9     1     0     1   -12.0   31.001  -97.734   1125.2    863.0
     1     1    23     1     9     0     0     0   -13.0   31.006  -97.682   1129.4    863.5
     1     1    23     1     8    23     0     1   -14.0   31.040  -97.625   1141.7    865.7
     1     1    23     1     8    22     0     2   -15.0   31.095  -97.577   1187.8    861.7
     1     1    23     1     8    21     0     3   -16.0   31.170  -97.551   1266.8    853.4
     1     1    23     1     8    20     0     2   -17.0   31.258  -97.551   1347.8    842.5
     1     1    23     1     8    19     0     1   -18.0   31.357  -97.564   1401.6    837.2
     1     1    23     1     8    18     0     0   -19.0   31.466  -97.585   1428.8    834.6
     1     1    23     1     8    17     0     1   -20.0   31.584  -97.618   1433.3    833.4
     1     1    23     1     8    16     0     2   -21.0   31.710  -97.665   1418.2    833.7
     1     1    23     1     8    15     0     3   -22.0   31.848  -97.716   1383.7    835.9
     1     1    23     1     8    14     0     2   -23.0   31.991  -97.767   1347.6    840.0
     1     1    23     1     8    13     0     1   -24.0   32.129  -97.827   1328.5    841.1
     1     1    23     1     8    12     0     0   -25.0   32.261  -97.904   1329.1    839.8
     1     1    23     1     8    11     0     1   -26.0   32.382  -98.004   1367.6    836.2
     1     1    23     1     8    10     0     2   -27.0   32.486  -98.141   1459.8    825.7
     1     1    23     1     8     9     0     3   -28.0   32.569  -98.321   1604.9    809.6
     1     1    23     1     8     8     0     2   -29.0   32.622  -98.538   1744.2    789.1
     1     1    23     1     8     7     0     1   -30.0   32.643  -98.762   1843.7    779.9
     1     1    23     1     8     6     0     0   -31.0   32.642  -98.990   1934.6    771.1
     1     1    23     1     8     5     0     1   -32.0   32.641  -99.217   2007.0    760.0
     1     1    23     1     8     4     0     2   -33.0   32.657  -99.437   2029.1    755.6
     1     1    23     1     8     3     0     3   -34.0   32.696  -99.653   1987.9    757.5
     1     1    23     1     8     2     0     2   -35.0   32.756  -99.871   1936.8    766.7
     1     1    23     1     8     1     0     1   -36.0   32.835 -100.127   1942.1    763.4
     1     1    23     1     8     0     0     0   -37.0   32.922 -100.444   1971.6    750.7
     1     1    23     1     7    23     0     1   -38.0   32.998 -100.821   1968.4    740.7
     1     1    23     1     7    22     0     2   -39.0   33.044 -101.245   1972.9    736.3
     1     1    23     1     7    21     0     3   -40.0   33.025 -101.700   1999.2    720.9
     1     1    23     1     7    20     0     2   -41.0   32.958 -102.143   1987.9    716.1
     1     1    23     1     7    19     0     1   -42.0   32.884 -102.558   1952.8    713.9
     1     1    23     1     7    18     0     0   -43.0   32.813 -102.946   1893.0    714.5
     1     1    23     1     7    17     0     1   -44.0   32.737 -103.291   1848.4    721.4
     1     1    23     1     7    16     0     2   -45.0   32.654 -103.593   1832.8    721.2
     1     1    23     1     7    15     0     3   -46.0   32.573 -103.862   1802.5    722.4
     1     1    23     1     7    14     0     2   -47.0   32.493 -104.117   1759.0    726.2
     1     1    23     1     7    13     0     1   -48.0   32.406 -104.393   1720.8    721.8
     1     1    23     1     7    12     0     0   -49.0   32.320 -104.703   1685.1    716.4
     1     1    23     1     7    11     0     1   -50.0   32.235 -105.036   1627.5    710.5
     1     1    23     1     7    10     0     2   -51.0   32.146 -105.361   1543.8    715.9
     1     1    23     1     7     9     0     3   -52.0   32.053 -105.683   1480.2    720.5
     1     1    23     1     7     8     0     2   -53.0   31.960 -106.029   1473.1    717.0
     1     1    23     1     7     7     0     1   -54.0   31.873 -106.370   1459.7    718.1
     1     1    23     1     7     6     0     0   -55.0   31.807 -106.668   1356.2    732.5
     1     1    23     1     7     5     0     1   -56.0   31.777 -106.931   1233.3    755.3
     1     1    23     1     7     4     0     2   -57.0   31.775 -107.183   1174.9    762.9
     1     1    23     1     7     3     0     3   -58.0   31.785 -107.440   1197.0    758.0
     1     1    23     1     7     2     0     2   -59.0   31.796 -107.709   1250.8    746.4
     1     1    23     1     7     1     0     1   -60.0   31.803 -107.990   1279.9    740.3
     1     1    23     1     7     0     0     0   -61.0   31.804 -108.279   1277.0    738.7
     1     1    23     1     6    23     0     1   -62.0   31.787 -108.569   1289.1    739.0
     1     1    23     1     6    22     0     2   -63.0   31.741 -108.861   1365.1    729.6
     1     1    23     1     6    21     0     3   -64.0   31.677 -109.167   1505.1    712.5
     1     1    23     1     6    20     0     2   -65.0   31.622 -109.487   1638.3    694.7
     1     1    23     1     6    19     0     1   -66.0   31.590 -109.798   1713.1    689.4
     1     1    23     1     6    18     0     0   -67.0   31.584 -110.086   1766.2    690.4
     1     1    23     1     6    17     0     1   -68.0   31.599 -110.376   1812.4    697.2
     1     1    23     1     6    16     0     2   -69.0   31.640 -110.684   1845.0    707.8
     1     1    23     1     6    15     0     3   -70.0   31.713 -111.000   1871.9    720.0
     1     1    23     1     6    14     0     2   -71.0   31.806 -111.317   1896.4    730.3
     1     1    23     1     6    13     0     1   -72.0   31.904 -111.642   1924.0    737.4
     1     1    23     1     6    12     0     0   -73.0   32.013 -111.988   1941.7    743.5
     1     1    23     1     6    11     0     1   -74.0   32.106 -112.342   1956.7    753.9
     1     1    23     1     6    10     0     2   -75.0   32.165 -112.687   1989.0    760.6
     1     1    23     1     6     9     0     3   -76.0   32.208 -113.027   2047.2    763.7
     1     1    23     1     6     8     0     2   -77.0   32.233 -113.382   2109.0    761.8
     1     1    23     1     6     7     0     1   -78.0   32.242 -113.765   2159.3    763.6
     1     1    23     1     6     6     0     0   -79.0   32.243 -114.181   2210.7    765.4
     1     1    23     1     6     5     0     1   -80.0   32.247 -114.624   2283.9    765.7
     1     1    23     1     6     4     0     2   -81.0   32.275 -115.105   2427.5    751.3
     1     1    23     1     6     3     0     3   -82.0   32.299 -115.717   2841.1    679.0
     1     1    23     1     6     2     0     2   -83.0   32.221 -116.589   3755.1    596.8
     1     1    23     1     6     1     0     1   -84.0   32.297 -117.522   4138.8    607.4
     1     1    23     1     6     0     0     0   -85.0   32.448 -118.506   4334.0    594.4
     1     1    23     1     5    23     0     1   -86.0   32.590 -119.520   4488.7    583.2
     1     1    23     1     5    22     0     2   -87.0   32.731 -120.611   4693.1    566.6
     1     1    23     1     5    21     0     3   -88.0   32.912 -121.830   4877.4    549.0
     1     1    23     1     5    20     0     2   -89.0   33.067 -123.010   4969.6    546.1
     1     1    23     1     5    19     0     1   -90.0   33.218 -124.197   5131.1    532.4
     1     1    23     1     5    18     0     0   -91.0   33.540 -125.411   5322.8    518.9
     1     1    23     1     5    17     0     1   -92.0   33.929 -126.637   5607.4    493.7
     1     1    23     1     5    16     0     2   -93.0   34.304 -127.929   5731.2    486.0
     1     1    23     1     5    15     0     3   -94.0   34.865 -129.224   5872.0    476.4
     1     1    23     1     5    14     0     2   -95.0   35.406 -130.501   5962.4    468.2
     1     1    23     1     5    13     0     1   -96.0   35.996 -131.802   5991.4    463.6
     1     1    23     1     5    12     0     0   -97.0   36.740 -133.162   5913.0    466.7
     1     1    23     1     5    11     0     1   -98.0   37.370 -134.476   5829.1    473.4
     1     1    23     1     5    10     0     2   -99.0   38.016 -135.802   5824.8    473.5
     1     1    23     1     5     9     0     3  -100.0   38.774 -137.092   5993.8    463.2
     1     1    23     1     5     8     0     2  -101.0   39.510 -138.341   6132.2    448.0
     1     1    23     1     5     7     0     1  -102.0   40.248 -139.638   6111.5    452.7
     1     1    23     1     5     6     0     0  -103.0   41.042 -140.873   6356.6    434.8
     1     1    23     1     5     5     0     1  -104.0   41.822 -142.148   6521.1    422.6
     1     1    23     1     5     4     0     2  -105.0   42.527 -143.448   6547.9    422.3
     1     1    23     1     5     3     0     3  -106.0   43.122 -144.805   6632.2    417.8
     1     1    23     1     5     2     0     2  -107.0   43.597 -146.226   6789.4    406.4
     1     1    23     1     5     1     0     1  -108.0   43.900 -147.690   6836.0    404.9
     1     1    23     1     5     0     0     0  -109.0   44.074 -149.161   6705.7    408.8
     1     1    23     1     4    23     0     1  -110.0   44.180 -150.588   6498.9    425.9
     1     1    23     1     4    22     0     2  -111.0   44.211 -151.985   6349.0    434.9
     1     1    23     1     4    21     0     3  -112.0   44.164 -153.365   6156.1    445.3
     1     1    23     1     4    20     0     2  -113.0   44.105 -154.706   5930.4    462.4
     1     1    23     1     4    19     0     1  -114.0   44.048 -156.061   5826.9    471.2
     1     1    23     1     4    18     0     0  -115.0   43.986 -157.413   5888.6    463.3
     1     1    23     1     4    17     0     1  -116.0   43.897 -158.801   5796.1    468.1
     1     1    23     1     4    16     0     2  -117.0   43.810 -160.184   5605.7    483.6
     1     1    23     1     4    15     0     3  -118.0   43.755 -161.584   5481.1    495.7
     1     1    23     1     4    14     0     2  -119.0   43.653 -162.946   5622.5    482.5
     1     1    23     1     4    13     0     1  -120.0   43.504 -164.370   5746.2    473.4
