     8     1
    GDAS    22    12    22     0     0
    GDAS    22    12    29     0     0
    GDAS    23     1     1     0     0
    GDAS    23     1     8     0     0
    GDAS    23     1    15     0     0
    GDAS    23     1    22     0     0
    GDAS    23     1    29     0     0
    GDAS    23     2     1     0     0
     1 BACKWARD OMEGA   
    23     1     9    13   32.716  -96.748    20.0
     1 PRESSURE
     1     1    23     1     9    13     0     1     0.0   32.716  -96.748     20.0   1000.3
     1     1    23     1     9    12     0     0    -1.0   32.629  -96.718     16.4   1000.4
     1     1    23     1     9    11     0     1    -2.0   32.555  -96.682     14.0   1001.1
     1     1    23     1     9    10     0     2    -3.0   32.492  -96.638     12.4   1001.8
     1     1    23     1     9     9     0     3    -4.0   32.439  -96.588     11.1   1002.3
     1     1    23     1     9     8     0     2    -5.0   32.394  -96.535     10.2   1003.6
     1     1    23     1     9     7     0     1    -6.0   32.351  -96.482      9.9   1004.8
     1     1    23     1     9     6     0     0    -7.0   32.309  -96.433      9.9   1006.2
     1     1    23     1     9     5     0     1    -8.0   32.279  -96.381     10.1   1006.5
     1     1    23     1     9     4     0     2    -9.0   32.274  -96.320     10.2   1006.7
     1     1    23     1     9     3     0     3   -10.0   32.294  -96.247     10.2   1006.7
     1     1    23     1     9     2     0     2   -11.0   32.334  -96.171     10.5   1007.0
     1     1    23     1     9     1     0     1   -12.0   32.387  -96.105     11.4   1007.0
     1     1    23     1     9     0     0     0   -13.0   32.455  -96.047     13.3   1006.5
     1     1    23     1     8    23     0     1   -14.0   32.537  -96.000     16.4   1005.8
     1     1    23     1     8    22     0     2   -15.0   32.632  -95.966     20.3   1004.7
     1     1    23     1     8    21     0     3   -16.0   32.739  -95.946     25.0   1003.5
     1     1    23     1     8    20     0     2   -17.0   32.854  -95.931     30.4   1003.0
     1     1    23     1     8    19     0     1   -18.0   32.977  -95.913     35.9   1002.7
     1     1    23     1     8    18     0     0   -19.0   33.107  -95.892     41.1   1002.8
     1     1    23     1     8    17     0     1   -20.0   33.252  -95.871     47.7   1001.9
     1     1    23     1     8    16     0     2   -21.0   33.423  -95.852     58.3   1000.7
     1     1    23     1     8    15     0     3   -22.0   33.621  -95.830     74.0    998.3
     1     1    23     1     8    14     0     2   -23.0   33.835  -95.814     94.4    995.4
     1     1    23     1     8    13     0     1   -24.0   34.050  -95.810    120.4    991.9
     1     1    23     1     8    12     0     0   -25.0   34.273  -95.809    149.6    986.0
     1     1    23     1     8    11     0     1   -26.0   34.516  -95.805    174.8    980.6
     1     1    23     1     8    10     0     2   -27.0   34.774  -95.804    192.0    976.5
     1     1    23     1     8     9     0     3   -28.0   35.027  -95.813    202.4    973.9
     1     1    23     1     8     8     0     2   -29.0   35.261  -95.828    212.7    973.2
     1     1    23     1     8     7     0     1   -30.0   35.476  -95.843    228.8    971.5
     1     1    23     1     8     6     0     0   -31.0   35.679  -95.860    252.3    969.2
     1     1    23     1     8     5     0     1   -32.0   35.888  -95.874    285.5    965.3
     1     1    23     1     8     4     0     2   -33.0   36.114  -95.872    332.1    958.6
     1     1    23     1     8     3     0     3   -34.0   36.357  -95.839    391.0    949.7
     1     1    23     1     8     2     0     2   -35.0   36.605  -95.780    445.0    939.7
     1     1    23     1     8     1     0     1   -36.0   36.853  -95.704    476.0    933.9
     1     1    23     1     8     0     0     0   -37.0   37.103  -95.608    486.1    931.8
     1     1    23     1     7    23     0     1   -38.0   37.346  -95.496    492.5    931.2
     1     1    23     1     7    22     0     2   -39.0   37.573  -95.367    499.8    928.8
     1     1    23     1     7    21     0     3   -40.0   37.789  -95.196    492.8    928.7
     1     1    23     1     7    20     0     2   -41.0   37.996  -94.951    472.4    933.6
     1     1    23     1     7    19     0     1   -42.0   38.179  -94.646    450.1    938.5
     1     1    23     1     7    18     0     0   -43.0   38.324  -94.306    424.9    942.3
     1     1    23     1     7    17     0     1   -44.0   38.436  -93.922    386.1    946.4
     1     1    23     1     7    16     0     2   -45.0   38.524  -93.507    341.3    952.3
     1     1    23     1     7    15     0     3   -46.0   38.585  -93.072    299.9    957.8
     1     1    23     1     7    14     0     2   -47.0   38.636  -92.641    266.6    961.2
     1     1    23     1     7    13     0     1   -48.0   38.694  -92.227    244.2    961.2
     1     1    23     1     7    12     0     0   -49.0   38.768  -91.829    228.7    962.3
     1     1    23     1     7    11     0     1   -50.0   38.852  -91.473    218.0    966.2
     1     1    23     1     7    10     0     2   -51.0   38.932  -91.177    209.5    969.7
     1     1    23     1     7     9     0     3   -52.0   39.006  -90.934    202.5    973.0
     1     1    23     1     7     8     0     2   -53.0   39.071  -90.732    198.1    975.2
     1     1    23     1     7     7     0     1   -54.0   39.123  -90.565    197.2    976.7
     1     1    23     1     7     6     0     0   -55.0   39.163  -90.429    200.3    977.5
     1     1    23     1     7     5     0     1   -56.0   39.194  -90.316    201.4    977.3
     1     1    23     1     7     4     0     2   -57.0   39.217  -90.220    193.6    978.9
     1     1    23     1     7     3     0     3   -58.0   39.236  -90.137    177.6    981.4
     1     1    23     1     7     2     0     2   -59.0   39.250  -90.072    161.4    984.7
     1     1    23     1     7     1     0     1   -60.0   39.256  -90.030    150.3    986.2
     1     1    23     1     7     0     0     0   -61.0   39.254  -90.010    143.5    986.9
     1     1    23     1     6    23     0     1   -62.0   39.248  -90.020    139.6    987.1
     1     1    23     1     6    22     0     2   -63.0   39.248  -90.069    137.6    986.7
     1     1    23     1     6    21     0     3   -64.0   39.253  -90.158    137.8    985.8
     1     1    23     1     6    20     0     2   -65.0   39.264  -90.273    140.1    984.9
     1     1    23     1     6    19     0     1   -66.0   39.278  -90.402    143.9    983.6
     1     1    23     1     6    18     0     0   -67.0   39.295  -90.546    149.0    982.0
     1     1    23     1     6    17     0     1   -68.0   39.315  -90.705    155.0    980.0
     1     1    23     1     6    16     0     2   -69.0   39.342  -90.883    161.8    977.8
     1     1    23     1     6    15     0     3   -70.0   39.379  -91.080    169.8    975.5
     1     1    23     1     6    14     0     2   -71.0   39.426  -91.295    179.1    972.9
     1     1    23     1     6    13     0     1   -72.0   39.483  -91.525    190.3    970.3
     1     1    23     1     6    12     0     0   -73.0   39.549  -91.776    203.9    967.7
     1     1    23     1     6    11     0     1   -74.0   39.622  -92.042    220.1    965.2
     1     1    23     1     6    10     0     2   -75.0   39.705  -92.312    236.9    962.6
     1     1    23     1     6     9     0     3   -76.0   39.802  -92.583    255.7    959.7
     1     1    23     1     6     8     0     2   -77.0   39.918  -92.861    276.4    954.6
     1     1    23     1     6     7     0     1   -78.0   40.056  -93.146    293.6    950.2
     1     1    23     1     6     6     0     0   -79.0   40.210  -93.437    306.0    948.2
     1     1    23     1     6     5     0     1   -80.0   40.374  -93.739    322.0    945.6
     1     1    23     1     6     4     0     2   -81.0   40.552  -94.050    343.6    940.4
     1     1    23     1     6     3     0     3   -82.0   40.746  -94.355    360.1    936.3
     1     1    23     1     6     2     0     2   -83.0   40.940  -94.655    368.3    934.0
     1     1    23     1     6     1     0     1   -84.0   41.130  -94.955    371.3    932.0
     1     1    23     1     6     0     0     0   -85.0   41.325  -95.248    376.3    931.1
     1     1    23     1     5    23     0     1   -86.0   41.526  -95.536    389.3    929.1
     1     1    23     1     5    22     0     2   -87.0   41.731  -95.821    397.7    927.5
     1     1    23     1     5    21     0     3   -88.0   41.949  -96.095    380.3    927.7
     1     1    23     1     5    20     0     2   -89.0   42.182  -96.357    357.7    929.3
     1     1    23     1     5    19     0     1   -90.0   42.443  -96.613    355.7    926.5
     1     1    23     1     5    18     0     0   -91.0   42.736  -96.854    371.0    924.4
     1     1    23     1     5    17     0     1   -92.0   43.059  -97.072    386.1    920.6
     1     1    23     1     5    16     0     2   -93.0   43.389  -97.264    391.4    916.3
     1     1    23     1     5    15     0     3   -94.0   43.719  -97.423    398.6    914.1
     1     1    23     1     5    14     0     2   -95.0   44.050  -97.554    414.3    912.7
     1     1    23     1     5    13     0     1   -96.0   44.381  -97.672    432.2    910.6
     1     1    23     1     5    12     0     0   -97.0   44.705  -97.779    442.2    910.4
     1     1    23     1     5    11     0     1   -98.0   45.021  -97.854    446.9    911.4
     1     1    23     1     5    10     0     2   -99.0   45.331  -97.870    450.0    912.1
     1     1    23     1     5     9     0     3  -100.0   45.635  -97.820    452.4    912.8
     1     1    23     1     5     8     0     2  -101.0   45.933  -97.723    450.8    914.4
     1     1    23     1     5     7     0     1  -102.0   46.228  -97.618    441.9    917.8
     1     1    23     1     5     6     0     0  -103.0   46.519  -97.508    435.6    921.4
     1     1    23     1     5     5     0     1  -104.0   46.803  -97.380    435.9    923.7
     1     1    23     1     5     4     0     2  -105.0   47.075  -97.223    443.5    926.2
     1     1    23     1     5     3     0     3  -106.0   47.332  -97.043    454.8    926.4
     1     1    23     1     5     2     0     2  -107.0   47.573  -96.841    456.9    924.4
     1     1    23     1     5     1     0     1  -108.0   47.793  -96.596    457.5    923.6
     1     1    23     1     5     0     0     0  -109.0   47.991  -96.294    478.4    920.2
     1     1    23     1     4    23     0     1  -110.0   48.168  -95.957    507.2    911.5
     1     1    23     1     4    22     0     2  -111.0   48.329  -95.608    514.6    910.1
     1     1    23     1     4    21     0     3  -112.0   48.479  -95.249    505.1    911.8
     1     1    23     1     4    20     0     2  -113.0   48.615  -94.861    494.3    913.7
     1     1    23     1     4    19     0     1  -114.0   48.727  -94.427    495.7    913.2
     1     1    23     1     4    18     0     0  -115.0   48.816  -93.949    519.6    910.4
     1     1    23     1     4    17     0     1  -116.0   48.892  -93.422    554.6    901.7
     1     1    23     1     4    16     0     2  -117.0   48.967  -92.850    595.3    895.7
     1     1    23     1     4    15     0     3  -118.0   49.048  -92.244    641.0    889.3
     1     1    23     1     4    14     0     2  -119.0   49.137  -91.641    704.6    882.4
     1     1    23     1     4    13     0     1  -120.0   49.245  -91.096    819.2    868.0
