     8     1
    GDAS    22    12    22     0     0
    GDAS    22    12    29     0     0
    GDAS    23     1     1     0     0
    GDAS    23     1     8     0     0
    GDAS    23     1    15     0     0
    GDAS    23     1    22     0     0
    GDAS    23     1    29     0     0
    GDAS    23     2     1     0     0
     1 BACKWARD OMEGA   
    23     1     9    16   32.716  -96.748   133.0
     1 PRESSURE
     1     1    23     1     9    16     0     2     0.0   32.716  -96.748    133.0    988.1
     1     1    23     1     9    15     0     3    -1.0   32.530  -96.745    123.0    989.0
     1     1    23     1     9    14     0     2    -2.0   32.365  -96.725    114.8    989.7
     1     1    23     1     9    13     0     1    -3.0   32.225  -96.692    111.6    989.7
     1     1    23     1     9    12     0     0    -4.0   32.107  -96.642    114.2    989.3
     1     1    23     1     9    11     0     1    -5.0   32.006  -96.576    117.8    989.3
     1     1    23     1     9    10     0     2    -6.0   31.927  -96.493    116.5    990.8
     1     1    23     1     9     9     0     3    -7.0   31.872  -96.398    111.6    993.0
     1     1    23     1     9     8     0     2    -8.0   31.835  -96.299    107.9    995.6
     1     1    23     1     9     7     0     1    -9.0   31.803  -96.207    108.0    997.3
     1     1    23     1     9     6     0     0   -10.0   31.774  -96.124    110.8    998.6
     1     1    23     1     9     5     0     1   -11.0   31.762  -96.038    114.2    998.9
     1     1    23     1     9     4     0     2   -12.0   31.780  -95.930    115.9    998.6
     1     1    23     1     9     3     0     3   -13.0   31.829  -95.803    114.7    997.7
     1     1    23     1     9     2     0     2   -14.0   31.908  -95.678    112.9    997.0
     1     1    23     1     9     1     0     1   -15.0   32.010  -95.572    113.6    995.7
     1     1    23     1     9     0     0     0   -16.0   32.133  -95.486    119.4    994.0
     1     1    23     1     8    23     0     1   -17.0   32.265  -95.420    129.8    991.9
     1     1    23     1     8    22     0     2   -18.0   32.396  -95.375    141.4    990.1
     1     1    23     1     8    21     0     3   -19.0   32.526  -95.348    152.9    988.0
     1     1    23     1     8    20     0     2   -20.0   32.656  -95.327    163.2    986.8
     1     1    23     1     8    19     0     1   -21.0   32.788  -95.301    171.8    986.0
     1     1    23     1     8    18     0     0   -22.0   32.921  -95.271    178.6    985.5
     1     1    23     1     8    17     0     1   -23.0   33.072  -95.230    187.9    984.6
     1     1    23     1     8    16     0     2   -24.0   33.259  -95.169    205.0    982.4
     1     1    23     1     8    15     0     3   -25.0   33.490  -95.088    228.7    979.3
     1     1    23     1     8    14     0     2   -26.0   33.758  -95.016    257.0    975.7
     1     1    23     1     8    13     0     1   -27.0   34.049  -94.984    298.7    970.7
     1     1    23     1     8    12     0     0   -28.0   34.359  -94.989    344.5    960.8
     1     1    23     1     8    11     0     1   -29.0   34.671  -95.020    378.1    954.6
     1     1    23     1     8    10     0     2   -30.0   34.975  -95.070    404.1    950.6
     1     1    23     1     8     9     0     3   -31.0   35.268  -95.134    444.0    946.0
     1     1    23     1     8     8     0     2   -32.0   35.534  -95.208    504.0    936.4
     1     1    23     1     8     7     0     1   -33.0   35.765  -95.283    572.6    927.6
     1     1    23     1     8     6     0     0   -34.0   35.973  -95.358    650.7    918.9
     1     1    23     1     8     5     0     1   -35.0   36.172  -95.442    740.1    908.2
     1     1    23     1     8     4     0     2   -36.0   36.368  -95.532    834.2    897.1
     1     1    23     1     8     3     0     3   -37.0   36.563  -95.614    923.4    886.1
     1     1    23     1     8     2     0     2   -38.0   36.764  -95.693    997.2    876.3
     1     1    23     1     8     1     0     1   -39.0   36.976  -95.767   1051.5    869.4
     1     1    23     1     8     0     0     0   -40.0   37.194  -95.831   1093.1    864.1
     1     1    23     1     7    23     0     1   -41.0   37.401  -95.885   1123.7    859.0
     1     1    23     1     7    22     0     2   -42.0   37.587  -95.915   1141.1    855.8
     1     1    23     1     7    21     0     3   -43.0   37.753  -95.906   1148.1    853.9
     1     1    23     1     7    20     0     2   -44.0   37.893  -95.838   1139.1    853.7
     1     1    23     1     7    19     0     1   -45.0   38.004  -95.698   1107.9    857.0
     1     1    23     1     7    18     0     0   -46.0   38.085  -95.492   1066.7    864.1
     1     1    23     1     7    17     0     1   -47.0   38.142  -95.235   1023.3    869.5
     1     1    23     1     7    16     0     2   -48.0   38.177  -94.916    965.7    876.6
     1     1    23     1     7    15     0     3   -49.0   38.183  -94.528    879.2    887.6
     1     1    23     1     7    14     0     2   -50.0   38.159  -94.107    768.3    902.6
     1     1    23     1     7    13     0     1   -51.0   38.118  -93.686    656.6    915.9
     1     1    23     1     7    12     0     0   -52.0   38.073  -93.280    562.0    923.9
     1     1    23     1     7    11     0     1   -53.0   38.017  -92.923    479.7    930.4
     1     1    23     1     7    10     0     2   -54.0   37.929  -92.651    398.3    938.0
     1     1    23     1     7     9     0     3   -55.0   37.801  -92.460    326.3    945.5
     1     1    23     1     7     8     0     2   -56.0   37.635  -92.317    278.8    950.0
     1     1    23     1     7     7     0     1   -57.0   37.429  -92.206    250.4    949.3
     1     1    23     1     7     6     0     0   -58.0   37.178  -92.130    222.3    948.0
     1     1    23     1     7     5     0     1   -59.0   36.908  -92.061    191.9    951.6
     1     1    23     1     7     4     0     2   -60.0   36.654  -91.977    167.6    961.4
     1     1    23     1     7     3     0     3   -61.0   36.414  -91.879    150.8    970.7
     1     1    23     1     7     2     0     2   -62.0   36.189  -91.775    142.2    978.9
     1     1    23     1     7     1     0     1   -63.0   35.971  -91.678    142.1    984.6
     1     1    23     1     7     0     0     0   -64.0   35.756  -91.584    146.5    987.1
     1     1    23     1     6    23     0     1   -65.0   35.554  -91.499    152.1    988.9
     1     1    23     1     6    22     0     2   -66.0   35.371  -91.435    156.7    989.9
     1     1    23     1     6    21     0     3   -67.0   35.203  -91.392    156.3    991.0
     1     1    23     1     6    20     0     2   -68.0   35.050  -91.362    151.6    993.7
     1     1    23     1     6    19     0     1   -69.0   34.915  -91.339    147.2    996.2
     1     1    23     1     6    18     0     0   -70.0   34.802  -91.324    145.6    998.0
     1     1    23     1     6    17     0     1   -71.0   34.714  -91.307    147.0    998.5
     1     1    23     1     6    16     0     2   -72.0   34.656  -91.282    151.2    998.6
     1     1    23     1     6    15     0     3   -73.0   34.625  -91.249    158.2    998.2
     1     1    23     1     6    14     0     2   -74.0   34.622  -91.225    166.2    996.8
     1     1    23     1     6    13     0     1   -75.0   34.646  -91.226    173.0    995.5
     1     1    23     1     6    12     0     0   -76.0   34.697  -91.252    178.6    994.1
     1     1    23     1     6    11     0     1   -77.0   34.768  -91.306    185.2    992.7
     1     1    23     1     6    10     0     2   -78.0   34.855  -91.388    195.1    990.6
     1     1    23     1     6     9     0     3   -79.0   34.955  -91.505    209.5    988.0
     1     1    23     1     6     8     0     2   -80.0   35.067  -91.661    231.7    984.8
     1     1    23     1     6     7     0     1   -81.0   35.187  -91.861    266.4    979.5
     1     1    23     1     6     6     0     0   -82.0   35.312  -92.103    314.9    969.9
     1     1    23     1     6     5     0     1   -83.0   35.449  -92.381    365.1    957.3
     1     1    23     1     6     4     0     2   -84.0   35.603  -92.693    402.0    946.2
     1     1    23     1     6     3     0     3   -85.0   35.778  -93.037    420.8    935.7
     1     1    23     1     6     2     0     2   -86.0   35.956  -93.396    437.5    926.2
     1     1    23     1     6     1     0     1   -87.0   36.127  -93.758    460.9    916.4
     1     1    23     1     6     0     0     0   -88.0   36.293  -94.122    475.9    914.1
     1     1    23     1     5    23     0     1   -89.0   36.449  -94.481    476.6    921.6
     1     1    23     1     5    22     0     2   -90.0   36.594  -94.834    476.7    929.7
     1     1    23     1     5    21     0     3   -91.0   36.738  -95.183    492.6    931.3
     1     1    23     1     5    20     0     2   -92.0   36.897  -95.527    516.4    927.3
     1     1    23     1     5    19     0     1   -93.0   37.084  -95.862    532.8    924.2
     1     1    23     1     5    18     0     0   -94.0   37.301  -96.196    544.6    920.5
     1     1    23     1     5    17     0     1   -95.0   37.553  -96.553    560.4    914.4
     1     1    23     1     5    16     0     2   -96.0   37.850  -96.935    589.9    906.5
     1     1    23     1     5    15     0     3   -97.0   38.199  -97.322    639.7    897.8
     1     1    23     1     5    14     0     2   -98.0   38.582  -97.699    681.2    887.3
     1     1    23     1     5    13     0     1   -99.0   38.977  -98.050    689.5    881.6
     1     1    23     1     5    12     0     0  -100.0   39.405  -98.378    689.5    881.0
     1     1    23     1     5    11     0     1  -101.0   39.856  -98.689    722.5    872.6
     1     1    23     1     5    10     0     2  -102.0   40.305  -98.983    771.7    857.3
     1     1    23     1     5     9     0     3  -103.0   40.766  -99.264    803.6    845.3
     1     1    23     1     5     8     0     2  -104.0   41.251  -99.546    845.5    838.7
     1     1    23     1     5     7     0     1  -105.0   41.738  -99.816    902.1    824.8
     1     1    23     1     5     6     0     0  -106.0   42.207 -100.047    919.7    819.5
     1     1    23     1     5     5     0     1  -107.0   42.655 -100.255    923.6    822.6
     1     1    23     1     5     4     0     2  -108.0   43.082 -100.462    952.4    819.1
     1     1    23     1     5     3     0     3  -109.0   43.482 -100.646    980.4    819.6
     1     1    23     1     5     2     0     2  -110.0   43.854 -100.811    961.3    826.2
     1     1    23     1     5     1     0     1  -111.0   44.201 -100.971    905.2    836.8
     1     1    23     1     5     0     0     0  -112.0   44.533 -101.127    885.0    841.6
     1     1    23     1     4    23     0     1  -113.0   44.844 -101.265    929.7    833.9
     1     1    23     1     4    22     0     2  -114.0   45.124 -101.385    991.8    823.3
     1     1    23     1     4    21     0     3  -115.0   45.370 -101.502   1037.1    816.5
     1     1    23     1     4    20     0     2  -116.0   45.585 -101.610   1061.8    814.0
     1     1    23     1     4    19     0     1  -117.0   45.776 -101.698   1077.0    812.6
     1     1    23     1     4    18     0     0  -118.0   45.948 -101.770   1093.9    811.1
     1     1    23     1     4    17     0     1  -119.0   46.103 -101.828   1117.7    808.7
     1     1    23     1     4    16     0     2  -120.0   46.245 -101.875   1144.3    805.7
