     8     1
    GDAS    22    12    22     0     0
    GDAS    22    12    29     0     0
    GDAS    23     1     1     0     0
    GDAS    23     1     8     0     0
    GDAS    23     1    15     0     0
    GDAS    23     1    22     0     0
    GDAS    23     1    29     0     0
    GDAS    23     2     1     0     0
     1 BACKWARD OMEGA   
    23     1    23    12   32.716  -96.748  1500.0
     1 PRESSURE
     1     1    23     1    23    12     0     0     0.0   32.716  -96.748   1500.0    833.5
     1     1    23     1    23    11     0     1    -1.0   32.863  -96.819   1536.7    830.7
     1     1    23     1    23    10     0     2    -2.0   33.000  -96.919   1595.0    824.7
     1     1    23     1    23     9     0     3    -3.0   33.123  -97.051   1680.1    814.6
     1     1    23     1    23     8     0     2    -4.0   33.247  -97.216   1767.5    798.9
     1     1    23     1    23     7     0     1    -5.0   33.384  -97.395   1819.4    789.9
     1     1    23     1    23     6     0     0    -6.0   33.530  -97.579   1829.8    786.0
     1     1    23     1    23     5     0     1    -7.0   33.689  -97.770   1821.6    786.8
     1     1    23     1    23     4     0     2    -8.0   33.867  -97.976   1813.3    785.6
     1     1    23     1    23     3     0     3    -9.0   34.057  -98.196   1798.4    785.4
     1     1    23     1    23     2     0     2   -10.0   34.258  -98.425   1796.3    783.7
     1     1    23     1    23     1     0     1   -11.0   34.474  -98.663   1822.5    775.6
     1     1    23     1    23     0     0     0   -12.0   34.713  -98.904   1852.3    765.5
     1     1    23     1    22    23     0     1   -13.0   34.970  -99.148   1883.7    757.4
     1     1    23     1    22    22     0     2   -14.0   35.234  -99.416   1950.1    744.8
     1     1    23     1    22    21     0     3   -15.0   35.517  -99.700   2017.2    726.8
     1     1    23     1    22    20     0     2   -16.0   35.821  -99.977   2053.0    718.0
     1     1    23     1    22    19     0     1   -17.0   36.140 -100.236   2080.1    711.4
     1     1    23     1    22    18     0     0   -18.0   36.463 -100.466   2107.2    707.4
     1     1    23     1    22    17     0     1   -19.0   36.794 -100.665   2128.9    702.2
     1     1    23     1    22    16     0     2   -20.0   37.152 -100.837   2142.0    697.2
     1     1    23     1    22    15     0     3   -21.0   37.552 -100.997   2148.7    691.0
     1     1    23     1    22    14     0     2   -22.0   37.987 -101.154   2156.8    686.4
     1     1    23     1    22    13     0     1   -23.0   38.435 -101.314   2183.0    681.2
     1     1    23     1    22    12     0     0   -24.0   38.889 -101.473   2221.1    671.5
     1     1    23     1    22    11     0     1   -25.0   39.336 -101.631   2265.1    665.9
     1     1    23     1    22    10     0     2   -26.0   39.768 -101.793   2304.2    662.4
     1     1    23     1    22     9     0     3   -27.0   40.187 -101.954   2322.4    660.1
     1     1    23     1    22     8     0     2   -28.0   40.598 -102.091   2329.8    656.2
     1     1    23     1    22     7     0     1   -29.0   41.010 -102.193   2350.0    651.3
     1     1    23     1    22     6     0     0   -30.0   41.431 -102.260   2373.3    646.1
     1     1    23     1    22     5     0     1   -31.0   41.866 -102.304   2382.8    643.6
     1     1    23     1    22     4     0     2   -32.0   42.314 -102.342   2385.7    648.0
     1     1    23     1    22     3     0     3   -33.0   42.775 -102.379   2386.0    655.2
     1     1    23     1    22     2     0     2   -34.0   43.239 -102.430   2371.3    663.0
     1     1    23     1    22     1     0     1   -35.0   43.699 -102.513   2329.9    673.8
     1     1    23     1    22     0     0     0   -36.0   44.161 -102.619   2276.1    684.0
     1     1    23     1    21    23     0     1   -37.0   44.611 -102.749   2229.2    689.9
     1     1    23     1    21    22     0     2   -38.0   45.046 -102.909   2204.0    693.1
     1     1    23     1    21    21     0     3   -39.0   45.478 -103.100   2204.0    690.7
     1     1    23     1    21    20     0     2   -40.0   45.912 -103.312   2206.1    687.6
     1     1    23     1    21    19     0     1   -41.0   46.347 -103.533   2192.5    690.2
     1     1    23     1    21    18     0     0   -42.0   46.777 -103.763   2172.7    694.1
     1     1    23     1    21    17     0     1   -43.0   47.203 -104.030   2157.3    700.0
     1     1    23     1    21    16     0     2   -44.0   47.620 -104.337   2135.6    710.8
     1     1    23     1    21    15     0     3   -45.0   48.019 -104.648   2136.4    719.6
     1     1    23     1    21    14     0     2   -46.0   48.409 -104.957   2130.7    709.8
     1     1    23     1    21    13     0     1   -47.0   48.798 -105.247   2067.4    711.8
     1     1    23     1    21    12     0     0   -48.0   49.187 -105.504   2006.7    719.3
     1     1    23     1    21    11     0     1   -49.0   49.579 -105.767   1982.7    724.2
     1     1    23     1    21    10     0     2   -50.0   49.978 -106.043   1954.9    729.0
     1     1    23     1    21     9     0     3   -51.0   50.380 -106.319   1907.4    736.6
     1     1    23     1    21     8     0     2   -52.0   50.768 -106.622   1859.3    744.1
     1     1    23     1    21     7     0     1   -53.0   51.129 -106.956   1803.2    752.2
     1     1    23     1    21     6     0     0   -54.0   51.473 -107.310   1747.9    758.3
     1     1    23     1    21     5     0     1   -55.0   51.822 -107.670   1741.3    758.9
     1     1    23     1    21     4     0     2   -56.0   52.176 -108.008   1807.7    749.8
     1     1    23     1    21     3     0     3   -57.0   52.529 -108.358   1893.5    739.3
     1     1    23     1    21     2     0     2   -58.0   52.891 -108.748   1939.1    739.4
     1     1    23     1    21     1     0     1   -59.0   53.255 -109.150   1954.9    741.3
     1     1    23     1    21     0     0     0   -60.0   53.615 -109.580   1982.4    736.2
     1     1    23     1    20    23     0     1   -61.0   53.980 -110.060   2042.4    723.4
     1     1    23     1    20    22     0     2   -62.0   54.344 -110.574   2087.5    714.2
     1     1    23     1    20    21     0     3   -63.0   54.682 -111.124   2100.9    716.1
     1     1    23     1    20    20     0     2   -64.0   55.011 -111.707   2123.8    718.1
     1     1    23     1    20    19     0     1   -65.0   55.335 -112.312   2180.5    715.6
     1     1    23     1    20    18     0     0   -66.0   55.645 -112.951   2242.1    705.5
     1     1    23     1    20    17     0     1   -67.0   55.948 -113.655   2251.6    704.7
     1     1    23     1    20    16     0     2   -68.0   56.238 -114.444   2255.0    704.8
     1     1    23     1    20    15     0     3   -69.0   56.478 -115.242   2246.3    705.3
     1     1    23     1    20    14     0     2   -70.0   56.726 -116.120   2283.6    696.4
     1     1    23     1    20    13     0     1   -71.0   56.966 -116.987   2463.3    694.8
     1     1    23     1    20    12     0     0   -72.0   57.148 -117.854   2590.6    670.8
     1     1    23     1    20    11     0     1   -73.0   57.326 -118.767   2582.8    665.9
     1     1    23     1    20    10     0     2   -74.0   57.525 -119.668   2669.2    656.8
     1     1    23     1    20     9     0     3   -75.0   57.681 -120.491   2685.0    663.0
     1     1    23     1    20     8     0     2   -76.0   57.856 -121.315   2686.2    664.3
     1     1    23     1    20     7     0     1   -77.0   58.101 -122.092   2564.5    670.8
     1     1    23     1    20     6     0     0   -78.0   58.387 -122.870   2400.2    688.6
     1     1    23     1    20     5     0     1   -79.0   58.688 -123.861   2419.2    666.0
     1     1    23     1    20     4     0     2   -80.0   58.940 -125.083   2674.5    625.5
     1     1    23     1    20     3     0     3   -81.0   59.106 -126.393   2758.6    594.2
     1     1    23     1    20     2     0     2   -82.0   59.158 -127.815   2619.1    627.4
     1     1    23     1    20     1     0     1   -83.0   59.091 -129.365   2532.2    617.2
     1     1    23     1    20     0     0     0   -84.0   58.868 -130.830   2536.0    616.6
     1     1    23     1    19    23     0     1   -85.0   58.477 -132.189   2752.3    611.0
     1     1    23     1    19    22     0     2   -86.0   58.033 -133.332   2986.7    602.5
     1     1    23     1    19    21     0     3   -87.0   57.584 -134.069   2721.1    695.5
     1     1    23     1    19    20     0     2   -88.0   57.117 -134.670   2340.2    710.9
     1     1    23     1    19    19     0     1   -89.0   56.688 -135.212   1951.3    745.3
     1     1    23     1    19    18     0     0   -90.0   56.359 -135.676   1488.1    829.0
     1     1    23     1    19    17     0     1   -91.0   56.027 -136.137   1136.1    883.8
     1     1    23     1    19    16     0     2   -92.0   55.672 -136.730    970.0    889.8
     1     1    23     1    19    15     0     3   -93.0   55.362 -137.453    876.9    899.7
     1     1    23     1    19    14     0     2   -94.0   55.032 -138.221    796.2    902.7
     1     1    23     1    19    13     0     1   -95.0   54.673 -139.081    723.3    914.5
     1     1    23     1    19    12     0     0   -96.0   54.327 -140.023    708.1    911.6
     1     1    23     1    19    11     0     1   -97.0   53.954 -140.963    684.1    916.0
     1     1    23     1    19    10     0     2   -98.0   53.550 -141.903    668.7    916.6
     1     1    23     1    19     9     0     3   -99.0   53.134 -142.874    650.8    916.3
     1     1    23     1    19     8     0     2  -100.0   52.689 -143.816    616.4    921.3
     1     1    23     1    19     7     0     1  -101.0   52.219 -144.769    586.3    924.2
     1     1    23     1    19     6     0     0  -102.0   51.760 -145.770    584.1    923.6
     1     1    23     1    19     5     0     1  -103.0   51.297 -146.753    588.2    923.9
     1     1    23     1    19     4     0     2  -104.0   50.809 -147.736    603.6    919.9
     1     1    23     1    19     3     0     3  -105.0   50.309 -148.762    595.1    923.5
     1     1    23     1    19     2     0     2  -106.0   49.796 -149.796    630.2    916.6
     1     1    23     1    19     1     0     1  -107.0   49.258 -150.822    613.1    921.1
     1     1    23     1    19     0     0     0  -108.0   48.692 -151.874    658.9    914.3
     1     1    23     1    18    23     0     1  -109.0   48.127 -152.911    704.2    908.2
     1     1    23     1    18    22     0     2  -110.0   47.559 -153.917    709.3    909.6
     1     1    23     1    18    21     0     3  -111.0   46.976 -154.955    711.6    910.7
     1     1    23     1    18    20     0     2  -112.0   46.417 -155.998    728.2    907.5
     1     1    23     1    18    19     0     1  -113.0   45.858 -157.024    741.4    908.0
     1     1    23     1    18    18     0     0  -114.0   45.303 -158.080    769.6    903.2
     1     1    23     1    18    17     0     1  -115.0   44.778 -159.190    776.9    904.2
     1     1    23     1    18    16     0     2  -116.0   44.265 -160.297    817.3    899.7
     1     1    23     1    18    15     0     3  -117.0   43.761 -161.431    861.5    895.4
     1     1    23     1    18    14     0     2  -118.0   43.280 -162.620    905.5    891.1
     1     1    23     1    18    13     0     1  -119.0   42.815 -163.817    928.7    887.5
     1     1    23     1    18    12     0     0  -120.0   42.343 -165.044    937.8    890.8
