     8     1
    GDAS    22    12    22     0     0
    GDAS    22    12    29     0     0
    GDAS    23     1     1     0     0
    GDAS    23     1     8     0     0
    GDAS    23     1    15     0     0
    GDAS    23     1    22     0     0
    GDAS    23     1    29     0     0
    GDAS    23     2     1     0     0
     1 BACKWARD OMEGA   
    23     1    15    14   32.716  -96.748  1000.0
     1 PRESSURE
     1     1    23     1    15    14     0     2     0.0   32.716  -96.748   1000.0    882.4
     1     1    23     1    15    13     0     1    -1.0   32.163  -97.152    992.9    878.6
     1     1    23     1    15    12     0     0    -2.0   31.663  -97.521    993.5    870.3
     1     1    23     1    15    11     0     1    -3.0   31.192  -97.859    959.7    868.4
     1     1    23     1    15    10     0     2    -4.0   30.709  -98.158    924.4    872.8
     1     1    23     1    15     9     0     3    -5.0   30.225  -98.414    945.3    869.8
     1     1    23     1    15     8     0     2    -6.0   29.777  -98.638   1003.2    860.5
     1     1    23     1    15     7     0     1    -7.0   29.368  -98.822   1029.3    864.9
     1     1    23     1    15     6     0     0    -8.0   28.984  -98.950   1015.1    878.2
     1     1    23     1    15     5     0     1    -9.0   28.599  -99.018    966.5    888.0
     1     1    23     1    15     4     0     2   -10.0   28.191  -99.025    902.8    903.5
     1     1    23     1    15     3     0     3   -11.0   27.779  -98.970    867.2    911.6
     1     1    23     1    15     2     0     2   -12.0   27.402  -98.870    877.8    908.8
     1     1    23     1    15     1     0     1   -13.0   27.077  -98.743    910.4    903.6
     1     1    23     1    15     0     0     0   -14.0   26.799  -98.604    942.0    902.7
     1     1    23     1    14    23     0     1   -15.0   26.563  -98.471    970.8    903.1
     1     1    23     1    14    22     0     2   -16.0   26.360  -98.355    996.5    901.8
     1     1    23     1    14    21     0     3   -17.0   26.178  -98.252   1004.9    901.7
     1     1    23     1    14    20     0     2   -18.0   26.006  -98.153   1004.1    905.7
     1     1    23     1    14    19     0     1   -19.0   25.836  -98.057   1006.7    906.9
     1     1    23     1    14    18     0     0   -20.0   25.672  -97.967   1015.0    908.2
     1     1    23     1    14    17     0     1   -21.0   25.521  -97.882   1024.1    906.5
     1     1    23     1    14    16     0     2   -22.0   25.389  -97.801   1026.0    906.7
     1     1    23     1    14    15     0     3   -23.0   25.276  -97.725   1021.2    907.5
     1     1    23     1    14    14     0     2   -24.0   25.188  -97.655   1013.8    908.4
     1     1    23     1    14    13     0     1   -25.0   25.128  -97.596   1006.5    908.7
     1     1    23     1    14    12     0     0   -26.0   25.097  -97.544    997.3    909.3
     1     1    23     1    14    11     0     1   -27.0   25.088  -97.500    990.3    910.6
     1     1    23     1    14    10     0     2   -28.0   25.093  -97.463    990.6    910.7
     1     1    23     1    14     9     0     3   -29.0   25.111  -97.434    998.6    909.8
     1     1    23     1    14     8     0     2   -30.0   25.145  -97.408   1019.3    908.7
     1     1    23     1    14     7     0     1   -31.0   25.197  -97.381   1057.2    905.0
     1     1    23     1    14     6     0     0   -32.0   25.266  -97.354   1109.2    899.9
     1     1    23     1    14     5     0     1   -33.0   25.362  -97.328   1165.0    893.4
     1     1    23     1    14     4     0     2   -34.0   25.492  -97.304   1216.4    887.8
     1     1    23     1    14     3     0     3   -35.0   25.656  -97.279   1263.5    882.8
     1     1    23     1    14     2     0     2   -36.0   25.844  -97.255   1308.2    877.8
     1     1    23     1    14     1     0     1   -37.0   26.046  -97.238   1355.3    872.8
     1     1    23     1    14     0     0     0   -38.0   26.261  -97.234   1401.0    866.9
     1     1    23     1    13    23     0     1   -39.0   26.484  -97.247   1427.1    863.1
     1     1    23     1    13    22     0     2   -40.0   26.712  -97.275   1431.6    863.3
     1     1    23     1    13    21     0     3   -41.0   26.946  -97.316   1430.3    864.2
     1     1    23     1    13    20     0     2   -42.0   27.186  -97.359   1449.2    864.4
     1     1    23     1    13    19     0     1   -43.0   27.435  -97.401   1502.8    858.3
     1     1    23     1    13    18     0     0   -44.0   27.694  -97.444   1583.0    848.9
     1     1    23     1    13    17     0     1   -45.0   27.964  -97.484   1652.6    836.6
     1     1    23     1    13    16     0     2   -46.0   28.248  -97.510   1674.6    833.2
     1     1    23     1    13    15     0     3   -47.0   28.547  -97.521   1659.6    836.2
     1     1    23     1    13    14     0     2   -48.0   28.869  -97.524   1647.4    839.5
     1     1    23     1    13    13     0     1   -49.0   29.212  -97.535   1656.1    834.9
     1     1    23     1    13    12     0     0   -50.0   29.567  -97.573   1680.8    826.1
     1     1    23     1    13    11     0     1   -51.0   29.926  -97.639   1702.0    815.4
     1     1    23     1    13    10     0     2   -52.0   30.292  -97.716   1695.5    810.9
     1     1    23     1    13     9     0     3   -53.0   30.670  -97.796   1658.7    811.1
     1     1    23     1    13     8     0     2   -54.0   31.058  -97.881   1648.3    813.7
     1     1    23     1    13     7     0     1   -55.0   31.450  -97.974   1720.7    804.6
     1     1    23     1    13     6     0     0   -56.0   31.857  -98.062   1851.4    788.7
     1     1    23     1    13     5     0     1   -57.0   32.276  -98.151   1989.7    771.4
     1     1    23     1    13     4     0     2   -58.0   32.704  -98.265   2107.9    759.4
     1     1    23     1    13     3     0     3   -59.0   33.143  -98.396   2196.8    750.8
     1     1    23     1    13     2     0     2   -60.0   33.585  -98.540   2283.8    747.0
     1     1    23     1    13     1     0     1   -61.0   34.023  -98.704   2373.1    737.0
     1     1    23     1    13     0     0     0   -62.0   34.462  -98.889   2400.4    725.4
     1     1    23     1    12    23     0     1   -63.0   34.895  -99.082   2442.0    722.8
     1     1    23     1    12    22     0     2   -64.0   35.322  -99.286   2561.8    701.8
     1     1    23     1    12    21     0     3   -65.0   35.758  -99.518   2696.1    678.8
     1     1    23     1    12    20     0     2   -66.0   36.186  -99.757   2808.8    664.2
     1     1    23     1    12    19     0     1   -67.0   36.580  -99.980   2906.0    656.4
     1     1    23     1    12    18     0     0   -68.0   36.958 -100.203   2949.1    648.1
     1     1    23     1    12    17     0     1   -69.0   37.347 -100.430   2931.2    645.6
     1     1    23     1    12    16     0     2   -70.0   37.730 -100.657   2901.7    642.1
     1     1    23     1    12    15     0     3   -71.0   38.076 -100.874   2869.6    640.3
     1     1    23     1    12    14     0     2   -72.0   38.400 -101.074   2832.7    639.7
     1     1    23     1    12    13     0     1   -73.0   38.727 -101.256   2769.7    640.5
     1     1    23     1    12    12     0     0   -74.0   39.056 -101.422   2680.6    643.7
     1     1    23     1    12    11     0     1   -75.0   39.391 -101.565   2653.2    651.4
     1     1    23     1    12    10     0     2   -76.0   39.718 -101.675   2728.1    642.1
     1     1    23     1    12     9     0     3   -77.0   40.025 -101.737   2850.7    630.5
     1     1    23     1    12     8     0     2   -78.0   40.326 -101.765   2946.1    616.7
     1     1    23     1    12     7     0     1   -79.0   40.626 -101.767   2967.4    613.9
     1     1    23     1    12     6     0     0   -80.0   40.911 -101.719   2931.9    616.5
     1     1    23     1    12     5     0     1   -81.0   41.191 -101.665   2872.7    622.4
     1     1    23     1    12     4     0     2   -82.0   41.475 -101.629   2813.3    626.0
     1     1    23     1    12     3     0     3   -83.0   41.751 -101.568   2758.9    629.5
     1     1    23     1    12     2     0     2   -84.0   42.016 -101.495   2719.4    632.7
     1     1    23     1    12     1     0     1   -85.0   42.282 -101.453   2715.5    636.4
     1     1    23     1    12     0     0     0   -86.0   42.551 -101.453   2732.1    634.9
     1     1    23     1    11    23     0     1   -87.0   42.801 -101.472   2746.5    634.1
     1     1    23     1    11    22     0     2   -88.0   43.021 -101.489   2776.7    634.9
     1     1    23     1    11    21     0     3   -89.0   43.217 -101.512   2847.6    631.7
     1     1    23     1    11    20     0     2   -90.0   43.377 -101.569   2920.0    626.0
     1     1    23     1    11    19     0     1   -91.0   43.496 -101.663   2962.2    624.0
     1     1    23     1    11    18     0     0   -92.0   43.577 -101.775   2971.2    623.5
     1     1    23     1    11    17     0     1   -93.0   43.642 -101.902   2962.5    625.4
     1     1    23     1    11    16     0     2   -94.0   43.710 -102.050   2967.0    625.6
     1     1    23     1    11    15     0     3   -95.0   43.773 -102.210   2989.1    623.3
     1     1    23     1    11    14     0     2   -96.0   43.827 -102.386   3018.8    620.1
     1     1    23     1    11    13     0     1   -97.0   43.880 -102.579   3047.6    616.5
     1     1    23     1    11    12     0     0   -98.0   43.935 -102.777   3071.4    613.3
     1     1    23     1    11    11     0     1   -99.0   43.983 -102.974   3090.4    610.3
     1     1    23     1    11    10     0     2  -100.0   44.018 -103.203   3080.5    596.2
     1     1    23     1    11     9     0     3  -101.0   44.039 -103.507   3056.1    577.4
     1     1    23     1    11     8     0     2  -102.0   44.065 -103.903   3005.9    553.2
     1     1    23     1    11     7     0     1  -103.0   44.100 -104.351   2972.8    561.5
     1     1    23     1    11     6     0     0  -104.0   44.129 -104.775   2904.5    579.1
     1     1    23     1    11     5     0     1  -105.0   44.160 -105.157   2821.7    597.1
     1     1    23     1    11     4     0     2  -106.0   44.213 -105.516   2778.7    603.5
     1     1    23     1    11     3     0     3  -107.0   44.302 -105.850   2756.0    605.5
     1     1    23     1    11     2     0     2  -108.0   44.422 -106.209   2694.3    602.3
     1     1    23     1    11     1     0     1  -109.0   44.546 -106.653   2640.2    596.3
     1     1    23     1    11     0     0     0  -110.0   44.653 -107.149   2661.0    589.8
     1     1    23     1    10    23     0     1  -111.0   44.733 -107.632   2735.0    577.4
     1     1    23     1    10    22     0     2  -112.0   44.783 -108.084   2815.3    560.9
     1     1    23     1    10    21     0     3  -113.0   44.815 -108.495   2905.7    562.7
     1     1    23     1    10    20     0     2  -114.0   44.845 -108.841   2947.9    569.2
     1     1    23     1    10    19     0     1  -115.0   44.871 -109.143   2906.7    566.8
     1     1    23     1    10    18     0     0  -116.0   44.897 -109.446   2813.6    550.5
     1     1    23     1    10    17     0     1  -117.0   44.946 -109.789   2800.6    527.0
     1     1    23     1    10    16     0     2  -118.0   45.013 -110.200   2950.8    500.0
     1     1    23     1    10    15     0     3  -119.0   45.063 -110.714   3075.6    489.0
     1     1    23     1    10    14     0     2  -120.0   45.133 -111.194   3009.7    505.1
