     8     1
    GDAS    22    12    22     0     0
    GDAS    22    12    29     0     0
    GDAS    23     1     1     0     0
    GDAS    23     1     8     0     0
    GDAS    23     1    15     0     0
    GDAS    23     1    22     0     0
    GDAS    23     1    29     0     0
    GDAS    23     2     1     0     0
     1 BACKWARD OMEGA   
    23     1     9    11   32.716  -96.748    20.0
     1 PRESSURE
     1     1    23     1     9    11     0     1     0.0   32.716  -96.748     20.0    999.9
     1     1    23     1     9    10     0     2    -1.0   32.645  -96.711     17.3   1000.6
     1     1    23     1     9     9     0     3    -2.0   32.584  -96.668     15.4   1001.2
     1     1    23     1     9     8     0     2    -3.0   32.531  -96.620     14.1   1002.2
     1     1    23     1     9     7     0     1    -4.0   32.480  -96.572     13.5   1003.2
     1     1    23     1     9     6     0     0    -5.0   32.431  -96.526     13.6   1004.3
     1     1    23     1     9     5     0     1    -6.0   32.395  -96.476     13.9   1004.6
     1     1    23     1     9     4     0     2    -7.0   32.383  -96.415     14.1   1004.9
     1     1    23     1     9     3     0     3    -8.0   32.397  -96.344     14.1   1005.1
     1     1    23     1     9     2     0     2    -9.0   32.431  -96.270     14.6   1005.3
     1     1    23     1     9     1     0     1   -10.0   32.480  -96.202     16.0   1005.1
     1     1    23     1     9     0     0     0   -11.0   32.544  -96.143     18.9   1004.6
     1     1    23     1     8    23     0     1   -12.0   32.625  -96.093     23.2   1003.9
     1     1    23     1     8    22     0     2   -13.0   32.719  -96.057     28.8   1003.0
     1     1    23     1     8    21     0     3   -14.0   32.826  -96.036     35.6   1001.8
     1     1    23     1     8    20     0     2   -15.0   32.943  -96.022     43.3   1001.2
     1     1    23     1     8    19     0     1   -16.0   33.069  -96.004     51.2   1001.0
     1     1    23     1     8    18     0     0   -17.0   33.205  -95.985     58.3   1000.8
     1     1    23     1     8    17     0     1   -18.0   33.358  -95.966     67.0    999.6
     1     1    23     1     8    16     0     2   -19.0   33.540  -95.946     80.5    997.6
     1     1    23     1     8    15     0     3   -20.0   33.755  -95.921     99.5    995.2
     1     1    23     1     8    14     0     2   -21.0   33.988  -95.900    124.2    992.2
     1     1    23     1     8    13     0     1   -22.0   34.225  -95.885    151.6    986.5
     1     1    23     1     8    12     0     0   -23.0   34.469  -95.866    175.2    980.9
     1     1    23     1     8    11     0     1   -24.0   34.725  -95.849    189.8    977.0
     1     1    23     1     8    10     0     2   -25.0   34.980  -95.840    193.8    974.7
     1     1    23     1     8     9     0     3   -26.0   35.218  -95.846    198.4    975.1
     1     1    23     1     8     8     0     2   -27.0   35.441  -95.859    210.8    973.4
     1     1    23     1     8     7     0     1   -28.0   35.648  -95.875    229.4    971.5
     1     1    23     1     8     6     0     0   -29.0   35.847  -95.893    256.7    969.0
     1     1    23     1     8     5     0     1   -30.0   36.053  -95.907    295.8    963.9
     1     1    23     1     8     4     0     2   -31.0   36.278  -95.897    346.3    955.7
     1     1    23     1     8     3     0     3   -32.0   36.518  -95.849    405.7    947.1
     1     1    23     1     8     2     0     2   -33.0   36.762  -95.774    458.1    937.0
     1     1    23     1     8     1     0     1   -34.0   37.006  -95.684    485.6    931.9
     1     1    23     1     8     0     0     0   -35.0   37.251  -95.573    497.4    930.5
     1     1    23     1     7    23     0     1   -36.0   37.487  -95.445    508.9    928.7
     1     1    23     1     7    22     0     2   -37.0   37.708  -95.291    516.2    926.6
     1     1    23     1     7    21     0     3   -38.0   37.919  -95.083    503.4    927.7
     1     1    23     1     7    20     0     2   -39.0   38.114  -94.820    475.8    934.3
     1     1    23     1     7    19     0     1   -40.0   38.280  -94.515    449.0    939.2
     1     1    23     1     7    18     0     0   -41.0   38.413  -94.174    417.0    943.2
     1     1    23     1     7    17     0     1   -42.0   38.518  -93.793    373.7    947.9
     1     1    23     1     7    16     0     2   -43.0   38.602  -93.385    328.6    954.2
     1     1    23     1     7    15     0     3   -44.0   38.664  -92.961    286.3    960.1
     1     1    23     1     7    14     0     2   -45.0   38.719  -92.543    254.0    962.8
     1     1    23     1     7    13     0     1   -46.0   38.786  -92.132    235.9    962.0
     1     1    23     1     7    12     0     0   -47.0   38.873  -91.734    226.1    963.6
     1     1    23     1     7    11     0     1   -48.0   38.972  -91.377    219.4    967.3
     1     1    23     1     7    10     0     2   -49.0   39.065  -91.084    212.3    970.7
     1     1    23     1     7     9     0     3   -50.0   39.147  -90.851    206.1    973.3
     1     1    23     1     7     8     0     2   -51.0   39.216  -90.665    202.7    975.2
     1     1    23     1     7     7     0     1   -52.0   39.273  -90.511    202.4    976.6
     1     1    23     1     7     6     0     0   -53.0   39.318  -90.387    205.5    977.2
     1     1    23     1     7     5     0     1   -54.0   39.355  -90.285    206.8    977.1
     1     1    23     1     7     4     0     2   -55.0   39.387  -90.197    200.5    978.4
     1     1    23     1     7     3     0     3   -56.0   39.415  -90.120    187.5    980.5
     1     1    23     1     7     2     0     2   -57.0   39.440  -90.062    173.0    983.1
     1     1    23     1     7     1     0     1   -58.0   39.459  -90.029    160.8    984.6
     1     1    23     1     7     0     0     0   -59.0   39.472  -90.020    150.4    985.8
     1     1    23     1     6    23     0     1   -60.0   39.483  -90.040    142.7    986.6
     1     1    23     1     6    22     0     2   -61.0   39.497  -90.099    138.5    986.4
     1     1    23     1     6    21     0     3   -62.0   39.512  -90.197    138.0    985.4
     1     1    23     1     6    20     0     2   -63.0   39.528  -90.321    140.0    984.4
     1     1    23     1     6    19     0     1   -64.0   39.548  -90.459    143.6    983.0
     1     1    23     1     6    18     0     0   -65.0   39.569  -90.610    148.1    981.3
     1     1    23     1     6    17     0     1   -66.0   39.593  -90.773    152.9    979.4
     1     1    23     1     6    16     0     2   -67.0   39.622  -90.949    157.5    977.5
     1     1    23     1     6    15     0     3   -68.0   39.656  -91.139    162.7    976.1
     1     1    23     1     6    14     0     2   -69.0   39.701  -91.343    169.9    974.4
     1     1    23     1     6    13     0     1   -70.0   39.758  -91.564    179.9    972.4
     1     1    23     1     6    12     0     0   -71.0   39.823  -91.807    194.1    970.3
     1     1    23     1     6    11     0     1   -72.0   39.897  -92.066    211.2    967.7
     1     1    23     1     6    10     0     2   -73.0   39.984  -92.327    228.4    964.0
     1     1    23     1     6     9     0     3   -74.0   40.088  -92.593    247.9    959.9
     1     1    23     1     6     8     0     2   -75.0   40.211  -92.872    267.4    954.8
     1     1    23     1     6     7     0     1   -76.0   40.354  -93.158    280.5    951.3
     1     1    23     1     6     6     0     0   -77.0   40.513  -93.448    290.7    949.1
     1     1    23     1     6     5     0     1   -78.0   40.683  -93.748    305.2    945.4
     1     1    23     1     6     4     0     2   -79.0   40.869  -94.051    323.1    940.1
     1     1    23     1     6     3     0     3   -80.0   41.070  -94.350    338.7    936.8
     1     1    23     1     6     2     0     2   -81.0   41.271  -94.646    352.3    934.0
     1     1    23     1     6     1     0     1   -82.0   41.473  -94.937    358.4    930.2
     1     1    23     1     6     0     0     0   -83.0   41.684  -95.217    356.4    930.0
     1     1    23     1     5    23     0     1   -84.0   41.896  -95.492    353.9    931.0
     1     1    23     1     5    22     0     2   -85.0   42.103  -95.762    345.0    931.7
     1     1    23     1     5    21     0     3   -86.0   42.313  -96.017    315.5    934.2
     1     1    23     1     5    20     0     2   -87.0   42.527  -96.260    287.0    937.8
     1     1    23     1     5    19     0     1   -88.0   42.758  -96.506    281.1    936.5
     1     1    23     1     5    18     0     0   -89.0   43.019  -96.743    295.8    934.6
     1     1    23     1     5    17     0     1   -90.0   43.318  -96.957    318.4    925.4
     1     1    23     1     5    16     0     2   -91.0   43.639  -97.139    340.9    918.9
     1     1    23     1     5    15     0     3   -92.0   43.966  -97.281    371.0    913.8
     1     1    23     1     5    14     0     2   -93.0   44.293  -97.393    401.0    909.0
     1     1    23     1     5    13     0     1   -94.0   44.615  -97.486    416.8    907.6
     1     1    23     1     5    12     0     0   -95.0   44.932  -97.557    416.0    907.6
     1     1    23     1     5    11     0     1   -96.0   45.242  -97.597    411.0    913.0
     1     1    23     1     5    10     0     2   -97.0   45.545  -97.591    410.9    915.8
     1     1    23     1     5     9     0     3   -98.0   45.838  -97.528    406.7    919.3
     1     1    23     1     5     8     0     2   -99.0   46.124  -97.438    390.7    924.1
     1     1    23     1     5     7     0     1  -100.0   46.406  -97.352    371.0    929.6
     1     1    23     1     5     6     0     0  -101.0   46.689  -97.258    363.7    933.6
     1     1    23     1     5     5     0     1  -102.0   46.967  -97.134    373.0    935.8
     1     1    23     1     5     4     0     2  -103.0   47.230  -96.977    390.5    934.7
     1     1    23     1     5     3     0     3  -104.0   47.471  -96.790    395.4    930.7
     1     1    23     1     5     2     0     2  -105.0   47.688  -96.568    388.4    930.5
     1     1    23     1     5     1     0     1  -106.0   47.888  -96.297    389.2    929.5
     1     1    23     1     5     0     0     0  -107.0   48.073  -95.969    409.7    925.5
     1     1    23     1     4    23     0     1  -108.0   48.243  -95.606    428.1    920.5
     1     1    23     1     4    22     0     2  -109.0   48.400  -95.235    429.9    921.2
     1     1    23     1     4    21     0     3  -110.0   48.548  -94.861    426.2    921.4
     1     1    23     1     4    20     0     2  -111.0   48.679  -94.467    423.7    921.2
     1     1    23     1     4    19     0     1  -112.0   48.785  -94.032    431.8    920.5
     1     1    23     1     4    18     0     0  -113.0   48.872  -93.555    454.7    915.3
     1     1    23     1     4    17     0     1  -114.0   48.947  -93.026    490.5    907.4
     1     1    23     1     4    16     0     2  -115.0   49.013  -92.447    540.0    901.7
     1     1    23     1     4    15     0     3  -116.0   49.077  -91.824    590.9    893.5
     1     1    23     1     4    14     0     2  -117.0   49.150  -91.202    659.9    885.1
     1     1    23     1     4    13     0     1  -118.0   49.247  -90.646    770.6    870.9
     1     1    23     1     4    12     0     0  -119.0   49.373  -90.189    918.5    853.8
     1     1    23     1     4    11     0     1  -120.0   49.514  -89.822   1024.9    835.9
