     8     1
    GDAS    22    12    22     0     0
    GDAS    22    12    29     0     0
    GDAS    23     1     1     0     0
    GDAS    23     1     8     0     0
    GDAS    23     1    15     0     0
    GDAS    23     1    22     0     0
    GDAS    23     1    29     0     0
    GDAS    23     2     1     0     0
     1 BACKWARD OMEGA   
    23     1    25    15   32.716  -96.748  1500.0
     1 PRESSURE
     1     1    23     1    25    15     0     3     0.0   32.716  -96.748   1500.0    828.3
     1     1    23     1    25    14     0     2    -1.0   32.988  -97.051   1504.7    826.6
     1     1    23     1    25    13     0     1    -2.0   33.276  -97.349   1517.3    820.2
     1     1    23     1    25    12     0     0    -3.0   33.579  -97.644   1566.0    810.6
     1     1    23     1    25    11     0     1    -4.0   33.881  -97.926   1649.5    799.3
     1     1    23     1    25    10     0     2    -5.0   34.184  -98.185   1732.5    785.4
     1     1    23     1    25     9     0     3    -6.0   34.493  -98.415   1765.7    775.2
     1     1    23     1    25     8     0     2    -7.0   34.807  -98.608   1779.0    774.0
     1     1    23     1    25     7     0     1    -8.0   35.117  -98.764   1859.3    764.3
     1     1    23     1    25     6     0     0    -9.0   35.420  -98.889   2004.8    741.7
     1     1    23     1    25     5     0     1   -10.0   35.716  -98.989   2098.6    720.3
     1     1    23     1    25     4     0     2   -11.0   36.005  -99.061   2084.8    719.5
     1     1    23     1    25     3     0     3   -12.0   36.279  -99.103   2015.3    730.4
     1     1    23     1    25     2     0     2   -13.0   36.522  -99.135   1936.4    740.9
     1     1    23     1    25     1     0     1   -14.0   36.737  -99.171   1858.1    748.3
     1     1    23     1    25     0     0     0   -15.0   36.941  -99.212   1757.3    757.8
     1     1    23     1    24    23     0     1   -16.0   37.108  -99.240   1661.4    770.4
     1     1    23     1    24    22     0     2   -17.0   37.206  -99.251   1603.2    775.0
     1     1    23     1    24    21     0     3   -18.0   37.238  -99.251   1575.5    777.2
     1     1    23     1    24    20     0     2   -19.0   37.216  -99.238   1564.1    778.3
     1     1    23     1    24    19     0     1   -20.0   37.149  -99.202   1557.2    780.7
     1     1    23     1    24    18     0     0   -21.0   37.026  -99.144   1557.9    783.1
     1     1    23     1    24    17     0     1   -22.0   36.861  -99.061   1632.1    782.7
     1     1    23     1    24    16     0     2   -23.0   36.654  -98.953   1829.0    762.9
     1     1    23     1    24    15     0     3   -24.0   36.377  -98.847   2058.0    735.5
     1     1    23     1    24    14     0     2   -25.0   36.028  -98.752   2216.5    716.0
     1     1    23     1    24    13     0     1   -26.0   35.643  -98.624   2232.4    718.8
     1     1    23     1    24    12     0     0   -27.0   35.262  -98.417   2099.2    740.2
     1     1    23     1    24    11     0     1   -28.0   34.913  -98.186   1847.4    770.5
     1     1    23     1    24    10     0     2   -29.0   34.610  -97.990   1619.6    810.9
     1     1    23     1    24     9     0     3   -30.0   34.326  -97.826   1535.5    822.8
     1     1    23     1    24     8     0     2   -31.0   34.059  -97.680   1556.9    819.4
     1     1    23     1    24     7     0     1   -32.0   33.805  -97.561   1613.7    812.7
     1     1    23     1    24     6     0     0   -33.0   33.557  -97.476   1676.2    807.2
     1     1    23     1    24     5     0     1   -34.0   33.309  -97.411   1728.7    802.5
     1     1    23     1    24     4     0     2   -35.0   33.052  -97.355   1769.7    800.7
     1     1    23     1    24     3     0     3   -36.0   32.781  -97.317   1800.3    797.5
     1     1    23     1    24     2     0     2   -37.0   32.506  -97.293   1810.7    795.0
     1     1    23     1    24     1     0     1   -38.0   32.243  -97.267   1791.9    795.5
     1     1    23     1    24     0     0     0   -39.0   31.998  -97.225   1736.3    799.9
     1     1    23     1    23    23     0     1   -40.0   31.785  -97.170   1679.2    811.1
     1     1    23     1    23    22     0     2   -41.0   31.602  -97.125   1651.2    815.0
     1     1    23     1    23    21     0     3   -42.0   31.448  -97.090   1642.5    816.7
     1     1    23     1    23    20     0     2   -43.0   31.320  -97.068   1645.0    817.9
     1     1    23     1    23    19     0     1   -44.0   31.214  -97.067   1651.5    818.2
     1     1    23     1    23    18     0     0   -45.0   31.126  -97.093   1656.5    818.1
     1     1    23     1    23    17     0     1   -46.0   31.065  -97.138   1676.5    817.4
     1     1    23     1    23    16     0     2   -47.0   31.043  -97.204   1733.5    810.7
     1     1    23     1    23    15     0     3   -48.0   31.060  -97.304   1829.4    799.3
     1     1    23     1    23    14     0     2   -49.0   31.093  -97.453   1915.0    782.7
     1     1    23     1    23    13     0     1   -50.0   31.114  -97.651   1946.7    775.6
     1     1    23     1    23    12     0     0   -51.0   31.128  -97.885   1929.9    772.8
     1     1    23     1    23    11     0     1   -52.0   31.128  -98.142   1897.7    773.8
     1     1    23     1    23    10     0     2   -53.0   31.113  -98.419   1869.8    770.4
     1     1    23     1    23     9     0     3   -54.0   31.090  -98.713   1827.1    767.7
     1     1    23     1    23     8     0     2   -55.0   31.056  -99.009   1779.4    768.9
     1     1    23     1    23     7     0     1   -56.0   30.991  -99.309   1766.0    767.6
     1     1    23     1    23     6     0     0   -57.0   30.888  -99.633   1792.9    760.6
     1     1    23     1    23     5     0     1   -58.0   30.774  -99.969   1829.1    750.8
     1     1    23     1    23     4     0     2   -59.0   30.686 -100.298   1855.8    746.5
     1     1    23     1    23     3     0     3   -60.0   30.624 -100.628   1876.1    744.2
     1     1    23     1    23     2     0     2   -61.0   30.576 -100.966   1891.2    742.3
     1     1    23     1    23     1     0     1   -62.0   30.532 -101.313   1892.1    741.3
     1     1    23     1    23     0     0     0   -63.0   30.489 -101.663   1868.8    742.8
     1     1    23     1    22    23     0     1   -64.0   30.447 -102.009   1836.3    747.0
     1     1    23     1    22    22     0     2   -65.0   30.429 -102.358   1816.6    739.7
     1     1    23     1    22    21     0     3   -66.0   30.461 -102.729   1820.4    728.0
     1     1    23     1    22    20     0     2   -67.0   30.542 -103.124   1827.3    717.1
     1     1    23     1    22    19     0     1   -68.0   30.663 -103.532   1825.0    706.9
     1     1    23     1    22    18     0     0   -69.0   30.829 -103.958   1838.0    694.6
     1     1    23     1    22    17     0     1   -70.0   31.031 -104.414   1904.7    684.5
     1     1    23     1    22    16     0     2   -71.0   31.257 -104.900   2012.5    671.0
     1     1    23     1    22    15     0     3   -72.0   31.519 -105.398   2137.0    657.1
     1     1    23     1    22    14     0     2   -73.0   31.811 -105.886   2284.5    640.4
     1     1    23     1    22    13     0     1   -74.0   32.123 -106.352   2459.6    628.0
     1     1    23     1    22    12     0     0   -75.0   32.457 -106.786   2605.6    617.3
     1     1    23     1    22    11     0     1   -76.0   32.810 -107.173   2694.3    601.7
     1     1    23     1    22    10     0     2   -77.0   33.203 -107.508   2752.5    571.1
     1     1    23     1    22     9     0     3   -78.0   33.661 -107.765   2766.6    549.8
     1     1    23     1    22     8     0     2   -79.0   34.173 -107.935   2711.5    548.8
     1     1    23     1    22     7     0     1   -80.0   34.727 -108.056   2698.6    550.8
     1     1    23     1    22     6     0     0   -81.0   35.330 -108.130   2778.1    549.3
     1     1    23     1    22     5     0     1   -82.0   35.980 -108.170   2923.4    548.4
     1     1    23     1    22     4     0     2   -83.0   36.683 -108.179   3041.2    539.4
     1     1    23     1    22     3     0     3   -84.0   37.463 -108.127   3029.8    516.1
     1     1    23     1    22     2     0     2   -85.0   38.375 -107.980   3113.0    480.2
     1     1    23     1    22     1     0     1   -86.0   39.356 -107.791   3575.5    458.3
     1     1    23     1    22     0     0     0   -87.0   40.376 -107.572   3724.4    463.1
     1     1    23     1    21    23     0     1   -88.0   41.397 -107.368   3799.9    466.4
     1     1    23     1    21    22     0     2   -89.0   42.391 -107.176   3884.2    479.0
     1     1    23     1    21    21     0     3   -90.0   43.340 -107.006   3802.6    484.5
     1     1    23     1    21    20     0     2   -91.0   44.361 -106.808   4080.7    471.2
     1     1    23     1    21    19     0     1   -92.0   45.334 -106.664   4206.3    512.3
     1     1    23     1    21    18     0     0   -93.0   46.276 -106.590   4198.4    525.2
     1     1    23     1    21    17     0     1   -94.0   47.223 -106.567   4154.1    534.9
     1     1    23     1    21    16     0     2   -95.0   48.158 -106.608   4238.8    538.6
     1     1    23     1    21    15     0     3   -96.0   49.138 -106.749   4248.1    531.1
     1     1    23     1    21    14     0     2   -97.0   50.137 -107.011   4180.1    541.7
     1     1    23     1    21    13     0     1   -98.0   51.100 -107.361   4150.3    552.4
     1     1    23     1    21    12     0     0   -99.0   52.039 -107.840   4089.5    551.6
     1     1    23     1    21    11     0     1  -100.0   52.921 -108.440   4024.5    565.5
     1     1    23     1    21    10     0     2  -101.0   53.758 -109.140   4109.9    559.5
     1     1    23     1    21     9     0     3  -102.0   54.585 -109.926   4149.8    545.6
     1     1    23     1    21     8     0     2  -103.0   55.362 -110.779   4083.4    554.7
     1     1    23     1    21     7     0     1  -104.0   56.069 -111.725   4004.1    560.7
     1     1    23     1    21     6     0     0  -105.0   56.719 -112.781   4070.9    561.3
     1     1    23     1    21     5     0     1  -106.0   57.326 -113.910   4088.9    562.3
     1     1    23     1    21     4     0     2  -107.0   57.868 -115.038   4140.2    567.6
     1     1    23     1    21     3     0     3  -108.0   58.399 -116.212   4066.6    558.9
     1     1    23     1    21     2     0     2  -109.0   58.908 -117.448   4122.3    569.2
     1     1    23     1    21     1     0     1  -110.0   59.389 -118.714   4156.8    561.1
     1     1    23     1    21     0     0     0  -111.0   59.840 -120.100   4183.9    553.7
     1     1    23     1    20    23     0     1  -112.0   60.223 -121.606   4215.6    550.7
     1     1    23     1    20    22     0     2  -113.0   60.546 -123.203   4231.8    558.5
     1     1    23     1    20    21     0     3  -114.0   60.792 -124.886   3997.0    538.3
     1     1    23     1    20    20     0     2  -115.0   60.943 -126.812   4184.8    503.8
     1     1    23     1    20    19     0     1  -116.0   60.946 -128.811   4494.0    484.3
     1     1    23     1    20    18     0     0  -117.0   60.857 -130.731   4436.0    483.2
     1     1    23     1    20    17     0     1  -118.0   60.692 -132.491   4293.2    503.0
     1     1    23     1    20    16     0     2  -119.0   60.432 -134.120   3922.5    532.2
     1     1    23     1    20    15     0     3  -120.0   60.078 -135.693   3688.1    524.1
