     8     1
    GDAS    22    12    22     0     0
    GDAS    22    12    29     0     0
    GDAS    23     1     1     0     0
    GDAS    23     1     8     0     0
    GDAS    23     1    15     0     0
    GDAS    23     1    22     0     0
    GDAS    23     1    29     0     0
    GDAS    23     2     1     0     0
     1 BACKWARD OMEGA   
    23     1     3    11   32.716  -96.748   132.0
     1 PRESSURE
     1     1    23     1     3    11     0     1     0.0   32.716  -96.748    132.0    974.4
     1     1    23     1     3    10     0     2    -1.0   32.743  -97.060    160.0    969.4
     1     1    23     1     3     9     0     3    -2.0   32.771  -97.414    195.6    957.9
     1     1    23     1     3     8     0     2    -3.0   32.794  -97.833    237.4    944.7
     1     1    23     1     3     7     0     1    -4.0   32.808  -98.315    278.4    933.5
     1     1    23     1     3     6     0     0    -5.0   32.809  -98.830    285.8    925.6
     1     1    23     1     3     5     0     1    -6.0   32.798  -99.343    285.9    926.6
     1     1    23     1     3     4     0     2    -7.0   32.805  -99.877    348.6    916.7
     1     1    23     1     3     3     0     3    -8.0   32.842 -100.466    493.1    888.4
     1     1    23     1     3     2     0     2    -9.0   32.893 -101.154    739.6    848.0
     1     1    23     1     3     1     0     1   -10.0   32.893 -101.927   1194.4    787.2
     1     1    23     1     3     0     0     0   -11.0   32.820 -102.727   1637.1    720.3
     1     1    23     1     2    23     0     1   -12.0   32.728 -103.488   1783.1    713.6
     1     1    23     1     2    22     0     2   -13.0   32.674 -104.245   1997.5    681.4
     1     1    23     1     2    21     0     3   -14.0   32.555 -105.140   2059.5    652.7
     1     1    23     1     2    20     0     2   -15.0   32.436 -106.013   1805.7    669.3
     1     1    23     1     2    19     0     1   -16.0   32.342 -106.751   1622.9    704.0
     1     1    23     1     2    18     0     0   -17.0   32.229 -107.458   1804.2    688.2
     1     1    23     1     2    17     0     1   -18.0   32.111 -108.133   2030.9    649.9
     1     1    23     1     2    16     0     2   -19.0   32.027 -108.753   1939.3    647.4
     1     1    23     1     2    15     0     3   -20.0   31.959 -109.339   1697.4    692.8
     1     1    23     1     2    14     0     2   -21.0   31.883 -109.909   1732.0    705.0
     1     1    23     1     2    13     0     1   -22.0   31.821 -110.470   1881.7    675.5
     1     1    23     1     2    12     0     0   -23.0   31.765 -110.983   1734.1    704.5
     1     1    23     1     2    11     0     1   -24.0   31.679 -111.413   1521.9    764.4
     1     1    23     1     2    10     0     2   -25.0   31.577 -111.776   1430.4    780.3
     1     1    23     1     2     9     0     3   -26.0   31.481 -112.081   1384.6    795.4
     1     1    23     1     2     8     0     2   -27.0   31.401 -112.343   1330.5    811.0
     1     1    23     1     2     7     0     1   -28.0   31.363 -112.569   1254.6    832.8
     1     1    23     1     2     6     0     0   -29.0   31.393 -112.763   1181.5    850.2
     1     1    23     1     2     5     0     1   -30.0   31.453 -112.965   1044.4    863.9
     1     1    23     1     2     4     0     2   -31.0   31.491 -113.224    803.6    894.1
     1     1    23     1     2     3     0     3   -32.0   31.495 -113.537    564.5    930.9
     1     1    23     1     2     2     0     2   -33.0   31.527 -113.876    390.9    955.2
     1     1    23     1     2     1     0     1   -34.0   31.563 -114.237    267.1    965.8
     1     1    23     1     2     0     0     0   -35.0   31.548 -114.601    193.4    970.3
     1     1    23     1     1    23     0     1   -36.0   31.483 -114.948    194.8    965.6
     1     1    23     1     1    22     0     2   -37.0   31.420 -115.317    228.0    933.5
     1     1    23     1     1    21     0     3   -38.0   31.400 -115.759    191.9    911.3
     1     1    23     1     1    20     0     2   -39.0   31.429 -116.241     61.5    933.2
     1     1    23     1     1    19     0     1   -40.0   31.501 -116.692      0.0    980.7
     1     1    23     1     1    18     0     0   -41.0   31.614 -117.118      0.0   1011.4
     1     1    23     1     1    17     0     1   -42.0   31.744 -117.550      0.0   1010.9
     1     1    23     1     1    16     0     2   -43.0   31.876 -118.003      0.0   1011.2
     1     1    23     1     1    15     0     3   -44.0   32.033 -118.465      1.2   1011.0
     1     1    23     1     1    14     0     2   -45.0   32.224 -118.914      2.9   1010.1
     1     1    23     1     1    13     0     1   -46.0   32.437 -119.358      4.1   1009.5
     1     1    23     1     1    12     0     0   -47.0   32.676 -119.804      3.9   1008.3
     1     1    23     1     1    11     0     1   -48.0   32.942 -120.250      3.0   1008.2
     1     1    23     1     1    10     0     2   -49.0   33.214 -120.695      2.5   1009.3
     1     1    23     1     1     9     0     3   -50.0   33.481 -121.136      2.8   1009.3
     1     1    23     1     1     8     0     2   -51.0   33.761 -121.570      3.4   1009.5
     1     1    23     1     1     7     0     1   -52.0   34.055 -121.989      4.4   1010.4
     1     1    23     1     1     6     0     0   -53.0   34.346 -122.389      5.1   1009.7
     1     1    23     1     1     5     0     1   -54.0   34.640 -122.773      5.1   1009.7
     1     1    23     1     1     4     0     2   -55.0   34.951 -123.144      5.0   1010.1
     1     1    23     1     1     3     0     3   -56.0   35.282 -123.492      4.5   1009.2
     1     1    23     1     1     2     0     2   -57.0   35.646 -123.804      3.8   1007.9
     1     1    23     1     1     1     0     1   -58.0   36.034 -124.086      3.3   1007.0
     1     1    23     1     1     0     0     0   -59.0   36.431 -124.347      2.9   1006.6
     1     1    22    12    31    23     0     1   -60.0   36.831 -124.583      2.4   1007.1
     1     1    22    12    31    22     0     2   -61.0   37.231 -124.784      2.2   1007.6
     1     1    22    12    31    21     0     3   -62.0   37.601 -124.952      1.8   1007.9
     1     1    22    12    31    20     0     2   -63.0   37.924 -125.057      0.0   1007.9
     1     1    22    12    31    19     0     1   -64.0   38.216 -125.102      0.0   1007.9
     1     1    22    12    31    18     0     0   -65.0   38.465 -125.139      0.0   1007.8
     1     1    22    12    31    17     0     1   -66.0   38.661 -125.182      0.5   1007.5
     1     1    22    12    31    16     0     2   -67.0   38.814 -125.230      1.4   1007.5
     1     1    22    12    31    15     0     3   -68.0   38.931 -125.279      1.8   1007.7
     1     1    22    12    31    14     0     2   -69.0   39.022 -125.344      1.9   1008.0
     1     1    22    12    31    13     0     1   -70.0   39.104 -125.436      1.9   1008.1
     1     1    22    12    31    12     0     0   -71.0   39.188 -125.549      2.5   1008.3
     1     1    22    12    31    11     0     1   -72.0   39.275 -125.684      3.4   1008.3
     1     1    22    12    31    10     0     2   -73.0   39.371 -125.838      3.8   1008.3
     1     1    22    12    31     9     0     3   -74.0   39.479 -126.010      3.3   1008.3
     1     1    22    12    31     8     0     2   -75.0   39.589 -126.208      2.6   1008.2
     1     1    22    12    31     7     0     1   -76.0   39.689 -126.443      2.6   1008.2
     1     1    22    12    31     6     0     0   -77.0   39.768 -126.733      3.0   1008.1
     1     1    22    12    31     5     0     1   -78.0   39.825 -127.073      4.0   1008.1
     1     1    22    12    31     4     0     2   -79.0   39.868 -127.437      5.4   1008.0
     1     1    22    12    31     3     0     3   -80.0   39.905 -127.811      6.9   1007.9
     1     1    22    12    31     2     0     2   -81.0   39.926 -128.195      7.8   1006.8
     1     1    22    12    31     1     0     1   -82.0   39.934 -128.605      7.6   1005.6
     1     1    22    12    31     0     0     0   -83.0   39.954 -129.055      5.6   1004.6
     1     1    22    12    30    23     0     1   -84.0   39.981 -129.516      3.9   1005.4
     1     1    22    12    30    22     0     2   -85.0   39.987 -129.970      4.0   1005.3
     1     1    22    12    30    21     0     3   -86.0   39.964 -130.446      4.2   1004.3
     1     1    22    12    30    20     0     2   -87.0   39.926 -130.928      4.3   1004.3
     1     1    22    12    30    19     0     1   -88.0   39.879 -131.405      3.8   1005.5
     1     1    22    12    30    18     0     0   -89.0   39.810 -131.912      1.6   1006.9
     1     1    22    12    30    17     0     1   -90.0   39.737 -132.396      0.0   1005.2
     1     1    22    12    30    16     0     2   -91.0   39.662 -132.813      0.1   1004.4
     1     1    22    12    30    15     0     3   -92.0   39.561 -133.197      0.9   1004.3
     1     1    22    12    30    14     0     2   -93.0   39.440 -133.566      1.0   1003.6
     1     1    22    12    30    13     0     1   -94.0   39.335 -133.938      0.0   1003.1
     1     1    22    12    30    12     0     0   -95.0   39.278 -134.317      0.0   1003.0
     1     1    22    12    30    11     0     1   -96.0   39.234 -134.656      0.0   1004.0
     1     1    22    12    30    10     0     2   -97.0   39.170 -134.932      1.8   1004.9
     1     1    22    12    30     9     0     3   -98.0   39.083 -135.162      4.1   1006.0
     1     1    22    12    30     8     0     2   -99.0   38.982 -135.387      5.1   1006.3
     1     1    22    12    30     7     0     1  -100.0   38.865 -135.649      4.7   1006.3
     1     1    22    12    30     6     0     0  -101.0   38.728 -135.953      4.3   1006.3
     1     1    22    12    30     5     0     1  -102.0   38.573 -136.293      3.2   1006.2
     1     1    22    12    30     4     0     2  -103.0   38.403 -136.651      1.1   1006.2
     1     1    22    12    30     3     0     3  -104.0   38.215 -137.009      0.1   1006.2
     1     1    22    12    30     2     0     2  -105.0   38.003 -137.396      0.3   1006.4
     1     1    22    12    30     1     0     1  -106.0   37.782 -137.821      0.7   1007.3
     1     1    22    12    30     0     0     0  -107.0   37.577 -138.252      1.4   1007.8
     1     1    22    12    29    23     0     1  -108.0   37.379 -138.681      2.2   1008.1
     1     1    22    12    29    22     0     2  -109.0   37.175 -139.110      3.3   1009.0
     1     1    22    12    29    21     0     3  -110.0   36.970 -139.538      4.0   1010.8
     1     1    22    12    29    20     0     2  -111.0   36.763 -139.961      4.4   1010.8
     1     1    22    12    29    19     0     1  -112.0   36.545 -140.380      4.6   1010.2
     1     1    22    12    29    18     0     0  -113.0   36.309 -140.799      5.0   1010.2
     1     1    22    12    29    17     0     1  -114.0   36.055 -141.211      5.5   1011.0
     1     1    22    12    29    16     0     2  -115.0   35.793 -141.614      5.7   1011.3
     1     1    22    12    29    15     0     3  -116.0   35.537 -142.007      5.6   1011.4
     1     1    22    12    29    14     0     2  -117.0   35.286 -142.390      5.2   1011.2
     1     1    22    12    29    13     0     1  -118.0   35.037 -142.762      5.0   1011.7
     1     1    22    12    29    12     0     0  -119.0   34.783 -143.120      4.9   1011.9
     1     1    22    12    29    11     0     1  -120.0   34.536 -143.459      4.8   1012.7
