     8     1
    GDAS    22    12    22     0     0
    GDAS    22    12    29     0     0
    GDAS    23     1     1     0     0
    GDAS    23     1     8     0     0
    GDAS    23     1    15     0     0
    GDAS    23     1    22     0     0
    GDAS    23     1    29     0     0
    GDAS    23     2     1     0     0
     1 BACKWARD OMEGA   
    23     1    15    13   32.716  -96.748   130.0
     1 PRESSURE
     1     1    23     1    15    13     0     1     0.0   32.716  -96.748    130.0    979.5
     1     1    23     1    15    12     0     0    -1.0   32.360  -96.774    117.6    979.6
     1     1    23     1    15    11     0     1    -2.0   32.000  -96.807     98.8    980.6
     1     1    23     1    15    10     0     2    -3.0   31.665  -96.837     76.9    986.5
     1     1    23     1    15     9     0     3    -4.0   31.376  -96.849     59.3    991.9
     1     1    23     1    15     8     0     2    -5.0   31.123  -96.841     46.7    995.9
     1     1    23     1    15     7     0     1    -6.0   30.901  -96.814     36.7    999.3
     1     1    23     1    15     6     0     0    -7.0   30.702  -96.771     28.2   1002.0
     1     1    23     1    15     5     0     1    -8.0   30.521  -96.711     19.9   1003.4
     1     1    23     1    15     4     0     2    -9.0   30.360  -96.635     12.4   1005.5
     1     1    23     1    15     3     0     3   -10.0   30.210  -96.542      6.4   1006.8
     1     1    23     1    15     2     0     2   -11.0   30.070  -96.443      2.5   1008.0
     1     1    23     1    15     1     0     1   -12.0   29.942  -96.346      0.0   1009.5
     1     1    23     1    15     0     0     0   -13.0   29.825  -96.252      0.0   1011.4
     1     1    23     1    14    23     0     1   -14.0   29.711  -96.161      0.0   1013.1
     1     1    23     1    14    22     0     2   -15.0   29.587  -96.078      0.0   1014.5
     1     1    23     1    14    21     0     3   -16.0   29.452  -96.003      0.0   1015.9
     1     1    23     1    14    20     0     2   -17.0   29.323  -95.923      0.0   1018.7
     1     1    23     1    14    19     0     1   -18.0   29.223  -95.827      0.0   1021.0
     1     1    23     1    14    18     0     0   -19.0   29.152  -95.715      0.0   1022.8
     1     1    23     1    14    17     0     1   -20.0   29.101  -95.592      0.1   1023.7
     1     1    23     1    14    16     0     2   -21.0   29.066  -95.460      0.2   1024.8
     1     1    23     1    14    15     0     3   -22.0   29.042  -95.313      0.0   1026.1
     1     1    23     1    14    14     0     2   -23.0   29.038  -95.158      0.0   1025.8
     1     1    23     1    14    13     0     1   -24.0   29.062  -95.012      0.0   1024.9
     1     1    23     1    14    12     0     0   -25.0   29.112  -94.882      0.0   1023.8
     1     1    23     1    14    11     0     1   -26.0   29.181  -94.762      0.0   1023.8
     1     1    23     1    14    10     0     2   -27.0   29.263  -94.641      0.0   1023.8
     1     1    23     1    14     9     0     3   -28.0   29.357  -94.520      0.0   1023.7
     1     1    23     1    14     8     0     2   -29.0   29.463  -94.406      0.0   1024.0
     1     1    23     1    14     7     0     1   -30.0   29.577  -94.308      0.2   1024.0
     1     1    23     1    14     6     0     0   -31.0   29.693  -94.227      0.7   1023.9
     1     1    23     1    14     5     0     1   -32.0   29.806  -94.169      1.5   1024.8
     1     1    23     1    14     4     0     2   -33.0   29.915  -94.138      2.3   1025.8
     1     1    23     1    14     3     0     3   -34.0   30.017  -94.131      3.1   1026.7
     1     1    23     1    14     2     0     2   -35.0   30.116  -94.139      3.9   1024.5
     1     1    23     1    14     1     0     1   -36.0   30.215  -94.154      4.7   1022.7
     1     1    23     1    14     0     0     0   -37.0   30.315  -94.177      5.6   1021.0
     1     1    23     1    13    23     0     1   -38.0   30.423  -94.209      6.3   1020.1
     1     1    23     1    13    22     0     2   -39.0   30.548  -94.250      6.9   1019.1
     1     1    23     1    13    21     0     3   -40.0   30.688  -94.301      7.3   1017.9
     1     1    23     1    13    20     0     2   -41.0   30.829  -94.350      7.7   1016.8
     1     1    23     1    13    19     0     1   -42.0   30.957  -94.390      8.2   1015.7
     1     1    23     1    13    18     0     0   -43.0   31.074  -94.422      8.9   1015.1
     1     1    23     1    13    17     0     1   -44.0   31.187  -94.449      9.9   1015.5
     1     1    23     1    13    16     0     2   -45.0   31.301  -94.473     11.0   1015.9
     1     1    23     1    13    15     0     3   -46.0   31.419  -94.495     12.2   1016.3
     1     1    23     1    13    14     0     2   -47.0   31.540  -94.519     13.0   1015.1
     1     1    23     1    13    13     0     1   -48.0   31.668  -94.548     13.4   1013.8
     1     1    23     1    13    12     0     0   -49.0   31.807  -94.577     13.3   1012.5
     1     1    23     1    13    11     0     1   -50.0   31.949  -94.612     13.3   1012.0
     1     1    23     1    13    10     0     2   -51.0   32.080  -94.668     13.2   1011.6
     1     1    23     1    13     9     0     3   -52.0   32.193  -94.750     12.9   1011.3
     1     1    23     1    13     8     0     2   -53.0   32.312  -94.825     12.5   1011.0
     1     1    23     1    13     7     0     1   -54.0   32.459  -94.860     12.8   1010.8
     1     1    23     1    13     6     0     0   -55.0   32.626  -94.855     14.5   1010.4
     1     1    23     1    13     5     0     1   -56.0   32.801  -94.855     17.3   1009.7
     1     1    23     1    13     4     0     2   -57.0   32.979  -94.887     19.8   1009.0
     1     1    23     1    13     3     0     3   -58.0   33.168  -94.946     22.4   1008.2
     1     1    23     1    13     2     0     2   -59.0   33.376  -95.023     28.3   1006.4
     1     1    23     1    13     1     0     1   -60.0   33.611  -95.108     44.1   1003.6
     1     1    23     1    13     0     0     0   -61.0   33.884  -95.199     80.1    998.8
     1     1    23     1    12    23     0     1   -62.0   34.187  -95.305    131.2    989.6
     1     1    23     1    12    22     0     2   -63.0   34.511  -95.438    177.9    980.1
     1     1    23     1    12    21     0     3   -64.0   34.861  -95.595    213.5    973.2
     1     1    23     1    12    20     0     2   -65.0   35.233  -95.750    242.1    969.1
     1     1    23     1    12    19     0     1   -66.0   35.630  -95.874    270.0    966.1
     1     1    23     1    12    18     0     0   -67.0   36.046  -95.956    293.6    962.3
     1     1    23     1    12    17     0     1   -68.0   36.492  -96.022    325.7    956.2
     1     1    23     1    12    16     0     2   -69.0   36.991  -96.090    397.5    944.4
     1     1    23     1    12    15     0     3   -70.0   37.556  -96.127    503.5    923.9
     1     1    23     1    12    14     0     2   -71.0   38.182  -96.100    601.8    907.8
     1     1    23     1    12    13     0     1   -72.0   38.838  -96.034    640.5    898.7
     1     1    23     1    12    12     0     0   -73.0   39.509  -95.966    637.4    904.2
     1     1    23     1    12    11     0     1   -74.0   40.202  -95.883    627.9    903.6
     1     1    23     1    12    10     0     2   -75.0   40.868  -95.811    629.3    906.3
     1     1    23     1    12     9     0     3   -76.0   41.497  -95.751    653.7    900.3
     1     1    23     1    12     8     0     2   -77.0   42.071  -95.711    671.7    894.6
     1     1    23     1    12     7     0     1   -78.0   42.590  -95.685    686.1    891.9
     1     1    23     1    12     6     0     0   -79.0   43.070  -95.657    722.0    885.1
     1     1    23     1    12     5     0     1   -80.0   43.521  -95.650    777.4    873.8
     1     1    23     1    12     4     0     2   -81.0   43.959  -95.681    823.8    861.4
     1     1    23     1    12     3     0     3   -82.0   44.394  -95.735    869.1    865.0
     1     1    23     1    12     2     0     2   -83.0   44.804  -95.822    941.8    863.6
     1     1    23     1    12     1     0     1   -84.0   45.194  -95.942   1018.1    855.4
     1     1    23     1    12     0     0     0   -85.0   45.585  -96.074   1067.4    848.3
     1     1    23     1    11    23     0     1   -86.0   45.964  -96.214   1090.9    846.3
     1     1    23     1    11    22     0     2   -87.0   46.312  -96.358   1107.3    844.8
     1     1    23     1    11    21     0     3   -88.0   46.638  -96.486   1115.6    842.3
     1     1    23     1    11    20     0     2   -89.0   46.943  -96.589   1110.7    844.4
     1     1    23     1    11    19     0     1   -90.0   47.228  -96.678   1113.5    846.4
     1     1    23     1    11    18     0     0   -91.0   47.499  -96.757   1137.2    845.2
     1     1    23     1    11    17     0     1   -92.0   47.738  -96.822   1159.1    840.4
     1     1    23     1    11    16     0     2   -93.0   47.936  -96.854   1143.0    841.4
     1     1    23     1    11    15     0     3   -94.0   48.100  -96.843   1079.1    847.4
     1     1    23     1    11    14     0     2   -95.0   48.230  -96.817   1007.5    859.1
     1     1    23     1    11    13     0     1   -96.0   48.324  -96.800    972.2    862.4
     1     1    23     1    11    12     0     0   -97.0   48.383  -96.785    969.4    862.1
     1     1    23     1    11    11     0     1   -98.0   48.401  -96.787    979.0    859.0
     1     1    23     1    11    10     0     2   -99.0   48.373  -96.821    983.0    858.8
     1     1    23     1    11     9     0     3  -100.0   48.296  -96.885    987.6    859.2
     1     1    23     1    11     8     0     2  -101.0   48.175  -96.973    980.9    858.6
     1     1    23     1    11     7     0     1  -102.0   48.031  -97.073    927.7    861.7
     1     1    23     1    11     6     0     0  -103.0   47.865  -97.192    828.2    872.2
     1     1    23     1    11     5     0     1  -104.0   47.681  -97.332    743.0    883.9
     1     1    23     1    11     4     0     2  -105.0   47.495  -97.478    698.9    886.0
     1     1    23     1    11     3     0     3  -106.0   47.315  -97.622    689.9    886.0
     1     1    23     1    11     2     0     2  -107.0   47.156  -97.760    693.4    881.5
     1     1    23     1    11     1     0     1  -108.0   47.024  -97.889    677.3    881.4
     1     1    23     1    11     0     0     0  -109.0   46.909  -98.000    629.9    884.9
     1     1    23     1    10    23     0     1  -110.0   46.792  -98.095    581.0    892.1
     1     1    23     1    10    22     0     2  -111.0   46.665  -98.184    550.2    893.0
     1     1    23     1    10    21     0     3  -112.0   46.535  -98.267    528.6    893.2
     1     1    23     1    10    20     0     2  -113.0   46.399  -98.350    513.5    893.6
     1     1    23     1    10    19     0     1  -114.0   46.257  -98.435    507.6    893.0
     1     1    23     1    10    18     0     0  -115.0   46.113  -98.520    514.5    890.7
     1     1    23     1    10    17     0     1  -116.0   45.985  -98.597    521.6    886.5
     1     1    23     1    10    16     0     2  -117.0   45.880  -98.659    514.9    887.0
     1     1    23     1    10    15     0     3  -118.0   45.794  -98.709    493.7    889.3
     1     1    23     1    10    14     0     2  -119.0   45.729  -98.761    474.4    893.1
     1     1    23     1    10    13     0     1  -120.0   45.688  -98.826    472.4    892.7
