     8     1
    GDAS    22    12    22     0     0
    GDAS    22    12    29     0     0
    GDAS    23     1     1     0     0
    GDAS    23     1     8     0     0
    GDAS    23     1    15     0     0
    GDAS    23     1    22     0     0
    GDAS    23     1    29     0     0
    GDAS    23     2     1     0     0
     1 BACKWARD OMEGA   
    23     1    27    12   32.716  -96.748   133.0
     1 PRESSURE
     1     1    23     1    27    12     0     0     0.0   32.716  -96.748    133.0    989.5
     1     1    23     1    27    11     0     1    -1.0   32.548  -96.901    137.2    988.3
     1     1    23     1    27    10     0     2    -2.0   32.397  -97.047    147.5    984.9
     1     1    23     1    27     9     0     3    -3.0   32.257  -97.189    164.3    979.3
     1     1    23     1    27     8     0     2    -4.0   32.131  -97.327    188.0    973.6
     1     1    23     1    27     7     0     1    -5.0   32.031  -97.463    217.0    967.6
     1     1    23     1    27     6     0     0    -6.0   31.968  -97.591    245.6    962.6
     1     1    23     1    27     5     0     1    -7.0   31.939  -97.709    268.4    958.1
     1     1    23     1    27     4     0     2    -8.0   31.936  -97.819    282.6    954.8
     1     1    23     1    27     3     0     3    -9.0   31.967  -97.924    289.4    952.5
     1     1    23     1    27     2     0     2   -10.0   32.027  -98.030    289.3    950.6
     1     1    23     1    27     1     0     1   -11.0   32.102  -98.133    283.2    949.8
     1     1    23     1    27     0     0     0   -12.0   32.190  -98.236    270.3    949.6
     1     1    23     1    26    23     0     1   -13.0   32.292  -98.346    260.7    951.1
     1     1    23     1    26    22     0     2   -14.0   32.403  -98.470    265.4    949.4
     1     1    23     1    26    21     0     3   -15.0   32.527  -98.608    284.5    946.0
     1     1    23     1    26    20     0     2   -16.0   32.658  -98.755    313.9    941.9
     1     1    23     1    26    19     0     1   -17.0   32.792  -98.906    346.6    938.3
     1     1    23     1    26    18     0     0   -18.0   32.922  -99.061    377.8    935.1
     1     1    23     1    26    17     0     1   -19.0   33.060  -99.217    406.9    931.7
     1     1    23     1    26    16     0     2   -20.0   33.225  -99.373    436.8    927.2
     1     1    23     1    26    15     0     3   -21.0   33.425  -99.531    469.3    921.3
     1     1    23     1    26    14     0     2   -22.0   33.659  -99.695    507.7    913.5
     1     1    23     1    26    13     0     1   -23.0   33.924  -99.865    554.5    903.5
     1     1    23     1    26    12     0     0   -24.0   34.221 -100.046    609.6    890.5
     1     1    23     1    26    11     0     1   -25.0   34.549 -100.237    678.7    874.9
     1     1    23     1    26    10     0     2   -26.0   34.907 -100.431    764.6    857.2
     1     1    23     1    26     9     0     3   -27.0   35.277 -100.625    846.1    839.9
     1     1    23     1    26     8     0     2   -28.0   35.642 -100.829    909.0    827.2
     1     1    23     1    26     7     0     1   -29.0   36.011 -101.039    977.9    818.2
     1     1    23     1    26     6     0     0   -30.0   36.412 -101.230   1084.1    802.9
     1     1    23     1    26     5     0     1   -31.0   36.853 -101.419   1185.5    782.0
     1     1    23     1    26     4     0     2   -32.0   37.316 -101.620   1202.2    772.8
     1     1    23     1    26     3     0     3   -33.0   37.814 -101.806   1107.1    779.7
     1     1    23     1    26     2     0     2   -34.0   38.338 -101.997    986.7    794.0
     1     1    23     1    26     1     0     1   -35.0   38.871 -102.236    986.1    786.0
     1     1    23     1    26     0     0     0   -36.0   39.424 -102.516   1111.3    760.4
     1     1    23     1    25    23     0     1   -37.0   39.965 -102.841   1232.6    739.8
     1     1    23     1    25    22     0     2   -38.0   40.485 -103.175   1341.2    727.0
     1     1    23     1    25    21     0     3   -39.0   41.021 -103.514   1520.1    707.4
     1     1    23     1    25    20     0     2   -40.0   41.562 -103.860   1700.4    685.5
     1     1    23     1    25    19     0     1   -41.0   42.075 -104.192   1694.1    690.3
     1     1    23     1    25    18     0     0   -42.0   42.570 -104.528   1573.4    708.4
     1     1    23     1    25    17     0     1   -43.0   43.080 -104.861   1490.9    711.5
     1     1    23     1    25    16     0     2   -44.0   43.602 -105.175   1446.3    711.1
     1     1    23     1    25    15     0     3   -45.0   44.148 -105.503   1403.3    720.0
     1     1    23     1    25    14     0     2   -46.0   44.699 -105.860   1333.9    739.5
     1     1    23     1    25    13     0     1   -47.0   45.212 -106.239   1282.3    759.0
     1     1    23     1    25    12     0     0   -48.0   45.690 -106.651   1201.9    764.9
     1     1    23     1    25    11     0     1   -49.0   46.158 -107.077   1047.6    787.9
     1     1    23     1    25    10     0     2   -50.0   46.616 -107.489    920.4    813.6
     1     1    23     1    25     9     0     3   -51.0   47.058 -107.906    833.8    829.5
     1     1    23     1    25     8     0     2   -52.0   47.482 -108.340    814.7    830.2
     1     1    23     1    25     7     0     1   -53.0   47.890 -108.738    866.0    815.8
     1     1    23     1    25     6     0     0   -54.0   48.282 -109.094    875.2    808.7
     1     1    23     1    25     5     0     1   -55.0   48.660 -109.435    828.5    822.0
     1     1    23     1    25     4     0     2   -56.0   49.047 -109.771    806.1    834.8
     1     1    23     1    25     3     0     3   -57.0   49.428 -110.098    800.5    832.6
     1     1    23     1    25     2     0     2   -58.0   49.798 -110.412    754.0    837.4
     1     1    23     1    25     1     0     1   -59.0   50.166 -110.717    681.6    853.1
     1     1    23     1    25     0     0     0   -60.0   50.547 -111.042    628.3    862.4
     1     1    23     1    24    23     0     1   -61.0   50.969 -111.383    611.4    866.7
     1     1    23     1    24    22     0     2   -62.0   51.420 -111.751    629.1    859.0
     1     1    23     1    24    21     0     3   -63.0   51.867 -112.209    676.6    845.3
     1     1    23     1    24    20     0     2   -64.0   52.325 -112.720    758.4    840.2
     1     1    23     1    24    19     0     1   -65.0   52.800 -113.279    851.7    830.4
     1     1    23     1    24    18     0     0   -66.0   53.279 -113.938    925.4    819.6
     1     1    23     1    24    17     0     1   -67.0   53.745 -114.620    976.2    819.3
     1     1    23     1    24    16     0     2   -68.0   54.176 -115.331   1085.8    809.8
     1     1    23     1    24    15     0     3   -69.0   54.581 -116.048   1145.0    776.8
     1     1    23     1    24    14     0     2   -70.0   54.953 -116.699    955.9    807.1
     1     1    23     1    24    13     0     1   -71.0   55.226 -117.400    674.5    861.0
     1     1    23     1    24    12     0     0   -72.0   55.429 -118.174    492.3    884.5
     1     1    23     1    24    11     0     1   -73.0   55.590 -118.977    476.7    887.1
     1     1    23     1    24    10     0     2   -74.0   55.716 -119.868    548.9    870.2
     1     1    23     1    24     9     0     3   -75.0   55.805 -120.816    581.3    855.6
     1     1    23     1    24     8     0     2   -76.0   55.849 -121.795    625.7    846.1
     1     1    23     1    24     7     0     1   -77.0   55.862 -122.680    700.6    820.2
     1     1    23     1    24     6     0     0   -78.0   55.834 -123.321    740.6    816.1
     1     1    23     1    24     5     0     1   -79.0   55.781 -123.871    697.9    828.8
     1     1    23     1    24     4     0     2   -80.0   55.682 -124.343    633.8    830.6
     1     1    23     1    24     3     0     3   -81.0   55.559 -124.838    598.8    823.5
     1     1    23     1    24     2     0     2   -82.0   55.431 -125.337    564.3    822.4
     1     1    23     1    24     1     0     1   -83.0   55.280 -125.760    496.5    833.8
     1     1    23     1    24     0     0     0   -84.0   55.065 -126.086    448.0    849.1
     1     1    23     1    23    23     0     1   -85.0   54.818 -126.420    460.6    848.9
     1     1    23     1    23    22     0     2   -86.0   54.579 -126.887    574.0    829.8
     1     1    23     1    23    21     0     3   -87.0   54.307 -127.437    742.7    804.5
     1     1    23     1    23    20     0     2   -88.0   54.025 -127.961    936.3    775.7
     1     1    23     1    23    19     0     1   -89.0   53.636 -128.516    907.5    791.4
     1     1    23     1    23    18     0     0   -90.0   53.249 -128.772    505.6    894.1
     1     1    23     1    23    17     0     1   -91.0   53.005 -128.795    274.4    965.0
     1     1    23     1    23    16     0     2   -92.0   52.803 -128.757    164.1    974.3
     1     1    23     1    23    15     0     3   -93.0   52.610 -128.704    119.9    979.2
     1     1    23     1    23    14     0     2   -94.0   52.432 -128.651     90.0    988.1
     1     1    23     1    23    13     0     1   -95.0   52.277 -128.611     62.3    999.5
     1     1    23     1    23    12     0     0   -96.0   52.142 -128.588     38.6   1009.1
     1     1    23     1    23    11     0     1   -97.0   52.017 -128.595     22.1   1017.2
     1     1    23     1    23    10     0     2   -98.0   51.888 -128.641     12.4   1019.2
     1     1    23     1    23     9     0     3   -99.0   51.751 -128.721      7.1   1019.8
     1     1    23     1    23     8     0     2  -100.0   51.544 -128.780      3.2   1020.9
     1     1    23     1    23     7     0     1  -101.0   51.220 -128.727      0.0   1021.3
     1     1    23     1    23     6     0     0  -102.0   50.832 -128.572      0.0   1021.6
     1     1    23     1    23     5     0     1  -103.0   50.462 -128.331      0.0   1022.9
     1     1    23     1    23     4     0     2  -104.0   50.139 -128.002      1.1   1024.1
     1     1    23     1    23     3     0     3  -105.0   49.882 -127.706      1.2   1014.6
     1     1    23     1    23     2     0     2  -106.0   49.693 -127.514      0.0   1012.7
     1     1    23     1    23     1     0     1  -107.0   49.555 -127.397      0.0   1013.4
     1     1    23     1    23     0     0     0  -108.0   49.460 -127.332      0.0   1014.9
     1     1    23     1    22    23     0     1  -109.0   49.400 -127.314      0.0   1016.4
     1     1    23     1    22    22     0     2  -110.0   49.367 -127.343      0.0   1017.9
     1     1    23     1    22    21     0     3  -111.0   49.358 -127.418      0.0   1019.4
     1     1    23     1    22    20     0     2  -112.0   49.367 -127.522      0.0   1021.0
     1     1    23     1    22    19     0     1  -113.0   49.393 -127.633      0.3   1022.4
     1     1    23     1    22    18     0     0  -114.0   49.440 -127.746      1.5   1023.9
     1     1    23     1    22    17     0     1  -115.0   49.509 -127.865      2.9   1025.6
     1     1    23     1    22    16     0     2  -116.0   49.604 -127.996      4.0   1028.4
     1     1    23     1    22    15     0     3  -117.0   49.724 -128.140      4.9   1028.6
     1     1    23     1    22    14     0     2  -118.0   49.861 -128.284      5.6   1028.6
     1     1    23     1    22    13     0     1  -119.0   50.013 -128.426      5.7   1028.6
     1     1    23     1    22    12     0     0  -120.0   50.173 -128.578      5.1   1028.6
