     8     1
    GDAS    22    12    22     0     0
    GDAS    22    12    29     0     0
    GDAS    23     1     1     0     0
    GDAS    23     1     8     0     0
    GDAS    23     1    15     0     0
    GDAS    23     1    22     0     0
    GDAS    23     1    29     0     0
    GDAS    23     2     1     0     0
     1 BACKWARD OMEGA   
    23     1    29    12   32.716  -96.748    20.0
     1 PRESSURE
     1     1    23     1    29    12     0     0     0.0   32.716  -96.748     20.0    993.4
     1     1    23     1    29    11     0     1    -1.0   32.718  -96.855     18.1    992.7
     1     1    23     1    29    10     0     2    -2.0   32.677  -96.960     17.7    991.5
     1     1    23     1    29     9     0     3    -3.0   32.586  -97.065     19.5    989.0
     1     1    23     1    29     8     0     2    -4.0   32.459  -97.174     23.0    986.1
     1     1    23     1    29     7     0     1    -5.0   32.315  -97.283     26.6    983.4
     1     1    23     1    29     6     0     0    -6.0   32.156  -97.389     29.9    980.8
     1     1    23     1    29     5     0     1    -7.0   31.981  -97.499     33.2    978.4
     1     1    23     1    29     4     0     2    -8.0   31.787  -97.623     36.8    976.6
     1     1    23     1    29     3     0     3    -9.0   31.581  -97.762     40.1    974.6
     1     1    23     1    29     2     0     2   -10.0   31.368  -97.907     43.9    972.2
     1     1    23     1    29     1     0     1   -11.0   31.148  -98.044     51.0    969.4
     1     1    23     1    29     0     0     0   -12.0   30.919  -98.168     65.0    965.5
     1     1    23     1    28    23     0     1   -13.0   30.692  -98.291     81.0    960.3
     1     1    23     1    28    22     0     2   -14.0   30.475  -98.417     88.2    956.7
     1     1    23     1    28    21     0     3   -15.0   30.268  -98.542     83.1    954.4
     1     1    23     1    28    20     0     2   -16.0   30.074  -98.656     66.9    954.8
     1     1    23     1    28    19     0     1   -17.0   29.896  -98.744     46.0    959.8
     1     1    23     1    28    18     0     0   -18.0   29.727  -98.803     29.5    967.3
     1     1    23     1    28    17     0     1   -19.0   29.576  -98.830     20.1    973.6
     1     1    23     1    28    16     0     2   -20.0   29.453  -98.828     15.2    978.9
     1     1    23     1    28    15     0     3   -21.0   29.362  -98.801     12.4    983.6
     1     1    23     1    28    14     0     2   -22.0   29.292  -98.764     10.7    986.9
     1     1    23     1    28    13     0     1   -23.0   29.229  -98.729      9.5    989.5
     1     1    23     1    28    12     0     0   -24.0   29.174  -98.696      8.8    991.7
     1     1    23     1    28    11     0     1   -25.0   29.130  -98.656      8.2    993.7
     1     1    23     1    28    10     0     2   -26.0   29.099  -98.598      7.5    995.2
     1     1    23     1    28     9     0     3   -27.0   29.082  -98.521      6.7    996.5
     1     1    23     1    28     8     0     2   -28.0   29.070  -98.429      6.0    998.9
     1     1    23     1    28     7     0     1   -29.0   29.056  -98.324      5.5   1001.4
     1     1    23     1    28     6     0     0   -30.0   29.039  -98.204      5.3   1004.0
     1     1    23     1    28     5     0     1   -31.0   29.024  -98.078      5.3   1006.5
     1     1    23     1    28     4     0     2   -32.0   29.015  -97.959      5.2   1009.0
     1     1    23     1    28     3     0     3   -33.0   29.013  -97.848      5.1   1011.0
     1     1    23     1    28     2     0     2   -34.0   29.013  -97.739      4.9   1011.8
     1     1    23     1    28     1     0     1   -35.0   29.012  -97.630      4.7   1012.5
     1     1    23     1    28     0     0     0   -36.0   29.012  -97.525      4.9   1013.2
     1     1    23     1    27    23     0     1   -37.0   29.012  -97.431      5.3   1013.8
     1     1    23     1    27    22     0     2   -38.0   29.013  -97.350      5.9   1014.3
     1     1    23     1    27    21     0     3   -39.0   29.013  -97.277      6.6   1014.8
     1     1    23     1    27    20     0     2   -40.0   29.005  -97.209      7.3   1016.4
     1     1    23     1    27    19     0     1   -41.0   28.985  -97.146      7.7   1017.9
     1     1    23     1    27    18     0     0   -42.0   28.951  -97.085      7.9   1019.5
     1     1    23     1    27    17     0     1   -43.0   28.914  -97.024      8.0   1020.1
     1     1    23     1    27    16     0     2   -44.0   28.886  -96.962      8.0   1020.5
     1     1    23     1    27    15     0     3   -45.0   28.863  -96.899      7.9   1020.9
     1     1    23     1    27    14     0     2   -46.0   28.847  -96.834      7.8   1021.2
     1     1    23     1    27    13     0     1   -47.0   28.844  -96.765      7.8   1021.3
     1     1    23     1    27    12     0     0   -48.0   28.852  -96.696      7.9   1021.4
     1     1    23     1    27    11     0     1   -49.0   28.865  -96.631      8.1   1021.4
     1     1    23     1    27    10     0     2   -50.0   28.879  -96.574      8.4   1021.4
     1     1    23     1    27     9     0     3   -51.0   28.892  -96.527      8.8   1021.4
     1     1    23     1    27     8     0     2   -52.0   28.907  -96.485      9.3   1022.6
     1     1    23     1    27     7     0     1   -53.0   28.923  -96.447      9.8   1023.9
     1     1    23     1    27     6     0     0   -54.0   28.941  -96.412     10.4   1025.2
     1     1    23     1    27     5     0     1   -55.0   28.964  -96.379     11.1   1025.1
     1     1    23     1    27     4     0     2   -56.0   28.996  -96.347     12.4   1025.0
     1     1    23     1    27     3     0     3   -57.0   29.036  -96.315     14.6   1024.5
     1     1    23     1    27     2     0     2   -58.0   29.084  -96.284     17.3   1022.8
     1     1    23     1    27     1     0     1   -59.0   29.139  -96.255     19.8   1021.2
     1     1    23     1    27     0     0     0   -60.0   29.202  -96.227     22.1   1019.8
     1     1    23     1    26    23     0     1   -61.0   29.276  -96.204     24.9   1019.4
     1     1    23     1    26    22     0     2   -62.0   29.363  -96.192     29.1   1018.6
     1     1    23     1    26    21     0     3   -63.0   29.462  -96.192     34.8   1017.5
     1     1    23     1    26    20     0     2   -64.0   29.566  -96.199     41.3   1017.0
     1     1    23     1    26    19     0     1   -65.0   29.663  -96.209     47.6   1016.4
     1     1    23     1    26    18     0     0   -66.0   29.754  -96.226     53.6   1015.8
     1     1    23     1    26    17     0     1   -67.0   29.844  -96.240     57.5   1014.0
     1     1    23     1    26    16     0     2   -68.0   29.942  -96.244     57.0   1013.1
     1     1    23     1    26    15     0     3   -69.0   30.049  -96.238     51.8   1013.3
     1     1    23     1    26    14     0     2   -70.0   30.162  -96.229     48.2   1013.1
     1     1    23     1    26    13     0     1   -71.0   30.279  -96.225     50.8   1011.7
     1     1    23     1    26    12     0     0   -72.0   30.399  -96.230     58.9   1009.7
     1     1    23     1    26    11     0     1   -73.0   30.524  -96.238     70.1   1006.7
     1     1    23     1    26    10     0     2   -74.0   30.654  -96.239     80.6   1004.2
     1     1    23     1    26     9     0     3   -75.0   30.787  -96.229     88.8   1002.2
     1     1    23     1    26     8     0     2   -76.0   30.926  -96.223     98.9   1001.1
     1     1    23     1    26     7     0     1   -77.0   31.087  -96.243    117.5    998.8
     1     1    23     1    26     6     0     0   -78.0   31.276  -96.293    146.8    994.9
     1     1    23     1    26     5     0     1   -79.0   31.484  -96.371    178.4    988.0
     1     1    23     1    26     4     0     2   -80.0   31.697  -96.471    209.2    982.8
     1     1    23     1    26     3     0     3   -81.0   31.912  -96.588    254.6    976.0
     1     1    23     1    26     2     0     2   -82.0   32.133  -96.724    314.5    964.3
     1     1    23     1    26     1     0     1   -83.0   32.355  -96.869    369.1    955.8
     1     1    23     1    26     0     0     0   -84.0   32.578  -97.004    416.7    950.6
     1     1    23     1    25    23     0     1   -85.0   32.808  -97.140    459.1    943.2
     1     1    23     1    25    22     0     2   -86.0   33.050  -97.293    490.2    935.8
     1     1    23     1    25    21     0     3   -87.0   33.308  -97.460    510.6    929.4
     1     1    23     1    25    20     0     2   -88.0   33.566  -97.634    528.6    925.6
     1     1    23     1    25    19     0     1   -89.0   33.802  -97.815    545.5    922.2
     1     1    23     1    25    18     0     0   -90.0   34.019  -98.005    551.2    920.5
     1     1    23     1    25    17     0     1   -91.0   34.247  -98.176    549.0    917.9
     1     1    23     1    25    16     0     2   -92.0   34.520  -98.303    545.0    913.7
     1     1    23     1    25    15     0     3   -93.0   34.855  -98.387    540.9    909.1
     1     1    23     1    25    14     0     2   -94.0   35.236  -98.450    536.6    904.8
     1     1    23     1    25    13     0     1   -95.0   35.633  -98.518    536.1    900.6
     1     1    23     1    25    12     0     0   -96.0   36.048  -98.591    538.5    894.2
     1     1    23     1    25    11     0     1   -97.0   36.478  -98.654    535.2    893.0
     1     1    23     1    25    10     0     2   -98.0   36.909  -98.698    522.8    894.3
     1     1    23     1    25     9     0     3   -99.0   37.331  -98.728    508.7    893.9
     1     1    23     1    25     8     0     2  -100.0   37.738  -98.750    498.7    892.0
     1     1    23     1    25     7     0     1  -101.0   38.113  -98.760    489.6    891.6
     1     1    23     1    25     6     0     0  -102.0   38.451  -98.756    477.0    894.9
     1     1    23     1    25     5     0     1  -103.0   38.766  -98.747    459.6    899.2
     1     1    23     1    25     4     0     2  -104.0   39.075  -98.737    441.0    902.7
     1     1    23     1    25     3     0     3  -105.0   39.375  -98.721    428.3    903.8
     1     1    23     1    25     2     0     2  -106.0   39.653  -98.710    425.0    902.9
     1     1    23     1    25     1     0     1  -107.0   39.904  -98.715    422.3    901.2
     1     1    23     1    25     0     0     0  -108.0   40.142  -98.738    410.5    900.3
     1     1    23     1    24    23     0     1  -109.0   40.363  -98.804    391.8    900.3
     1     1    23     1    24    22     0     2  -110.0   40.558  -98.924    369.3    899.3
     1     1    23     1    24    21     0     3  -111.0   40.731  -99.083    345.6    898.6
     1     1    23     1    24    20     0     2  -112.0   40.870  -99.270    337.3    897.9
     1     1    23     1    24    19     0     1  -113.0   40.968  -99.474    351.1    893.1
     1     1    23     1    24    18     0     0  -114.0   41.046  -99.677    379.1    886.9
     1     1    23     1    24    17     0     1  -115.0   41.116  -99.894    422.1    879.7
     1     1    23     1    24    16     0     2  -116.0   41.183 -100.144    487.0    868.2
     1     1    23     1    24    15     0     3  -117.0   41.263 -100.407    581.8    854.5
     1     1    23     1    24    14     0     2  -118.0   41.357 -100.679    681.7    835.3
     1     1    23     1    24    13     0     1  -119.0   41.436 -100.991    731.3    822.5
     1     1    23     1    24    12     0     0  -120.0   41.498 -101.359    727.9    816.8
