     8     1
    GDAS    22    12    22     0     0
    GDAS    22    12    29     0     0
    GDAS    23     1     1     0     0
    GDAS    23     1     8     0     0
    GDAS    23     1    15     0     0
    GDAS    23     1    22     0     0
    GDAS    23     1    29     0     0
    GDAS    23     2     1     0     0
     1 BACKWARD OMEGA   
    23     1    11    13   32.716  -96.748    15.0
     1 PRESSURE
     1     1    23     1    11    13     0     1     0.0   32.716  -96.748     15.0    989.6
     1     1    23     1    11    12     0     0    -1.0   32.631  -96.887     15.4    989.2
     1     1    23     1    11    11     0     1    -2.0   32.549  -97.040     17.4    987.4
     1     1    23     1    11    10     0     2    -3.0   32.459  -97.207     21.3    983.4
     1     1    23     1    11     9     0     3    -4.0   32.362  -97.394     28.6    978.7
     1     1    23     1    11     8     0     2    -5.0   32.258  -97.613     42.6    973.1
     1     1    23     1    11     7     0     1    -6.0   32.144  -97.885     72.1    965.6
     1     1    23     1    11     6     0     0    -7.0   32.011  -98.247    132.6    954.5
     1     1    23     1    11     5     0     1    -8.0   31.865  -98.673    186.2    938.6
     1     1    23     1    11     4     0     2    -9.0   31.733  -99.090    184.5    931.8
     1     1    23     1    11     3     0     3   -10.0   31.612  -99.472    164.3    931.8
     1     1    23     1    11     2     0     2   -11.0   31.479  -99.840    162.2    926.9
     1     1    23     1    11     1     0     1   -12.0   31.318 -100.198    173.8    917.9
     1     1    23     1    11     0     0     0   -13.0   31.136 -100.515    145.4    911.2
     1     1    23     1    10    23     0     1   -14.0   30.971 -100.756    100.2    917.3
     1     1    23     1    10    22     0     2   -15.0   30.846 -100.969     70.6    923.3
     1     1    23     1    10    21     0     3   -16.0   30.752 -101.193     60.4    925.7
     1     1    23     1    10    20     0     2   -17.0   30.676 -101.423     59.2    927.1
     1     1    23     1    10    19     0     1   -18.0   30.603 -101.632     56.1    929.5
     1     1    23     1    10    18     0     0   -19.0   30.530 -101.810     49.6    932.3
     1     1    23     1    10    17     0     1   -20.0   30.460 -101.953     42.6    934.2
     1     1    23     1    10    16     0     2   -21.0   30.398 -102.064     38.5    933.4
     1     1    23     1    10    15     0     3   -22.0   30.344 -102.148     37.2    931.0
     1     1    23     1    10    14     0     2   -23.0   30.298 -102.221     37.6    928.4
     1     1    23     1    10    13     0     1   -24.0   30.260 -102.292     39.4    925.4
     1     1    23     1    10    12     0     0   -25.0   30.232 -102.365     42.6    921.9
     1     1    23     1    10    11     0     1   -26.0   30.208 -102.436     46.8    918.4
     1     1    23     1    10    10     0     2   -27.0   30.184 -102.502     51.4    915.0
     1     1    23     1    10     9     0     3   -28.0   30.161 -102.561     56.5    911.5
     1     1    23     1    10     8     0     2   -29.0   30.135 -102.615     61.6    908.5
     1     1    23     1    10     7     0     1   -30.0   30.106 -102.661     65.5    905.7
     1     1    23     1    10     6     0     0   -31.0   30.077 -102.701     68.1    903.3
     1     1    23     1    10     5     0     1   -32.0   30.053 -102.742     68.3    900.6
     1     1    23     1    10     4     0     2   -33.0   30.036 -102.793     65.8    897.9
     1     1    23     1    10     3     0     3   -34.0   30.027 -102.858     61.6    894.6
     1     1    23     1    10     2     0     2   -35.0   30.014 -102.940     56.8    890.3
     1     1    23     1    10     1     0     1   -36.0   29.983 -103.035     50.9    887.0
     1     1    23     1    10     0     0     0   -37.0   29.936 -103.132     43.9    886.4
     1     1    23     1     9    23     0     1   -38.0   29.892 -103.230     38.8    885.4
     1     1    23     1     9    22     0     2   -39.0   29.865 -103.337     35.4    883.1
     1     1    23     1     9    21     0     3   -40.0   29.846 -103.450     30.7    880.4
     1     1    23     1     9    20     0     2   -41.0   29.830 -103.560     25.4    878.9
     1     1    23     1     9    19     0     1   -42.0   29.815 -103.651     22.1    877.7
     1     1    23     1     9    18     0     0   -43.0   29.800 -103.723     21.3    876.7
     1     1    23     1     9    17     0     1   -44.0   29.783 -103.777     22.0    874.4
     1     1    23     1     9    16     0     2   -45.0   29.767 -103.818     23.1    872.5
     1     1    23     1     9    15     0     3   -46.0   29.748 -103.846     25.1    870.8
     1     1    23     1     9    14     0     2   -47.0   29.733 -103.868     29.2    869.5
     1     1    23     1     9    13     0     1   -48.0   29.727 -103.892     37.2    867.8
     1     1    23     1     9    12     0     0   -49.0   29.731 -103.917     50.6    865.7
     1     1    23     1     9    11     0     1   -50.0   29.731 -103.939     68.5    861.9
     1     1    23     1     9    10     0     2   -51.0   29.713 -103.954     86.6    858.6
     1     1    23     1     9     9     0     3   -52.0   29.677 -103.959    101.8    856.1
     1     1    23     1     9     8     0     2   -53.0   29.627 -103.950    108.0    855.5
     1     1    23     1     9     7     0     1   -54.0   29.572 -103.924     99.2    857.4
     1     1    23     1     9     6     0     0   -55.0   29.520 -103.881     77.6    861.8
     1     1    23     1     9     5     0     1   -56.0   29.481 -103.832     59.0    867.9
     1     1    23     1     9     4     0     2   -57.0   29.456 -103.783     49.9    870.8
     1     1    23     1     9     3     0     3   -58.0   29.442 -103.733     47.2    873.5
     1     1    23     1     9     2     0     2   -59.0   29.433 -103.675     43.9    875.2
     1     1    23     1     9     1     0     1   -60.0   29.428 -103.607     35.8    878.3
     1     1    23     1     9     0     0     0   -61.0   29.429 -103.533     26.1    882.0
     1     1    23     1     8    23     0     1   -62.0   29.430 -103.460     18.3    887.0
     1     1    23     1     8    22     0     2   -63.0   29.426 -103.394     13.3    891.2
     1     1    23     1     8    21     0     3   -64.0   29.418 -103.335     10.3    894.8
     1     1    23     1     8    20     0     2   -65.0   29.409 -103.284      8.3    898.6
     1     1    23     1     8    19     0     1   -66.0   29.402 -103.239      7.0    902.2
     1     1    23     1     8    18     0     0   -67.0   29.396 -103.199      5.8    905.6
     1     1    23     1     8    17     0     1   -68.0   29.396 -103.168      4.8    907.2
     1     1    23     1     8    16     0     2   -69.0   29.403 -103.146      4.1    908.2
     1     1    23     1     8    15     0     3   -70.0   29.418 -103.133      3.7    908.5
     1     1    23     1     8    14     0     2   -71.0   29.439 -103.122      3.1    907.9
     1     1    23     1     8    13     0     1   -72.0   29.465 -103.104      2.2    907.5
     1     1    23     1     8    12     0     0   -73.0   29.496 -103.078      0.8    907.3
     1     1    23     1     8    11     0     1   -74.0   29.526 -103.044      0.0    907.5
     1     1    23     1     8    10     0     2   -75.0   29.547 -103.002      0.0    908.0
     1     1    23     1     8     9     0     3   -76.0   29.561 -102.952      0.0    907.3
     1     1    23     1     8     8     0     2   -77.0   29.570 -102.900      0.0    908.2
     1     1    23     1     8     7     0     1   -78.0   29.578 -102.851      0.0    909.1
     1     1    23     1     8     6     0     0   -79.0   29.586 -102.803      0.0    910.2
     1     1    23     1     8     5     0     1   -80.0   29.614 -102.758      0.0    910.4
     1     1    23     1     8     4     0     2   -81.0   29.678 -102.719      2.7    911.0
     1     1    23     1     8     3     0     3   -82.0   29.781 -102.690      9.9    912.4
     1     1    23     1     8     2     0     2   -83.0   29.914 -102.664     26.8    912.1
     1     1    23     1     8     1     0     1   -84.0   30.072 -102.631     60.8    911.2
     1     1    23     1     8     0     0     0   -85.0   30.246 -102.595     94.3    908.6
     1     1    23     1     7    23     0     1   -86.0   30.417 -102.556    111.1    909.3
     1     1    23     1     7    22     0     2   -87.0   30.570 -102.517    112.7    911.3
     1     1    23     1     7    21     0     3   -88.0   30.711 -102.488    104.7    913.3
     1     1    23     1     7    20     0     2   -89.0   30.845 -102.477     91.4    915.8
     1     1    23     1     7    19     0     1   -90.0   30.976 -102.489     74.7    918.4
     1     1    23     1     7    18     0     0   -91.0   31.103 -102.518     58.6    920.4
     1     1    23     1     7    17     0     1   -92.0   31.219 -102.550     47.6    920.7
     1     1    23     1     7    16     0     2   -93.0   31.323 -102.583     41.6    920.1
     1     1    23     1     7    15     0     3   -94.0   31.419 -102.616     38.9    919.3
     1     1    23     1     7    14     0     2   -95.0   31.523 -102.639     37.9    917.9
     1     1    23     1     7    13     0     1   -96.0   31.649 -102.643     38.7    916.5
     1     1    23     1     7    12     0     0   -97.0   31.800 -102.631     43.9    914.6
     1     1    23     1     7    11     0     1   -98.0   31.977 -102.609     55.6    912.5
     1     1    23     1     7    10     0     2   -99.0   32.180 -102.595     73.6    906.8
     1     1    23     1     7     9     0     3  -100.0   32.409 -102.615     97.8    899.9
     1     1    23     1     7     8     0     2  -101.0   32.659 -102.680    132.1    891.5
     1     1    23     1     7     7     0     1  -102.0   32.913 -102.800    175.9    879.5
     1     1    23     1     7     6     0     0  -103.0   33.165 -102.978    231.1    867.3
     1     1    23     1     7     5     0     1  -104.0   33.440 -103.224    317.7    854.1
     1     1    23     1     7     4     0     2  -105.0   33.733 -103.542    435.4    835.1
     1     1    23     1     7     3     0     3  -106.0   34.001 -103.911    554.5    816.2
     1     1    23     1     7     2     0     2  -107.0   34.229 -104.353    707.5    795.5
     1     1    23     1     7     1     0     1  -108.0   34.381 -104.895    995.6    759.8
     1     1    23     1     7     0     0     0  -109.0   34.448 -105.476   1385.2    699.9
     1     1    23     1     6    23     0     1  -110.0   34.484 -106.116   1633.8    649.5
     1     1    23     1     6    22     0     2  -111.0   34.532 -106.723   1554.4    665.7
     1     1    23     1     6    21     0     3  -112.0   34.606 -107.233   1446.8    689.9
     1     1    23     1     6    20     0     2  -113.0   34.675 -107.821   1491.3    662.4
     1     1    23     1     6    19     0     1  -114.0   34.746 -108.547   1687.7    636.7
     1     1    23     1     6    18     0     0  -115.0   34.849 -109.236   1823.2    634.9
     1     1    23     1     6    17     0     1  -116.0   34.954 -109.813   1811.0    658.5
     1     1    23     1     6    16     0     2  -117.0   35.048 -110.347   1694.1    672.8
     1     1    23     1     6    15     0     3  -118.0   35.185 -110.860   1375.9    685.6
     1     1    23     1     6    14     0     2  -119.0   35.274 -111.314   1062.3    739.3
     1     1    23     1     6    13     0     1  -120.0   35.257 -111.723    920.9    744.5
