     8     1
    GDAS    22    12    22     0     0
    GDAS    22    12    29     0     0
    GDAS    23     1     1     0     0
    GDAS    23     1     8     0     0
    GDAS    23     1    15     0     0
    GDAS    23     1    22     0     0
    GDAS    23     1    29     0     0
    GDAS    23     2     1     0     0
     1 BACKWARD OMEGA   
    23     1    27    12   32.716  -96.748    15.0
     1 PRESSURE
     1     1    23     1    27    12     0     0     0.0   32.716  -96.748     15.0   1003.0
     1     1    23     1    27    11     0     1    -1.0   32.609  -96.825     15.7   1002.9
     1     1    23     1    27    10     0     2    -2.0   32.510  -96.902     16.8   1002.4
     1     1    23     1    27     9     0     3    -3.0   32.417  -96.982     18.2   1001.6
     1     1    23     1    27     8     0     2    -4.0   32.333  -97.068     21.5    999.3
     1     1    23     1    27     7     0     1    -5.0   32.262  -97.167     28.6    996.0
     1     1    23     1    27     6     0     0    -6.0   32.208  -97.276     39.9    992.5
     1     1    23     1    27     5     0     1    -7.0   32.168  -97.387     53.1    989.2
     1     1    23     1    27     4     0     2    -8.0   32.142  -97.494     65.4    985.7
     1     1    23     1    27     3     0     3    -9.0   32.135  -97.598     77.2    982.5
     1     1    23     1    27     2     0     2   -10.0   32.152  -97.700     88.4    979.4
     1     1    23     1    27     1     0     1   -11.0   32.193  -97.802     96.7    976.5
     1     1    23     1    27     0     0     0   -12.0   32.257  -97.905     98.9    974.1
     1     1    23     1    26    23     0     1   -13.0   32.342  -98.017     99.7    972.8
     1     1    23     1    26    22     0     2   -14.0   32.443  -98.149    106.1    970.8
     1     1    23     1    26    21     0     3   -15.0   32.556  -98.299    119.3    968.0
     1     1    23     1    26    20     0     2   -16.0   32.677  -98.460    137.2    965.6
     1     1    23     1    26    19     0     1   -17.0   32.802  -98.622    157.5    963.0
     1     1    23     1    26    18     0     0   -18.0   32.924  -98.788    180.6    960.4
     1     1    23     1    26    17     0     1   -19.0   33.052  -98.957    206.6    956.8
     1     1    23     1    26    16     0     2   -20.0   33.199  -99.131    234.1    952.9
     1     1    23     1    26    15     0     3   -21.0   33.368  -99.310    263.1    948.4
     1     1    23     1    26    14     0     2   -22.0   33.565  -99.493    295.2    941.3
     1     1    23     1    26    13     0     1   -23.0   33.794  -99.680    331.4    932.9
     1     1    23     1    26    12     0     0   -24.0   34.059  -99.876    375.2    922.3
     1     1    23     1    26    11     0     1   -25.0   34.358 -100.081    437.7    908.7
     1     1    23     1    26    10     0     2   -26.0   34.684 -100.280    523.7    889.6
     1     1    23     1    26     9     0     3   -27.0   35.029 -100.465    621.4    871.2
     1     1    23     1    26     8     0     2   -28.0   35.375 -100.647    709.8    852.8
     1     1    23     1    26     7     0     1   -29.0   35.717 -100.835    790.8    840.5
     1     1    23     1    26     6     0     0   -30.0   36.079 -101.006    903.1    828.4
     1     1    23     1    26     5     0     1   -31.0   36.480 -101.171   1030.0    805.9
     1     1    23     1    26     4     0     2   -32.0   36.915 -101.346   1119.1    790.8
     1     1    23     1    26     3     0     3   -33.0   37.374 -101.521   1131.7    782.3
     1     1    23     1    26     2     0     2   -34.0   37.856 -101.695   1060.1    788.0
     1     1    23     1    26     1     0     1   -35.0   38.349 -101.893    985.2    795.5
     1     1    23     1    26     0     0     0   -36.0   38.856 -102.131   1019.8    784.1
     1     1    23     1    25    23     0     1   -37.0   39.375 -102.392   1145.3    757.9
     1     1    23     1    25    22     0     2   -38.0   39.878 -102.670   1246.5    742.0
     1     1    23     1    25    21     0     3   -39.0   40.361 -102.952   1322.8    731.8
     1     1    23     1    25    20     0     2   -40.0   40.863 -103.223   1418.2    720.8
     1     1    23     1    25    19     0     1   -41.0   41.388 -103.496   1507.0    707.6
     1     1    23     1    25    18     0     0   -42.0   41.893 -103.769   1506.3    714.4
     1     1    23     1    25    17     0     1   -43.0   42.392 -104.052   1447.6    728.6
     1     1    23     1    25    16     0     2   -44.0   42.913 -104.359   1408.4    727.9
     1     1    23     1    25    15     0     3   -45.0   43.454 -104.669   1407.0    713.5
     1     1    23     1    25    14     0     2   -46.0   44.007 -104.984   1463.8    710.1
     1     1    23     1    25    13     0     1   -47.0   44.543 -105.329   1495.2    714.4
     1     1    23     1    25    12     0     0   -48.0   45.050 -105.718   1467.5    735.2
     1     1    23     1    25    11     0     1   -49.0   45.516 -106.119   1399.4    749.1
     1     1    23     1    25    10     0     2   -50.0   45.948 -106.512   1253.9    771.3
     1     1    23     1    25     9     0     3   -51.0   46.367 -106.912   1123.9    787.7
     1     1    23     1    25     8     0     2   -52.0   46.778 -107.304   1061.7    795.6
     1     1    23     1    25     7     0     1   -53.0   47.185 -107.673   1003.6    807.4
     1     1    23     1    25     6     0     0   -54.0   47.584 -108.029    942.3    821.5
     1     1    23     1    25     5     0     1   -55.0   47.967 -108.369    922.1    821.9
     1     1    23     1    25     4     0     2   -56.0   48.348 -108.685    918.4    811.8
     1     1    23     1    25     3     0     3   -57.0   48.736 -109.005    909.7    812.5
     1     1    23     1    25     2     0     2   -58.0   49.127 -109.329    906.0    816.7
     1     1    23     1    25     1     0     1   -59.0   49.515 -109.641    867.7    823.0
     1     1    23     1    25     0     0     0   -60.0   49.901 -109.960    748.0    836.8
     1     1    23     1    24    23     0     1   -61.0   50.273 -110.323    613.1    863.9
     1     1    23     1    24    22     0     2   -62.0   50.641 -110.700    547.7    873.7
     1     1    23     1    24    21     0     3   -63.0   51.046 -111.057    540.6    872.7
     1     1    23     1    24    20     0     2   -64.0   51.472 -111.450    563.5    863.7
     1     1    23     1    24    19     0     1   -65.0   51.909 -111.923    599.3    852.3
     1     1    23     1    24    18     0     0   -66.0   52.356 -112.453    665.5    850.9
     1     1    23     1    24    17     0     1   -67.0   52.799 -113.068    760.8    841.9
     1     1    23     1    24    16     0     2   -68.0   53.248 -113.762    835.0    828.9
     1     1    23     1    24    15     0     3   -69.0   53.678 -114.518    903.5    827.3
     1     1    23     1    24    14     0     2   -70.0   54.076 -115.407   1011.8    809.8
     1     1    23     1    24    13     0     1   -71.0   54.474 -116.314   1078.5    789.2
     1     1    23     1    24    12     0     0   -72.0   54.805 -117.248    808.9    830.2
     1     1    23     1    24    11     0     1   -73.0   54.986 -118.285    561.8    873.2
     1     1    23     1    24    10     0     2   -74.0   55.044 -119.272    534.5    873.0
     1     1    23     1    24     9     0     3   -75.0   55.097 -120.400    920.3    803.3
     1     1    23     1    24     8     0     2   -76.0   55.207 -121.579   1192.4    755.4
     1     1    23     1    24     7     0     1   -77.0   55.322 -122.648   1062.2    785.7
     1     1    23     1    24     6     0     0   -78.0   55.390 -123.540    855.8    815.4
     1     1    23     1    24     5     0     1   -79.0   55.388 -124.362    836.6    806.0
     1     1    23     1    24     4     0     2   -80.0   55.322 -125.152    800.7    805.5
     1     1    23     1    24     3     0     3   -81.0   55.258 -125.861    708.7    814.0
     1     1    23     1    24     2     0     2   -82.0   55.167 -126.437    675.2    819.0
     1     1    23     1    24     1     0     1   -83.0   55.016 -126.987    820.0    804.8
     1     1    23     1    24     0     0     0   -84.0   54.835 -127.662   1092.7    770.6
     1     1    23     1    23    23     0     1   -85.0   54.612 -128.381   1254.2    763.5
     1     1    23     1    23    22     0     2   -86.0   54.315 -129.083    970.9    782.5
     1     1    23     1    23    21     0     3   -87.0   54.015 -129.405    574.9    894.9
     1     1    23     1    23    20     0     2   -88.0   53.704 -129.600    338.9    950.3
     1     1    23     1    23    19     0     1   -89.0   53.378 -129.774    236.6    972.6
     1     1    23     1    23    18     0     0   -90.0   52.984 -130.015    184.0   1001.3
     1     1    23     1    23    17     0     1   -91.0   52.550 -130.312    156.2   1005.0
     1     1    23     1    23    16     0     2   -92.0   52.165 -130.602    133.2   1006.2
     1     1    23     1    23    15     0     3   -93.0   51.830 -130.920     98.7   1010.2
     1     1    23     1    23    14     0     2   -94.0   51.553 -131.236     72.9   1017.2
     1     1    23     1    23    13     0     1   -95.0   51.322 -131.527     63.6   1018.1
     1     1    23     1    23    12     0     0   -96.0   51.120 -131.780     63.1   1018.3
     1     1    23     1    23    11     0     1   -97.0   50.955 -132.045     63.5   1016.6
     1     1    23     1    23    10     0     2   -98.0   50.832 -132.377     60.7   1016.3
     1     1    23     1    23     9     0     3   -99.0   50.740 -132.772     60.0   1016.6
     1     1    23     1    23     8     0     2  -100.0   50.650 -133.241     62.0   1015.5
     1     1    23     1    23     7     0     1  -101.0   50.546 -133.785     66.8   1014.7
     1     1    23     1    23     6     0     0  -102.0   50.436 -134.401     76.7   1012.4
     1     1    23     1    23     5     0     1  -103.0   50.298 -135.064     80.0   1010.1
     1     1    23     1    23     4     0     2  -104.0   50.129 -135.747     76.7   1011.1
     1     1    23     1    23     3     0     3  -105.0   49.950 -136.480     77.0   1010.4
     1     1    23     1    23     2     0     2  -106.0   49.754 -137.235     82.4   1008.1
     1     1    23     1    23     1     0     1  -107.0   49.509 -137.965     83.6   1007.1
     1     1    23     1    23     0     0     0  -108.0   49.232 -138.675     82.1   1007.0
     1     1    23     1    22    23     0     1  -109.0   48.931 -139.344     84.3   1007.2
     1     1    23     1    22    22     0     2  -110.0   48.598 -139.956     87.6   1006.3
     1     1    23     1    22    21     0     3  -111.0   48.232 -140.542     85.4   1005.8
     1     1    23     1    22    20     0     2  -112.0   47.847 -141.095     78.5   1006.9
     1     1    23     1    22    19     0     1  -113.0   47.456 -141.589     72.4   1007.8
     1     1    23     1    22    18     0     0  -114.0   47.058 -142.066     70.2   1008.0
     1     1    23     1    22    17     0     1  -115.0   46.651 -142.527     70.3   1006.9
     1     1    23     1    22    16     0     2  -116.0   46.236 -142.951     70.6   1006.2
     1     1    23     1    22    15     0     3  -117.0   45.801 -143.349     70.9   1005.7
     1     1    23     1    22    14     0     2  -118.0   45.356 -143.717     72.3   1006.5
     1     1    23     1    22    13     0     1  -119.0   44.915 -144.061     76.0   1005.9
     1     1    23     1    22    12     0     0  -120.0   44.471 -144.363     79.8   1005.2
