     8     1
    GDAS    22    12    22     0     0
    GDAS    22    12    29     0     0
    GDAS    23     1     1     0     0
    GDAS    23     1     8     0     0
    GDAS    23     1    15     0     0
    GDAS    23     1    22     0     0
    GDAS    23     1    29     0     0
    GDAS    23     2     1     0     0
     1 BACKWARD OMEGA   
    23     1     7    11   32.716  -96.748  1500.0
     1 PRESSURE
     1     1    23     1     7    11     0     1     0.0   32.716  -96.748   1500.0    836.8
     1     1    23     1     7    10     0     2    -1.0   32.692  -97.177   1449.3    836.7
     1     1    23     1     7     9     0     3    -2.0   32.678  -97.588   1375.9    836.2
     1     1    23     1     7     8     0     2    -3.0   32.669  -97.980   1312.1    839.4
     1     1    23     1     7     7     0     1    -4.0   32.652  -98.396   1248.8    837.2
     1     1    23     1     7     6     0     0    -5.0   32.616  -98.845   1087.5    845.4
     1     1    23     1     7     5     0     1    -6.0   32.541  -99.290    904.6    869.8
     1     1    23     1     7     4     0     2    -7.0   32.417  -99.711    778.2    875.2
     1     1    23     1     7     3     0     3    -8.0   32.248 -100.121    666.7    876.8
     1     1    23     1     7     2     0     2    -9.0   32.039 -100.498    577.6    881.3
     1     1    23     1     7     1     0     1   -10.0   31.818 -100.835    526.9    878.9
     1     1    23     1     7     0     0     0   -11.0   31.598 -101.155    502.1    875.9
     1     1    23     1     6    23     0     1   -12.0   31.374 -101.451    491.5    873.3
     1     1    23     1     6    22     0     2   -13.0   31.128 -101.702    473.9    872.8
     1     1    23     1     6    21     0     3   -14.0   30.860 -101.894    454.2    880.0
     1     1    23     1     6    20     0     2   -15.0   30.620 -102.034    449.7    885.3
     1     1    23     1     6    19     0     1   -16.0   30.417 -102.145    453.6    885.3
     1     1    23     1     6    18     0     0   -17.0   30.231 -102.245    461.8    883.1
     1     1    23     1     6    17     0     1   -18.0   30.061 -102.336    475.5    879.1
     1     1    23     1     6    16     0     2   -19.0   29.896 -102.424    495.1    868.8
     1     1    23     1     6    15     0     3   -20.0   29.718 -102.518    517.6    857.7
     1     1    23     1     6    14     0     2   -21.0   29.527 -102.616    539.7    850.3
     1     1    23     1     6    13     0     1   -22.0   29.331 -102.711    558.5    846.9
     1     1    23     1     6    12     0     0   -23.0   29.137 -102.785    570.6    847.5
     1     1    23     1     6    11     0     1   -24.0   28.946 -102.829    579.0    848.2
     1     1    23     1     6    10     0     2   -25.0   28.752 -102.852    592.2    842.3
     1     1    23     1     6     9     0     3   -26.0   28.552 -102.864    620.9    833.7
     1     1    23     1     6     8     0     2   -27.0   28.351 -102.869    656.7    821.9
     1     1    23     1     6     7     0     1   -28.0   28.158 -102.862    686.8    812.6
     1     1    23     1     6     6     0     0   -29.0   27.975 -102.839    712.1    805.4
     1     1    23     1     6     5     0     1   -30.0   27.806 -102.794    734.3    806.5
     1     1    23     1     6     4     0     2   -31.0   27.650 -102.728    753.1    808.5
     1     1    23     1     6     3     0     3   -32.0   27.509 -102.641    771.1    810.9
     1     1    23     1     6     2     0     2   -33.0   27.385 -102.546    788.9    813.2
     1     1    23     1     6     1     0     1   -34.0   27.285 -102.454    804.6    815.3
     1     1    23     1     6     0     0     0   -35.0   27.211 -102.369    817.7    817.5
     1     1    23     1     5    23     0     1   -36.0   27.152 -102.297    829.2    819.6
     1     1    23     1     5    22     0     2   -37.0   27.096 -102.241    842.0    821.6
     1     1    23     1     5    21     0     3   -38.0   27.043 -102.206    863.1    822.2
     1     1    23     1     5    20     0     2   -39.0   26.986 -102.172    891.9    821.1
     1     1    23     1     5    19     0     1   -40.0   26.923 -102.118    919.4    817.3
     1     1    23     1     5    18     0     0   -41.0   26.855 -102.039    939.4    814.8
     1     1    23     1     5    17     0     1   -42.0   26.792 -101.945    952.0    813.2
     1     1    23     1     5    16     0     2   -43.0   26.743 -101.849    960.2    813.4
     1     1    23     1     5    15     0     3   -44.0   26.708 -101.753    969.3    814.3
     1     1    23     1     5    14     0     2   -45.0   26.690 -101.665    977.3    814.5
     1     1    23     1     5    13     0     1   -46.0   26.688 -101.591    978.6    816.1
     1     1    23     1     5    12     0     0   -47.0   26.702 -101.533    971.6    818.4
     1     1    23     1     5    11     0     1   -48.0   26.721 -101.492    955.4    821.6
     1     1    23     1     5    10     0     2   -49.0   26.740 -101.465    930.4    825.2
     1     1    23     1     5     9     0     3   -50.0   26.755 -101.450    895.9    829.3
     1     1    23     1     5     8     0     2   -51.0   26.760 -101.441    865.9    834.5
     1     1    23     1     5     7     0     1   -52.0   26.755 -101.440    854.9    835.5
     1     1    23     1     5     6     0     0   -53.0   26.741 -101.449    863.1    834.2
     1     1    23     1     5     5     0     1   -54.0   26.719 -101.469    872.2    829.8
     1     1    23     1     5     4     0     2   -55.0   26.692 -101.495    860.9    829.1
     1     1    23     1     5     3     0     3   -56.0   26.660 -101.520    831.2    830.2
     1     1    23     1     5     2     0     2   -57.0   26.636 -101.537    774.0    832.6
     1     1    23     1     5     1     0     1   -58.0   26.629 -101.537    677.1    841.4
     1     1    23     1     5     0     0     0   -59.0   26.637 -101.517    547.8    855.4
     1     1    23     1     4    23     0     1   -60.0   26.648 -101.490    433.1    872.4
     1     1    23     1     4    22     0     2   -61.0   26.650 -101.476    354.4    879.4
     1     1    23     1     4    21     0     3   -62.0   26.643 -101.480    295.9    884.4
     1     1    23     1     4    20     0     2   -63.0   26.629 -101.492    246.2    888.9
     1     1    23     1     4    19     0     1   -64.0   26.613 -101.502    199.5    893.2
     1     1    23     1     4    18     0     0   -65.0   26.594 -101.509    156.7    897.5
     1     1    23     1     4    17     0     1   -66.0   26.578 -101.512    127.0    900.6
     1     1    23     1     4    16     0     2   -67.0   26.568 -101.509    115.8    901.0
     1     1    23     1     4    15     0     3   -68.0   26.565 -101.500    120.9    900.6
     1     1    23     1     4    14     0     2   -69.0   26.570 -101.490    133.2    898.5
     1     1    23     1     4    13     0     1   -70.0   26.586 -101.485    142.2    897.3
     1     1    23     1     4    12     0     0   -71.0   26.612 -101.486    147.6    896.9
     1     1    23     1     4    11     0     1   -72.0   26.635 -101.491    155.1    897.1
     1     1    23     1     4    10     0     2   -73.0   26.637 -101.498    169.1    895.1
     1     1    23     1     4     9     0     3   -74.0   26.621 -101.506    188.9    891.8
     1     1    23     1     4     8     0     2   -75.0   26.608 -101.514    208.2    888.5
     1     1    23     1     4     7     0     1   -76.0   26.619 -101.520    222.4    887.3
     1     1    23     1     4     6     0     0   -77.0   26.653 -101.525    230.1    887.6
     1     1    23     1     4     5     0     1   -78.0   26.709 -101.538    247.9    888.9
     1     1    23     1     4     4     0     2   -79.0   26.794 -101.574    300.2    885.7
     1     1    23     1     4     3     0     3   -80.0   26.922 -101.641    409.7    878.4
     1     1    23     1     4     2     0     2   -81.0   27.063 -101.753    566.0    857.6
     1     1    23     1     4     1     0     1   -82.0   27.169 -101.916    728.2    832.3
     1     1    23     1     4     0     0     0   -83.0   27.258 -102.139    892.0    807.5
     1     1    23     1     3    23     0     1   -84.0   27.337 -102.439    995.3    785.7
     1     1    23     1     3    22     0     2   -85.0   27.394 -102.798   1026.7    777.7
     1     1    23     1     3    21     0     3   -86.0   27.428 -103.191   1067.7    773.2
     1     1    23     1     3    20     0     2   -87.0   27.440 -103.596   1152.8    762.5
     1     1    23     1     3    19     0     1   -88.0   27.436 -104.009   1210.5    751.8
     1     1    23     1     3    18     0     0   -89.0   27.421 -104.437   1195.2    748.9
     1     1    23     1     3    17     0     1   -90.0   27.394 -104.860   1147.6    753.3
     1     1    23     1     3    16     0     2   -91.0   27.361 -105.306   1139.6    743.8
     1     1    23     1     3    15     0     3   -92.0   27.335 -105.838   1200.7    717.5
     1     1    23     1     3    14     0     2   -93.0   27.330 -106.513   1286.4    678.4
     1     1    23     1     3    13     0     1   -94.0   27.334 -107.306   1379.6    673.8
     1     1    23     1     3    12     0     0   -95.0   27.293 -107.893   1539.9    707.6
     1     1    23     1     3    11     0     1   -96.0   27.205 -108.303   1661.0    726.2
     1     1    23     1     3    10     0     2   -97.0   27.076 -108.580   1674.4    753.6
     1     1    23     1     3     9     0     3   -98.0   26.916 -108.734   1624.9    780.3
     1     1    23     1     3     8     0     2   -99.0   26.746 -108.812   1571.8    800.9
     1     1    23     1     3     7     0     1  -100.0   26.585 -108.862   1545.3    813.8
     1     1    23     1     3     6     0     0  -101.0   26.432 -108.897   1540.9    823.1
     1     1    23     1     3     5     0     1  -102.0   26.284 -108.930   1551.0    830.0
     1     1    23     1     3     4     0     2  -103.0   26.134 -108.965   1589.7    836.4
     1     1    23     1     3     3     0     3  -104.0   25.985 -109.014   1685.5    835.7
     1     1    23     1     3     2     0     2  -105.0   25.846 -109.110   1776.5    820.0
     1     1    23     1     3     1     0     1  -106.0   25.716 -109.241   1825.8    816.6
     1     1    23     1     3     0     0     0  -107.0   25.586 -109.398   1861.9    813.7
     1     1    23     1     2    23     0     1  -108.0   25.461 -109.575   1891.7    810.4
     1     1    23     1     2    22     0     2  -109.0   25.338 -109.762   1918.9    808.1
     1     1    23     1     2    21     0     3  -110.0   25.214 -109.958   1950.7    805.0
     1     1    23     1     2    20     0     2  -111.0   25.100 -110.150   1957.9    797.0
     1     1    23     1     2    19     0     1  -112.0   25.002 -110.321   1919.7    794.4
     1     1    23     1     2    18     0     0  -113.0   24.920 -110.465   1842.0    797.5
     1     1    23     1     2    17     0     1  -114.0   24.858 -110.593   1784.2    805.0
     1     1    23     1     2    16     0     2  -115.0   24.834 -110.726   1791.4    799.1
     1     1    23     1     2    15     0     3  -116.0   24.857 -110.866   1844.4    788.5
     1     1    23     1     2    14     0     2  -117.0   24.925 -111.021   1880.6    772.7
     1     1    23     1     2    13     0     1  -118.0   25.006 -111.181   1850.6    779.3
     1     1    23     1     2    12     0     0  -119.0   25.080 -111.354   1800.3    795.3
     1     1    23     1     2    11     0     1  -120.0   25.136 -111.562   1760.7    806.6
