     8     1
    GDAS    22    12    22     0     0
    GDAS    22    12    29     0     0
    GDAS    23     1     1     0     0
    GDAS    23     1     8     0     0
    GDAS    23     1    15     0     0
    GDAS    23     1    22     0     0
    GDAS    23     1    29     0     0
    GDAS    23     2     1     0     0
     1 BACKWARD OMEGA   
    23     1    23    11   32.716  -96.748   133.0
     1 PRESSURE
     1     1    23     1    23    11     0     1     0.0   32.716  -96.748    133.0    987.1
     1     1    23     1    23    10     0     2    -1.0   32.774  -96.579    129.8    988.3
     1     1    23     1    23     9     0     3    -2.0   32.832  -96.438    131.1    988.2
     1     1    23     1    23     8     0     2    -3.0   32.895  -96.320    133.1    987.6
     1     1    23     1    23     7     0     1    -4.0   32.975  -96.216    133.8    987.1
     1     1    23     1    23     6     0     0    -5.0   33.075  -96.119    133.6    986.5
     1     1    23     1    23     5     0     1    -6.0   33.197  -96.035    135.5    986.0
     1     1    23     1    23     4     0     2    -7.0   33.340  -95.975    143.2    984.8
     1     1    23     1    23     3     0     3    -8.0   33.509  -95.939    158.6    982.3
     1     1    23     1    23     2     0     2    -9.0   33.705  -95.934    180.3    978.3
     1     1    23     1    23     1     0     1   -10.0   33.928  -95.961    210.0    974.4
     1     1    23     1    23     0     0     0   -11.0   34.172  -96.021    256.6    967.4
     1     1    23     1    22    23     0     1   -12.0   34.415  -96.138    312.1    955.6
     1     1    23     1    22    22     0     2   -13.0   34.641  -96.313    355.8    945.2
     1     1    23     1    22    21     0     3   -14.0   34.857  -96.523    385.9    936.5
     1     1    23     1    22    20     0     2   -15.0   35.073  -96.737    410.9    930.2
     1     1    23     1    22    19     0     1   -16.0   35.299  -96.930    436.2    926.3
     1     1    23     1    22    18     0     0   -17.0   35.531  -97.105    458.3    923.9
     1     1    23     1    22    17     0     1   -18.0   35.760  -97.269    480.2    922.3
     1     1    23     1    22    16     0     2   -19.0   35.989  -97.426    508.9    918.7
     1     1    23     1    22    15     0     3   -20.0   36.237  -97.574    539.3    911.5
     1     1    23     1    22    14     0     2   -21.0   36.522  -97.698    556.2    905.0
     1     1    23     1    22    13     0     1   -22.0   36.852  -97.802    552.7    902.0
     1     1    23     1    22    12     0     0   -23.0   37.227  -97.906    539.4    900.5
     1     1    23     1    22    11     0     1   -24.0   37.596  -98.011    533.6    898.9
     1     1    23     1    22    10     0     2   -25.0   37.941  -98.101    538.6    894.0
     1     1    23     1    22     9     0     3   -26.0   38.274  -98.179    546.5    891.8
     1     1    23     1    22     8     0     2   -27.0   38.580  -98.257    556.1    891.0
     1     1    23     1    22     7     0     1   -28.0   38.857  -98.337    567.2    889.9
     1     1    23     1    22     6     0     0   -29.0   39.118  -98.412    575.6    888.6
     1     1    23     1    22     5     0     1   -30.0   39.372  -98.472    577.4    887.1
     1     1    23     1    22     4     0     2   -31.0   39.626  -98.513    578.0    886.7
     1     1    23     1    22     3     0     3   -32.0   39.882  -98.542    590.9    884.9
     1     1    23     1    22     2     0     2   -33.0   40.140  -98.570    612.6    880.1
     1     1    23     1    22     1     0     1   -34.0   40.394  -98.602    622.9    875.6
     1     1    23     1    22     0     0     0   -35.0   40.643  -98.638    605.7    875.0
     1     1    23     1    21    23     0     1   -36.0   40.873  -98.685    564.3    878.0
     1     1    23     1    21    22     0     2   -37.0   41.082  -98.752    526.3    881.9
     1     1    23     1    21    21     0     3   -38.0   41.282  -98.837    510.6    881.4
     1     1    23     1    21    20     0     2   -39.0   41.478  -98.941    510.4    878.0
     1     1    23     1    21    19     0     1   -40.0   41.674  -99.062    522.7    875.2
     1     1    23     1    21    18     0     0   -41.0   41.886  -99.200    560.4    870.0
     1     1    23     1    21    17     0     1   -42.0   42.110  -99.358    605.4    862.4
     1     1    23     1    21    16     0     2   -43.0   42.332  -99.545    623.3    860.5
     1     1    23     1    21    15     0     3   -44.0   42.564  -99.764    613.7    862.2
     1     1    23     1    21    14     0     2   -45.0   42.813 -100.014    610.4    864.5
     1     1    23     1    21    13     0     1   -46.0   43.066 -100.283    631.3    858.7
     1     1    23     1    21    12     0     0   -47.0   43.296 -100.558    672.7    854.7
     1     1    23     1    21    11     0     1   -48.0   43.506 -100.858    719.4    847.8
     1     1    23     1    21    10     0     2   -49.0   43.716 -101.179    760.1    845.4
     1     1    23     1    21     9     0     3   -50.0   43.928 -101.493    831.7    843.0
     1     1    23     1    21     8     0     2   -51.0   44.130 -101.824    937.4    827.4
     1     1    23     1    21     7     0     1   -52.0   44.323 -102.171   1017.5    812.0
     1     1    23     1    21     6     0     0   -53.0   44.519 -102.486   1061.7    808.4
     1     1    23     1    21     5     0     1   -54.0   44.703 -102.779   1098.5    801.6
     1     1    23     1    21     4     0     2   -55.0   44.873 -103.064   1103.5    795.7
     1     1    23     1    21     3     0     3   -56.0   45.053 -103.312   1046.6    798.4
     1     1    23     1    21     2     0     2   -57.0   45.241 -103.554    965.5    808.9
     1     1    23     1    21     1     0     1   -58.0   45.426 -103.817    902.0    814.1
     1     1    23     1    21     0     0     0   -59.0   45.613 -104.082    874.9    817.1
     1     1    23     1    20    23     0     1   -60.0   45.799 -104.344    874.4    815.0
     1     1    23     1    20    22     0     2   -61.0   45.974 -104.601    874.1    816.9
     1     1    23     1    20    21     0     3   -62.0   46.129 -104.844    872.5    819.2
     1     1    23     1    20    20     0     2   -63.0   46.270 -105.078    872.6    821.9
     1     1    23     1    20    19     0     1   -64.0   46.414 -105.309    875.1    823.8
     1     1    23     1    20    18     0     0   -65.0   46.568 -105.530    883.2    825.0
     1     1    23     1    20    17     0     1   -66.0   46.742 -105.745    905.3    823.2
     1     1    23     1    20    16     0     2   -67.0   46.947 -105.960    949.0    817.8
     1     1    23     1    20    15     0     3   -68.0   47.187 -106.169    999.5    811.8
     1     1    23     1    20    14     0     2   -69.0   47.443 -106.394   1040.4    811.0
     1     1    23     1    20    13     0     1   -70.0   47.700 -106.649   1072.8    810.9
     1     1    23     1    20    12     0     0   -71.0   47.967 -106.918   1095.4    813.2
     1     1    23     1    20    11     0     1   -72.0   48.234 -107.187   1103.7    809.6
     1     1    23     1    20    10     0     2   -73.0   48.487 -107.448   1099.9    806.6
     1     1    23     1    20     9     0     3   -74.0   48.742 -107.685   1099.2    804.7
     1     1    23     1    20     8     0     2   -75.0   49.001 -107.893   1129.5    799.7
     1     1    23     1    20     7     0     1   -76.0   49.263 -108.095   1182.6    790.6
     1     1    23     1    20     6     0     0   -77.0   49.545 -108.296   1219.4    785.2
     1     1    23     1    20     5     0     1   -78.0   49.852 -108.485   1249.5    786.3
     1     1    23     1    20     4     0     2   -79.0   50.178 -108.678   1303.9    785.7
     1     1    23     1    20     3     0     3   -80.0   50.521 -108.876   1376.3    782.9
     1     1    23     1    20     2     0     2   -81.0   50.868 -109.066   1432.2    779.8
     1     1    23     1    20     1     0     1   -82.0   51.192 -109.261   1455.8    779.2
     1     1    23     1    20     0     0     0   -83.0   51.495 -109.466   1464.2    777.9
     1     1    23     1    19    23     0     1   -84.0   51.793 -109.674   1473.3    775.0
     1     1    23     1    19    22     0     2   -85.0   52.082 -109.892   1478.7    771.6
     1     1    23     1    19    21     0     3   -86.0   52.351 -110.124   1470.1    773.8
     1     1    23     1    19    20     0     2   -87.0   52.590 -110.357   1453.2    777.5
     1     1    23     1    19    19     0     1   -88.0   52.790 -110.583   1426.5    780.0
     1     1    23     1    19    18     0     0   -89.0   52.948 -110.810   1370.4    784.5
     1     1    23     1    19    17     0     1   -90.0   53.081 -111.028   1293.5    792.9
     1     1    23     1    19    16     0     2   -91.0   53.198 -111.225   1224.6    800.7
     1     1    23     1    19    15     0     3   -92.0   53.281 -111.407   1173.3    805.3
     1     1    23     1    19    14     0     2   -93.0   53.334 -111.581   1135.7    808.6
     1     1    23     1    19    13     0     1   -94.0   53.366 -111.744   1107.0    810.5
     1     1    23     1    19    12     0     0   -95.0   53.367 -111.890   1079.4    812.5
     1     1    23     1    19    11     0     1   -96.0   53.333 -112.013   1055.9    815.0
     1     1    23     1    19    10     0     2   -97.0   53.264 -112.106   1039.1    815.8
     1     1    23     1    19     9     0     3   -98.0   53.154 -112.166   1027.4    816.4
     1     1    23     1    19     8     0     2   -99.0   53.002 -112.184   1033.1    816.5
     1     1    23     1    19     7     0     1  -100.0   52.821 -112.168   1068.0    809.4
     1     1    23     1    19     6     0     0  -101.0   52.620 -112.135   1139.9    799.0
     1     1    23     1    19     5     0     1  -102.0   52.423 -112.091   1219.3    783.8
     1     1    23     1    19     4     0     2  -103.0   52.245 -112.039   1270.0    775.5
     1     1    23     1    19     3     0     3  -104.0   52.083 -111.972   1290.1    770.7
     1     1    23     1    19     2     0     2  -105.0   51.936 -111.901   1307.8    771.4
     1     1    23     1    19     1     0     1  -106.0   51.802 -111.845   1349.0    769.3
     1     1    23     1    19     0     0     0  -107.0   51.681 -111.811   1410.0    764.9
     1     1    23     1    18    23     0     1  -108.0   51.565 -111.800   1485.4    758.6
     1     1    23     1    18    22     0     2  -109.0   51.449 -111.813   1572.5    751.5
     1     1    23     1    18    21     0     3  -110.0   51.332 -111.847   1677.2    743.1
     1     1    23     1    18    20     0     2  -111.0   51.224 -111.881   1790.0    732.8
     1     1    23     1    18    19     0     1  -112.0   51.134 -111.894   1890.7    724.2
     1     1    23     1    18    18     0     0  -113.0   51.062 -111.880   1976.1    717.2
     1     1    23     1    18    17     0     1  -114.0   51.007 -111.860   2062.9    711.3
     1     1    23     1    18    16     0     2  -115.0   50.964 -111.858   2168.0    701.9
     1     1    23     1    18    15     0     3  -116.0   50.937 -111.878   2296.0    690.0
     1     1    23     1    18    14     0     2  -117.0   50.930 -111.910   2424.1    676.5
     1     1    23     1    18    13     0     1  -118.0   50.932 -111.937   2527.4    667.4
     1     1    23     1    18    12     0     0  -119.0   50.927 -111.954   2602.6    660.8
     1     1    23     1    18    11     0     1  -120.0   50.922 -111.981   2675.3    656.8
