     8     1
    GDAS    22    12    22     0     0
    GDAS    22    12    29     0     0
    GDAS    23     1     1     0     0
    GDAS    23     1     8     0     0
    GDAS    23     1    15     0     0
    GDAS    23     1    22     0     0
    GDAS    23     1    29     0     0
    GDAS    23     2     1     0     0
     1 BACKWARD OMEGA   
    23     1    23    14   32.716  -96.748   132.0
     1 PRESSURE
     1     1    23     1    23    14     0     2     0.0   32.716  -96.748    132.0    989.5
     1     1    23     1    23    13     0     1    -1.0   32.756  -96.599    125.2    990.0
     1     1    23     1    23    12     0     0    -2.0   32.829  -96.427    121.0    990.1
     1     1    23     1    23    11     0     1    -3.0   32.922  -96.260    121.4    990.0
     1     1    23     1    23    10     0     2    -4.0   33.014  -96.126    124.4    989.0
     1     1    23     1    23     9     0     3    -5.0   33.098  -96.033    126.6    988.5
     1     1    23     1    23     8     0     2    -6.0   33.184  -95.961    127.8    988.1
     1     1    23     1    23     7     0     1    -7.0   33.287  -95.891    128.8    987.4
     1     1    23     1    23     6     0     0    -8.0   33.409  -95.822    128.6    986.9
     1     1    23     1    23     5     0     1    -9.0   33.548  -95.769    132.2    986.6
     1     1    23     1    23     4     0     2   -10.0   33.710  -95.739    146.1    984.7
     1     1    23     1    23     3     0     3   -11.0   33.909  -95.727    174.2    980.6
     1     1    23     1    23     2     0     2   -12.0   34.142  -95.742    215.5    973.1
     1     1    23     1    23     1     0     1   -13.0   34.379  -95.793    262.9    965.3
     1     1    23     1    23     0     0     0   -14.0   34.611  -95.891    316.5    956.2
     1     1    23     1    22    23     0     1   -15.0   34.835  -96.032    377.6    946.3
     1     1    23     1    22    22     0     2   -16.0   35.051  -96.210    429.4    934.7
     1     1    23     1    22    21     0     3   -17.0   35.257  -96.413    468.1    927.8
     1     1    23     1    22    20     0     2   -18.0   35.462  -96.614    503.7    922.3
     1     1    23     1    22    19     0     1   -19.0   35.671  -96.796    534.7    917.7
     1     1    23     1    22    18     0     0   -20.0   35.885  -96.964    551.4    915.2
     1     1    23     1    22    17     0     1   -21.0   36.102  -97.118    563.3    914.3
     1     1    23     1    22    16     0     2   -22.0   36.328  -97.249    585.5    908.8
     1     1    23     1    22    15     0     3   -23.0   36.583  -97.356    613.9    902.3
     1     1    23     1    22    14     0     2   -24.0   36.873  -97.441    635.4    895.5
     1     1    23     1    22    13     0     1   -25.0   37.193  -97.519    644.4    891.6
     1     1    23     1    22    12     0     0   -26.0   37.526  -97.609    648.8    888.3
     1     1    23     1    22    11     0     1   -27.0   37.856  -97.704    660.9    884.9
     1     1    23     1    22    10     0     2   -28.0   38.179  -97.784    680.0    880.3
     1     1    23     1    22     9     0     3   -29.0   38.492  -97.853    694.4    878.4
     1     1    23     1    22     8     0     2   -30.0   38.779  -97.923    699.3    877.4
     1     1    23     1    22     7     0     1   -31.0   39.045  -97.994    693.5    877.7
     1     1    23     1    22     6     0     0   -32.0   39.301  -98.061    679.2    879.2
     1     1    23     1    22     5     0     1   -33.0   39.546  -98.118    665.8    881.2
     1     1    23     1    22     4     0     2   -34.0   39.789  -98.160    670.2    881.3
     1     1    23     1    22     3     0     3   -35.0   40.045  -98.189    703.5    877.0
     1     1    23     1    22     2     0     2   -36.0   40.297  -98.221    724.5    868.2
     1     1    23     1    22     1     0     1   -37.0   40.533  -98.257    713.7    868.9
     1     1    23     1    22     0     0     0   -38.0   40.763  -98.286    684.0    870.9
     1     1    23     1    21    23     0     1   -39.0   40.974  -98.328    638.2    874.1
     1     1    23     1    21    22     0     2   -40.0   41.157  -98.403    588.7    878.8
     1     1    23     1    21    21     0     3   -41.0   41.326  -98.503    549.9    880.6
     1     1    23     1    21    20     0     2   -42.0   41.492  -98.615    526.7    881.3
     1     1    23     1    21    19     0     1   -43.0   41.664  -98.735    523.6    879.7
     1     1    23     1    21    18     0     0   -44.0   41.853  -98.871    551.1    874.8
     1     1    23     1    21    17     0     1   -45.0   42.058  -99.028    591.3    865.8
     1     1    23     1    21    16     0     2   -46.0   42.262  -99.206    604.0    864.6
     1     1    23     1    21    15     0     3   -47.0   42.466  -99.405    578.7    868.0
     1     1    23     1    21    14     0     2   -48.0   42.676  -99.632    553.6    874.1
     1     1    23     1    21    13     0     1   -49.0   42.903  -99.884    558.5    872.1
     1     1    23     1    21    12     0     0   -50.0   43.139 -100.137    589.1    868.3
     1     1    23     1    21    11     0     1   -51.0   43.356 -100.399    629.9    862.5
     1     1    23     1    21    10     0     2   -52.0   43.560 -100.685    663.2    858.6
     1     1    23     1    21     9     0     3   -53.0   43.778 -100.967    675.6    857.7
     1     1    23     1    21     8     0     2   -54.0   44.000 -101.248    688.6    862.4
     1     1    23     1    21     7     0     1   -55.0   44.213 -101.550    726.8    853.8
     1     1    23     1    21     6     0     0   -56.0   44.446 -101.857    736.7    845.9
     1     1    23     1    21     5     0     1   -57.0   44.690 -102.154    724.5    850.5
     1     1    23     1    21     4     0     2   -58.0   44.909 -102.445    742.6    846.3
     1     1    23     1    21     3     0     3   -59.0   45.103 -102.729    760.0    837.7
     1     1    23     1    21     2     0     2   -60.0   45.289 -103.012    753.4    835.3
     1     1    23     1    21     1     0     1   -61.0   45.480 -103.300    737.3    834.9
     1     1    23     1    21     0     0     0   -62.0   45.673 -103.583    730.1    834.7
     1     1    23     1    20    23     0     1   -63.0   45.862 -103.867    725.4    832.0
     1     1    23     1    20    22     0     2   -64.0   46.039 -104.160    704.8    834.0
     1     1    23     1    20    21     0     3   -65.0   46.193 -104.451    681.4    839.8
     1     1    23     1    20    20     0     2   -66.0   46.325 -104.729    668.6    843.3
     1     1    23     1    20    19     0     1   -67.0   46.449 -104.991    658.8    846.3
     1     1    23     1    20    18     0     0   -68.0   46.573 -105.238    647.7    849.6
     1     1    23     1    20    17     0     1   -69.0   46.714 -105.477    645.0    851.3
     1     1    23     1    20    16     0     2   -70.0   46.884 -105.713    659.2    849.4
     1     1    23     1    20    15     0     3   -71.0   47.089 -105.939    688.2    846.1
     1     1    23     1    20    14     0     2   -72.0   47.317 -106.174    724.4    844.1
     1     1    23     1    20    13     0     1   -73.0   47.552 -106.432    756.3    842.4
     1     1    23     1    20    12     0     0   -74.0   47.795 -106.712    769.7    843.6
     1     1    23     1    20    11     0     1   -75.0   48.034 -107.004    758.4    847.7
     1     1    23     1    20    10     0     2   -76.0   48.260 -107.294    732.1    847.9
     1     1    23     1    20     9     0     3   -77.0   48.485 -107.579    705.2    847.5
     1     1    23     1    20     8     0     2   -78.0   48.710 -107.839    698.2    846.6
     1     1    23     1    20     7     0     1   -79.0   48.926 -108.062    723.9    840.0
     1     1    23     1    20     6     0     0   -80.0   49.135 -108.269    763.7    832.4
     1     1    23     1    20     5     0     1   -81.0   49.361 -108.464    787.6    828.7
     1     1    23     1    20     4     0     2   -82.0   49.610 -108.655    797.8    830.4
     1     1    23     1    20     3     0     3   -83.0   49.873 -108.869    819.2    832.5
     1     1    23     1    20     2     0     2   -84.0   50.146 -109.092    846.2    831.8
     1     1    23     1    20     1     0     1   -85.0   50.413 -109.300    853.4    834.0
     1     1    23     1    20     0     0     0   -86.0   50.656 -109.511    841.1    838.7
     1     1    23     1    19    23     0     1   -87.0   50.870 -109.710    819.1    843.9
     1     1    23     1    19    22     0     2   -88.0   51.057 -109.876    801.8    847.0
     1     1    23     1    19    21     0     3   -89.0   51.216 -110.024    794.8    845.9
     1     1    23     1    19    20     0     2   -90.0   51.356 -110.151    795.9    843.0
     1     1    23     1    19    19     0     1   -91.0   51.481 -110.250    801.7    840.5
     1     1    23     1    19    18     0     0   -92.0   51.577 -110.331    811.6    837.6
     1     1    23     1    19    17     0     1   -93.0   51.647 -110.397    817.3    834.8
     1     1    23     1    19    16     0     2   -94.0   51.694 -110.445    812.3    834.0
     1     1    23     1    19    15     0     3   -95.0   51.715 -110.469    796.9    834.7
     1     1    23     1    19    14     0     2   -96.0   51.710 -110.479    775.3    836.8
     1     1    23     1    19    13     0     1   -97.0   51.682 -110.480    752.6    838.9
     1     1    23     1    19    12     0     0   -98.0   51.630 -110.470    730.4    841.2
     1     1    23     1    19    11     0     1   -99.0   51.547 -110.454    716.7    844.0
     1     1    23     1    19    10     0     2  -100.0   51.426 -110.441    718.7    844.4
     1     1    23     1    19     9     0     3  -101.0   51.267 -110.429    736.0    843.4
     1     1    23     1    19     8     0     2  -102.0   51.081 -110.422    763.3    841.1
     1     1    23     1    19     7     0     1  -103.0   50.884 -110.443    790.6    837.0
     1     1    23     1    19     6     0     0  -104.0   50.680 -110.521    814.1    832.1
     1     1    23     1    19     5     0     1  -105.0   50.483 -110.657    829.7    827.7
     1     1    23     1    19     4     0     2  -106.0   50.300 -110.837    835.2    825.6
     1     1    23     1    19     3     0     3  -107.0   50.134 -111.050    838.0    824.5
     1     1    23     1    19     2     0     2  -108.0   49.981 -111.300    836.6    822.5
     1     1    23     1    19     1     0     1  -109.0   49.835 -111.585    825.4    819.4
     1     1    23     1    19     0     0     0  -110.0   49.694 -111.896    817.9    816.2
     1     1    23     1    18    23     0     1  -111.0   49.567 -112.223    827.0    807.1
     1     1    23     1    18    22     0     2  -112.0   49.470 -112.539    849.4    795.0
     1     1    23     1    18    21     0     3  -113.0   49.404 -112.823    863.3    784.4
     1     1    23     1    18    20     0     2  -114.0   49.357 -113.075    891.8    776.9
     1     1    23     1    18    19     0     1  -115.0   49.322 -113.329    998.9    757.6
     1     1    23     1    18    18     0     0  -116.0   49.330 -113.637   1213.6    720.5
     1     1    23     1    18    17     0     1  -117.0   49.413 -113.980   1446.8    682.6
     1     1    23     1    18    16     0     2  -118.0   49.542 -114.312   1630.5    667.9
     1     1    23     1    18    15     0     3  -119.0   49.699 -114.649   1776.5    656.9
     1     1    23     1    18    14     0     2  -120.0   49.909 -115.015   1952.0    628.5
