     8     1
    GDAS    22    12    22     0     0
    GDAS    22    12    29     0     0
    GDAS    23     1     1     0     0
    GDAS    23     1     8     0     0
    GDAS    23     1    15     0     0
    GDAS    23     1    22     0     0
    GDAS    23     1    29     0     0
    GDAS    23     2     1     0     0
     1 BACKWARD OMEGA   
    23     1    21    11   32.716  -96.748     5.0
     1 PRESSURE
     1     1    23     1    21    11     0     1     0.0   32.716  -96.748      5.0    996.5
     1     1    23     1    21    10     0     2    -1.0   32.641  -96.643      2.5    997.5
     1     1    23     1    21     9     0     3    -2.0   32.571  -96.523      0.0    998.8
     1     1    23     1    21     8     0     2    -3.0   32.508  -96.401      0.0   1000.8
     1     1    23     1    21     7     0     1    -4.0   32.453  -96.284      0.0   1002.6
     1     1    23     1    21     6     0     0    -5.0   32.403  -96.172      0.0   1004.0
     1     1    23     1    21     5     0     1    -6.0   32.357  -96.059      0.0   1004.9
     1     1    23     1    21     4     0     2    -7.0   32.313  -95.941      0.0   1005.4
     1     1    23     1    21     3     0     3    -8.0   32.271  -95.819      0.0   1005.5
     1     1    23     1    21     2     0     2    -9.0   32.237  -95.694      0.0   1005.7
     1     1    23     1    21     1     0     1   -10.0   32.214  -95.569      0.4   1005.8
     1     1    23     1    21     0     0     0   -11.0   32.198  -95.449      1.4   1006.0
     1     1    23     1    20    23     0     1   -12.0   32.179  -95.334      2.6   1006.4
     1     1    23     1    20    22     0     2   -13.0   32.151  -95.219      3.6   1006.5
     1     1    23     1    20    21     0     3   -14.0   32.113  -95.098      3.9   1006.3
     1     1    23     1    20    20     0     2   -15.0   32.073  -94.977      3.9   1007.3
     1     1    23     1    20    19     0     1   -16.0   32.039  -94.863      4.0   1009.2
     1     1    23     1    20    18     0     0   -17.0   32.017  -94.759      4.4   1011.0
     1     1    23     1    20    17     0     1   -18.0   32.018  -94.654      5.1   1010.9
     1     1    23     1    20    16     0     2   -19.0   32.047  -94.544      5.9   1011.2
     1     1    23     1    20    15     0     3   -20.0   32.097  -94.431      6.5   1011.7
     1     1    23     1    20    14     0     2   -21.0   32.155  -94.327      7.0   1011.8
     1     1    23     1    20    13     0     1   -22.0   32.216  -94.240      7.4   1011.5
     1     1    23     1    20    12     0     0   -23.0   32.278  -94.169      7.6   1010.9
     1     1    23     1    20    11     0     1   -24.0   32.344  -94.112      7.9   1011.2
     1     1    23     1    20    10     0     2   -25.0   32.415  -94.066      8.4   1011.5
     1     1    23     1    20     9     0     3   -26.0   32.494  -94.030      9.0   1011.6
     1     1    23     1    20     8     0     2   -27.0   32.573  -94.007      9.8   1011.8
     1     1    23     1    20     7     0     1   -28.0   32.649  -93.999     11.0   1011.6
     1     1    23     1    20     6     0     0   -29.0   32.723  -94.005     12.5   1011.2
     1     1    23     1    20     5     0     1   -30.0   32.797  -94.028     14.8   1010.6
     1     1    23     1    20     4     0     2   -31.0   32.874  -94.071     18.3   1009.6
     1     1    23     1    20     3     0     3   -32.0   32.957  -94.135     24.1   1008.2
     1     1    23     1    20     2     0     2   -33.0   33.041  -94.219     31.0   1005.0
     1     1    23     1    20     1     0     1   -34.0   33.121  -94.314     35.9   1002.3
     1     1    23     1    20     0     0     0   -35.0   33.191  -94.420     37.7   1000.3
     1     1    23     1    19    23     0     1   -36.0   33.260  -94.543     39.1    999.6
     1     1    23     1    19    22     0     2   -37.0   33.337  -94.691     43.3    998.3
     1     1    23     1    19    21     0     3   -38.0   33.422  -94.863     50.1    997.0
     1     1    23     1    19    20     0     2   -39.0   33.517  -95.053     60.1    994.6
     1     1    23     1    19    19     0     1   -40.0   33.628  -95.258     74.2    991.6
     1     1    23     1    19    18     0     0   -41.0   33.763  -95.479     93.1    988.6
     1     1    23     1    19    17     0     1   -42.0   33.921  -95.719    115.2    985.0
     1     1    23     1    19    16     0     2   -43.0   34.095  -95.987    136.0    981.5
     1     1    23     1    19    15     0     3   -44.0   34.281  -96.291    154.8    974.9
     1     1    23     1    19    14     0     2   -45.0   34.478  -96.640    175.1    966.2
     1     1    23     1    19    13     0     1   -46.0   34.688  -97.050    200.2    955.2
     1     1    23     1    19    12     0     0   -47.0   34.905  -97.511    246.0    947.1
     1     1    23     1    19    11     0     1   -48.0   35.125  -97.993    323.2    936.0
     1     1    23     1    19    10     0     2   -49.0   35.367  -98.484    399.2    914.5
     1     1    23     1    19     9     0     3   -50.0   35.645  -98.996    463.2    894.1
     1     1    23     1    19     8     0     2   -51.0   35.988  -99.553    584.8    872.6
     1     1    23     1    19     7     0     1   -52.0   36.444 -100.159    790.6    839.7
     1     1    23     1    19     6     0     0   -53.0   37.006 -100.752    919.2    807.0
     1     1    23     1    19     5     0     1   -54.0   37.626 -101.275    993.7    798.5
     1     1    23     1    19     4     0     2   -55.0   38.286 -101.712   1072.2    770.4
     1     1    23     1    19     3     0     3   -56.0   38.995 -102.035   1118.4    758.2
     1     1    23     1    19     2     0     2   -57.0   39.710 -102.219   1140.6    755.2
     1     1    23     1    19     1     0     1   -58.0   40.335 -102.285   1071.8    760.7
     1     1    23     1    19     0     0     0   -59.0   40.903 -102.203    940.4    774.2
     1     1    23     1    18    23     0     1   -60.0   41.408 -101.994    798.8    794.1
     1     1    23     1    18    22     0     2   -61.0   41.845 -101.725    693.4    807.3
     1     1    23     1    18    21     0     3   -62.0   42.225 -101.418    619.8    821.0
     1     1    23     1    18    20     0     2   -63.0   42.542 -101.095    560.0    835.4
     1     1    23     1    18    19     0     1   -64.0   42.791 -100.761    500.3    850.0
     1     1    23     1    18    18     0     0   -65.0   42.978 -100.421    439.8    866.8
     1     1    23     1    18    17     0     1   -66.0   43.130 -100.092    379.3    883.1
     1     1    23     1    18    16     0     2   -67.0   43.275  -99.782    324.9    898.0
     1     1    23     1    18    15     0     3   -68.0   43.411  -99.481    291.5    908.2
     1     1    23     1    18    14     0     2   -69.0   43.532  -99.209    283.5    913.0
     1     1    23     1    18    13     0     1   -70.0   43.635  -98.992    291.1    913.7
     1     1    23     1    18    12     0     0   -71.0   43.719  -98.831    300.2    914.8
     1     1    23     1    18    11     0     1   -72.0   43.792  -98.698    302.3    917.2
     1     1    23     1    18    10     0     2   -73.0   43.865  -98.567    298.6    920.5
     1     1    23     1    18     9     0     3   -74.0   43.947  -98.438    292.4    923.9
     1     1    23     1    18     8     0     2   -75.0   44.038  -98.326    292.0    927.1
     1     1    23     1    18     7     0     1   -76.0   44.129  -98.243    303.4    927.0
     1     1    23     1    18     6     0     0   -77.0   44.221  -98.188    323.0    925.2
     1     1    23     1    18     5     0     1   -78.0   44.318  -98.152    342.9    922.6
     1     1    23     1    18     4     0     2   -79.0   44.420  -98.125    358.9    921.4
     1     1    23     1    18     3     0     3   -80.0   44.526  -98.109    375.9    920.0
     1     1    23     1    18     2     0     2   -81.0   44.647  -98.106    395.9    917.3
     1     1    23     1    18     1     0     1   -82.0   44.798  -98.119    417.7    914.4
     1     1    23     1    18     0     0     0   -83.0   44.977  -98.148    440.4    911.0
     1     1    23     1    17    23     0     1   -84.0   45.165  -98.190    458.8    906.9
     1     1    23     1    17    22     0     2   -85.0   45.342  -98.241    474.1    904.2
     1     1    23     1    17    21     0     3   -86.0   45.509  -98.310    498.0    900.0
     1     1    23     1    17    20     0     2   -87.0   45.670  -98.381    527.0    893.5
     1     1    23     1    17    19     0     1   -88.0   45.827  -98.434    549.7    888.7
     1     1    23     1    17    18     0     0   -89.0   45.981  -98.464    562.7    885.2
     1     1    23     1    17    17     0     1   -90.0   46.151  -98.462    569.3    884.9
     1     1    23     1    17    16     0     2   -91.0   46.352  -98.424    573.9    885.2
     1     1    23     1    17    15     0     3   -92.0   46.582  -98.354    576.9    886.4
     1     1    23     1    17    14     0     2   -93.0   46.830  -98.273    578.9    887.6
     1     1    23     1    17    13     0     1   -94.0   47.084  -98.194    581.1    888.2
     1     1    23     1    17    12     0     0   -95.0   47.342  -98.111    586.3    887.1
     1     1    23     1    17    11     0     1   -96.0   47.599  -98.009    593.1    884.8
     1     1    23     1    17    10     0     2   -97.0   47.856  -97.881    597.5    884.5
     1     1    23     1    17     9     0     3   -98.0   48.119  -97.732    595.0    887.7
     1     1    23     1    17     8     0     2   -99.0   48.395  -97.565    583.3    894.5
     1     1    23     1    17     7     0     1  -100.0   48.678  -97.384    564.9    901.1
     1     1    23     1    17     6     0     0  -101.0   48.957  -97.192    545.2    906.6
     1     1    23     1    17     5     0     1  -102.0   49.230  -96.983    542.2    911.7
     1     1    23     1    17     4     0     2  -103.0   49.490  -96.741    554.7    908.7
     1     1    23     1    17     3     0     3  -104.0   49.741  -96.454    566.1    906.6
     1     1    23     1    17     2     0     2  -105.0   49.979  -96.143    581.4    905.1
     1     1    23     1    17     1     0     1  -106.0   50.208  -95.832    602.4    899.9
     1     1    23     1    17     0     0     0  -107.0   50.436  -95.531    609.9    895.5
     1     1    23     1    16    23     0     1  -108.0   50.658  -95.268    603.6    895.7
     1     1    23     1    16    22     0     2  -109.0   50.859  -95.059    607.4    894.8
     1     1    23     1    16    21     0     3  -110.0   51.038  -94.909    632.5    891.4
     1     1    23     1    16    20     0     2  -111.0   51.189  -94.815    663.7    885.3
     1     1    23     1    16    19     0     1  -112.0   51.308  -94.761    684.4    883.0
     1     1    23     1    16    18     0     0  -113.0   51.392  -94.742    697.0    881.9
     1     1    23     1    16    17     0     1  -114.0   51.454  -94.746    706.7    881.3
     1     1    23     1    16    16     0     2  -115.0   51.504  -94.761    715.5    880.2
     1     1    23     1    16    15     0     3  -116.0   51.544  -94.787    720.2    879.6
     1     1    23     1    16    14     0     2  -117.0   51.580  -94.831    719.8    879.9
     1     1    23     1    16    13     0     1  -118.0   51.619  -94.904    715.5    880.6
     1     1    23     1    16    12     0     0  -119.0   51.663  -95.004    708.7    881.7
     1     1    23     1    16    11     0     1  -120.0   51.700  -95.128    697.8    883.4
