     8     1
    GDAS    22    12    22     0     0
    GDAS    22    12    29     0     0
    GDAS    23     1     1     0     0
    GDAS    23     1     8     0     0
    GDAS    23     1    15     0     0
    GDAS    23     1    22     0     0
    GDAS    23     1    29     0     0
    GDAS    23     2     1     0     0
     1 BACKWARD OMEGA   
    23     1    23    16   32.716  -96.748   133.0
     1 PRESSURE
     1     1    23     1    23    16     0     2     0.0   32.716  -96.748    133.0    990.4
     1     1    23     1    23    15     0     3    -1.0   32.725  -96.636    127.6    991.4
     1     1    23     1    23    14     0     2    -2.0   32.750  -96.514    122.7    991.5
     1     1    23     1    23    13     0     1    -3.0   32.806  -96.367    119.5    991.4
     1     1    23     1    23    12     0     0    -4.0   32.898  -96.199    121.0    990.5
     1     1    23     1    23    11     0     1    -5.0   33.013  -96.038    127.8    989.0
     1     1    23     1    23    10     0     2    -6.0   33.120  -95.920    135.1    987.9
     1     1    23     1    23     9     0     3    -7.0   33.212  -95.846    140.3    987.1
     1     1    23     1    23     8     0     2    -8.0   33.305  -95.792    144.4    986.1
     1     1    23     1    23     7     0     1    -9.0   33.420  -95.739    148.2    985.1
     1     1    23     1    23     6     0     0   -10.0   33.554  -95.689    150.6    984.2
     1     1    23     1    23     5     0     1   -11.0   33.708  -95.652    158.6    983.6
     1     1    23     1    23     4     0     2   -12.0   33.893  -95.637    181.8    980.2
     1     1    23     1    23     3     0     3   -13.0   34.125  -95.636    225.4    973.5
     1     1    23     1    23     2     0     2   -14.0   34.380  -95.664    281.1    963.2
     1     1    23     1    23     1     0     1   -15.0   34.621  -95.736    336.6    953.9
     1     1    23     1    23     0     0     0   -16.0   34.850  -95.856    394.7    945.2
     1     1    23     1    22    23     0     1   -17.0   35.070  -96.010    461.7    936.0
     1     1    23     1    22    22     0     2   -18.0   35.282  -96.191    522.9    923.8
     1     1    23     1    22    21     0     3   -19.0   35.484  -96.388    568.2    917.0
     1     1    23     1    22    20     0     2   -20.0   35.682  -96.581    607.5    911.8
     1     1    23     1    22    19     0     1   -21.0   35.883  -96.755    637.8    907.3
     1     1    23     1    22    18     0     0   -22.0   36.090  -96.915    649.3    904.4
     1     1    23     1    22    17     0     1   -23.0   36.303  -97.055    656.6    902.9
     1     1    23     1    22    16     0     2   -24.0   36.535  -97.168    676.6    897.4
     1     1    23     1    22    15     0     3   -25.0   36.798  -97.256    704.6    890.8
     1     1    23     1    22    14     0     2   -26.0   37.093  -97.326    729.2    883.9
     1     1    23     1    22    13     0     1   -27.0   37.406  -97.398    745.0    879.5
     1     1    23     1    22    12     0     0   -28.0   37.726  -97.486    759.1    875.1
     1     1    23     1    22    11     0     1   -29.0   38.044  -97.578    781.1    871.0
     1     1    23     1    22    10     0     2   -30.0   38.355  -97.659    803.5    867.3
     1     1    23     1    22     9     0     3   -31.0   38.650  -97.735    815.0    866.7
     1     1    23     1    22     8     0     2   -32.0   38.920  -97.812    814.4    866.0
     1     1    23     1    22     7     0     1   -33.0   39.174  -97.885    799.6    867.4
     1     1    23     1    22     6     0     0   -34.0   39.422  -97.954    775.9    869.4
     1     1    23     1    22     5     0     1   -35.0   39.664  -98.017    755.7    872.3
     1     1    23     1    22     4     0     2   -36.0   39.907  -98.065    758.0    872.6
     1     1    23     1    22     3     0     3   -37.0   40.159  -98.103    778.5    867.7
     1     1    23     1    22     2     0     2   -38.0   40.403  -98.145    782.2    862.7
     1     1    23     1    22     1     0     1   -39.0   40.632  -98.186    760.2    864.4
     1     1    23     1    22     0     0     0   -40.0   40.859  -98.217    725.0    867.0
     1     1    23     1    21    23     0     1   -41.0   41.068  -98.262    679.6    869.9
     1     1    23     1    21    22     0     2   -42.0   41.250  -98.345    629.6    874.4
     1     1    23     1    21    21     0     3   -43.0   41.421  -98.454    586.6    876.5
     1     1    23     1    21    20     0     2   -44.0   41.590  -98.575    558.6    877.9
     1     1    23     1    21    19     0     1   -45.0   41.767  -98.706    553.9    876.2
     1     1    23     1    21    18     0     0   -46.0   41.964  -98.856    584.6    870.9
     1     1    23     1    21    17     0     1   -47.0   42.174  -99.032    628.4    862.8
     1     1    23     1    21    16     0     2   -48.0   42.377  -99.233    638.3    861.4
     1     1    23     1    21    15     0     3   -49.0   42.584  -99.455    608.4    865.5
     1     1    23     1    21    14     0     2   -50.0   42.803  -99.703    580.8    871.6
     1     1    23     1    21    13     0     1   -51.0   43.041  -99.970    587.0    869.6
     1     1    23     1    21    12     0     0   -52.0   43.272 -100.237    621.0    865.9
     1     1    23     1    21    11     0     1   -53.0   43.478 -100.515    662.2    859.4
     1     1    23     1    21    10     0     2   -54.0   43.681 -100.818    689.3    856.2
     1     1    23     1    21     9     0     3   -55.0   43.900 -101.110    700.8    857.3
     1     1    23     1    21     8     0     2   -56.0   44.118 -101.401    731.2    857.2
     1     1    23     1    21     7     0     1   -57.0   44.330 -101.716    780.6    844.5
     1     1    23     1    21     6     0     0   -58.0   44.569 -102.026    778.7    840.3
     1     1    23     1    21     5     0     1   -59.0   44.814 -102.323    767.7    846.4
     1     1    23     1    21     4     0     2   -60.0   45.025 -102.620    795.6    838.0
     1     1    23     1    21     3     0     3   -61.0   45.217 -102.907    804.9    829.8
     1     1    23     1    21     2     0     2   -62.0   45.407 -103.190    784.5    830.5
     1     1    23     1    21     1     0     1   -63.0   45.599 -103.477    758.8    831.5
     1     1    23     1    21     0     0     0   -64.0   45.796 -103.759    747.7    832.3
     1     1    23     1    20    23     0     1   -65.0   45.991 -104.039    739.0    830.0
     1     1    23     1    20    22     0     2   -66.0   46.167 -104.325    722.6    834.5
     1     1    23     1    20    21     0     3   -67.0   46.316 -104.602    714.2    837.8
     1     1    23     1    20    20     0     2   -68.0   46.449 -104.861    711.2    839.9
     1     1    23     1    20    19     0     1   -69.0   46.578 -105.108    704.6    842.7
     1     1    23     1    20    18     0     0   -70.0   46.713 -105.340    696.6    845.5
     1     1    23     1    20    17     0     1   -71.0   46.866 -105.563    700.6    845.9
     1     1    23     1    20    16     0     2   -72.0   47.050 -105.781    725.2    843.1
     1     1    23     1    20    15     0     3   -73.0   47.266 -105.993    759.9    841.1
     1     1    23     1    20    14     0     2   -74.0   47.502 -106.218    792.2    840.1
     1     1    23     1    20    13     0     1   -75.0   47.744 -106.471    815.1    840.2
     1     1    23     1    20    12     0     0   -76.0   47.992 -106.751    817.6    843.1
     1     1    23     1    20    11     0     1   -77.0   48.239 -107.033    795.9    842.4
     1     1    23     1    20    10     0     2   -78.0   48.474 -107.302    763.9    842.9
     1     1    23     1    20     9     0     3   -79.0   48.706 -107.560    734.1    843.1
     1     1    23     1    20     8     0     2   -80.0   48.936 -107.789    727.4    842.1
     1     1    23     1    20     7     0     1   -81.0   49.160 -107.998    760.7    836.5
     1     1    23     1    20     6     0     0   -82.0   49.393 -108.204    807.9    828.1
     1     1    23     1    20     5     0     1   -83.0   49.648 -108.404    840.3    825.5
     1     1    23     1    20     4     0     2   -84.0   49.925 -108.608    874.0    825.7
     1     1    23     1    20     3     0     3   -85.0   50.222 -108.823    924.3    825.1
     1     1    23     1    20     2     0     2   -86.0   50.531 -109.028    970.3    823.0
     1     1    23     1    20     1     0     1   -87.0   50.825 -109.221    995.1    824.3
     1     1    23     1    20     0     0     0   -88.0   51.086 -109.427   1004.4    825.6
     1     1    23     1    19    23     0     1   -89.0   51.332 -109.630   1008.1    824.2
     1     1    23     1    19    22     0     2   -90.0   51.573 -109.816   1016.7    821.0
     1     1    23     1    19    21     0     3   -91.0   51.792 -109.999   1021.8    816.8
     1     1    23     1    19    20     0     2   -92.0   51.987 -110.172   1024.5    814.6
     1     1    23     1    19    19     0     1   -93.0   52.157 -110.332   1028.8    814.0
     1     1    23     1    19    18     0     0   -94.0   52.286 -110.494   1024.1    814.3
     1     1    23     1    19    17     0     1   -95.0   52.384 -110.646   1006.3    815.8
     1     1    23     1    19    16     0     2   -96.0   52.456 -110.773    974.3    818.6
     1     1    23     1    19    15     0     3   -97.0   52.493 -110.869    928.7    822.7
     1     1    23     1    19    14     0     2   -98.0   52.495 -110.953    882.3    828.0
     1     1    23     1    19    13     0     1   -99.0   52.474 -111.037    848.4    830.7
     1     1    23     1    19    12     0     0  -100.0   52.434 -111.119    826.3    831.3
     1     1    23     1    19    11     0     1  -101.0   52.369 -111.186    808.0    831.1
     1     1    23     1    19    10     0     2  -102.0   52.267 -111.232    790.7    831.0
     1     1    23     1    19     9     0     3  -103.0   52.124 -111.262    777.1    829.9
     1     1    23     1    19     8     0     2  -104.0   51.952 -111.287    777.6    828.8
     1     1    23     1    19     7     0     1  -105.0   51.763 -111.306    803.0    827.6
     1     1    23     1    19     6     0     0  -106.0   51.561 -111.313    853.9    824.0
     1     1    23     1    19     5     0     1  -107.0   51.359 -111.304    914.6    817.7
     1     1    23     1    19     4     0     2  -108.0   51.171 -111.282    965.3    813.9
     1     1    23     1    19     3     0     3  -109.0   50.996 -111.264    999.5    811.5
     1     1    23     1    19     2     0     2  -110.0   50.839 -111.271   1022.4    809.4
     1     1    23     1    19     1     0     1  -111.0   50.705 -111.312   1043.8    806.1
     1     1    23     1    19     0     0     0  -112.0   50.585 -111.389   1057.7    803.8
     1     1    23     1    18    23     0     1  -113.0   50.459 -111.513   1073.5    802.5
     1     1    23     1    18    22     0     2  -114.0   50.308 -111.703   1106.7    798.7
     1     1    23     1    18    21     0     3  -115.0   50.127 -111.965   1172.9    791.8
     1     1    23     1    18    20     0     2  -116.0   49.969 -112.230   1253.5    775.1
     1     1    23     1    18    19     0     1  -117.0   49.865 -112.438   1320.6    761.7
     1     1    23     1    18    18     0     0  -118.0   49.797 -112.596   1377.9    752.1
     1     1    23     1    18    17     0     1  -119.0   49.755 -112.731   1425.5    743.6
     1     1    23     1    18    16     0     2  -120.0   49.739 -112.855   1458.8    737.3
