     8     1
    GDAS    22    12    22     0     0
    GDAS    22    12    29     0     0
    GDAS    23     1     1     0     0
    GDAS    23     1     8     0     0
    GDAS    23     1    15     0     0
    GDAS    23     1    22     0     0
    GDAS    23     1    29     0     0
    GDAS    23     2     1     0     0
     1 BACKWARD OMEGA   
    23     1     9    14   32.716  -96.748  1500.0
     1 PRESSURE
     1     1    23     1     9    14     0     2     0.0   32.716  -96.748   1500.0    838.2
     1     1    23     1     9    13     0     1    -1.0   32.618  -97.048   1492.6    837.7
     1     1    23     1     9    12     0     0    -2.0   32.515  -97.340   1492.5    830.1
     1     1    23     1     9    11     0     1    -3.0   32.404  -97.621   1470.3    826.3
     1     1    23     1     9    10     0     2    -4.0   32.277  -97.882   1425.8    827.8
     1     1    23     1     9     9     0     3    -5.0   32.133  -98.120   1401.1    830.2
     1     1    23     1     9     8     0     2    -6.0   31.981  -98.342   1398.1    825.3
     1     1    23     1     9     7     0     1    -7.0   31.831  -98.555   1383.7    823.2
     1     1    23     1     9     6     0     0    -8.0   31.684  -98.753   1357.2    823.3
     1     1    23     1     9     5     0     1    -9.0   31.551  -98.936   1354.1    823.1
     1     1    23     1     9     4     0     2   -10.0   31.444  -99.110   1402.1    815.2
     1     1    23     1     9     3     0     3   -11.0   31.364  -99.281   1491.1    803.2
     1     1    23     1     9     2     0     2   -12.0   31.305  -99.451   1588.5    788.5
     1     1    23     1     9     1     0     1   -13.0   31.265  -99.627   1666.6    778.4
     1     1    23     1     9     0     0     0   -14.0   31.243  -99.808   1723.4    770.5
     1     1    23     1     8    23     0     1   -15.0   31.235  -99.988   1756.9    765.1
     1     1    23     1     8    22     0     2   -16.0   31.241 -100.165   1782.2    762.1
     1     1    23     1     8    21     0     3   -17.0   31.259 -100.338   1814.5    757.2
     1     1    23     1     8    20     0     2   -18.0   31.281 -100.513   1850.5    752.3
     1     1    23     1     8    19     0     1   -19.0   31.301 -100.694   1887.1    747.3
     1     1    23     1     8    18     0     0   -20.0   31.318 -100.879   1922.4    742.6
     1     1    23     1     8    17     0     1   -21.0   31.336 -101.064   1961.9    737.8
     1     1    23     1     8    16     0     2   -22.0   31.359 -101.246   2008.1    732.5
     1     1    23     1     8    15     0     3   -23.0   31.389 -101.425   2055.8    727.3
     1     1    23     1     8    14     0     2   -24.0   31.434 -101.615   2108.0    721.8
     1     1    23     1     8    13     0     1   -25.0   31.505 -101.827   2166.2    715.0
     1     1    23     1     8    12     0     0   -26.0   31.606 -102.049   2225.4    707.3
     1     1    23     1     8    11     0     1   -27.0   31.714 -102.277   2310.6    700.3
     1     1    23     1     8    10     0     2   -28.0   31.813 -102.517   2454.3    686.1
     1     1    23     1     8     9     0     3   -29.0   31.913 -102.779   2661.5    667.1
     1     1    23     1     8     8     0     2   -30.0   32.007 -103.052   2868.1    642.5
     1     1    23     1     8     7     0     1   -31.0   32.077 -103.312   3005.9    630.6
     1     1    23     1     8     6     0     0   -32.0   32.124 -103.557   3072.6    624.2
     1     1    23     1     8     5     0     1   -33.0   32.156 -103.783   3120.9    624.1
     1     1    23     1     8     4     0     2   -34.0   32.182 -103.987   3220.5    616.1
     1     1    23     1     8     3     0     3   -35.0   32.206 -104.177   3348.5    598.5
     1     1    23     1     8     2     0     2   -36.0   32.230 -104.378   3421.6    581.3
     1     1    23     1     8     1     0     1   -37.0   32.250 -104.604   3425.7    578.1
     1     1    23     1     8     0     0     0   -38.0   32.249 -104.860   3478.9    571.3
     1     1    23     1     7    23     0     1   -39.0   32.216 -105.194   3638.1    552.2
     1     1    23     1     7    22     0     2   -40.0   32.151 -105.622   3796.3    532.0
     1     1    23     1     7    21     0     3   -41.0   32.036 -106.085   3871.3    522.2
     1     1    23     1     7    20     0     2   -42.0   31.885 -106.536   3869.2    528.9
     1     1    23     1     7    19     0     1   -43.0   31.722 -106.959   3796.7    543.2
     1     1    23     1     7    18     0     0   -44.0   31.539 -107.374   3706.9    552.0
     1     1    23     1     7    17     0     1   -45.0   31.329 -107.795   3653.7    553.0
     1     1    23     1     7    16     0     2   -46.0   31.093 -108.237   3606.5    547.1
     1     1    23     1     7    15     0     3   -47.0   30.820 -108.690   3495.7    539.1
     1     1    23     1     7    14     0     2   -48.0   30.507 -109.147   3377.5    556.1
     1     1    23     1     7    13     0     1   -49.0   30.165 -109.610   3282.8    580.2
     1     1    23     1     7    12     0     0   -50.0   29.800 -110.057   3118.7    611.4
     1     1    23     1     7    11     0     1   -51.0   29.445 -110.447   2921.5    660.8
     1     1    23     1     7    10     0     2   -52.0   29.126 -110.784   2801.2    699.6
     1     1    23     1     7     9     0     3   -53.0   28.827 -111.095   2753.1    719.5
     1     1    23     1     7     8     0     2   -54.0   28.547 -111.403   2734.2    725.5
     1     1    23     1     7     7     0     1   -55.0   28.287 -111.717   2726.6    731.2
     1     1    23     1     7     6     0     0   -56.0   28.033 -112.039   2717.9    735.0
     1     1    23     1     7     5     0     1   -57.0   27.775 -112.367   2682.4    726.6
     1     1    23     1     7     4     0     2   -58.0   27.511 -112.688   2640.8    725.9
     1     1    23     1     7     3     0     3   -59.0   27.239 -112.994   2607.9    730.8
     1     1    23     1     7     2     0     2   -60.0   26.973 -113.278   2586.3    742.1
     1     1    23     1     7     1     0     1   -61.0   26.730 -113.547   2539.1    748.5
     1     1    23     1     7     0     0     0   -62.0   26.509 -113.812   2473.6    756.8
     1     1    23     1     6    23     0     1   -63.0   26.301 -114.081   2421.0    764.7
     1     1    23     1     6    22     0     2   -64.0   26.097 -114.356   2401.1    766.5
     1     1    23     1     6    21     0     3   -65.0   25.891 -114.640   2406.3    765.5
     1     1    23     1     6    20     0     2   -66.0   25.689 -114.920   2411.5    764.0
     1     1    23     1     6    19     0     1   -67.0   25.505 -115.181   2408.1    765.8
     1     1    23     1     6    18     0     0   -68.0   25.333 -115.424   2408.9    766.8
     1     1    23     1     6    17     0     1   -69.0   25.169 -115.662   2419.5    765.6
     1     1    23     1     6    16     0     2   -70.0   25.015 -115.908   2436.5    763.3
     1     1    23     1     6    15     0     3   -71.0   24.876 -116.158   2450.1    761.3
     1     1    23     1     6    14     0     2   -72.0   24.751 -116.403   2463.2    760.6
     1     1    23     1     6    13     0     1   -73.0   24.630 -116.651   2485.0    758.4
     1     1    23     1     6    12     0     0   -74.0   24.513 -116.907   2516.8    755.3
     1     1    23     1     6    11     0     1   -75.0   24.389 -117.170   2556.0    751.8
     1     1    23     1     6    10     0     2   -76.0   24.250 -117.432   2597.3    748.1
     1     1    23     1     6     9     0     3   -77.0   24.093 -117.695   2633.0    744.7
     1     1    23     1     6     8     0     2   -78.0   23.919 -117.959   2649.3    742.9
     1     1    23     1     6     7     0     1   -79.0   23.745 -118.223   2644.2    744.3
     1     1    23     1     6     6     0     0   -80.0   23.577 -118.481   2621.7    746.4
     1     1    23     1     6     5     0     1   -81.0   23.408 -118.729   2587.8    750.1
     1     1    23     1     6     4     0     2   -82.0   23.233 -118.969   2551.3    753.2
     1     1    23     1     6     3     0     3   -83.0   23.055 -119.201   2516.2    756.6
     1     1    23     1     6     2     0     2   -84.0   22.878 -119.418   2496.8    759.0
     1     1    23     1     6     1     0     1   -85.0   22.700 -119.626   2500.5    758.1
     1     1    23     1     6     0     0     0   -86.0   22.517 -119.835   2526.6    755.7
     1     1    23     1     5    23     0     1   -87.0   22.328 -120.048   2582.1    751.3
     1     1    23     1     5    22     0     2   -88.0   22.131 -120.267   2664.3    743.6
     1     1    23     1     5    21     0     3   -89.0   21.925 -120.496   2758.5    734.9
     1     1    23     1     5    20     0     2   -90.0   21.711 -120.725   2833.2    726.6
     1     1    23     1     5    19     0     1   -91.0   21.490 -120.944   2882.2    724.2
     1     1    23     1     5    18     0     0   -92.0   21.260 -121.155   2928.0    721.0
     1     1    23     1     5    17     0     1   -93.0   21.023 -121.358   2974.7    716.4
     1     1    23     1     5    16     0     2   -94.0   20.785 -121.553   3003.5    712.3
     1     1    23     1     5    15     0     3   -95.0   20.546 -121.736   3000.1    712.2
     1     1    23     1     5    14     0     2   -96.0   20.309 -121.914   2967.0    714.9
     1     1    23     1     5    13     0     1   -97.0   20.078 -122.092   2922.0    719.8
     1     1    23     1     5    12     0     0   -98.0   19.858 -122.264   2880.9    723.2
     1     1    23     1     5    11     0     1   -99.0   19.638 -122.422   2850.0    726.5
     1     1    23     1     5    10     0     2  -100.0   19.409 -122.562   2831.0    728.2
     1     1    23     1     5     9     0     3  -101.0   19.175 -122.685   2824.5    729.3
     1     1    23     1     5     8     0     2  -102.0   18.940 -122.793   2832.7    728.7
     1     1    23     1     5     7     0     1  -103.0   18.707 -122.884   2855.2    727.0
     1     1    23     1     5     6     0     0  -104.0   18.477 -122.960   2881.2    724.0
     1     1    23     1     5     5     0     1  -105.0   18.252 -123.022   2904.5    722.0
     1     1    23     1     5     4     0     2  -106.0   18.039 -123.073   2932.2    719.6
     1     1    23     1     5     3     0     3  -107.0   17.845 -123.114   2964.9    716.2
     1     1    23     1     5     2     0     2  -108.0   17.665 -123.144   2992.7    712.8
     1     1    23     1     5     1     0     1  -109.0   17.486 -123.167   3010.1    711.0
     1     1    23     1     5     0     0     0  -110.0   17.303 -123.187   3018.2    709.9
     1     1    23     1     4    23     0     1  -111.0   17.117 -123.201   3015.7    710.3
     1     1    23     1     4    22     0     2  -112.0   16.929 -123.208   3001.5    711.7
     1     1    23     1     4    21     0     3  -113.0   16.738 -123.210   2976.0    714.2
     1     1    23     1     4    20     0     2  -114.0   16.550 -123.207   2949.0    717.8
     1     1    23     1     4    19     0     1  -115.0   16.369 -123.195   2928.1    719.8
     1     1    23     1     4    18     0     0  -116.0   16.191 -123.169   2909.9    721.6
     1     1    23     1     4    17     0     1  -117.0   16.014 -123.133   2893.4    722.7
     1     1    23     1     4    16     0     2  -118.0   15.847 -123.091   2889.7    723.5
     1     1    23     1     4    15     0     3  -119.0   15.698 -123.042   2910.1    721.6
     1     1    23     1     4    14     0     2  -120.0   15.565 -122.988   2944.6    717.2
