     8     1
    GDAS    22    12    22     0     0
    GDAS    22    12    29     0     0
    GDAS    23     1     1     0     0
    GDAS    23     1     8     0     0
    GDAS    23     1    15     0     0
    GDAS    23     1    22     0     0
    GDAS    23     1    29     0     0
    GDAS    23     2     1     0     0
     1 BACKWARD OMEGA   
    23     1    15    16   32.716  -96.748    20.0
     1 PRESSURE
     1     1    23     1    15    16     0     2     0.0   32.716  -96.748     20.0    991.1
     1     1    23     1    15    15     0     3    -1.0   32.456  -96.768     17.1    992.5
     1     1    23     1    15    14     0     2    -2.0   32.209  -96.784     15.0    992.8
     1     1    23     1    15    13     0     1    -3.0   31.970  -96.796     12.6    993.5
     1     1    23     1    15    12     0     0    -4.0   31.752  -96.803     10.1    995.5
     1     1    23     1    15    11     0     1    -5.0   31.551  -96.804      7.5    996.8
     1     1    23     1    15    10     0     2    -6.0   31.357  -96.799      4.7    998.1
     1     1    23     1    15     9     0     3    -7.0   31.171  -96.784      2.2    999.4
     1     1    23     1    15     8     0     2    -8.0   30.996  -96.758      0.0   1001.9
     1     1    23     1    15     7     0     1    -9.0   30.831  -96.723      0.0   1003.6
     1     1    23     1    15     6     0     0   -10.0   30.674  -96.679      0.0   1005.2
     1     1    23     1    15     5     0     1   -11.0   30.523  -96.622      0.0   1005.6
     1     1    23     1    15     4     0     2   -12.0   30.376  -96.546      0.0   1006.3
     1     1    23     1    15     3     0     3   -13.0   30.230  -96.451      0.0   1007.3
     1     1    23     1    15     2     0     2   -14.0   30.091  -96.348      0.0   1008.6
     1     1    23     1    15     1     0     1   -15.0   29.962  -96.248      0.0   1010.1
     1     1    23     1    15     0     0     0   -16.0   29.845  -96.149      0.0   1011.9
     1     1    23     1    14    23     0     1   -17.0   29.729  -96.056      0.0   1013.5
     1     1    23     1    14    22     0     2   -18.0   29.606  -95.971      0.0   1014.9
     1     1    23     1    14    21     0     3   -19.0   29.473  -95.894      0.0   1016.4
     1     1    23     1    14    20     0     2   -20.0   29.347  -95.811      0.0   1019.0
     1     1    23     1    14    19     0     1   -21.0   29.249  -95.711      0.0   1021.2
     1     1    23     1    14    18     0     0   -22.0   29.178  -95.596      0.0   1022.8
     1     1    23     1    14    17     0     1   -23.0   29.127  -95.469      0.2   1023.9
     1     1    23     1    14    16     0     2   -24.0   29.090  -95.331      0.1   1025.1
     1     1    23     1    14    15     0     3   -25.0   29.066  -95.173      0.0   1026.6
     1     1    23     1    14    14     0     2   -26.0   29.061  -95.007      0.0   1026.1
     1     1    23     1    14    13     0     1   -27.0   29.085  -94.854      0.0   1025.0
     1     1    23     1    14    12     0     0   -28.0   29.135  -94.721      0.0   1023.8
     1     1    23     1    14    11     0     1   -29.0   29.203  -94.597      0.0   1023.8
     1     1    23     1    14    10     0     2   -30.0   29.284  -94.472      0.0   1023.8
     1     1    23     1    14     9     0     3   -31.0   29.380  -94.347      0.0   1023.7
     1     1    23     1    14     8     0     2   -32.0   29.487  -94.230      0.0   1023.8
     1     1    23     1    14     7     0     1   -33.0   29.601  -94.129      0.2   1023.8
     1     1    23     1    14     6     0     0   -34.0   29.717  -94.047      0.7   1023.7
     1     1    23     1    14     5     0     1   -35.0   29.828  -93.990      1.6   1024.9
     1     1    23     1    14     4     0     2   -36.0   29.934  -93.962      2.4   1026.1
     1     1    23     1    14     3     0     3   -37.0   30.034  -93.958      3.2   1026.9
     1     1    23     1    14     2     0     2   -38.0   30.132  -93.967      4.0   1024.7
     1     1    23     1    14     1     0     1   -39.0   30.232  -93.982      4.9   1022.7
     1     1    23     1    14     0     0     0   -40.0   30.332  -94.003      5.9   1020.9
     1     1    23     1    13    23     0     1   -41.0   30.441  -94.034      6.8   1020.0
     1     1    23     1    13    22     0     2   -42.0   30.565  -94.075      7.4   1018.9
     1     1    23     1    13    21     0     3   -43.0   30.704  -94.126      7.6   1017.8
     1     1    23     1    13    20     0     2   -44.0   30.845  -94.176      7.8   1016.7
     1     1    23     1    13    19     0     1   -45.0   30.972  -94.217      8.1   1015.5
     1     1    23     1    13    18     0     0   -46.0   31.090  -94.253      8.5   1015.1
     1     1    23     1    13    17     0     1   -47.0   31.203  -94.283      9.2   1015.4
     1     1    23     1    13    16     0     2   -48.0   31.316  -94.309     10.1   1016.0
     1     1    23     1    13    15     0     3   -49.0   31.429  -94.332     11.1   1016.5
     1     1    23     1    13    14     0     2   -50.0   31.544  -94.358     12.0   1015.5
     1     1    23     1    13    13     0     1   -51.0   31.665  -94.391     12.3   1014.5
     1     1    23     1    13    12     0     0   -52.0   31.793  -94.427     12.3   1013.3
     1     1    23     1    13    11     0     1   -53.0   31.925  -94.469     12.3   1012.9
     1     1    23     1    13    10     0     2   -54.0   32.047  -94.526     12.5   1012.4
     1     1    23     1    13     9     0     3   -55.0   32.156  -94.603     12.5   1012.0
     1     1    23     1    13     8     0     2   -56.0   32.271  -94.675     12.5   1011.7
     1     1    23     1    13     7     0     1   -57.0   32.414  -94.712     13.2   1011.3
     1     1    23     1    13     6     0     0   -58.0   32.579  -94.717     15.0   1010.9
     1     1    23     1    13     5     0     1   -59.0   32.752  -94.727     17.9   1010.2
     1     1    23     1    13     4     0     2   -60.0   32.929  -94.766     20.5   1009.5
     1     1    23     1    13     3     0     3   -61.0   33.117  -94.829     23.0   1008.6
     1     1    23     1    13     2     0     2   -62.0   33.323  -94.908     28.3   1006.6
     1     1    23     1    13     1     0     1   -63.0   33.558  -94.994     42.9   1003.7
     1     1    23     1    13     0     0     0   -64.0   33.832  -95.087     78.1    999.1
     1     1    23     1    12    23     0     1   -65.0   34.136  -95.196    132.2    990.0
     1     1    23     1    12    22     0     2   -66.0   34.462  -95.334    184.3    979.5
     1     1    23     1    12    21     0     3   -67.0   34.814  -95.499    224.2    972.2
     1     1    23     1    12    20     0     2   -68.0   35.190  -95.663    255.2    967.5
     1     1    23     1    12    19     0     1   -69.0   35.590  -95.797    284.7    963.7
     1     1    23     1    12    18     0     0   -70.0   36.007  -95.887    310.1    959.9
     1     1    23     1    12    17     0     1   -71.0   36.454  -95.958    342.2    954.2
     1     1    23     1    12    16     0     2   -72.0   36.958  -96.026    414.5    943.3
     1     1    23     1    12    15     0     3   -73.0   37.530  -96.054    522.1    922.1
     1     1    23     1    12    14     0     2   -74.0   38.165  -96.014    618.8    906.2
     1     1    23     1    12    13     0     1   -75.0   38.826  -95.937    658.7    897.4
     1     1    23     1    12    12     0     0   -76.0   39.498  -95.860    661.5    901.8
     1     1    23     1    12    11     0     1   -77.0   40.187  -95.769    658.5    900.6
     1     1    23     1    12    10     0     2   -78.0   40.849  -95.682    667.1    901.9
     1     1    23     1    12     9     0     3   -79.0   41.469  -95.609    698.7    894.3
     1     1    23     1    12     8     0     2   -80.0   42.036  -95.557    721.5    887.5
     1     1    23     1    12     7     0     1   -81.0   42.547  -95.527    729.2    885.3
     1     1    23     1    12     6     0     0   -82.0   43.022  -95.500    743.1    882.3
     1     1    23     1    12     5     0     1   -83.0   43.468  -95.488    783.4    876.0
     1     1    23     1    12     4     0     2   -84.0   43.894  -95.510    836.1    863.5
     1     1    23     1    12     3     0     3   -85.0   44.318  -95.557    886.0    862.5
     1     1    23     1    12     2     0     2   -86.0   44.720  -95.639    957.7    861.0
     1     1    23     1    12     1     0     1   -87.0   45.100  -95.757   1042.2    853.3
     1     1    23     1    12     0     0     0   -88.0   45.479  -95.887   1105.0    844.4
     1     1    23     1    11    23     0     1   -89.0   45.853  -96.024   1136.2    841.3
     1     1    23     1    11    22     0     2   -90.0   46.203  -96.167   1155.2    839.2
     1     1    23     1    11    21     0     3   -91.0   46.531  -96.296   1169.2    835.6
     1     1    23     1    11    20     0     2   -92.0   46.835  -96.403   1177.8    835.1
     1     1    23     1    11    19     0     1   -93.0   47.113  -96.491   1194.5    834.7
     1     1    23     1    11    18     0     0   -94.0   47.369  -96.561   1226.7    832.5
     1     1    23     1    11    17     0     1   -95.0   47.588  -96.622   1251.4    828.0
     1     1    23     1    11    16     0     2   -96.0   47.761  -96.667   1239.9    829.1
     1     1    23     1    11    15     0     3   -97.0   47.899  -96.672   1181.2    834.6
     1     1    23     1    11    14     0     2   -98.0   47.996  -96.651   1103.1    846.5
     1     1    23     1    11    13     0     1   -99.0   48.049  -96.636   1051.9    852.6
     1     1    23     1    11    12     0     0  -100.0   48.062  -96.633   1036.8    853.9
     1     1    23     1    11    11     0     1  -101.0   48.029  -96.655   1034.2    851.9
     1     1    23     1    11    10     0     2  -102.0   47.950  -96.714   1026.8    853.4
     1     1    23     1    11     9     0     3  -103.0   47.818  -96.824   1029.5    854.9
     1     1    23     1    11     8     0     2  -104.0   47.643  -96.980   1039.7    853.6
     1     1    23     1    11     7     0     1  -105.0   47.458  -97.164   1024.9    851.5
     1     1    23     1    11     6     0     0  -106.0   47.266  -97.366    973.3    854.5
     1     1    23     1    11     5     0     1  -107.0   47.069  -97.570    903.8    861.7
     1     1    23     1    11     4     0     2  -108.0   46.878  -97.755    852.2    867.5
     1     1    23     1    11     3     0     3  -109.0   46.696  -97.904    848.4    867.3
     1     1    23     1    11     2     0     2  -110.0   46.528  -98.018    843.7    860.5
     1     1    23     1    11     1     0     1  -111.0   46.370  -98.107    788.6    865.1
     1     1    23     1    11     0     0     0  -112.0   46.217  -98.165    698.3    874.6
     1     1    23     1    10    23     0     1  -113.0   46.062  -98.196    608.7    886.8
     1     1    23     1    10    22     0     2  -114.0   45.907  -98.214    541.7    893.3
     1     1    23     1    10    21     0     3  -115.0   45.753  -98.219    496.8    898.8
     1     1    23     1    10    20     0     2  -116.0   45.596  -98.212    474.1    902.2
     1     1    23     1    10    19     0     1  -117.0   45.435  -98.202    466.7    903.6
     1     1    23     1    10    18     0     0  -118.0   45.274  -98.195    463.4    904.4
     1     1    23     1    10    17     0     1  -119.0   45.132  -98.188    457.4    905.6
     1     1    23     1    10    16     0     2  -120.0   45.025  -98.184    449.3    907.3
