     8     1
    GDAS    22    12    22     0     0
    GDAS    22    12    29     0     0
    GDAS    23     1     1     0     0
    GDAS    23     1     8     0     0
    GDAS    23     1    15     0     0
    GDAS    23     1    22     0     0
    GDAS    23     1    29     0     0
    GDAS    23     2     1     0     0
     1 BACKWARD OMEGA   
    23     1    27    15   32.716  -96.748   133.0
     1 PRESSURE
     1     1    23     1    27    15     0     3     0.0   32.716  -96.748    133.0    990.4
     1     1    23     1    27    14     0     2    -1.0   32.511  -96.933    133.8    988.7
     1     1    23     1    27    13     0     1    -2.0   32.310  -97.112    144.0    984.0
     1     1    23     1    27    12     0     0    -3.0   32.106  -97.291    166.9    976.4
     1     1    23     1    27    11     0     1    -4.0   31.903  -97.467    199.2    969.0
     1     1    23     1    27    10     0     2    -5.0   31.706  -97.627    237.1    963.0
     1     1    23     1    27     9     0     3    -6.0   31.515  -97.754    284.5    956.4
     1     1    23     1    27     8     0     2    -7.0   31.344  -97.854    332.8    948.0
     1     1    23     1    27     7     0     1    -8.0   31.202  -97.935    366.2    942.7
     1     1    23     1    27     6     0     0    -9.0   31.077  -97.991    379.5    940.4
     1     1    23     1    27     5     0     1   -10.0   30.971  -98.022    380.0    941.0
     1     1    23     1    27     4     0     2   -11.0   30.891  -98.029    374.3    942.1
     1     1    23     1    27     3     0     3   -12.0   30.840  -98.014    360.9    944.3
     1     1    23     1    27     2     0     2   -13.0   30.818  -97.988    343.4    947.4
     1     1    23     1    27     1     0     1   -14.0   30.827  -97.964    329.0    949.4
     1     1    23     1    27     0     0     0   -15.0   30.868  -97.945    319.4    950.5
     1     1    23     1    26    23     0     1   -16.0   30.932  -97.939    318.5    950.7
     1     1    23     1    26    22     0     2   -17.0   31.011  -97.956    329.7    948.5
     1     1    23     1    26    21     0     3   -18.0   31.105  -97.997    350.9    944.9
     1     1    23     1    26    20     0     2   -19.0   31.213  -98.051    373.1    941.4
     1     1    23     1    26    19     0     1   -20.0   31.332  -98.110    391.4    939.4
     1     1    23     1    26    18     0     0   -21.0   31.462  -98.173    409.5    937.4
     1     1    23     1    26    17     0     1   -22.0   31.611  -98.242    427.7    934.0
     1     1    23     1    26    16     0     2   -23.0   31.790  -98.322    441.6    930.7
     1     1    23     1    26    15     0     3   -24.0   31.998  -98.425    446.4    928.6
     1     1    23     1    26    14     0     2   -25.0   32.226  -98.540    453.2    927.8
     1     1    23     1    26    13     0     1   -26.0   32.465  -98.652    472.7    924.3
     1     1    23     1    26    12     0     0   -27.0   32.709  -98.777    507.4    919.9
     1     1    23     1    26    11     0     1   -28.0   32.952  -98.916    556.0    913.7
     1     1    23     1    26    10     0     2   -29.0   33.199  -99.056    601.7    907.8
     1     1    23     1    26     9     0     3   -30.0   33.449  -99.190    639.4    903.9
     1     1    23     1    26     8     0     2   -31.0   33.698  -99.331    683.7    898.1
     1     1    23     1    26     7     0     1   -32.0   33.942  -99.479    728.2    889.0
     1     1    23     1    26     6     0     0   -33.0   34.183  -99.624    753.1    880.7
     1     1    23     1    26     5     0     1   -34.0   34.435  -99.765    773.9    875.3
     1     1    23     1    26     4     0     2   -35.0   34.716  -99.908    802.6    866.4
     1     1    23     1    26     3     0     3   -36.0   35.024 -100.065    818.7    857.6
     1     1    23     1    26     2     0     2   -37.0   35.355 -100.233    855.7    849.6
     1     1    23     1    26     1     0     1   -38.0   35.697 -100.413    928.6    831.5
     1     1    23     1    26     0     0     0   -39.0   36.036 -100.627    987.9    817.2
     1     1    23     1    25    23     0     1   -40.0   36.367 -100.851   1020.2    811.8
     1     1    23     1    25    22     0     2   -41.0   36.689 -101.064   1039.7    805.6
     1     1    23     1    25    21     0     3   -42.0   36.996 -101.300   1054.5    798.3
     1     1    23     1    25    20     0     2   -43.0   37.304 -101.528   1065.8    791.0
     1     1    23     1    25    19     0     1   -44.0   37.635 -101.709   1050.8    788.1
     1     1    23     1    25    18     0     0   -45.0   37.976 -101.865    981.8    792.9
     1     1    23     1    25    17     0     1   -46.0   38.350 -101.993    897.9    800.4
     1     1    23     1    25    16     0     2   -47.0   38.785 -102.109    868.4    794.9
     1     1    23     1    25    15     0     3   -48.0   39.259 -102.258    887.0    785.7
     1     1    23     1    25    14     0     2   -49.0   39.745 -102.421    905.3    782.2
     1     1    23     1    25    13     0     1   -50.0   40.244 -102.601    931.7    780.9
     1     1    23     1    25    12     0     0   -51.0   40.760 -102.817   1070.0    768.1
     1     1    23     1    25    11     0     1   -52.0   41.264 -103.071   1263.6    735.7
     1     1    23     1    25    10     0     2   -53.0   41.741 -103.377   1361.6    724.4
     1     1    23     1    25     9     0     3   -54.0   42.197 -103.719   1339.2    734.6
     1     1    23     1    25     8     0     2   -55.0   42.650 -104.074   1278.5    745.1
     1     1    23     1    25     7     0     1   -56.0   43.109 -104.449   1241.5    736.3
     1     1    23     1    25     6     0     0   -57.0   43.586 -104.822   1242.6    729.4
     1     1    23     1    25     5     0     1   -58.0   44.077 -105.204   1311.0    727.2
     1     1    23     1    25     4     0     2   -59.0   44.541 -105.602   1366.9    730.2
     1     1    23     1    25     3     0     3   -60.0   44.975 -105.971   1373.3    739.6
     1     1    23     1    25     2     0     2   -61.0   45.392 -106.352   1374.4    749.9
     1     1    23     1    25     1     0     1   -62.0   45.795 -106.744   1348.8    753.2
     1     1    23     1    25     0     0     0   -63.0   46.200 -107.092   1249.0    763.1
     1     1    23     1    24    23     0     1   -64.0   46.602 -107.451   1139.3    787.8
     1     1    23     1    24    22     0     2   -65.0   47.005 -107.830   1016.2    801.3
     1     1    23     1    24    21     0     3   -66.0   47.417 -108.212    875.0    819.6
     1     1    23     1    24    20     0     2   -67.0   47.816 -108.604    789.2    824.8
     1     1    23     1    24    19     0     1   -68.0   48.191 -109.004    751.7    823.7
     1     1    23     1    24    18     0     0   -69.0   48.568 -109.393    707.1    829.5
     1     1    23     1    24    17     0     1   -70.0   48.950 -109.785    584.0    844.9
     1     1    23     1    24    16     0     2   -71.0   49.261 -110.216    478.7    869.0
     1     1    23     1    24    15     0     3   -72.0   49.514 -110.680    504.3    865.1
     1     1    23     1    24    14     0     2   -73.0   49.766 -111.113    615.1    851.0
     1     1    23     1    24    13     0     1   -74.0   50.028 -111.455    717.8    839.8
     1     1    23     1    24    12     0     0   -75.0   50.286 -111.740    784.3    837.4
     1     1    23     1    24    11     0     1   -76.0   50.570 -112.040    812.2    833.5
     1     1    23     1    24    10     0     2   -77.0   50.908 -112.380    795.4    831.2
     1     1    23     1    24     9     0     3   -78.0   51.271 -112.750    747.3    829.5
     1     1    23     1    24     8     0     2   -79.0   51.648 -113.167    708.5    834.0
     1     1    23     1    24     7     0     1   -80.0   52.072 -113.682    650.5    829.3
     1     1    23     1    24     6     0     0   -81.0   52.472 -114.271    579.7    840.7
     1     1    23     1    24     5     0     1   -82.0   52.813 -114.969    523.7    841.2
     1     1    23     1    24     4     0     2   -83.0   53.061 -115.723    522.5    841.5
     1     1    23     1    24     3     0     3   -84.0   53.288 -116.571    624.7    804.3
     1     1    23     1    24     2     0     2   -85.0   53.457 -117.533    742.2    776.4
     1     1    23     1    24     1     0     1   -86.0   53.513 -118.405    835.1    757.6
     1     1    23     1    24     0     0     0   -87.0   53.521 -119.219    944.1    737.6
     1     1    23     1    23    23     0     1   -88.0   53.589 -120.107   1323.7    695.1
     1     1    23     1    23    22     0     2   -89.0   53.719 -121.110   1505.1    714.5
     1     1    23     1    23    21     0     3   -90.0   53.781 -122.020   1386.9    778.8
     1     1    23     1    23    20     0     2   -91.0   53.802 -122.995   1225.3    793.1
     1     1    23     1    23    19     0     1   -92.0   53.763 -124.049   1096.7    804.6
     1     1    23     1    23    18     0     0   -93.0   53.653 -125.248   1261.9    772.2
     1     1    23     1    23    17     0     1   -94.0   53.472 -126.479   1588.1    735.7
     1     1    23     1    23    16     0     2   -95.0   53.218 -127.497   1909.3    699.0
     1     1    23     1    23    15     0     3   -96.0   52.976 -128.236   1810.2    750.1
     1     1    23     1    23    14     0     2   -97.0   52.730 -128.730   1619.1    806.9
     1     1    23     1    23    13     0     1   -98.0   52.550 -129.130   1472.8    841.1
     1     1    23     1    23    12     0     0   -99.0   52.472 -129.519   1334.3    861.1
     1     1    23     1    23    11     0     1  -100.0   52.465 -129.983   1210.0    884.0
     1     1    23     1    23    10     0     2  -101.0   52.477 -130.582   1136.8    892.3
     1     1    23     1    23     9     0     3  -102.0   52.501 -131.366   1124.6    887.5
     1     1    23     1    23     8     0     2  -103.0   52.516 -132.284   1258.9    862.4
     1     1    23     1    23     7     0     1  -104.0   52.490 -133.281   1290.1    867.1
     1     1    23     1    23     6     0     0  -105.0   52.455 -134.363   1311.2    866.1
     1     1    23     1    23     5     0     1  -106.0   52.379 -135.535   1353.2    858.1
     1     1    23     1    23     4     0     2  -107.0   52.207 -136.737   1338.2    860.3
     1     1    23     1    23     3     0     3  -108.0   52.000 -137.984   1359.6    858.0
     1     1    23     1    23     2     0     2  -109.0   51.761 -139.240   1421.1    849.3
     1     1    23     1    23     1     0     1  -110.0   51.440 -140.437   1485.7    841.1
     1     1    23     1    23     0     0     0  -111.0   51.074 -141.633   1470.1    843.7
     1     1    23     1    22    23     0     1  -112.0   50.658 -142.827   1461.4    842.2
     1     1    23     1    22    22     0     2  -113.0   50.203 -143.939   1450.6    844.3
     1     1    23     1    22    21     0     3  -114.0   49.711 -145.020   1458.1    842.2
     1     1    23     1    22    20     0     2  -115.0   49.213 -146.078   1458.0    841.7
     1     1    23     1    22    19     0     1  -116.0   48.718 -147.102   1480.3    838.9
     1     1    23     1    22    18     0     0  -117.0   48.205 -148.123   1489.2    836.1
     1     1    23     1    22    17     0     1  -118.0   47.694 -149.165   1511.5    833.5
     1     1    23     1    22    16     0     2  -119.0   47.182 -150.215   1552.2    827.9
     1     1    23     1    22    15     0     3  -120.0   46.652 -151.280   1607.3    820.7
