     8     1
    GDAS    22    12    22     0     0
    GDAS    22    12    29     0     0
    GDAS    23     1     1     0     0
    GDAS    23     1     8     0     0
    GDAS    23     1    15     0     0
    GDAS    23     1    22     0     0
    GDAS    23     1    29     0     0
    GDAS    23     2     1     0     0
     1 BACKWARD OMEGA   
    23     1    15    11   32.716  -96.748   500.0
     1 PRESSURE
     1     1    23     1    15    11     0     1     0.0   32.716  -96.748    500.0    937.2
     1     1    23     1    15    10     0     2    -1.0   32.112  -97.013    460.2    935.7
     1     1    23     1    15     9     0     3    -2.0   31.498  -97.269    432.0    940.9
     1     1    23     1    15     8     0     2    -3.0   30.899  -97.473    411.4    940.3
     1     1    23     1    15     7     0     1    -4.0   30.343  -97.594    376.5    946.5
     1     1    23     1    15     6     0     0    -5.0   29.836  -97.642    327.4    956.9
     1     1    23     1    15     5     0     1    -6.0   29.399  -97.608    279.9    974.2
     1     1    23     1    15     4     0     2    -7.0   29.037  -97.494    254.8    985.1
     1     1    23     1    15     3     0     3    -8.0   28.721  -97.321    235.3    988.3
     1     1    23     1    15     2     0     2    -9.0   28.449  -97.136    212.6    993.4
     1     1    23     1    15     1     0     1   -10.0   28.216  -96.977    193.6    997.7
     1     1    23     1    15     0     0     0   -11.0   28.016  -96.845    181.2    999.5
     1     1    23     1    14    23     0     1   -12.0   27.840  -96.733    176.3   1000.5
     1     1    23     1    14    22     0     2   -13.0   27.682  -96.629    178.0   1000.3
     1     1    23     1    14    21     0     3   -14.0   27.541  -96.532    182.3    999.7
     1     1    23     1    14    20     0     2   -15.0   27.413  -96.435    185.5   1000.1
     1     1    23     1    14    19     0     1   -16.0   27.296  -96.332    186.4   1001.1
     1     1    23     1    14    18     0     0   -17.0   27.190  -96.221    186.4   1002.2
     1     1    23     1    14    17     0     1   -18.0   27.105  -96.104    184.8   1002.5
     1     1    23     1    14    16     0     2   -19.0   27.056  -95.981    180.0   1003.4
     1     1    23     1    14    15     0     3   -20.0   27.044  -95.851    172.6   1004.7
     1     1    23     1    14    14     0     2   -21.0   27.067  -95.721    166.2   1005.5
     1     1    23     1    14    13     0     1   -22.0   27.119  -95.598    162.0   1005.7
     1     1    23     1    14    12     0     0   -23.0   27.197  -95.481    158.0   1005.9
     1     1    23     1    14    11     0     1   -24.0   27.295  -95.371    155.3   1006.5
     1     1    23     1    14    10     0     2   -25.0   27.405  -95.268    155.5   1006.4
     1     1    23     1    14     9     0     3   -26.0   27.530  -95.172    158.9   1006.0
     1     1    23     1    14     8     0     2   -27.0   27.674  -95.075    163.8   1005.4
     1     1    23     1    14     7     0     1   -28.0   27.841  -94.972    170.4   1005.1
     1     1    23     1    14     6     0     0   -29.0   28.030  -94.866    181.4   1004.1
     1     1    23     1    14     5     0     1   -30.0   28.238  -94.770    190.3   1002.6
     1     1    23     1    14     4     0     2   -31.0   28.468  -94.694    193.5   1002.9
     1     1    23     1    14     3     0     3   -32.0   28.724  -94.639    198.4   1003.0
     1     1    23     1    14     2     0     2   -33.0   28.995  -94.608    200.9   1001.3
     1     1    23     1    14     1     0     1   -34.0   29.256  -94.605    193.4   1001.7
     1     1    23     1    14     0     0     0   -35.0   29.497  -94.634    179.2   1003.4
     1     1    23     1    13    23     0     1   -36.0   29.724  -94.688    172.6   1005.6
     1     1    23     1    13    22     0     2   -37.0   29.955  -94.760    188.7   1004.0
     1     1    23     1    13    21     0     3   -38.0   30.205  -94.844    229.7    996.9
     1     1    23     1    13    20     0     2   -39.0   30.461  -94.922    275.9    988.0
     1     1    23     1    13    19     0     1   -40.0   30.699  -94.978    311.2    981.9
     1     1    23     1    13    18     0     0   -41.0   30.915  -95.009    344.5    977.1
     1     1    23     1    13    17     0     1   -42.0   31.138  -95.014    378.6    970.6
     1     1    23     1    13    16     0     2   -43.0   31.407  -94.990    407.3    965.2
     1     1    23     1    13    15     0     3   -44.0   31.739  -94.932    431.3    960.4
     1     1    23     1    13    14     0     2   -45.0   32.134  -94.867    447.2    956.2
     1     1    23     1    13    13     0     1   -46.0   32.568  -94.831    473.1    955.5
     1     1    23     1    13    12     0     0   -47.0   33.026  -94.838    552.7    948.5
     1     1    23     1    13    11     0     1   -48.0   33.511  -94.873    658.4    928.9
     1     1    23     1    13    10     0     2   -49.0   34.014  -94.919    723.7    919.7
     1     1    23     1    13     9     0     3   -50.0   34.520  -94.971    741.9    913.5
     1     1    23     1    13     8     0     2   -51.0   35.023  -95.028    754.0    913.6
     1     1    23     1    13     7     0     1   -52.0   35.539  -95.107    785.6    905.4
     1     1    23     1    13     6     0     0   -53.0   36.054  -95.205    837.3    898.9
     1     1    23     1    13     5     0     1   -54.0   36.558  -95.328    891.9    889.2
     1     1    23     1    13     4     0     2   -55.0   37.049  -95.462    933.7    884.8
     1     1    23     1    13     3     0     3   -56.0   37.539  -95.605    981.8    877.6
     1     1    23     1    13     2     0     2   -57.0   38.034  -95.764   1029.9    867.6
     1     1    23     1    13     1     0     1   -58.0   38.539  -95.936   1060.0    862.0
     1     1    23     1    13     0     0     0   -59.0   39.038  -96.120   1068.5    861.1
     1     1    23     1    12    23     0     1   -60.0   39.525  -96.295   1083.0    860.5
     1     1    23     1    12    22     0     2   -61.0   40.015  -96.433   1121.0    853.3
     1     1    23     1    12    21     0     3   -62.0   40.510  -96.546   1162.9    844.4
     1     1    23     1    12    20     0     2   -63.0   41.012  -96.658   1187.7    837.2
     1     1    23     1    12    19     0     1   -64.0   41.524  -96.771   1205.9    835.7
     1     1    23     1    12    18     0     0   -65.0   42.049  -96.892   1244.6    831.2
     1     1    23     1    12    17     0     1   -66.0   42.584  -97.035   1268.1    825.1
     1     1    23     1    12    16     0     2   -67.0   43.111  -97.183   1253.1    829.8
     1     1    23     1    12    15     0     3   -68.0   43.618  -97.331   1252.1    828.2
     1     1    23     1    12    14     0     2   -69.0   44.100  -97.492   1280.8    822.5
     1     1    23     1    12    13     0     1   -70.0   44.562  -97.662   1315.0    819.0
     1     1    23     1    12    12     0     0   -71.0   45.016  -97.825   1335.1    817.8
     1     1    23     1    12    11     0     1   -72.0   45.449  -97.981   1353.3    821.1
     1     1    23     1    12    10     0     2   -73.0   45.851  -98.125   1381.2    814.7
     1     1    23     1    12     9     0     3   -74.0   46.231  -98.236   1406.4    808.7
     1     1    23     1    12     8     0     2   -75.0   46.595  -98.340   1422.8    805.5
     1     1    23     1    12     7     0     1   -76.0   46.949  -98.439   1426.6    803.6
     1     1    23     1    12     6     0     0   -77.0   47.294  -98.515   1428.1    803.3
     1     1    23     1    12     5     0     1   -78.0   47.637  -98.595   1450.6    801.5
     1     1    23     1    12     4     0     2   -79.0   47.985  -98.668   1505.5    795.5
     1     1    23     1    12     3     0     3   -80.0   48.336  -98.715   1572.2    787.4
     1     1    23     1    12     2     0     2   -81.0   48.672  -98.768   1629.8    781.8
     1     1    23     1    12     1     0     1   -82.0   48.985  -98.829   1672.9    776.6
     1     1    23     1    12     0     0     0   -83.0   49.288  -98.881   1704.8    776.3
     1     1    23     1    11    23     0     1   -84.0   49.592  -98.945   1727.7    776.2
     1     1    23     1    11    22     0     2   -85.0   49.896  -99.017   1742.7    777.4
     1     1    23     1    11    21     0     3   -86.0   50.195  -99.076   1756.4    777.6
     1     1    23     1    11    20     0     2   -87.0   50.482  -99.128   1788.6    776.6
     1     1    23     1    11    19     0     1   -88.0   50.752  -99.167   1845.9    770.8
     1     1    23     1    11    18     0     0   -89.0   51.010  -99.168   1910.4    764.2
     1     1    23     1    11    17     0     1   -90.0   51.255  -99.177   1957.7    758.0
     1     1    23     1    11    16     0     2   -91.0   51.491  -99.229   1981.2    756.6
     1     1    23     1    11    15     0     3   -92.0   51.724  -99.291   2003.1    755.4
     1     1    23     1    11    14     0     2   -93.0   51.952  -99.354   2028.6    752.7
     1     1    23     1    11    13     0     1   -94.0   52.168  -99.435   2045.2    751.0
     1     1    23     1    11    12     0     0   -95.0   52.372  -99.538   2051.4    750.9
     1     1    23     1    11    11     0     1   -96.0   52.564  -99.652   2053.8    750.9
     1     1    23     1    11    10     0     2   -97.0   52.741  -99.761   2055.4    750.5
     1     1    23     1    11     9     0     3   -98.0   52.901  -99.852   2056.0    749.9
     1     1    23     1    11     8     0     2   -99.0   53.047  -99.924   2060.8    749.5
     1     1    23     1    11     7     0     1  -100.0   53.182  -99.988   2073.8    747.4
     1     1    23     1    11     6     0     0  -101.0   53.311 -100.048   2091.4    745.2
     1     1    23     1    11     5     0     1  -102.0   53.443 -100.116   2104.6    743.3
     1     1    23     1    11     4     0     2  -103.0   53.579 -100.199   2108.5    743.1
     1     1    23     1    11     3     0     3  -104.0   53.717 -100.289   2106.9    743.4
     1     1    23     1    11     2     0     2  -105.0   53.844 -100.382   2098.3    744.0
     1     1    23     1    11     1     0     1  -106.0   53.949 -100.484   2080.2    745.8
     1     1    23     1    11     0     0     0  -107.0   54.025 -100.603   2056.5    748.3
     1     1    23     1    10    23     0     1  -108.0   54.080 -100.739   2040.9    750.5
     1     1    23     1    10    22     0     2  -109.0   54.122 -100.893   2044.7    749.6
     1     1    23     1    10    21     0     3  -110.0   54.152 -101.072   2063.5    747.0
     1     1    23     1    10    20     0     2  -111.0   54.180 -101.267   2076.0    744.2
     1     1    23     1    10    19     0     1  -112.0   54.212 -101.462   2074.7    745.0
     1     1    23     1    10    18     0     0  -113.0   54.243 -101.654   2074.4    745.6
     1     1    23     1    10    17     0     1  -114.0   54.266 -101.843   2076.3    744.7
     1     1    23     1    10    16     0     2  -115.0   54.282 -102.026   2072.5    744.8
     1     1    23     1    10    15     0     3  -116.0   54.295 -102.207   2062.6    745.9
     1     1    23     1    10    14     0     2  -117.0   54.305 -102.388   2052.5    747.3
     1     1    23     1    10    13     0     1  -118.0   54.312 -102.574   2048.9    747.8
     1     1    23     1    10    12     0     0  -119.0   54.315 -102.770   2056.8    747.3
     1     1    23     1    10    11     0     1  -120.0   54.307 -102.977   2069.6    745.3
