     8     1
    GDAS    22    12    22     0     0
    GDAS    22    12    29     0     0
    GDAS    23     1     1     0     0
    GDAS    23     1     8     0     0
    GDAS    23     1    15     0     0
    GDAS    23     1    22     0     0
    GDAS    23     1    29     0     0
    GDAS    23     2     1     0     0
     1 BACKWARD OMEGA   
    23     1    23    15   32.716  -96.748    20.0
     1 PRESSURE
     1     1    23     1    23    15     0     3     0.0   32.716  -96.748     20.0   1003.6
     1     1    23     1    23    14     0     2    -1.0   32.732  -96.654     17.7   1003.2
     1     1    23     1    23    13     0     1    -2.0   32.763  -96.547     15.8   1002.6
     1     1    23     1    23    12     0     0    -3.0   32.813  -96.429     14.3   1001.9
     1     1    23     1    23    11     0     1    -4.0   32.873  -96.312     13.4   1002.0
     1     1    23     1    23    10     0     2    -5.0   32.933  -96.211     13.1   1001.7
     1     1    23     1    23     9     0     3    -6.0   32.989  -96.130     13.1   1001.3
     1     1    23     1    23     8     0     2    -7.0   33.045  -96.062     13.1   1001.0
     1     1    23     1    23     7     0     1    -8.0   33.106  -95.999     13.1   1000.7
     1     1    23     1    23     6     0     0    -9.0   33.172  -95.939     13.0   1000.5
     1     1    23     1    23     5     0     1   -10.0   33.246  -95.889     12.8   1000.3
     1     1    23     1    23     4     0     2   -11.0   33.330  -95.857     13.2   1000.0
     1     1    23     1    23     3     0     3   -12.0   33.422  -95.840     14.4    999.6
     1     1    23     1    23     2     0     2   -13.0   33.525  -95.840     16.4    998.1
     1     1    23     1    23     1     0     1   -14.0   33.638  -95.856     19.1    996.6
     1     1    23     1    23     0     0     0   -15.0   33.764  -95.885     22.9    995.0
     1     1    23     1    22    23     0     1   -16.0   33.905  -95.945     28.9    993.0
     1     1    23     1    22    22     0     2   -17.0   34.063  -96.056     37.7    989.8
     1     1    23     1    22    21     0     3   -18.0   34.231  -96.218     48.6    985.2
     1     1    23     1    22    20     0     2   -19.0   34.400  -96.399     60.3    981.3
     1     1    23     1    22    19     0     1   -20.0   34.572  -96.573     73.0    976.9
     1     1    23     1    22    18     0     0   -21.0   34.758  -96.740     88.7    971.7
     1     1    23     1    22    17     0     1   -22.0   34.961  -96.902    108.8    964.7
     1     1    23     1    22    16     0     2   -23.0   35.172  -97.068    133.6    960.7
     1     1    23     1    22    15     0     3   -24.0   35.377  -97.244    161.0    957.3
     1     1    23     1    22    14     0     2   -25.0   35.582  -97.421    184.2    953.5
     1     1    23     1    22    13     0     1   -26.0   35.796  -97.598    199.4    951.3
     1     1    23     1    22    12     0     0   -27.0   36.029  -97.777    213.0    948.9
     1     1    23     1    22    11     0     1   -28.0   36.288  -97.952    231.0    943.9
     1     1    23     1    22    10     0     2   -29.0   36.574  -98.116    255.6    936.5
     1     1    23     1    22     9     0     3   -30.0   36.877  -98.259    285.4    928.6
     1     1    23     1    22     8     0     2   -31.0   37.192  -98.380    316.6    921.3
     1     1    23     1    22     7     0     1   -32.0   37.514  -98.488    348.0    914.2
     1     1    23     1    22     6     0     0   -33.0   37.842  -98.571    380.3    907.4
     1     1    23     1    22     5     0     1   -34.0   38.167  -98.618    403.5    902.9
     1     1    23     1    22     4     0     2   -35.0   38.477  -98.639    409.6    903.8
     1     1    23     1    22     3     0     3   -36.0   38.781  -98.641    401.9    906.4
     1     1    23     1    22     2     0     2   -37.0   39.070  -98.632    387.7    909.5
     1     1    23     1    22     1     0     1   -38.0   39.334  -98.622    380.1    910.3
     1     1    23     1    22     0     0     0   -39.0   39.584  -98.611    390.7    908.7
     1     1    23     1    21    23     0     1   -40.0   39.818  -98.596    419.3    904.4
     1     1    23     1    21    22     0     2   -41.0   40.023  -98.581    451.8    899.0
     1     1    23     1    21    21     0     3   -42.0   40.196  -98.575    471.2    894.2
     1     1    23     1    21    20     0     2   -43.0   40.338  -98.574    473.6    894.4
     1     1    23     1    21    19     0     1   -44.0   40.450  -98.569    466.5    895.5
     1     1    23     1    21    18     0     0   -45.0   40.532  -98.559    453.2    897.5
     1     1    23     1    21    17     0     1   -46.0   40.596  -98.556    439.7    899.5
     1     1    23     1    21    16     0     2   -47.0   40.654  -98.573    429.7    900.3
     1     1    23     1    21    15     0     3   -48.0   40.707  -98.608    422.1    900.4
     1     1    23     1    21    14     0     2   -49.0   40.752  -98.664    421.9    900.1
     1     1    23     1    21    13     0     1   -50.0   40.790  -98.745    434.7    897.2
     1     1    23     1    21    12     0     0   -51.0   40.819  -98.849    460.6    892.6
     1     1    23     1    21    11     0     1   -52.0   40.835  -98.964    483.7    886.6
     1     1    23     1    21    10     0     2   -53.0   40.840  -99.072    485.8    885.1
     1     1    23     1    21     9     0     3   -54.0   40.835  -99.175    467.1    886.4
     1     1    23     1    21     8     0     2   -55.0   40.827  -99.272    443.5    889.9
     1     1    23     1    21     7     0     1   -56.0   40.820  -99.367    427.2    890.8
     1     1    23     1    21     6     0     0   -57.0   40.809  -99.462    416.4    891.0
     1     1    23     1    21     5     0     1   -58.0   40.798  -99.547    404.9    890.5
     1     1    23     1    21     4     0     2   -59.0   40.792  -99.616    389.9    891.5
     1     1    23     1    21     3     0     3   -60.0   40.788  -99.667    374.3    892.6
     1     1    23     1    21     2     0     2   -61.0   40.800  -99.700    363.9    893.5
     1     1    23     1    21     1     0     1   -62.0   40.843  -99.714    362.8    892.8
     1     1    23     1    21     0     0     0   -63.0   40.922  -99.714    371.4    891.2
     1     1    23     1    20    23     0     1   -64.0   41.022  -99.729    389.2    888.4
     1     1    23     1    20    22     0     2   -65.0   41.123  -99.784    411.0    885.2
     1     1    23     1    20    21     0     3   -66.0   41.224  -99.877    433.5    881.2
     1     1    23     1    20    20     0     2   -67.0   41.332  -99.992    455.4    877.6
     1     1    23     1    20    19     0     1   -68.0   41.454 -100.116    474.4    873.5
     1     1    23     1    20    18     0     0   -69.0   41.590 -100.247    485.4    869.9
     1     1    23     1    20    17     0     1   -70.0   41.737 -100.386    487.6    866.6
     1     1    23     1    20    16     0     2   -71.0   41.895 -100.529    484.6    863.6
     1     1    23     1    20    15     0     3   -72.0   42.079 -100.665    483.7    861.2
     1     1    23     1    20    14     0     2   -73.0   42.288 -100.828    492.7    858.2
     1     1    23     1    20    13     0     1   -74.0   42.515 -101.052    515.2    852.7
     1     1    23     1    20    12     0     0   -75.0   42.754 -101.317    542.6    846.3
     1     1    23     1    20    11     0     1   -76.0   42.986 -101.574    563.6    842.1
     1     1    23     1    20    10     0     2   -77.0   43.203 -101.820    580.7    843.0
     1     1    23     1    20     9     0     3   -78.0   43.419 -102.081    595.2    844.4
     1     1    23     1    20     8     0     2   -79.0   43.641 -102.353    592.2    847.2
     1     1    23     1    20     7     0     1   -80.0   43.859 -102.616    567.8    851.3
     1     1    23     1    20     6     0     0   -81.0   44.077 -102.858    534.8    854.4
     1     1    23     1    20     5     0     1   -82.0   44.286 -103.104    518.9    849.3
     1     1    23     1    20     4     0     2   -83.0   44.503 -103.395    548.3    834.0
     1     1    23     1    20     3     0     3   -84.0   44.773 -103.756    630.2    823.3
     1     1    23     1    20     2     0     2   -85.0   45.069 -104.164    714.4    820.0
     1     1    23     1    20     1     0     1   -86.0   45.343 -104.577    751.1    812.2
     1     1    23     1    20     0     0     0   -87.0   45.596 -105.012    738.4    814.5
     1     1    23     1    19    23     0     1   -88.0   45.829 -105.465    678.6    829.3
     1     1    23     1    19    22     0     2   -89.0   46.015 -105.898    583.6    847.9
     1     1    23     1    19    21     0     3   -90.0   46.151 -106.327    503.9    854.7
     1     1    23     1    19    20     0     2   -91.0   46.278 -106.768    474.0    849.0
     1     1    23     1    19    19     0     1   -92.0   46.407 -107.220    477.2    845.9
     1     1    23     1    19    18     0     0   -93.0   46.524 -107.651    493.5    848.4
     1     1    23     1    19    17     0     1   -94.0   46.629 -108.047    512.1    849.1
     1     1    23     1    19    16     0     2   -95.0   46.738 -108.443    529.1    831.8
     1     1    23     1    19    15     0     3   -96.0   46.882 -108.912    556.5    809.4
     1     1    23     1    19    14     0     2   -97.0   47.056 -109.467    557.5    798.6
     1     1    23     1    19    13     0     1   -98.0   47.170 -110.003    496.4    807.0
     1     1    23     1    19    12     0     0   -99.0   47.194 -110.508    483.3    799.0
     1     1    23     1    19    11     0     1  -100.0   47.156 -111.071    572.3    766.3
     1     1    23     1    19    10     0     2  -101.0   47.084 -111.639    729.8    767.2
     1     1    23     1    19     9     0     3  -102.0   47.008 -112.193    896.4    761.3
     1     1    23     1    19     8     0     2  -103.0   46.968 -112.763    982.5    738.1
     1     1    23     1    19     7     0     1  -104.0   46.956 -113.263    969.2    740.5
     1     1    23     1    19     6     0     0  -105.0   46.935 -113.647    947.1    746.1
     1     1    23     1    19     5     0     1  -106.0   46.894 -113.945    948.5    746.0
     1     1    23     1    19     4     0     2  -107.0   46.832 -114.221    967.0    740.4
     1     1    23     1    19     3     0     3  -108.0   46.741 -114.506    996.8    733.1
     1     1    23     1    19     2     0     2  -109.0   46.625 -114.801   1029.1    727.6
     1     1    23     1    19     1     0     1  -110.0   46.496 -115.095   1058.0    729.6
     1     1    23     1    19     0     0     0  -111.0   46.358 -115.353   1077.3    743.2
     1     1    23     1    18    23     0     1  -112.0   46.207 -115.556   1102.8    757.8
     1     1    23     1    18    22     0     2  -113.0   46.042 -115.713   1172.4    766.4
     1     1    23     1    18    21     0     3  -114.0   45.876 -115.881   1271.2    755.4
     1     1    23     1    18    20     0     2  -115.0   45.720 -116.100   1372.5    738.1
     1     1    23     1    18    19     0     1  -116.0   45.583 -116.376   1470.3    723.3
     1     1    23     1    18    18     0     0  -117.0   45.466 -116.689   1584.6    714.1
     1     1    23     1    18    17     0     1  -118.0   45.372 -117.025   1713.0    705.4
     1     1    23     1    18    16     0     2  -119.0   45.304 -117.370   1799.5    690.6
     1     1    23     1    18    15     0     3  -120.0   45.257 -117.725   1843.1    685.3
