     8     1
    GDAS    22    12    22     0     0
    GDAS    22    12    29     0     0
    GDAS    23     1     1     0     0
    GDAS    23     1     8     0     0
    GDAS    23     1    15     0     0
    GDAS    23     1    22     0     0
    GDAS    23     1    29     0     0
    GDAS    23     2     1     0     0
     1 BACKWARD OMEGA   
    23     1     3    13   32.716  -96.748    15.0
     1 PRESSURE
     1     1    23     1     3    13     0     1     0.0   32.716  -96.748     15.0    988.0
     1     1    23     1     3    12     0     0    -1.0   32.710  -96.914     19.6    986.7
     1     1    23     1     3    11     0     1    -2.0   32.706  -97.094     27.5    982.8
     1     1    23     1     3    10     0     2    -3.0   32.699  -97.294     39.2    977.0
     1     1    23     1     3     9     0     3    -4.0   32.689  -97.521     55.5    970.7
     1     1    23     1     3     8     0     2    -5.0   32.673  -97.792     77.9    962.7
     1     1    23     1     3     7     0     1    -6.0   32.646  -98.123    104.5    954.4
     1     1    23     1     3     6     0     0    -7.0   32.607  -98.498    121.8    948.3
     1     1    23     1     3     5     0     1    -8.0   32.576  -98.878    125.1    944.4
     1     1    23     1     3     4     0     2    -9.0   32.572  -99.258    135.6    940.6
     1     1    23     1     3     3     0     3   -10.0   32.590  -99.666    182.2    932.3
     1     1    23     1     3     2     0     2   -11.0   32.629 -100.170    284.0    914.5
     1     1    23     1     3     1     0     1   -12.0   32.680 -100.802    445.0    883.6
     1     1    23     1     3     0     0     0   -13.0   32.686 -101.541    705.3    845.3
     1     1    23     1     2    23     0     1   -14.0   32.630 -102.314   1079.7    788.6
     1     1    23     1     2    22     0     2   -15.0   32.519 -103.065   1378.4    753.7
     1     1    23     1     2    21     0     3   -16.0   32.397 -103.809   1658.7    727.1
     1     1    23     1     2    20     0     2   -17.0   32.251 -104.626   1722.9    689.1
     1     1    23     1     2    19     0     1   -18.0   32.090 -105.574   1349.5    722.7
     1     1    23     1     2    18     0     0   -19.0   31.976 -106.453   1185.0    743.0
     1     1    23     1     2    17     0     1   -20.0   31.821 -107.244   1428.5    722.4
     1     1    23     1     2    16     0     2   -21.0   31.599 -108.007   1543.6    704.3
     1     1    23     1     2    15     0     3   -22.0   31.322 -108.756   1472.6    696.8
     1     1    23     1     2    14     0     2   -23.0   30.949 -109.478   1497.4    684.7
     1     1    23     1     2    13     0     1   -24.0   30.576 -110.187   1508.6    706.9
     1     1    23     1     2    12     0     0   -25.0   30.247 -110.771   1398.2    755.6
     1     1    23     1     2    11     0     1   -26.0   29.967 -111.206   1218.4    801.3
     1     1    23     1     2    10     0     2   -27.0   29.747 -111.555   1076.0    839.3
     1     1    23     1     2     9     0     3   -28.0   29.583 -111.884   1052.6    855.0
     1     1    23     1     2     8     0     2   -29.0   29.446 -112.191   1104.0    858.8
     1     1    23     1     2     7     0     1   -30.0   29.329 -112.444   1157.8    866.1
     1     1    23     1     2     6     0     0   -31.0   29.239 -112.660   1208.9    868.9
     1     1    23     1     2     5     0     1   -32.0   29.165 -112.848   1249.6    868.2
     1     1    23     1     2     4     0     2   -33.0   29.087 -112.994   1282.3    868.6
     1     1    23     1     2     3     0     3   -34.0   29.000 -113.115   1334.1    860.8
     1     1    23     1     2     2     0     2   -35.0   28.914 -113.284   1406.7    842.7
     1     1    23     1     2     1     0     1   -36.0   28.827 -113.583   1431.4    828.4
     1     1    23     1     2     0     0     0   -37.0   28.718 -114.044   1310.4    831.3
     1     1    23     1     1    23     0     1   -38.0   28.665 -114.527   1208.3    874.5
     1     1    23     1     1    22     0     2   -39.0   28.704 -114.978   1243.5    879.5
     1     1    23     1     1    21     0     3   -40.0   28.799 -115.425   1317.0    864.3
     1     1    23     1     1    20     0     2   -41.0   28.908 -115.881   1361.1    858.5
     1     1    23     1     1    19     0     1   -42.0   29.037 -116.342   1375.4    859.2
     1     1    23     1     1    18     0     0   -43.0   29.212 -116.788   1387.9    859.6
     1     1    23     1     1    17     0     1   -44.0   29.409 -117.232   1392.1    857.0
     1     1    23     1     1    16     0     2   -45.0   29.617 -117.684   1390.1    858.2
     1     1    23     1     1    15     0     3   -46.0   29.881 -118.110   1402.8    856.9
     1     1    23     1     1    14     0     2   -47.0   30.164 -118.544   1452.2    852.8
     1     1    23     1     1    13     0     1   -48.0   30.447 -119.028   1507.0    842.5
     1     1    23     1     1    12     0     0   -49.0   30.796 -119.506   1591.2    839.7
     1     1    23     1     1    11     0     1   -50.0   31.139 -120.003   1735.7    821.9
     1     1    23     1     1    10     0     2   -51.0   31.451 -120.538   1857.8    802.5
     1     1    23     1     1     9     0     3   -52.0   31.856 -121.044   1929.1    801.6
     1     1    23     1     1     8     0     2   -53.0   32.293 -121.540   1984.3    792.6
     1     1    23     1     1     7     0     1   -54.0   32.700 -122.034   2085.6    792.8
     1     1    23     1     1     6     0     0   -55.0   33.157 -122.510   2302.0    767.9
     1     1    23     1     1     5     0     1   -56.0   33.634 -123.001   2499.1    740.6
     1     1    23     1     1     4     0     2   -57.0   34.123 -123.476   2633.6    729.9
     1     1    23     1     1     3     0     3   -58.0   34.689 -123.891   2732.2    721.3
     1     1    23     1     1     2     0     2   -59.0   35.260 -124.303   2809.6    713.7
     1     1    23     1     1     1     0     1   -60.0   35.835 -124.709   2883.6    707.5
     1     1    23     1     1     0     0     0   -61.0   36.501 -125.023   3004.4    699.2
     1     1    22    12    31    23     0     1   -62.0   37.116 -125.246   3119.7    679.8
     1     1    22    12    31    22     0     2   -63.0   37.601 -125.425   3173.5    679.7
     1     1    22    12    31    21     0     3   -64.0   38.058 -125.568   3271.3    677.2
     1     1    22    12    31    20     0     2   -65.0   38.477 -125.703   3379.1    659.6
     1     1    22    12    31    19     0     1   -66.0   38.850 -125.798   3432.4    658.0
     1     1    22    12    31    18     0     0   -67.0   39.207 -125.825   3474.4    655.8
     1     1    22    12    31    17     0     1   -68.0   39.514 -125.856   3510.4    652.4
     1     1    22    12    31    16     0     2   -69.0   39.770 -125.925   3559.1    647.0
     1     1    22    12    31    15     0     3   -70.0   40.009 -125.973   3576.8    644.2
     1     1    22    12    31    14     0     2   -71.0   40.216 -126.071   3618.2    648.7
     1     1    22    12    31    13     0     1   -72.0   40.371 -126.304   3737.1    635.0
     1     1    22    12    31    12     0     0   -73.0   40.486 -126.621   3849.5    623.7
     1     1    22    12    31    11     0     1   -74.0   40.569 -126.979   3885.3    617.0
     1     1    22    12    31    10     0     2   -75.0   40.622 -127.374   3838.7    624.6
     1     1    22    12    31     9     0     3   -76.0   40.666 -127.806   3725.9    630.2
     1     1    22    12    31     8     0     2   -77.0   40.719 -128.259   3595.1    648.5
     1     1    22    12    31     7     0     1   -78.0   40.785 -128.725   3502.5    653.7
     1     1    22    12    31     6     0     0   -79.0   40.869 -129.207   3374.1    660.3
     1     1    22    12    31     5     0     1   -80.0   40.972 -129.730   3360.2    677.8
     1     1    22    12    31     4     0     2   -81.0   41.061 -130.323   3543.4    651.6
     1     1    22    12    31     3     0     3   -82.0   41.137 -130.964   3723.7    630.9
     1     1    22    12    31     2     0     2   -83.0   41.200 -131.656   3848.6    621.7
     1     1    22    12    31     1     0     1   -84.0   41.245 -132.409   3974.0    613.8
     1     1    22    12    31     0     0     0   -85.0   41.281 -133.219   3926.0    614.4
     1     1    22    12    30    23     0     1   -86.0   41.290 -134.045   3777.0    628.8
     1     1    22    12    30    22     0     2   -87.0   41.280 -134.876   3765.9    631.0
     1     1    22    12    30    21     0     3   -88.0   41.248 -135.737   3789.0    627.4
     1     1    22    12    30    20     0     2   -89.0   41.196 -136.610   3797.4    627.2
     1     1    22    12    30    19     0     1   -90.0   41.135 -137.496   3793.3    626.9
     1     1    22    12    30    18     0     0   -91.0   41.057 -138.414   3793.1    627.1
     1     1    22    12    30    17     0     1   -92.0   40.962 -139.371   3830.6    624.3
     1     1    22    12    30    16     0     2   -93.0   40.847 -140.362   3920.6    616.3
     1     1    22    12    30    15     0     3   -94.0   40.680 -141.372   4001.4    609.4
     1     1    22    12    30    14     0     2   -95.0   40.477 -142.399   4040.7    605.7
     1     1    22    12    30    13     0     1   -96.0   40.272 -143.441   4036.9    606.3
     1     1    22    12    30    12     0     0   -97.0   40.050 -144.472   4032.5    606.7
     1     1    22    12    30    11     0     1   -98.0   39.804 -145.495   4048.0    606.4
     1     1    22    12    30    10     0     2   -99.0   39.533 -146.514   4083.2    602.9
     1     1    22    12    30     9     0     3  -100.0   39.238 -147.535   4093.4    601.6
     1     1    22    12    30     8     0     2  -101.0   38.936 -148.536   4085.0    604.5
     1     1    22    12    30     7     0     1  -102.0   38.640 -149.524   4136.7    599.5
     1     1    22    12    30     6     0     0  -103.0   38.350 -150.519   4150.3    593.7
     1     1    22    12    30     5     0     1  -104.0   38.078 -151.500   3782.8    630.6
     1     1    22    12    30     4     0     2  -105.0   37.840 -152.442   3652.2    639.0
     1     1    22    12    30     3     0     3  -106.0   37.628 -153.400   3665.6    636.4
     1     1    22    12    30     2     0     2  -107.0   37.423 -154.384   3697.7    633.4
     1     1    22    12    30     1     0     1  -108.0   37.205 -155.384   3692.0    633.7
     1     1    22    12    30     0     0     0  -109.0   36.990 -156.421   3691.1    632.7
     1     1    22    12    29    23     0     1  -110.0   36.760 -157.477   3665.6    636.8
     1     1    22    12    29    22     0     2  -111.0   36.520 -158.504   3642.0    638.9
     1     1    22    12    29    21     0     3  -112.0   36.274 -159.514   3690.5    635.8
     1     1    22    12    29    20     0     2  -113.0   36.021 -160.525   3801.4    625.8
     1     1    22    12    29    19     0     1  -114.0   35.784 -161.535   3889.9    618.1
     1     1    22    12    29    18     0     0  -115.0   35.566 -162.525   3943.2    613.3
     1     1    22    12    29    17     0     1  -116.0   35.350 -163.529   3938.5    614.9
     1     1    22    12    29    16     0     2  -117.0   35.153 -164.551   3972.8    611.3
     1     1    22    12    29    15     0     3  -118.0   34.983 -165.573   3995.3    609.2
     1     1    22    12    29    14     0     2  -119.0   34.792 -166.605   3987.8    610.5
     1     1    22    12    29    13     0     1  -120.0   34.627 -167.614   4018.6    608.6
