     8     1
    GDAS    22    12    22     0     0
    GDAS    22    12    29     0     0
    GDAS    23     1     1     0     0
    GDAS    23     1     8     0     0
    GDAS    23     1    15     0     0
    GDAS    23     1    22     0     0
    GDAS    23     1    29     0     0
    GDAS    23     2     1     0     0
     1 BACKWARD OMEGA   
    23     1    21    14   32.716  -96.748    20.0
     1 PRESSURE
     1     1    23     1    21    14     0     2     0.0   32.716  -96.748     20.0    994.8
     1     1    23     1    21    13     0     1    -1.0   32.632  -96.662     15.7    996.1
     1     1    23     1    21    12     0     0    -2.0   32.563  -96.569     12.4    997.2
     1     1    23     1    21    11     0     1    -3.0   32.504  -96.465      9.7    998.7
     1     1    23     1    21    10     0     2    -4.0   32.450  -96.350      7.2   1000.2
     1     1    23     1    21     9     0     3    -5.0   32.401  -96.228      4.3   1002.1
     1     1    23     1    21     8     0     2    -6.0   32.360  -96.105      1.5   1003.9
     1     1    23     1    21     7     0     1    -7.0   32.323  -95.986      0.0   1005.2
     1     1    23     1    21     6     0     0    -8.0   32.286  -95.871      0.0   1005.5
     1     1    23     1    21     5     0     1    -9.0   32.249  -95.757      0.0   1005.5
     1     1    23     1    21     4     0     2   -10.0   32.215  -95.639      0.0   1005.5
     1     1    23     1    21     3     0     3   -11.0   32.185  -95.515      0.0   1005.5
     1     1    23     1    21     2     0     2   -12.0   32.162  -95.391      0.0   1005.6
     1     1    23     1    21     1     0     1   -13.0   32.146  -95.273      0.9   1005.8
     1     1    23     1    21     0     0     0   -14.0   32.131  -95.167      2.8   1006.0
     1     1    23     1    20    23     0     1   -15.0   32.112  -95.065      5.0   1006.0
     1     1    23     1    20    22     0     2   -16.0   32.085  -94.957      6.5   1006.1
     1     1    23     1    20    21     0     3   -17.0   32.050  -94.843      7.0   1006.7
     1     1    23     1    20    20     0     2   -18.0   32.016  -94.733      7.1   1008.5
     1     1    23     1    20    19     0     1   -19.0   31.996  -94.630      7.6   1010.3
     1     1    23     1    20    18     0     0   -20.0   31.993  -94.533      8.5   1012.0
     1     1    23     1    20    17     0     1   -21.0   32.011  -94.434      9.8   1012.2
     1     1    23     1    20    16     0     2   -22.0   32.050  -94.330     11.1   1012.4
     1     1    23     1    20    15     0     3   -23.0   32.102  -94.223     12.4   1012.8
     1     1    23     1    20    14     0     2   -24.0   32.161  -94.124     13.5   1012.3
     1     1    23     1    20    13     0     1   -25.0   32.224  -94.040     14.4   1011.7
     1     1    23     1    20    12     0     0   -26.0   32.291  -93.969     15.3   1010.8
     1     1    23     1    20    11     0     1   -27.0   32.366  -93.908     16.3   1010.8
     1     1    23     1    20    10     0     2   -28.0   32.450  -93.859     17.8   1010.6
     1     1    23     1    20     9     0     3   -29.0   32.543  -93.820     19.7   1010.3
     1     1    23     1    20     8     0     2   -30.0   32.640  -93.796     22.2   1009.8
     1     1    23     1    20     7     0     1   -31.0   32.735  -93.789     25.1   1009.2
     1     1    23     1    20     6     0     0   -32.0   32.829  -93.800     28.4   1008.7
     1     1    23     1    20     5     0     1   -33.0   32.923  -93.835     33.0   1007.9
     1     1    23     1    20     4     0     2   -34.0   33.021  -93.898     40.6   1006.7
     1     1    23     1    20     3     0     3   -35.0   33.128  -93.990     52.1   1004.5
     1     1    23     1    20     2     0     2   -36.0   33.236  -94.101     64.4   1000.0
     1     1    23     1    20     1     0     1   -37.0   33.330  -94.221     72.2    996.8
     1     1    23     1    20     0     0     0   -38.0   33.409  -94.352     74.5    994.9
     1     1    23     1    19    23     0     1   -39.0   33.483  -94.499     76.2    994.2
     1     1    23     1    19    22     0     2   -40.0   33.564  -94.671     82.3    992.5
     1     1    23     1    19    21     0     3   -41.0   33.654  -94.867     93.4    990.3
     1     1    23     1    19    20     0     2   -42.0   33.757  -95.083    111.1    987.5
     1     1    23     1    19    19     0     1   -43.0   33.884  -95.315    135.9    984.2
     1     1    23     1    19    18     0     0   -44.0   34.044  -95.565    170.1    979.5
     1     1    23     1    19    17     0     1   -45.0   34.231  -95.843    210.0    972.2
     1     1    23     1    19    16     0     2   -46.0   34.434  -96.158    245.8    964.5
     1     1    23     1    19    15     0     3   -47.0   34.659  -96.519    274.7    953.7
     1     1    23     1    19    14     0     2   -48.0   34.910  -96.947    301.5    941.1
     1     1    23     1    19    13     0     1   -49.0   35.167  -97.430    349.1    935.1
     1     1    23     1    19    12     0     0   -50.0   35.428  -97.937    436.9    924.5
     1     1    23     1    19    11     0     1   -51.0   35.733  -98.458    521.2    897.3
     1     1    23     1    19    10     0     2   -52.0   36.092  -98.985    578.2    876.6
     1     1    23     1    19     9     0     3   -53.0   36.516  -99.543    712.0    864.7
     1     1    23     1    19     8     0     2   -54.0   37.056 -100.137    941.8    825.3
     1     1    23     1    19     7     0     1   -55.0   37.700 -100.694   1114.9    785.2
     1     1    23     1    19     6     0     0   -56.0   38.412 -101.155   1258.6    767.9
     1     1    23     1    19     5     0     1   -57.0   39.142 -101.497   1341.8    740.0
     1     1    23     1    19     4     0     2   -58.0   39.833 -101.691   1301.9    749.5
     1     1    23     1    19     3     0     3   -59.0   40.475 -101.723   1187.1    759.9
     1     1    23     1    19     2     0     2   -60.0   41.059 -101.599   1032.0    778.1
     1     1    23     1    19     1     0     1   -61.0   41.586 -101.359    897.9    795.6
     1     1    23     1    19     0     0     0   -62.0   42.076 -101.029    744.2    808.7
     1     1    23     1    18    23     0     1   -63.0   42.509 -100.696    611.0    842.8
     1     1    23     1    18    22     0     2   -64.0   42.857 -100.373    533.6    855.6
     1     1    23     1    18    21     0     3   -65.0   43.142 -100.073    463.0    872.2
     1     1    23     1    18    20     0     2   -66.0   43.381  -99.804    409.5    890.3
     1     1    23     1    18    19     0     1   -67.0   43.576  -99.523    383.2    898.1
     1     1    23     1    18    18     0     0   -68.0   43.731  -99.213    376.0    903.1
     1     1    23     1    18    17     0     1   -69.0   43.850  -98.890    387.3    905.5
     1     1    23     1    18    16     0     2   -70.0   43.942  -98.590    405.7    908.0
     1     1    23     1    18    15     0     3   -71.0   44.015  -98.321    421.4    911.2
     1     1    23     1    18    14     0     2   -72.0   44.078  -98.082    428.2    913.2
     1     1    23     1    18    13     0     1   -73.0   44.132  -97.875    420.3    913.7
     1     1    23     1    18    12     0     0   -74.0   44.174  -97.700    402.0    913.3
     1     1    23     1    18    11     0     1   -75.0   44.221  -97.550    390.5    913.5
     1     1    23     1    18    10     0     2   -76.0   44.280  -97.415    402.1    909.8
     1     1    23     1    18     9     0     3   -77.0   44.347  -97.302    441.5    903.6
     1     1    23     1    18     8     0     2   -78.0   44.419  -97.219    484.0    893.1
     1     1    23     1    18     7     0     1   -79.0   44.500  -97.162    493.5    889.6
     1     1    23     1    18     6     0     0   -80.0   44.598  -97.122    466.4    891.1
     1     1    23     1    18     5     0     1   -81.0   44.718  -97.081    434.8    896.7
     1     1    23     1    18     4     0     2   -82.0   44.854  -97.031    415.8    895.8
     1     1    23     1    18     3     0     3   -83.0   45.011  -96.969    395.0    896.4
     1     1    23     1    18     2     0     2   -84.0   45.198  -96.922    379.8    905.6
     1     1    23     1    18     1     0     1   -85.0   45.413  -96.916    380.1    911.0
     1     1    23     1    18     0     0     0   -86.0   45.649  -96.944    393.1    915.2
     1     1    23     1    17    23     0     1   -87.0   45.897  -97.003    414.3    918.8
     1     1    23     1    17    22     0     2   -88.0   46.139  -97.088    437.1    918.7
     1     1    23     1    17    21     0     3   -89.0   46.366  -97.181    456.4    916.3
     1     1    23     1    17    20     0     2   -90.0   46.585  -97.243    464.9    914.7
     1     1    23     1    17    19     0     1   -91.0   46.815  -97.247    458.0    916.7
     1     1    23     1    17    18     0     0   -92.0   47.064  -97.195    441.1    920.5
     1     1    23     1    17    17     0     1   -93.0   47.339  -97.110    423.1    924.0
     1     1    23     1    17    16     0     2   -94.0   47.640  -97.006    402.0    926.9
     1     1    23     1    17    15     0     3   -95.0   47.962  -96.883    364.8    929.2
     1     1    23     1    17    14     0     2   -96.0   48.295  -96.769    329.2    934.8
     1     1    23     1    17    13     0     1   -97.0   48.629  -96.663    310.7    935.4
     1     1    23     1    17    12     0     0   -98.0   48.965  -96.551    304.1    934.8
     1     1    23     1    17    11     0     1   -99.0   49.290  -96.425    301.2    935.5
     1     1    23     1    17    10     0     2  -100.0   49.596  -96.299    296.9    937.4
     1     1    23     1    17     9     0     3  -101.0   49.886  -96.200    291.2    939.3
     1     1    23     1    17     8     0     2  -102.0   50.162  -96.109    283.5    940.5
     1     1    23     1    17     7     0     1  -103.0   50.416  -95.982    276.6    940.8
     1     1    23     1    17     6     0     0  -104.0   50.644  -95.803    273.9    939.7
     1     1    23     1    17     5     0     1  -105.0   50.859  -95.579    278.8    937.7
     1     1    23     1    17     4     0     2  -106.0   51.074  -95.322    292.1    933.7
     1     1    23     1    17     3     0     3  -107.0   51.291  -95.032    309.8    929.2
     1     1    23     1    17     2     0     2  -108.0   51.511  -94.733    328.1    925.4
     1     1    23     1    17     1     0     1  -109.0   51.736  -94.457    343.5    923.3
     1     1    23     1    17     0     0     0  -110.0   51.967  -94.218    357.8    922.9
     1     1    23     1    16    23     0     1  -111.0   52.196  -94.035    366.0    922.7
     1     1    23     1    16    22     0     2  -112.0   52.404  -93.923    362.2    924.5
     1     1    23     1    16    21     0     3  -113.0   52.587  -93.882    352.6    927.4
     1     1    23     1    16    20     0     2  -114.0   52.741  -93.880    343.2    930.1
     1     1    23     1    16    19     0     1  -115.0   52.867  -93.881    336.3    932.3
     1     1    23     1    16    18     0     0  -116.0   52.967  -93.876    333.7    933.6
     1     1    23     1    16    17     0     1  -117.0   53.058  -93.868    333.4    933.7
     1     1    23     1    16    16     0     2  -118.0   53.159  -93.860    332.2    934.1
     1     1    23     1    16    15     0     3  -119.0   53.269  -93.849    328.1    934.9
     1     1    23     1    16    14     0     2  -120.0   53.380  -93.845    322.2    936.5
