     8     1
    GDAS    22    12    22     0     0
    GDAS    22    12    29     0     0
    GDAS    23     1     1     0     0
    GDAS    23     1     8     0     0
    GDAS    23     1    15     0     0
    GDAS    23     1    22     0     0
    GDAS    23     1    29     0     0
    GDAS    23     2     1     0     0
     1 BACKWARD OMEGA   
    23     1    21    14   32.716  -96.748     5.0
     1 PRESSURE
     1     1    23     1    21    14     0     2     0.0   32.716  -96.748      5.0    996.4
     1     1    23     1    21    13     0     1    -1.0   32.637  -96.666      3.0    997.0
     1     1    23     1    21    12     0     0    -2.0   32.572  -96.577      0.9    997.5
     1     1    23     1    21    11     0     1    -3.0   32.513  -96.475      0.0    998.6
     1     1    23     1    21    10     0     2    -4.0   32.458  -96.360      0.0   1000.1
     1     1    23     1    21     9     0     3    -5.0   32.409  -96.237      0.0   1002.0
     1     1    23     1    21     8     0     2    -6.0   32.367  -96.115      0.0   1003.7
     1     1    23     1    21     7     0     1    -7.0   32.329  -95.996      0.0   1005.2
     1     1    23     1    21     6     0     0    -8.0   32.292  -95.881      0.0   1005.5
     1     1    23     1    21     5     0     1    -9.0   32.255  -95.767      0.0   1005.5
     1     1    23     1    21     4     0     2   -10.0   32.220  -95.649      0.0   1005.5
     1     1    23     1    21     3     0     3   -11.0   32.190  -95.525      0.0   1005.5
     1     1    23     1    21     2     0     2   -12.0   32.167  -95.401      0.0   1005.6
     1     1    23     1    21     1     0     1   -13.0   32.150  -95.283      0.8   1005.8
     1     1    23     1    21     0     0     0   -14.0   32.136  -95.176      2.7   1006.0
     1     1    23     1    20    23     0     1   -15.0   32.117  -95.073      4.8   1006.0
     1     1    23     1    20    22     0     2   -16.0   32.089  -94.965      6.3   1006.1
     1     1    23     1    20    21     0     3   -17.0   32.054  -94.851      6.8   1006.7
     1     1    23     1    20    20     0     2   -18.0   32.020  -94.740      7.0   1008.5
     1     1    23     1    20    19     0     1   -19.0   31.999  -94.638      7.4   1010.3
     1     1    23     1    20    18     0     0   -20.0   31.995  -94.540      8.3   1012.0
     1     1    23     1    20    17     0     1   -21.0   32.013  -94.441      9.6   1012.2
     1     1    23     1    20    16     0     2   -22.0   32.052  -94.337     10.8   1012.4
     1     1    23     1    20    15     0     3   -23.0   32.104  -94.230     12.1   1012.8
     1     1    23     1    20    14     0     2   -24.0   32.162  -94.131     13.1   1012.4
     1     1    23     1    20    13     0     1   -25.0   32.225  -94.047     14.0   1011.7
     1     1    23     1    20    12     0     0   -26.0   32.291  -93.976     14.8   1010.9
     1     1    23     1    20    11     0     1   -27.0   32.365  -93.917     15.8   1010.8
     1     1    23     1    20    10     0     2   -28.0   32.448  -93.868     17.2   1010.7
     1     1    23     1    20     9     0     3   -29.0   32.541  -93.830     19.0   1010.4
     1     1    23     1    20     8     0     2   -30.0   32.637  -93.805     21.4   1009.9
     1     1    23     1    20     7     0     1   -31.0   32.731  -93.798     24.2   1009.3
     1     1    23     1    20     6     0     0   -32.0   32.823  -93.809     27.5   1008.8
     1     1    23     1    20     5     0     1   -33.0   32.916  -93.843     32.0   1008.1
     1     1    23     1    20     4     0     2   -34.0   33.014  -93.905     39.3   1006.9
     1     1    23     1    20     3     0     3   -35.0   33.120  -93.996     50.6   1004.7
     1     1    23     1    20     2     0     2   -36.0   33.227  -94.107     62.7   1000.3
     1     1    23     1    20     1     0     1   -37.0   33.320  -94.226     70.3    997.1
     1     1    23     1    20     0     0     0   -38.0   33.399  -94.356     72.6    995.2
     1     1    23     1    19    23     0     1   -39.0   33.473  -94.502     74.3    994.5
     1     1    23     1    19    22     0     2   -40.0   33.554  -94.672     80.3    992.8
     1     1    23     1    19    21     0     3   -41.0   33.643  -94.867     91.3    990.6
     1     1    23     1    19    20     0     2   -42.0   33.746  -95.082    108.6    987.8
     1     1    23     1    19    19     0     1   -43.0   33.872  -95.313    132.8    984.5
     1     1    23     1    19    18     0     0   -44.0   34.032  -95.561    166.3    980.1
     1     1    23     1    19    17     0     1   -45.0   34.218  -95.838    205.4    972.8
     1     1    23     1    19    16     0     2   -46.0   34.420  -96.150    240.8    965.2
     1     1    23     1    19    15     0     3   -47.0   34.643  -96.509    269.4    954.7
     1     1    23     1    19    14     0     2   -48.0   34.891  -96.935    295.9    942.3
     1     1    23     1    19    13     0     1   -49.0   35.147  -97.416    342.7    935.8
     1     1    23     1    19    12     0     0   -50.0   35.406  -97.922    429.3    925.3
     1     1    23     1    19    11     0     1   -51.0   35.706  -98.441    514.4    898.8
     1     1    23     1    19    10     0     2   -52.0   36.060  -98.968    571.9    877.5
     1     1    23     1    19     9     0     3   -53.0   36.477  -99.527    702.2    865.4
     1     1    23     1    19     8     0     2   -54.0   37.009 -100.120    931.0    828.1
     1     1    23     1    19     7     0     1   -55.0   37.648 -100.682   1106.2    786.1
     1     1    23     1    19     6     0     0   -56.0   38.357 -101.150   1253.2    769.6
     1     1    23     1    19     5     0     1   -57.0   39.090 -101.502   1343.3    738.8
     1     1    23     1    19     4     0     2   -58.0   39.786 -101.706   1306.6    748.6
     1     1    23     1    19     3     0     3   -59.0   40.433 -101.747   1195.6    758.7
     1     1    23     1    19     2     0     2   -60.0   41.022 -101.631   1037.4    776.7
     1     1    23     1    19     1     0     1   -61.0   41.552 -101.397    900.0    795.3
     1     1    23     1    19     0     0     0   -62.0   42.045 -101.071    748.6    807.4
     1     1    23     1    18    23     0     1   -63.0   42.482 -100.738    615.6    841.0
     1     1    23     1    18    22     0     2   -64.0   42.833 -100.417    537.9    854.3
     1     1    23     1    18    21     0     3   -65.0   43.121 -100.115    468.1    870.3
     1     1    23     1    18    20     0     2   -66.0   43.361  -99.844    412.8    888.9
     1     1    23     1    18    19     0     1   -67.0   43.557  -99.566    383.2    897.6
     1     1    23     1    18    18     0     0   -68.0   43.713  -99.260    372.7    903.0
     1     1    23     1    18    17     0     1   -69.0   43.834  -98.938    382.4    905.5
     1     1    23     1    18    16     0     2   -70.0   43.928  -98.636    401.6    907.6
     1     1    23     1    18    15     0     3   -71.0   44.002  -98.367    418.3    910.8
     1     1    23     1    18    14     0     2   -72.0   44.065  -98.128    426.2    912.8
     1     1    23     1    18    13     0     1   -73.0   44.118  -97.920    418.8    914.5
     1     1    23     1    18    12     0     0   -74.0   44.161  -97.745    399.7    914.3
     1     1    23     1    18    11     0     1   -75.0   44.208  -97.594    387.2    914.6
     1     1    23     1    18    10     0     2   -76.0   44.268  -97.458    397.0    911.1
     1     1    23     1    18     9     0     3   -77.0   44.336  -97.343    433.7    905.2
     1     1    23     1    18     8     0     2   -78.0   44.409  -97.257    473.9    895.1
     1     1    23     1    18     7     0     1   -79.0   44.490  -97.197    483.3    891.6
     1     1    23     1    18     6     0     0   -80.0   44.589  -97.154    458.1    892.9
     1     1    23     1    18     5     0     1   -81.0   44.708  -97.111    428.6    898.1
     1     1    23     1    18     4     0     2   -82.0   44.844  -97.061    411.5    897.0
     1     1    23     1    18     3     0     3   -83.0   44.999  -97.000    392.7    895.5
     1     1    23     1    18     2     0     2   -84.0   45.183  -96.951    378.6    904.7
     1     1    23     1    18     1     0     1   -85.0   45.395  -96.943    379.7    910.1
     1     1    23     1    18     0     0     0   -86.0   45.628  -96.971    393.5    914.3
     1     1    23     1    17    23     0     1   -87.0   45.873  -97.029    415.1    917.8
     1     1    23     1    17    22     0     2   -88.0   46.112  -97.113    437.4    918.4
     1     1    23     1    17    21     0     3   -89.0   46.337  -97.208    457.8    915.8
     1     1    23     1    17    20     0     2   -90.0   46.554  -97.272    468.2    913.8
     1     1    23     1    17    19     0     1   -91.0   46.781  -97.279    463.2    915.5
     1     1    23     1    17    18     0     0   -92.0   47.026  -97.228    446.8    919.2
     1     1    23     1    17    17     0     1   -93.0   47.298  -97.142    427.9    923.0
     1     1    23     1    17    16     0     2   -94.0   47.597  -97.037    406.9    925.8
     1     1    23     1    17    15     0     3   -95.0   47.919  -96.912    370.1    928.8
     1     1    23     1    17    14     0     2   -96.0   48.253  -96.798    334.0    934.4
     1     1    23     1    17    13     0     1   -97.0   48.590  -96.694    314.7    935.2
     1     1    23     1    17    12     0     0   -98.0   48.927  -96.584    307.7    934.6
     1     1    23     1    17    11     0     1   -99.0   49.255  -96.459    304.6    935.1
     1     1    23     1    17    10     0     2  -100.0   49.564  -96.333    300.5    936.9
     1     1    23     1    17     9     0     3  -101.0   49.856  -96.231    295.3    938.8
     1     1    23     1    17     8     0     2  -102.0   50.133  -96.138    287.7    940.1
     1     1    23     1    17     7     0     1  -103.0   50.390  -96.013    280.2    940.5
     1     1    23     1    17     6     0     0  -104.0   50.619  -95.837    276.8    939.5
     1     1    23     1    17     5     0     1  -105.0   50.836  -95.617    281.0    937.7
     1     1    23     1    17     4     0     2  -106.0   51.052  -95.361    294.0    933.8
     1     1    23     1    17     3     0     3  -107.0   51.270  -95.073    311.8    929.3
     1     1    23     1    17     2     0     2  -108.0   51.490  -94.773    330.0    925.2
     1     1    23     1    17     1     0     1  -109.0   51.715  -94.496    345.1    923.1
     1     1    23     1    17     0     0     0  -110.0   51.947  -94.255    358.7    922.7
     1     1    23     1    16    23     0     1  -111.0   52.175  -94.071    366.5    922.6
     1     1    23     1    16    22     0     2  -112.0   52.384  -93.957    363.2    924.3
     1     1    23     1    16    21     0     3  -113.0   52.568  -93.915    353.6    927.2
     1     1    23     1    16    20     0     2  -114.0   52.722  -93.912    344.0    929.9
     1     1    23     1    16    19     0     1  -115.0   52.849  -93.912    336.7    932.1
     1     1    23     1    16    18     0     0  -116.0   52.949  -93.907    333.4    933.5
     1     1    23     1    16    17     0     1  -117.0   53.040  -93.898    332.8    933.7
     1     1    23     1    16    16     0     2  -118.0   53.141  -93.889    331.8    934.0
     1     1    23     1    16    15     0     3  -119.0   53.251  -93.878    327.9    934.9
     1     1    23     1    16    14     0     2  -120.0   53.363  -93.873    322.2    936.4
