     8     1
    GDAS    22    12    22     0     0
    GDAS    22    12    29     0     0
    GDAS    23     1     1     0     0
    GDAS    23     1     8     0     0
    GDAS    23     1    15     0     0
    GDAS    23     1    22     0     0
    GDAS    23     1    29     0     0
    GDAS    23     2     1     0     0
     1 BACKWARD OMEGA   
    23     1     1    15   32.716  -96.748    20.0
     1 PRESSURE
     1     1    23     1     1    15     0     3     0.0   32.716  -96.748     20.0    990.1
     1     1    23     1     1    14     0     2    -1.0   32.518  -96.799     19.2    989.3
     1     1    23     1     1    13     0     1    -2.0   32.331  -96.861     18.8    987.9
     1     1    23     1     1    12     0     0    -3.0   32.149  -96.937     18.5    986.0
     1     1    23     1     1    11     0     1    -4.0   31.967  -97.026     19.5    984.9
     1     1    23     1     1    10     0     2    -5.0   31.787  -97.123     23.1    983.9
     1     1    23     1     1     9     0     3    -6.0   31.607  -97.231     29.7    982.0
     1     1    23     1     1     8     0     2    -7.0   31.418  -97.355     38.3    979.9
     1     1    23     1     1     7     0     1    -8.0   31.216  -97.497     47.9    977.7
     1     1    23     1     1     6     0     0    -9.0   30.986  -97.661     62.1    974.7
     1     1    23     1     1     5     0     1   -10.0   30.731  -97.861     87.2    968.6
     1     1    23     1     1     4     0     2   -11.0   30.467  -98.095    123.8    960.1
     1     1    23     1     1     3     0     3   -12.0   30.206  -98.325    152.7    950.8
     1     1    23     1     1     2     0     2   -13.0   29.957  -98.523    166.5    946.5
     1     1    23     1     1     1     0     1   -14.0   29.711  -98.699    176.9    948.4
     1     1    23     1     1     0     0     0   -15.0   29.469  -98.864    191.9    951.2
     1     1    22    12    31    23     0     1   -16.0   29.234  -99.025    205.7    954.1
     1     1    22    12    31    22     0     2   -17.0   29.008  -99.171    202.4    962.2
     1     1    22    12    31    21     0     3   -18.0   28.793  -99.302    184.4    967.4
     1     1    22    12    31    20     0     2   -19.0   28.578  -99.417    163.3    972.6
     1     1    22    12    31    19     0     1   -20.0   28.351  -99.506    145.5    977.1
     1     1    22    12    31    18     0     0   -21.0   28.107  -99.570    135.5    980.4
     1     1    22    12    31    17     0     1   -22.0   27.871  -99.608    137.2    981.2
     1     1    22    12    31    16     0     2   -23.0   27.665  -99.624    148.2    980.1
     1     1    22    12    31    15     0     3   -24.0   27.480  -99.625    162.4    978.7
     1     1    22    12    31    14     0     2   -25.0   27.316  -99.616    176.2    976.9
     1     1    22    12    31    13     0     1   -26.0   27.188  -99.601    190.7    975.4
     1     1    22    12    31    12     0     0   -27.0   27.101  -99.581    209.6    973.3
     1     1    22    12    31    11     0     1   -28.0   27.046  -99.558    229.3    970.7
     1     1    22    12    31    10     0     2   -29.0   27.014  -99.533    243.7    969.0
     1     1    22    12    31     9     0     3   -30.0   27.006  -99.506    251.2    968.1
     1     1    22    12    31     8     0     2   -31.0   27.019  -99.472    241.0    968.2
     1     1    22    12    31     7     0     1   -32.0   27.051  -99.423    208.8    972.0
     1     1    22    12    31     6     0     0   -33.0   27.102  -99.362    167.8    977.7
     1     1    22    12    31     5     0     1   -34.0   27.172  -99.294    135.7    982.9
     1     1    22    12    31     4     0     2   -35.0   27.267  -99.227    116.5    984.9
     1     1    22    12    31     3     0     3   -36.0   27.389  -99.169    102.3    986.8
     1     1    22    12    31     2     0     2   -37.0   27.530  -99.137     91.0    988.6
     1     1    22    12    31     1     0     1   -38.0   27.675  -99.142     83.9    989.6
     1     1    22    12    31     0     0     0   -39.0   27.824  -99.182     81.0    989.8
     1     1    22    12    30    23     0     1   -40.0   27.971  -99.256     79.3    989.2
     1     1    22    12    30    22     0     2   -41.0   28.099  -99.356     77.6    987.1
     1     1    22    12    30    21     0     3   -42.0   28.199  -99.475     77.5    984.5
     1     1    22    12    30    20     0     2   -43.0   28.284  -99.589     78.4    983.2
     1     1    22    12    30    19     0     1   -44.0   28.370  -99.668     77.4    982.6
     1     1    22    12    30    18     0     0   -45.0   28.457  -99.709     71.6    983.3
     1     1    22    12    30    17     0     1   -46.0   28.538  -99.721     62.5    984.4
     1     1    22    12    30    16     0     2   -47.0   28.605  -99.719     54.5    985.5
     1     1    22    12    30    15     0     3   -48.0   28.657  -99.712     50.0    985.7
     1     1    22    12    30    14     0     2   -49.0   28.706  -99.716     49.5    985.3
     1     1    22    12    30    13     0     1   -50.0   28.760  -99.743     53.7    984.4
     1     1    22    12    30    12     0     0   -51.0   28.821  -99.789     62.0    982.8
     1     1    22    12    30    11     0     1   -52.0   28.881  -99.855     72.3    980.5
     1     1    22    12    30    10     0     2   -53.0   28.934  -99.942     80.3    978.9
     1     1    22    12    30     9     0     3   -54.0   28.974 -100.054     83.0    977.2
     1     1    22    12    30     8     0     2   -55.0   29.006 -100.164     83.9    975.5
     1     1    22    12    30     7     0     1   -56.0   29.045 -100.249     86.2    972.1
     1     1    22    12    30     6     0     0   -57.0   29.097 -100.317     89.8    968.6
     1     1    22    12    30     5     0     1   -58.0   29.163 -100.365     96.6    964.7
     1     1    22    12    30     4     0     2   -59.0   29.246 -100.393    108.4    960.0
     1     1    22    12    30     3     0     3   -60.0   29.345 -100.408    126.6    954.5
     1     1    22    12    30     2     0     2   -61.0   29.457 -100.425    154.1    947.3
     1     1    22    12    30     1     0     1   -62.0   29.581 -100.456    196.1    938.1
     1     1    22    12    30     0     0     0   -63.0   29.723 -100.499    268.6    926.7
     1     1    22    12    29    23     0     1   -64.0   29.890 -100.576    374.9    908.6
     1     1    22    12    29    22     0     2   -65.0   30.078 -100.706    482.4    891.7
     1     1    22    12    29    21     0     3   -66.0   30.284 -100.889    553.8    880.0
     1     1    22    12    29    20     0     2   -67.0   30.482 -101.116    590.6    873.2
     1     1    22    12    29    19     0     1   -68.0   30.647 -101.388    611.7    866.6
     1     1    22    12    29    18     0     0   -69.0   30.789 -101.737    615.8    862.5
     1     1    22    12    29    17     0     1   -70.0   30.906 -102.155    635.6    859.9
     1     1    22    12    29    16     0     2   -71.0   31.002 -102.604    728.6    846.9
     1     1    22    12    29    15     0     3   -72.0   31.099 -103.083    861.7    822.6
     1     1    22    12    29    14     0     2   -73.0   31.198 -103.609   1029.4    790.9
     1     1    22    12    29    13     0     1   -74.0   31.287 -104.188   1230.8    752.7
     1     1    22    12    29    12     0     0   -75.0   31.344 -104.807   1289.5    724.5
     1     1    22    12    29    11     0     1   -76.0   31.401 -105.457   1224.2    734.2
     1     1    22    12    29    10     0     2   -77.0   31.458 -106.107   1226.6    737.4
     1     1    22    12    29     9     0     3   -78.0   31.487 -106.739   1247.9    734.6
     1     1    22    12    29     8     0     2   -79.0   31.494 -107.375   1148.2    752.1
     1     1    22    12    29     7     0     1   -80.0   31.445 -108.008   1042.8    760.0
     1     1    22    12    29     6     0     0   -81.0   31.316 -108.593    933.4    755.0
     1     1    22    12    29     5     0     1   -82.0   31.096 -109.122    859.1    749.4
     1     1    22    12    29     4     0     2   -83.0   30.828 -109.598    930.1    754.5
     1     1    22    12    29     3     0     3   -84.0   30.599 -109.977   1061.6    750.5
     1     1    22    12    29     2     0     2   -85.0   30.374 -110.303   1180.3    761.9
     1     1    22    12    29     1     0     1   -86.0   30.114 -110.622   1275.3    776.0
     1     1    22    12    29     0     0     0   -87.0   29.817 -110.927   1374.8    795.6
     1     1    22    12    28    23     0     1   -88.0   29.540 -111.243   1411.0    802.0
     1     1    22    12    28    22     0     2   -89.0   29.310 -111.557   1347.0    828.8
     1     1    22    12    28    21     0     3   -90.0   29.109 -111.855   1272.0    855.3
     1     1    22    12    28    20     0     2   -91.0   28.947 -112.110   1188.8    870.4
     1     1    22    12    28    19     0     1   -92.0   28.826 -112.307   1110.8    884.8
     1     1    22    12    28    18     0     0   -93.0   28.717 -112.483   1125.0    884.6
     1     1    22    12    28    17     0     1   -94.0   28.613 -112.680   1248.3    864.3
     1     1    22    12    28    16     0     2   -95.0   28.529 -112.923   1424.7    836.4
     1     1    22    12    28    15     0     3   -96.0   28.478 -113.221   1556.5    815.3
     1     1    22    12    28    14     0     2   -97.0   28.442 -113.578   1696.8    813.8
     1     1    22    12    28    13     0     1   -98.0   28.402 -114.008   1882.4    797.7
     1     1    22    12    28    12     0     0   -99.0   28.365 -114.475   1972.9    786.6
     1     1    22    12    28    11     0     1  -100.0   28.334 -114.915   1947.5    801.0
     1     1    22    12    28    10     0     2  -101.0   28.309 -115.317   1894.0    810.5
     1     1    22    12    28     9     0     3  -102.0   28.287 -115.680   1811.4    815.9
     1     1    22    12    28     8     0     2  -103.0   28.269 -116.003   1704.8    829.8
     1     1    22    12    28     7     0     1  -104.0   28.263 -116.294   1632.1    840.6
     1     1    22    12    28     6     0     0  -105.0   28.265 -116.557   1615.9    841.7
     1     1    22    12    28     5     0     1  -106.0   28.277 -116.801   1609.0    838.6
     1     1    22    12    28     4     0     2  -107.0   28.305 -117.036   1562.7    842.7
     1     1    22    12    28     3     0     3  -108.0   28.349 -117.266   1497.7    852.5
     1     1    22    12    28     2     0     2  -109.0   28.404 -117.489   1468.7    857.8
     1     1    22    12    28     1     0     1  -110.0   28.458 -117.703   1498.9    854.8
     1     1    22    12    28     0     0     0  -111.0   28.505 -117.914   1590.6    845.8
     1     1    22    12    27    23     0     1  -112.0   28.543 -118.119   1694.5    830.7
     1     1    22    12    27    22     0     2  -113.0   28.573 -118.310   1762.5    824.5
     1     1    22    12    27    21     0     3  -114.0   28.593 -118.483   1810.3    821.8
     1     1    22    12    27    20     0     2  -115.0   28.616 -118.640   1850.5    818.5
     1     1    22    12    27    19     0     1  -116.0   28.654 -118.781   1883.2    816.7
     1     1    22    12    27    18     0     0  -117.0   28.709 -118.909   1914.2    814.7
     1     1    22    12    27    17     0     1  -118.0   28.772 -119.029   1951.4    811.5
     1     1    22    12    27    16     0     2  -119.0   28.835 -119.147   1995.7    806.2
     1     1    22    12    27    15     0     3  -120.0   28.899 -119.269   2041.7    801.6
