     8     1
    GDAS    22    12    22     0     0
    GDAS    22    12    29     0     0
    GDAS    23     1     1     0     0
    GDAS    23     1     8     0     0
    GDAS    23     1    15     0     0
    GDAS    23     1    22     0     0
    GDAS    23     1    29     0     0
    GDAS    23     2     1     0     0
     1 BACKWARD OMEGA   
    23     1    17    11   32.716  -96.748   500.0
     1 PRESSURE
     1     1    23     1    17    11     0     1     0.0   32.716  -96.748    500.0    931.4
     1     1    23     1    17    10     0     2    -1.0   32.705  -97.108    440.7    935.5
     1     1    23     1    17     9     0     3    -2.0   32.714  -97.482    411.4    933.3
     1     1    23     1    17     8     0     2    -3.0   32.733  -97.901    436.3    923.2
     1     1    23     1    17     7     0     1    -4.0   32.768  -98.385    504.3    908.1
     1     1    23     1    17     6     0     0    -5.0   32.817  -98.909    593.4    895.4
     1     1    23     1    17     5     0     1    -6.0   32.859  -99.460    688.9    878.7
     1     1    23     1    17     4     0     2    -7.0   32.875 -100.070    773.9    865.3
     1     1    23     1    17     3     0     3    -8.0   32.859 -100.747    914.7    839.9
     1     1    23     1    17     2     0     2    -9.0   32.834 -101.394   1089.5    803.0
     1     1    23     1    17     1     0     1   -10.0   32.803 -102.000   1243.5    777.2
     1     1    23     1    17     0     0     0   -11.0   32.776 -102.587   1407.0    756.4
     1     1    23     1    16    23     0     1   -12.0   32.791 -103.148   1559.3    729.8
     1     1    23     1    16    22     0     2   -13.0   32.826 -103.691   1612.6    718.5
     1     1    23     1    16    21     0     3   -14.0   32.837 -104.206   1548.0    719.6
     1     1    23     1    16    20     0     2   -15.0   32.850 -104.746   1430.8    716.4
     1     1    23     1    16    19     0     1   -16.0   32.868 -105.320   1151.2    720.2
     1     1    23     1    16    18     0     0   -17.0   32.768 -105.812    611.7    772.1
     1     1    23     1    16    17     0     1   -18.0   32.649 -106.089    305.9    848.3
     1     1    23     1    16    16     0     2   -19.0   32.565 -106.274    150.3    850.6
     1     1    23     1    16    15     0     3   -20.0   32.518 -106.422    105.5    844.7
     1     1    23     1    16    14     0     2   -21.0   32.484 -106.577     88.3    844.6
     1     1    23     1    16    13     0     1   -22.0   32.453 -106.780     83.2    846.7
     1     1    23     1    16    12     0     0   -23.0   32.426 -107.038     95.4    846.1
     1     1    23     1    16    11     0     1   -24.0   32.390 -107.381    123.6    831.8
     1     1    23     1    16    10     0     2   -25.0   32.338 -107.815    150.4    816.5
     1     1    23     1    16     9     0     3   -26.0   32.279 -108.262    175.1    818.3
     1     1    23     1    16     8     0     2   -27.0   32.223 -108.635    199.2    824.4
     1     1    23     1    16     7     0     1   -28.0   32.191 -108.910    208.4    827.4
     1     1    23     1    16     6     0     0   -29.0   32.182 -109.127    199.5    830.9
     1     1    23     1    16     5     0     1   -30.0   32.168 -109.335    198.1    835.0
     1     1    23     1    16     4     0     2   -31.0   32.112 -109.597    215.4    832.9
     1     1    23     1    16     3     0     3   -32.0   32.015 -109.964    204.4    828.3
     1     1    23     1    16     2     0     2   -33.0   31.869 -110.376    224.0    852.2
     1     1    23     1    16     1     0     1   -34.0   31.657 -110.766    279.1    852.9
     1     1    23     1    16     0     0     0   -35.0   31.428 -111.125    223.1    859.3
     1     1    23     1    15    23     0     1   -36.0   31.231 -111.402    112.1    891.6
     1     1    23     1    15    22     0     2   -37.0   31.054 -111.613     52.6    914.3
     1     1    23     1    15    21     0     3   -38.0   30.864 -111.818     15.5    929.3
     1     1    23     1    15    20     0     2   -39.0   30.660 -112.036      0.0    943.3
     1     1    23     1    15    19     0     1   -40.0   30.448 -112.253      0.0    958.4
     1     1    23     1    15    18     0     0   -41.0   30.231 -112.458      0.0    972.9
     1     1    23     1    15    17     0     1   -42.0   30.018 -112.633      0.0    985.3
     1     1    23     1    15    16     0     2   -43.0   29.831 -112.766      0.0    997.6
     1     1    23     1    15    15     0     3   -44.0   29.681 -112.883      0.0   1005.7
     1     1    23     1    15    14     0     2   -45.0   29.560 -113.014      0.0   1011.4
     1     1    23     1    15    13     0     1   -46.0   29.456 -113.159      0.0   1008.0
     1     1    23     1    15    12     0     0   -47.0   29.365 -113.295      0.0   1003.5
     1     1    23     1    15    11     0     1   -48.0   29.278 -113.418      0.0    998.4
     1     1    23     1    15    10     0     2   -49.0   29.190 -113.535      0.0    992.7
     1     1    23     1    15     9     0     3   -50.0   29.099 -113.649      0.0    986.1
     1     1    23     1    15     8     0     2   -51.0   29.011 -113.754      0.0    980.0
     1     1    23     1    15     7     0     1   -52.0   28.935 -113.849      0.0    978.5
     1     1    23     1    15     6     0     0   -53.0   28.875 -113.940      0.0    978.8
     1     1    23     1    15     5     0     1   -54.0   28.828 -114.026      0.0    980.0
     1     1    23     1    15     4     0     2   -55.0   28.792 -114.108      0.0    984.1
     1     1    23     1    15     3     0     3   -56.0   28.770 -114.193      0.0    987.6
     1     1    23     1    15     2     0     2   -57.0   28.756 -114.295      0.0    991.7
     1     1    23     1    15     1     0     1   -58.0   28.747 -114.431      0.0    996.5
     1     1    23     1    15     0     0     0   -59.0   28.749 -114.591      0.0   1001.9
     1     1    23     1    14    23     0     1   -60.0   28.760 -114.753      0.0   1007.2
     1     1    23     1    14    22     0     2   -61.0   28.770 -114.902      0.0   1012.1
     1     1    23     1    14    21     0     3   -62.0   28.776 -115.039      0.0   1015.5
     1     1    23     1    14    20     0     2   -63.0   28.785 -115.170      0.0   1015.6
     1     1    23     1    14    19     0     1   -64.0   28.807 -115.295      0.0   1015.8
     1     1    23     1    14    18     0     0   -65.0   28.848 -115.410      0.0   1016.0
     1     1    23     1    14    17     0     1   -66.0   28.913 -115.533      0.1   1015.8
     1     1    23     1    14    16     0     2   -67.0   29.010 -115.677      0.7   1015.5
     1     1    23     1    14    15     0     3   -68.0   29.131 -115.821      1.7   1013.9
     1     1    23     1    14    14     0     2   -69.0   29.272 -115.946      2.3   1014.6
     1     1    23     1    14    13     0     1   -70.0   29.432 -116.056      2.5   1015.7
     1     1    23     1    14    12     0     0   -71.0   29.609 -116.163      2.9   1015.8
     1     1    23     1    14    11     0     1   -72.0   29.787 -116.268      3.8   1015.8
     1     1    23     1    14    10     0     2   -73.0   29.956 -116.369      4.7   1015.8
     1     1    23     1    14     9     0     3   -74.0   30.116 -116.465      4.9   1013.8
     1     1    23     1    14     8     0     2   -75.0   30.260 -116.559      4.5   1012.8
     1     1    23     1    14     7     0     1   -76.0   30.390 -116.661      3.9   1013.1
     1     1    23     1    14     6     0     0   -77.0   30.512 -116.771      3.3   1014.8
     1     1    23     1    14     5     0     1   -78.0   30.636 -116.887      2.7   1016.7
     1     1    23     1    14     4     0     2   -79.0   30.770 -117.007      2.4   1019.4
     1     1    23     1    14     3     0     3   -80.0   30.909 -117.127      2.4   1019.3
     1     1    23     1    14     2     0     2   -81.0   31.043 -117.242      2.7   1018.4
     1     1    23     1    14     1     0     1   -82.0   31.167 -117.349      3.0   1017.8
     1     1    23     1    14     0     0     0   -83.0   31.279 -117.445      3.3   1017.4
     1     1    23     1    13    23     0     1   -84.0   31.373 -117.536      3.4   1018.3
     1     1    23     1    13    22     0     2   -85.0   31.442 -117.634      3.2   1019.0
     1     1    23     1    13    21     0     3   -86.0   31.492 -117.746      3.0   1019.4
     1     1    23     1    13    20     0     2   -87.0   31.531 -117.860      2.6   1019.9
     1     1    23     1    13    19     0     1   -88.0   31.566 -117.965      2.1   1020.3
     1     1    23     1    13    18     0     0   -89.0   31.598 -118.062      1.7   1020.6
     1     1    23     1    13    17     0     1   -90.0   31.631 -118.146      2.0   1020.0
     1     1    23     1    13    16     0     2   -91.0   31.670 -118.220      3.8   1019.4
     1     1    23     1    13    15     0     3   -92.0   31.717 -118.282      7.0   1019.0
     1     1    23     1    13    14     0     2   -93.0   31.765 -118.350     10.7   1018.9
     1     1    23     1    13    13     0     1   -94.0   31.806 -118.442     14.5   1018.3
     1     1    23     1    13    12     0     0   -95.0   31.844 -118.561     18.8   1017.7
     1     1    23     1    13    11     0     1   -96.0   31.877 -118.694     22.5   1017.0
     1     1    23     1    13    10     0     2   -97.0   31.902 -118.827     23.6   1016.8
     1     1    23     1    13     9     0     3   -98.0   31.922 -118.969     21.6   1017.1
     1     1    23     1    13     8     0     2   -99.0   31.928 -119.101     19.1   1017.8
     1     1    23     1    13     7     0     1  -100.0   31.911 -119.200     18.1   1018.0
     1     1    23     1    13     6     0     0  -101.0   31.875 -119.266     18.3   1018.0
     1     1    23     1    13     5     0     1  -102.0   31.827 -119.305     18.7   1017.8
     1     1    23     1    13     4     0     2  -103.0   31.772 -119.324     18.3   1017.8
     1     1    23     1    13     3     0     3  -104.0   31.710 -119.324     17.3   1018.0
     1     1    23     1    13     2     0     2  -105.0   31.654 -119.306     16.4   1018.4
     1     1    23     1    13     1     0     1  -106.0   31.614 -119.272     16.4   1018.6
     1     1    23     1    13     0     0     0  -107.0   31.594 -119.226     17.1   1018.6
     1     1    23     1    12    23     0     1  -108.0   31.589 -119.185     18.3   1018.4
     1     1    23     1    12    22     0     2  -109.0   31.591 -119.163     19.6   1018.3
     1     1    23     1    12    21     0     3  -110.0   31.599 -119.160     20.9   1018.2
     1     1    23     1    12    20     0     2  -111.0   31.609 -119.156     22.1   1018.2
     1     1    23     1    12    19     0     1  -112.0   31.623 -119.131     23.1   1018.2
     1     1    23     1    12    18     0     0  -113.0   31.643 -119.084     23.7   1018.3
     1     1    23     1    12    17     0     1  -114.0   31.678 -119.035     24.3   1018.3
     1     1    23     1    12    16     0     2  -115.0   31.735 -118.997     24.9   1018.2
     1     1    23     1    12    15     0     3  -116.0   31.811 -118.970     25.8   1018.2
     1     1    23     1    12    14     0     2  -117.0   31.898 -118.952     27.0   1018.1
     1     1    23     1    12    13     0     1  -118.0   31.989 -118.941     28.3   1018.0
     1     1    23     1    12    12     0     0  -119.0   32.083 -118.938     29.9   1017.8
     1     1    23     1    12    11     0     1  -120.0   32.182 -118.940     31.5   1017.8
