     8     1
    GDAS    22    12    22     0     0
    GDAS    22    12    29     0     0
    GDAS    23     1     1     0     0
    GDAS    23     1     8     0     0
    GDAS    23     1    15     0     0
    GDAS    23     1    22     0     0
    GDAS    23     1    29     0     0
    GDAS    23     2     1     0     0
     1 BACKWARD OMEGA   
    23     1     3    14   32.716  -96.748    20.0
     1 PRESSURE
     1     1    23     1     3    14     0     2     0.0   32.716  -96.748     20.0    987.5
     1     1    23     1     3    13     0     1    -1.0   32.704  -96.923     25.3    986.2
     1     1    23     1     3    12     0     0    -2.0   32.698  -97.114     34.4    982.4
     1     1    23     1     3    11     0     1    -3.0   32.693  -97.327     48.0    976.3
     1     1    23     1     3    10     0     2    -4.0   32.683  -97.570     67.2    969.1
     1     1    23     1     3     9     0     3    -5.0   32.671  -97.865     96.7    959.8
     1     1    23     1     3     8     0     2    -6.0   32.648  -98.228    135.1    950.9
     1     1    23     1     3     7     0     1    -7.0   32.618  -98.639    163.2    942.0
     1     1    23     1     3     6     0     0    -8.0   32.577  -99.058    162.4    937.1
     1     1    23     1     3     5     0     1    -9.0   32.545  -99.461    165.4    936.4
     1     1    23     1     3     4     0     2   -10.0   32.543  -99.897    215.3    926.3
     1     1    23     1     3     3     0     3   -11.0   32.567 -100.403    322.5    905.1
     1     1    23     1     3     2     0     2   -12.0   32.620 -101.005    488.4    874.5
     1     1    23     1     3     1     0     1   -13.0   32.654 -101.708    753.6    838.0
     1     1    23     1     3     0     0     0   -14.0   32.629 -102.467   1128.4    780.9
     1     1    23     1     2    23     0     1   -15.0   32.568 -103.202   1369.3    753.5
     1     1    23     1     2    22     0     2   -16.0   32.523 -103.911   1611.2    730.2
     1     1    23     1     2    21     0     3   -17.0   32.463 -104.701   1726.8    687.0
     1     1    23     1     2    20     0     2   -18.0   32.358 -105.602   1531.6    697.7
     1     1    23     1     2    19     0     1   -19.0   32.272 -106.364   1187.1    737.9
     1     1    23     1     2    18     0     0   -20.0   32.206 -107.043   1228.0    745.0
     1     1    23     1     2    17     0     1   -21.0   32.107 -107.718   1516.5    703.6
     1     1    23     1     2    16     0     2   -22.0   31.996 -108.387   1650.0    683.8
     1     1    23     1     2    15     0     3   -23.0   31.889 -109.013   1441.3    693.1
     1     1    23     1     2    14     0     2   -24.0   31.734 -109.569   1293.8    740.0
     1     1    23     1     2    13     0     1   -25.0   31.540 -110.154   1406.8    715.4
     1     1    23     1     2    12     0     0   -26.0   31.353 -110.739   1448.3    714.8
     1     1    23     1     2    11     0     1   -27.0   31.193 -111.210   1392.4    750.6
     1     1    23     1     2    10     0     2   -28.0   31.073 -111.585   1374.6    773.6
     1     1    23     1     2     9     0     3   -29.0   30.997 -111.884   1422.1    787.6
     1     1    23     1     2     8     0     2   -30.0   30.924 -112.148   1470.9    790.9
     1     1    23     1     2     7     0     1   -31.0   30.841 -112.403   1467.5    809.4
     1     1    23     1     2     6     0     0   -32.0   30.802 -112.640   1486.6    826.8
     1     1    23     1     2     5     0     1   -33.0   30.815 -112.843   1514.9    829.7
     1     1    23     1     2     4     0     2   -34.0   30.836 -113.023   1461.4    842.5
     1     1    23     1     2     3     0     3   -35.0   30.819 -113.203   1291.0    859.3
     1     1    23     1     2     2     0     2   -36.0   30.751 -113.424   1076.5    888.9
     1     1    23     1     2     1     0     1   -37.0   30.684 -113.663    910.4    907.4
     1     1    23     1     2     0     0     0   -38.0   30.648 -113.882    767.0    919.5
     1     1    23     1     1    23     0     1   -39.0   30.634 -114.082    639.1    932.7
     1     1    23     1     1    22     0     2   -40.0   30.597 -114.322    588.9    926.7
     1     1    23     1     1    21     0     3   -41.0   30.541 -114.644    661.6    901.5
     1     1    23     1     1    20     0     2   -42.0   30.504 -115.049    857.4    859.3
     1     1    23     1     1    19     0     1   -43.0   30.523 -115.493    961.0    851.1
     1     1    23     1     1    18     0     0   -44.0   30.631 -115.911    735.9    888.3
     1     1    23     1     1    17     0     1   -45.0   30.786 -116.315    399.6    953.7
     1     1    23     1     1    16     0     2   -46.0   30.955 -116.721    206.7    991.7
     1     1    23     1     1    15     0     3   -47.0   31.158 -117.154    150.9    999.4
     1     1    23     1     1    14     0     2   -48.0   31.361 -117.621    143.5    993.7
     1     1    23     1     1    13     0     1   -49.0   31.558 -118.099    143.7    994.4
     1     1    23     1     1    12     0     0   -50.0   31.787 -118.584    155.7    991.7
     1     1    23     1     1    11     0     1   -51.0   32.031 -119.061    170.4    989.5
     1     1    23     1     1    10     0     2   -52.0   32.290 -119.550    178.3    987.7
     1     1    23     1     1     9     0     3   -53.0   32.598 -120.067    180.9    988.7
     1     1    23     1     1     8     0     2   -54.0   32.935 -120.585    193.4    987.9
     1     1    23     1     1     7     0     1   -55.0   33.272 -121.085    209.5    984.8
     1     1    23     1     1     6     0     0   -56.0   33.617 -121.574    225.9    984.3
     1     1    23     1     1     5     0     1   -57.0   33.977 -122.056    248.1    981.1
     1     1    23     1     1     4     0     2   -58.0   34.357 -122.524    262.0    978.3
     1     1    23     1     1     3     0     3   -59.0   34.759 -122.954    262.2    978.6
     1     1    23     1     1     2     0     2   -60.0   35.202 -123.355    249.5    978.3
     1     1    23     1     1     1     0     1   -61.0   35.699 -123.717    241.3    980.2
     1     1    23     1     1     0     0     0   -62.0   36.227 -124.040    253.4    977.9
     1     1    22    12    31    23     0     1   -63.0   36.748 -124.318    250.6    974.3
     1     1    22    12    31    22     0     2   -64.0   37.237 -124.539    232.2    980.0
     1     1    22    12    31    21     0     3   -65.0   37.687 -124.722    204.3    980.9
     1     1    22    12    31    20     0     2   -66.0   38.070 -124.846    163.9    987.4
     1     1    22    12    31    19     0     1   -67.0   38.394 -124.911    135.7    993.8
     1     1    22    12    31    18     0     0   -68.0   38.641 -124.968    137.3    993.8
     1     1    22    12    31    17     0     1   -69.0   38.821 -125.028    156.0    990.4
     1     1    22    12    31    16     0     2   -70.0   38.959 -125.086    177.5    986.6
     1     1    22    12    31    15     0     3   -71.0   39.069 -125.128    192.0    984.0
     1     1    22    12    31    14     0     2   -72.0   39.166 -125.175    196.2    984.1
     1     1    22    12    31    13     0     1   -73.0   39.262 -125.250    195.0    985.1
     1     1    22    12    31    12     0     0   -74.0   39.360 -125.356    196.9    985.7
     1     1    22    12    31    11     0     1   -75.0   39.470 -125.498    205.4    984.9
     1     1    22    12    31    10     0     2   -76.0   39.605 -125.683    212.5    983.7
     1     1    22    12    31     9     0     3   -77.0   39.779 -125.909    208.2    983.6
     1     1    22    12    31     8     0     2   -78.0   39.973 -126.178    206.2    985.5
     1     1    22    12    31     7     0     1   -79.0   40.150 -126.492    213.5    983.7
     1     1    22    12    31     6     0     0   -80.0   40.303 -126.847    217.5    982.7
     1     1    22    12    31     5     0     1   -81.0   40.439 -127.224    217.0    982.5
     1     1    22    12    31     4     0     2   -82.0   40.571 -127.609    213.4    982.1
     1     1    22    12    31     3     0     3   -83.0   40.729 -127.998    214.4    982.4
     1     1    22    12    31     2     0     2   -84.0   40.920 -128.386    220.9    979.9
     1     1    22    12    31     1     0     1   -85.0   41.105 -128.782    220.7    978.8
     1     1    22    12    31     0     0     0   -86.0   41.281 -129.182    227.5    979.4
     1     1    22    12    30    23     0     1   -87.0   41.429 -129.567    250.1    975.5
     1     1    22    12    30    22     0     2   -88.0   41.540 -129.921    256.4    971.8
     1     1    22    12    30    21     0     3   -89.0   41.641 -130.233    221.6    975.0
     1     1    22    12    30    20     0     2   -90.0   41.753 -130.508    183.7    983.4
     1     1    22    12    30    19     0     1   -91.0   41.902 -130.748    162.0    984.6
     1     1    22    12    30    18     0     0   -92.0   42.124 -130.913    149.7    985.8
     1     1    22    12    30    17     0     1   -93.0   42.323 -131.060    142.6    985.7
     1     1    22    12    30    16     0     2   -94.0   42.445 -131.257    134.9    986.6
     1     1    22    12    30    15     0     3   -95.0   42.533 -131.524    135.3    987.0
     1     1    22    12    30    14     0     2   -96.0   42.599 -131.852    147.7    985.4
     1     1    22    12    30    13     0     1   -97.0   42.625 -132.206    163.2    982.6
     1     1    22    12    30    12     0     0   -98.0   42.592 -132.577    175.1    980.7
     1     1    22    12    30    11     0     1   -99.0   42.509 -132.979    185.0    980.0
     1     1    22    12    30    10     0     2  -100.0   42.405 -133.425    178.8    979.5
     1     1    22    12    30     9     0     3  -101.0   42.302 -133.878    155.4    984.3
     1     1    22    12    30     8     0     2  -102.0   42.209 -134.327    141.7    987.6
     1     1    22    12    30     7     0     1  -103.0   42.122 -134.790    143.8    987.0
     1     1    22    12    30     6     0     0  -104.0   42.026 -135.272    142.5    985.3
     1     1    22    12    30     5     0     1  -105.0   41.929 -135.757    130.6    987.3
     1     1    22    12    30     4     0     2  -106.0   41.844 -136.240    119.3    988.4
     1     1    22    12    30     3     0     3  -107.0   41.767 -136.722    116.1    988.8
     1     1    22    12    30     2     0     2  -108.0   41.699 -137.216    120.6    987.4
     1     1    22    12    30     1     0     1  -109.0   41.638 -137.727    124.8    986.2
     1     1    22    12    30     0     0     0  -110.0   41.579 -138.257    127.2    985.9
     1     1    22    12    29    23     0     1  -111.0   41.520 -138.809    130.0    985.9
     1     1    22    12    29    22     0     2  -112.0   41.455 -139.380    134.6    985.8
     1     1    22    12    29    21     0     3  -113.0   41.386 -139.976    140.5    985.5
     1     1    22    12    29    20     0     2  -114.0   41.307 -140.599    147.7    983.9
     1     1    22    12    29    19     0     1  -115.0   41.224 -141.238    153.8    982.0
     1     1    22    12    29    18     0     0  -116.0   41.149 -141.899    157.1    982.0
     1     1    22    12    29    17     0     1  -117.0   41.054 -142.586    157.7    980.6
     1     1    22    12    29    16     0     2  -118.0   40.924 -143.294    153.0    980.9
     1     1    22    12    29    15     0     3  -119.0   40.802 -144.027    150.1    982.4
     1     1    22    12    29    14     0     2  -120.0   40.661 -144.767    150.6    981.4
