     8     1
    GDAS    22    12    22     0     0
    GDAS    22    12    29     0     0
    GDAS    23     1     1     0     0
    GDAS    23     1     8     0     0
    GDAS    23     1    15     0     0
    GDAS    23     1    22     0     0
    GDAS    23     1    29     0     0
    GDAS    23     2     1     0     0
     1 BACKWARD OMEGA   
    23     1    25    16   32.716  -96.748  1500.0
     1 PRESSURE
     1     1    23     1    25    16     0     2     0.0   32.716  -96.748   1500.0    828.8
     1     1    23     1    25    15     0     3    -1.0   32.971  -97.038   1504.8    827.7
     1     1    23     1    25    14     0     2    -2.0   33.244  -97.318   1514.9    821.1
     1     1    23     1    25    13     0     1    -3.0   33.533  -97.594   1549.4    812.9
     1     1    23     1    25    12     0     0    -4.0   33.830  -97.866   1615.5    803.7
     1     1    23     1    25    11     0     1    -5.0   34.128  -98.126   1694.8    791.4
     1     1    23     1    25    10     0     2    -6.0   34.432  -98.359   1742.5    779.7
     1     1    23     1    25     9     0     3    -7.0   34.742  -98.562   1731.9    775.3
     1     1    23     1    25     8     0     2    -8.0   35.051  -98.732   1727.4    777.1
     1     1    23     1    25     7     0     1    -9.0   35.355  -98.866   1798.6    765.0
     1     1    23     1    25     6     0     0   -10.0   35.649  -98.965   1915.6    745.8
     1     1    23     1    25     5     0     1   -11.0   35.935  -99.040   1978.2    728.4
     1     1    23     1    25     4     0     2   -12.0   36.210  -99.092   1956.8    734.0
     1     1    23     1    25     3     0     3   -13.0   36.467  -99.119   1896.2    742.9
     1     1    23     1    25     2     0     2   -14.0   36.697  -99.134   1825.0    752.6
     1     1    23     1    25     1     0     1   -15.0   36.906  -99.155   1746.5    759.9
     1     1    23     1    25     0     0     0   -16.0   37.106  -99.180   1645.5    769.3
     1     1    23     1    24    23     0     1   -17.0   37.266  -99.196   1557.0    780.5
     1     1    23     1    24    22     0     2   -18.0   37.359  -99.198   1503.2    784.4
     1     1    23     1    24    21     0     3   -19.0   37.392  -99.192   1471.2    787.3
     1     1    23     1    24    20     0     2   -20.0   37.379  -99.170   1452.3    789.7
     1     1    23     1    24    19     0     1   -21.0   37.328  -99.122   1437.9    792.7
     1     1    23     1    24    18     0     0   -22.0   37.235  -99.047   1426.5    796.1
     1     1    23     1    24    17     0     1   -23.0   37.107  -98.951   1496.0    799.4
     1     1    23     1    24    16     0     2   -24.0   36.944  -98.840   1693.2    778.4
     1     1    23     1    24    15     0     3   -25.0   36.727  -98.712   1897.1    753.1
     1     1    23     1    24    14     0     2   -26.0   36.461  -98.587   2000.6    739.6
     1     1    23     1    24    13     0     1   -27.0   36.171  -98.456   2031.4    745.8
     1     1    23     1    24    12     0     0   -28.0   35.855  -98.298   2050.0    749.8
     1     1    23     1    24    11     0     1   -29.0   35.524  -98.139   1982.3    753.8
     1     1    23     1    24    10     0     2   -30.0   35.214  -98.000   1772.2    779.6
     1     1    23     1    24     9     0     3   -31.0   34.929  -97.871   1544.4    813.4
     1     1    23     1    24     8     0     2   -32.0   34.675  -97.745   1426.0    831.9
     1     1    23     1    24     7     0     1   -33.0   34.455  -97.624   1422.7    831.6
     1     1    23     1    24     6     0     0   -34.0   34.260  -97.522   1489.7    826.3
     1     1    23     1    24     5     0     1   -35.0   34.079  -97.447   1568.2    816.1
     1     1    23     1    24     4     0     2   -36.0   33.906  -97.382   1614.1    813.2
     1     1    23     1    24     3     0     3   -37.0   33.740  -97.324   1635.8    812.6
     1     1    23     1    24     2     0     2   -38.0   33.582  -97.272   1652.7    813.1
     1     1    23     1    24     1     0     1   -39.0   33.436  -97.227   1675.0    811.5
     1     1    23     1    24     0     0     0   -40.0   33.306  -97.189   1699.6    809.9
     1     1    23     1    23    23     0     1   -41.0   33.190  -97.162   1712.2    808.1
     1     1    23     1    23    22     0     2   -42.0   33.088  -97.147   1693.9    810.0
     1     1    23     1    23    21     0     3   -43.0   33.008  -97.133   1635.4    815.9
     1     1    23     1    23    20     0     2   -44.0   32.952  -97.107   1565.5    827.4
     1     1    23     1    23    19     0     1   -45.0   32.915  -97.078   1517.5    833.5
     1     1    23     1    23    18     0     0   -46.0   32.891  -97.056   1491.7    837.1
     1     1    23     1    23    17     0     1   -47.0   32.883  -97.043   1484.9    837.5
     1     1    23     1    23    16     0     2   -48.0   32.895  -97.038   1492.8    836.7
     1     1    23     1    23    15     0     3   -49.0   32.928  -97.044   1515.2    834.2
     1     1    23     1    23    14     0     2   -50.0   32.991  -97.067   1538.1    829.5
     1     1    23     1    23    13     0     1   -51.0   33.091  -97.113   1549.5    826.5
     1     1    23     1    23    12     0     0   -52.0   33.225  -97.184   1556.3    823.7
     1     1    23     1    23    11     0     1   -53.0   33.370  -97.279   1581.3    820.6
     1     1    23     1    23    10     0     2   -54.0   33.505  -97.408   1636.8    811.9
     1     1    23     1    23     9     0     3   -55.0   33.634  -97.574   1713.6    801.3
     1     1    23     1    23     8     0     2   -56.0   33.768  -97.763   1779.5    790.1
     1     1    23     1    23     7     0     1   -57.0   33.911  -97.954   1810.8    786.2
     1     1    23     1    23     6     0     0   -58.0   34.058  -98.142   1826.1    784.7
     1     1    23     1    23     5     0     1   -59.0   34.217  -98.339   1845.5    780.3
     1     1    23     1    23     4     0     2   -60.0   34.396  -98.550   1876.3    773.1
     1     1    23     1    23     3     0     3   -61.0   34.596  -98.766   1908.1    764.5
     1     1    23     1    23     2     0     2   -62.0   34.823  -98.986   1925.3    756.6
     1     1    23     1    23     1     0     1   -63.0   35.071  -99.205   1961.9    750.8
     1     1    23     1    23     0     0     0   -64.0   35.338  -99.429   2088.6    734.3
     1     1    23     1    22    23     0     1   -65.0   35.632  -99.667   2244.1    705.3
     1     1    23     1    22    22     0     2   -66.0   35.956  -99.902   2333.4    689.4
     1     1    23     1    22    21     0     3   -67.0   36.301 -100.122   2410.4    685.6
     1     1    23     1    22    20     0     2   -68.0   36.658 -100.325   2526.9    673.0
     1     1    23     1    22    19     0     1   -69.0   37.027 -100.496   2653.5    658.7
     1     1    23     1    22    18     0     0   -70.0   37.420 -100.619   2762.6    643.3
     1     1    23     1    22    17     0     1   -71.0   37.839 -100.696   2870.8    631.1
     1     1    23     1    22    16     0     2   -72.0   38.272 -100.742   2994.3    618.5
     1     1    23     1    22    15     0     3   -73.0   38.709 -100.749   3118.4    607.7
     1     1    23     1    22    14     0     2   -74.0   39.153 -100.726   3218.2    598.9
     1     1    23     1    22    13     0     1   -75.0   39.611 -100.694   3288.3    593.9
     1     1    23     1    22    12     0     0   -76.0   40.079 -100.661   3352.2    590.0
     1     1    23     1    22    11     0     1   -77.0   40.541 -100.621   3428.0    584.0
     1     1    23     1    22    10     0     2   -78.0   40.978 -100.560   3509.9    576.6
     1     1    23     1    22     9     0     3   -79.0   41.381 -100.481   3573.4    570.4
     1     1    23     1    22     8     0     2   -80.0   41.762 -100.389   3628.8    568.2
     1     1    23     1    22     7     0     1   -81.0   42.138 -100.281   3696.9    564.4
     1     1    23     1    22     6     0     0   -82.0   42.492 -100.160   3771.1    561.9
     1     1    23     1    22     5     0     1   -83.0   42.813 -100.058   3846.2    559.5
     1     1    23     1    22     4     0     2   -84.0   43.117  -99.979   3931.7    557.0
     1     1    23     1    22     3     0     3   -85.0   43.406  -99.921   4056.4    553.8
     1     1    23     1    22     2     0     2   -86.0   43.669  -99.893   4207.6    543.7
     1     1    23     1    22     1     0     1   -87.0   43.907  -99.884   4325.0    536.3
     1     1    23     1    22     0     0     0   -88.0   44.126  -99.884   4372.5    533.1
     1     1    23     1    21    23     0     1   -89.0   44.326  -99.926   4381.9    534.3
     1     1    23     1    21    22     0     2   -90.0   44.508 -100.033   4398.4    531.9
     1     1    23     1    21    21     0     3   -91.0   44.674 -100.191   4417.2    528.3
     1     1    23     1    21    20     0     2   -92.0   44.833 -100.369   4427.6    525.8
     1     1    23     1    21    19     0     1   -93.0   44.992 -100.539   4427.1    525.1
     1     1    23     1    21    18     0     0   -94.0   45.147 -100.705   4428.3    525.2
     1     1    23     1    21    17     0     1   -95.0   45.307 -100.885   4434.6    523.6
     1     1    23     1    21    16     0     2   -96.0   45.487 -101.091   4442.6    522.1
     1     1    23     1    21    15     0     3   -97.0   45.687 -101.319   4458.0    520.3
     1     1    23     1    21    14     0     2   -98.0   45.903 -101.569   4490.5    517.3
     1     1    23     1    21    13     0     1   -99.0   46.127 -101.845   4530.1    512.7
     1     1    23     1    21    12     0     0  -100.0   46.366 -102.158   4556.0    509.8
     1     1    23     1    21    11     0     1  -101.0   46.650 -102.500   4595.4    507.1
     1     1    23     1    21    10     0     2  -102.0   46.970 -102.864   4671.8    499.8
     1     1    23     1    21     9     0     3  -103.0   47.304 -103.247   4743.8    492.6
     1     1    23     1    21     8     0     2  -104.0   47.681 -103.612   4780.5    496.4
     1     1    23     1    21     7     0     1  -105.0   48.087 -103.956   4822.2    501.1
     1     1    23     1    21     6     0     0  -106.0   48.500 -104.306   4851.1    495.3
     1     1    23     1    21     5     0     1  -107.0   48.946 -104.677   4890.1    489.7
     1     1    23     1    21     4     0     2  -108.0   49.426 -105.063   4945.3    486.1
     1     1    23     1    21     3     0     3  -109.0   49.933 -105.443   4992.8    486.3
     1     1    23     1    21     2     0     2  -110.0   50.466 -105.824   5034.5    484.4
     1     1    23     1    21     1     0     1  -111.0   51.028 -106.247   5077.1    482.9
     1     1    23     1    21     0     0     0  -112.0   51.598 -106.740   5148.6    482.0
     1     1    23     1    20    23     0     1  -113.0   52.199 -107.289   5175.5    472.9
     1     1    23     1    20    22     0     2  -114.0   52.836 -107.858   5103.4    478.1
     1     1    23     1    20    21     0     3  -115.0   53.447 -108.451   5009.4    488.5
     1     1    23     1    20    20     0     2  -116.0   54.039 -109.103   4932.0    497.3
     1     1    23     1    20    19     0     1  -117.0   54.667 -109.825   4858.3    491.8
     1     1    23     1    20    18     0     0  -118.0   55.259 -110.644   4811.6    499.1
     1     1    23     1    20    17     0     1  -119.0   55.799 -111.571   4851.2    493.6
     1     1    23     1    20    16     0     2  -120.0   56.362 -112.550   4904.7    491.9
