     8     1
    GDAS    22    12    22     0     0
    GDAS    22    12    29     0     0
    GDAS    23     1     1     0     0
    GDAS    23     1     8     0     0
    GDAS    23     1    15     0     0
    GDAS    23     1    22     0     0
    GDAS    23     1    29     0     0
    GDAS    23     2     1     0     0
     1 BACKWARD OMEGA   
    23     1     3    13   32.716  -96.748   130.0
     1 PRESSURE
     1     1    23     1     3    13     0     1     0.0   32.716  -96.748    130.0    975.2
     1     1    23     1     3    12     0     0    -1.0   32.735  -97.058    155.2    970.6
     1     1    23     1     3    11     0     1    -2.0   32.760  -97.409    188.1    959.2
     1     1    23     1     3    10     0     2    -3.0   32.785  -97.814    231.6    946.6
     1     1    23     1     3     9     0     3    -4.0   32.809  -98.276    290.8    934.0
     1     1    23     1     3     8     0     2    -5.0   32.834  -98.781    350.9    921.3
     1     1    23     1     3     7     0     1    -6.0   32.856  -99.324    392.1    912.5
     1     1    23     1     3     6     0     0    -7.0   32.886  -99.910    440.6    905.8
     1     1    23     1     3     5     0     1    -8.0   32.932 -100.535    544.2    882.1
     1     1    23     1     3     4     0     2    -9.0   32.996 -101.191    741.2    847.3
     1     1    23     1     3     3     0     3   -10.0   33.065 -101.858   1115.9    801.5
     1     1    23     1     3     2     0     2   -11.0   33.079 -102.536   1576.6    728.7
     1     1    23     1     3     1     0     1   -12.0   33.039 -103.208   1775.6    689.2
     1     1    23     1     3     0     0     0   -13.0   33.039 -103.804   1850.8    703.5
     1     1    23     1     2    23     0     1   -14.0   33.048 -104.436   2054.6    670.5
     1     1    23     1     2    22     0     2   -15.0   32.993 -105.167   2320.8    626.4
     1     1    23     1     2    21     0     3   -16.0   32.931 -105.851   2035.7    642.4
     1     1    23     1     2    20     0     2   -17.0   32.927 -106.363   1260.7    717.8
     1     1    23     1     2    19     0     1   -18.0   32.892 -106.801    677.5    809.5
     1     1    23     1     2    18     0     0   -19.0   32.854 -107.211    449.2    807.8
     1     1    23     1     2    17     0     1   -20.0   32.801 -107.640    380.8    771.5
     1     1    23     1     2    16     0     2   -21.0   32.709 -108.093    299.9    764.9
     1     1    23     1     2    15     0     3   -22.0   32.611 -108.473    220.3    797.8
     1     1    23     1     2    14     0     2   -23.0   32.525 -108.737    164.4    816.1
     1     1    23     1     2    13     0     1   -24.0   32.450 -108.908    119.5    826.6
     1     1    23     1     2    12     0     0   -25.0   32.383 -109.023     81.5    834.9
     1     1    23     1     2    11     0     1   -26.0   32.343 -109.132     51.7    842.4
     1     1    23     1     2    10     0     2   -27.0   32.332 -109.277     32.0    847.2
     1     1    23     1     2     9     0     3   -28.0   32.338 -109.449     20.2    852.3
     1     1    23     1     2     8     0     2   -29.0   32.330 -109.630     15.3    856.6
     1     1    23     1     2     7     0     1   -30.0   32.289 -109.814     15.1    858.9
     1     1    23     1     2     6     0     0   -31.0   32.221 -110.019     15.5    860.1
     1     1    23     1     2     5     0     1   -32.0   32.110 -110.258     28.5    867.7
     1     1    23     1     2     4     0     2   -33.0   31.926 -110.562    145.4    871.8
     1     1    23     1     2     3     0     3   -34.0   31.645 -110.970    354.1    854.8
     1     1    23     1     2     2     0     2   -35.0   31.308 -111.442    317.9    846.5
     1     1    23     1     2     1     0     1   -36.0   31.029 -111.816    133.1    919.9
     1     1    23     1     2     0     0     0   -37.0   30.765 -112.148      0.0    946.4
     1     1    23     1     1    23     0     1   -38.0   30.523 -112.434      0.0    966.5
     1     1    23     1     1    22     0     2   -39.0   30.282 -112.704      0.0    985.9
     1     1    23     1     1    21     0     3   -40.0   30.029 -112.967      0.0   1005.6
     1     1    23     1     1    20     0     2   -41.0   29.807 -113.226      1.6   1007.3
     1     1    23     1     1    19     0     1   -42.0   29.618 -113.487      0.0   1002.3
     1     1    23     1     1    18     0     0   -43.0   29.404 -113.747      0.0    991.9
     1     1    23     1     1    17     0     1   -44.0   29.152 -113.981      0.0    974.8
     1     1    23     1     1    16     0     2   -45.0   28.920 -114.170      0.0    978.0
     1     1    23     1     1    15     0     3   -46.0   28.725 -114.316      0.0    989.6
     1     1    23     1     1    14     0     2   -47.0   28.569 -114.442      0.0    997.3
     1     1    23     1     1    13     0     1   -48.0   28.452 -114.570      0.0   1002.6
     1     1    23     1     1    12     0     0   -49.0   28.362 -114.700      0.0   1006.3
     1     1    23     1     1    11     0     1   -50.0   28.296 -114.834      0.1   1009.6
     1     1    23     1     1    10     0     2   -51.0   28.251 -114.983      0.4   1012.7
     1     1    23     1     1     9     0     3   -52.0   28.225 -115.145      0.3   1014.0
     1     1    23     1     1     8     0     2   -53.0   28.203 -115.302      0.0   1014.2
     1     1    23     1     1     7     0     1   -54.0   28.180 -115.439      0.0   1014.4
     1     1    23     1     1     6     0     0   -55.0   28.162 -115.560      0.1   1014.5
     1     1    23     1     1     5     0     1   -56.0   28.160 -115.672      0.4   1014.3
     1     1    23     1     1     4     0     2   -57.0   28.181 -115.789      0.9   1014.1
     1     1    23     1     1     3     0     3   -58.0   28.221 -115.912      1.5   1013.8
     1     1    23     1     1     2     0     2   -59.0   28.273 -116.042      2.2   1013.7
     1     1    23     1     1     1     0     1   -60.0   28.333 -116.173      2.5   1013.8
     1     1    23     1     1     0     0     0   -61.0   28.398 -116.306      2.4   1014.0
     1     1    22    12    31    23     0     1   -62.0   28.466 -116.438      2.0   1014.9
     1     1    22    12    31    22     0     2   -63.0   28.534 -116.572      1.2   1015.6
     1     1    22    12    31    21     0     3   -64.0   28.602 -116.706      0.0   1016.3
     1     1    22    12    31    20     0     2   -65.0   28.672 -116.835      0.0   1016.5
     1     1    22    12    31    19     0     1   -66.0   28.746 -116.952      0.0   1016.7
     1     1    22    12    31    18     0     0   -67.0   28.826 -117.055      0.6   1016.8
     1     1    22    12    31    17     0     1   -68.0   28.917 -117.144      1.8   1016.5
     1     1    22    12    31    16     0     2   -69.0   29.023 -117.222      3.3   1016.3
     1     1    22    12    31    15     0     3   -70.0   29.145 -117.290      5.0   1016.1
     1     1    22    12    31    14     0     2   -71.0   29.277 -117.354      6.6   1016.1
     1     1    22    12    31    13     0     1   -72.0   29.415 -117.418      7.8   1016.2
     1     1    22    12    31    12     0     0   -73.0   29.561 -117.481      8.8   1016.3
     1     1    22    12    31    11     0     1   -74.0   29.707 -117.540      9.6   1016.3
     1     1    22    12    31    10     0     2   -75.0   29.842 -117.598     10.5   1016.2
     1     1    22    12    31     9     0     3   -76.0   29.969 -117.653     11.6   1016.0
     1     1    22    12    31     8     0     2   -77.0   30.090 -117.707     13.1   1016.6
     1     1    22    12    31     7     0     1   -78.0   30.209 -117.760     14.7   1017.3
     1     1    22    12    31     6     0     0   -79.0   30.324 -117.810     16.5   1018.0
     1     1    22    12    31     5     0     1   -80.0   30.440 -117.862     18.3   1018.0
     1     1    22    12    31     4     0     2   -81.0   30.560 -117.920     20.5   1017.8
     1     1    22    12    31     3     0     3   -82.0   30.684 -117.985     23.6   1017.6
     1     1    22    12    31     2     0     2   -83.0   30.806 -118.053     27.3   1015.9
     1     1    22    12    31     1     0     1   -84.0   30.920 -118.125     30.4   1014.4
     1     1    22    12    31     0     0     0   -85.0   31.025 -118.200     32.7   1013.0
     1     1    22    12    30    23     0     1   -86.0   31.128 -118.285     35.4   1013.2
     1     1    22    12    30    22     0     2   -87.0   31.232 -118.385     40.1   1013.2
     1     1    22    12    30    21     0     3   -88.0   31.336 -118.500     46.8   1013.3
     1     1    22    12    30    20     0     2   -89.0   31.436 -118.624     54.2   1013.2
     1     1    22    12    30    19     0     1   -90.0   31.527 -118.747     62.0   1012.7
     1     1    22    12    30    18     0     0   -91.0   31.609 -118.867     73.2   1011.6
     1     1    22    12    30    17     0     1   -92.0   31.694 -118.981     85.6   1009.2
     1     1    22    12    30    16     0     2   -93.0   31.793 -119.090     90.8   1007.8
     1     1    22    12    30    15     0     3   -94.0   31.902 -119.195     86.3   1008.1
     1     1    22    12    30    14     0     2   -95.0   32.014 -119.312     80.0   1009.2
     1     1    22    12    30    13     0     1   -96.0   32.123 -119.451     77.8   1008.9
     1     1    22    12    30    12     0     0   -97.0   32.231 -119.606     78.4   1008.3
     1     1    22    12    30    11     0     1   -98.0   32.334 -119.767     80.9   1008.3
     1     1    22    12    30    10     0     2   -99.0   32.426 -119.928     86.2   1008.0
     1     1    22    12    30     9     0     3  -100.0   32.513 -120.087     95.3   1007.0
     1     1    22    12    30     8     0     2  -101.0   32.602 -120.248    103.8   1005.3
     1     1    22    12    30     7     0     1  -102.0   32.696 -120.416    106.7   1004.9
     1     1    22    12    30     6     0     0  -103.0   32.795 -120.589    105.1   1005.1
     1     1    22    12    30     5     0     1  -104.0   32.894 -120.767    100.2   1005.0
     1     1    22    12    30     4     0     2  -105.0   32.987 -120.950     91.8   1005.2
     1     1    22    12    30     3     0     3  -106.0   33.072 -121.137     80.8   1006.0
     1     1    22    12    30     2     0     2  -107.0   33.148 -121.325     72.4   1007.1
     1     1    22    12    30     1     0     1  -108.0   33.211 -121.521     68.1   1007.3
     1     1    22    12    30     0     0     0  -109.0   33.258 -121.729     65.9   1007.3
     1     1    22    12    29    23     0     1  -110.0   33.295 -121.947     65.6   1007.5
     1     1    22    12    29    22     0     2  -111.0   33.334 -122.171     67.5   1007.2
     1     1    22    12    29    21     0     3  -112.0   33.377 -122.402     71.9   1006.6
     1     1    22    12    29    20     0     2  -113.0   33.422 -122.645     76.8   1005.7
     1     1    22    12    29    19     0     1  -114.0   33.465 -122.903     79.1   1005.4
     1     1    22    12    29    18     0     0  -115.0   33.507 -123.170     78.1   1005.6
     1     1    22    12    29    17     0     1  -116.0   33.540 -123.455     75.3   1005.4
     1     1    22    12    29    16     0     2  -117.0   33.564 -123.760     72.2   1005.1
     1     1    22    12    29    15     0     3  -118.0   33.582 -124.075     69.9   1004.7
     1     1    22    12    29    14     0     2  -119.0   33.590 -124.405     66.0   1005.0
     1     1    22    12    29    13     0     1  -120.0   33.586 -124.747     61.2   1006.0
