     8     1
    GDAS    22    12    22     0     0
    GDAS    22    12    29     0     0
    GDAS    23     1     1     0     0
    GDAS    23     1     8     0     0
    GDAS    23     1    15     0     0
    GDAS    23     1    22     0     0
    GDAS    23     1    29     0     0
    GDAS    23     2     1     0     0
     1 BACKWARD OMEGA   
    23     1    13    14   32.716  -96.748     5.0
     1 PRESSURE
     1     1    23     1    13    14     0     2     0.0   32.716  -96.748      5.0   1008.2
     1     1    23     1    13    13     0     1    -1.0   32.843  -96.729      6.5   1008.4
     1     1    23     1    13    12     0     0    -2.0   32.972  -96.717      8.0   1008.5
     1     1    23     1    13    11     0     1    -3.0   33.100  -96.714      9.1   1007.9
     1     1    23     1    13    10     0     2    -4.0   33.227  -96.723      9.9   1007.1
     1     1    23     1    13     9     0     3    -5.0   33.354  -96.742     10.5   1006.1
     1     1    23     1    13     8     0     2    -6.0   33.479  -96.768     11.3   1005.0
     1     1    23     1    13     7     0     1    -7.0   33.601  -96.805     12.6   1003.8
     1     1    23     1    13     6     0     0    -8.0   33.718  -96.855     14.6   1002.5
     1     1    23     1    13     5     0     1    -9.0   33.835  -96.913     18.3   1001.2
     1     1    23     1    13     4     0     2   -10.0   33.959  -96.968     26.8    999.4
     1     1    23     1    13     3     0     3   -11.0   34.097  -97.019     44.3    996.5
     1     1    23     1    13     2     0     2   -12.0   34.264  -97.070     66.3    990.3
     1     1    23     1    13     1     0     1   -13.0   34.465  -97.120     82.5    984.2
     1     1    23     1    13     0     0     0   -14.0   34.696  -97.173     92.1    979.1
     1     1    23     1    12    23     0     1   -15.0   34.966  -97.238     98.0    974.6
     1     1    23     1    12    22     0     2   -16.0   35.276  -97.327    104.3    974.9
     1     1    23     1    12    21     0     3   -17.0   35.611  -97.439    115.5    974.9
     1     1    23     1    12    20     0     2   -18.0   35.954  -97.553    133.2    973.8
     1     1    23     1    12    19     0     1   -19.0   36.301  -97.646    157.5    968.2
     1     1    23     1    12    18     0     0   -20.0   36.658  -97.711    188.4    961.1
     1     1    23     1    12    17     0     1   -21.0   37.042  -97.765    229.3    952.8
     1     1    23     1    12    16     0     2   -22.0   37.469  -97.835    276.3    942.2
     1     1    23     1    12    15     0     3   -23.0   37.929  -97.927    320.7    932.0
     1     1    23     1    12    14     0     2   -24.0   38.413  -98.025    349.6    924.9
     1     1    23     1    12    13     0     1   -25.0   38.906  -98.118    344.3    923.2
     1     1    23     1    12    12     0     0   -26.0   39.394  -98.210    331.5    926.5
     1     1    23     1    12    11     0     1   -27.0   39.888  -98.300    354.7    923.2
     1     1    23     1    12    10     0     2   -28.0   40.409  -98.393    405.2    910.1
     1     1    23     1    12     9     0     3   -29.0   40.938  -98.507    459.1    898.1
     1     1    23     1    12     8     0     2   -30.0   41.456  -98.621    501.0    885.6
     1     1    23     1    12     7     0     1   -31.0   41.960  -98.722    510.6    879.0
     1     1    23     1    12     6     0     0   -32.0   42.434  -98.821    493.0    885.6
     1     1    23     1    12     5     0     1   -33.0   42.873  -98.931    456.9    894.7
     1     1    23     1    12     4     0     2   -34.0   43.289  -99.044    414.6    902.6
     1     1    23     1    12     3     0     3   -35.0   43.687  -99.132    392.0    909.2
     1     1    23     1    12     2     0     2   -36.0   44.075  -99.194    396.4    910.2
     1     1    23     1    12     1     0     1   -37.0   44.458  -99.258    419.0    908.5
     1     1    23     1    12     0     0     0   -38.0   44.845  -99.332    465.1    903.4
     1     1    23     1    11    23     0     1   -39.0   45.224  -99.419    530.9    891.0
     1     1    23     1    11    22     0     2   -40.0   45.586  -99.536    595.6    878.2
     1     1    23     1    11    21     0     3   -41.0   45.930  -99.689    652.7    869.0
     1     1    23     1    11    20     0     2   -42.0   46.258  -99.864    691.1    864.0
     1     1    23     1    11    19     0     1   -43.0   46.571 -100.040    691.3    865.0
     1     1    23     1    11    18     0     0   -44.0   46.869 -100.193    670.4    870.1
     1     1    23     1    11    17     0     1   -45.0   47.163 -100.330    653.1    873.2
     1     1    23     1    11    16     0     2   -46.0   47.456 -100.470    648.7    874.4
     1     1    23     1    11    15     0     3   -47.0   47.743 -100.610    661.3    873.5
     1     1    23     1    11    14     0     2   -48.0   48.017 -100.750    689.8    870.3
     1     1    23     1    11    13     0     1   -49.0   48.273 -100.888    722.7    865.4
     1     1    23     1    11    12     0     0   -50.0   48.512 -101.018    748.0    863.4
     1     1    23     1    11    11     0     1   -51.0   48.746 -101.138    759.9    862.2
     1     1    23     1    11    10     0     2   -52.0   48.976 -101.252    760.5    863.2
     1     1    23     1    11     9     0     3   -53.0   49.199 -101.365    761.0    862.0
     1     1    23     1    11     8     0     2   -54.0   49.412 -101.476    766.0    858.1
     1     1    23     1    11     7     0     1   -55.0   49.611 -101.580    770.3    854.4
     1     1    23     1    11     6     0     0   -56.0   49.795 -101.672    774.5    850.6
     1     1    23     1    11     5     0     1   -57.0   49.965 -101.753    776.9    846.7
     1     1    23     1    11     4     0     2   -58.0   50.123 -101.829    775.4    845.9
     1     1    23     1    11     3     0     3   -59.0   50.278 -101.892    772.3    847.0
     1     1    23     1    11     2     0     2   -60.0   50.425 -101.954    769.6    848.2
     1     1    23     1    11     1     0     1   -61.0   50.558 -102.027    762.5    849.8
     1     1    23     1    11     0     0     0   -62.0   50.680 -102.107    743.0    852.6
     1     1    23     1    10    23     0     1   -63.0   50.797 -102.193    704.9    857.2
     1     1    23     1    10    22     0     2   -64.0   50.910 -102.278    646.8    864.2
     1     1    23     1    10    21     0     3   -65.0   51.013 -102.352    574.1    872.8
     1     1    23     1    10    20     0     2   -66.0   51.108 -102.411    509.3    882.2
     1     1    23     1    10    19     0     1   -67.0   51.201 -102.462    466.1    886.6
     1     1    23     1    10    18     0     0   -68.0   51.296 -102.501    435.3    889.9
     1     1    23     1    10    17     0     1   -69.0   51.398 -102.539    414.3    892.1
     1     1    23     1    10    16     0     2   -70.0   51.505 -102.585    404.7    892.8
     1     1    23     1    10    15     0     3   -71.0   51.614 -102.639    408.8    892.0
     1     1    23     1    10    14     0     2   -72.0   51.707 -102.695    416.9    889.6
     1     1    23     1    10    13     0     1   -73.0   51.775 -102.746    415.8    888.9
     1     1    23     1    10    12     0     0   -74.0   51.821 -102.790    402.8    889.5
     1     1    23     1    10    11     0     1   -75.0   51.856 -102.834    384.6    891.6
     1     1    23     1    10    10     0     2   -76.0   51.888 -102.880    369.4    892.7
     1     1    23     1    10     9     0     3   -77.0   51.914 -102.932    360.0    893.1
     1     1    23     1    10     8     0     2   -78.0   51.927 -102.986    341.7    892.4
     1     1    23     1    10     7     0     1   -79.0   51.924 -103.035    300.9    897.1
     1     1    23     1    10     6     0     0   -80.0   51.908 -103.076    245.3    904.6
     1     1    23     1    10     5     0     1   -81.0   51.881 -103.099    197.7    912.0
     1     1    23     1    10     4     0     2   -82.0   51.839 -103.118    167.9    915.4
     1     1    23     1    10     3     0     3   -83.0   51.781 -103.149    151.6    917.5
     1     1    23     1    10     2     0     2   -84.0   51.720 -103.203    145.4    918.2
     1     1    23     1    10     1     0     1   -85.0   51.669 -103.273    144.1    918.2
     1     1    23     1    10     0     0     0   -86.0   51.624 -103.349    143.7    918.2
     1     1    23     1     9    23     0     1   -87.0   51.583 -103.438    142.3    918.5
     1     1    23     1     9    22     0     2   -88.0   51.540 -103.551    139.6    919.1
     1     1    23     1     9    21     0     3   -89.0   51.497 -103.686    136.1    919.9
     1     1    23     1     9    20     0     2   -90.0   51.450 -103.832    131.1    920.9
     1     1    23     1     9    19     0     1   -91.0   51.395 -103.976    124.0    922.1
     1     1    23     1     9    18     0     0   -92.0   51.335 -104.121    115.5    923.6
     1     1    23     1     9    17     0     1   -93.0   51.265 -104.252    106.1    924.8
     1     1    23     1     9    16     0     2   -94.0   51.181 -104.357     95.8    926.2
     1     1    23     1     9    15     0     3   -95.0   51.087 -104.435     84.8    927.7
     1     1    23     1     9    14     0     2   -96.0   50.994 -104.496     76.1    929.1
     1     1    23     1     9    13     0     1   -97.0   50.907 -104.553     72.7    929.5
     1     1    23     1     9    12     0     0   -98.0   50.820 -104.617     76.7    928.9
     1     1    23     1     9    11     0     1   -99.0   50.722 -104.694     87.4    927.8
     1     1    23     1     9    10     0     2  -100.0   50.607 -104.788    104.2    926.3
     1     1    23     1     9     9     0     3  -101.0   50.484 -104.897    129.6    924.0
     1     1    23     1     9     8     0     2  -102.0   50.376 -105.029    158.4    919.6
     1     1    23     1     9     7     0     1  -103.0   50.296 -105.191    178.0    915.1
     1     1    23     1     9     6     0     0  -104.0   50.234 -105.371    186.6    912.8
     1     1    23     1     9     5     0     1  -105.0   50.160 -105.558    196.5    911.3
     1     1    23     1     9     4     0     2  -106.0   50.059 -105.751    211.6    907.3
     1     1    23     1     9     3     0     3  -107.0   49.947 -105.930    222.4    903.2
     1     1    23     1     9     2     0     2  -108.0   49.830 -106.099    230.6    899.6
     1     1    23     1     9     1     0     1  -109.0   49.707 -106.276    243.1    895.7
     1     1    23     1     9     0     0     0  -110.0   49.574 -106.458    259.9    891.5
     1     1    23     1     8    23     0     1  -111.0   49.434 -106.641    280.4    887.7
     1     1    23     1     8    22     0     2  -112.0   49.286 -106.823    304.4    883.8
     1     1    23     1     8    21     0     3  -113.0   49.128 -106.981    328.6    880.6
     1     1    23     1     8    20     0     2  -114.0   48.965 -107.096    348.6    877.5
     1     1    23     1     8    19     0     1  -115.0   48.793 -107.184    361.4    877.4
     1     1    23     1     8    18     0     0  -116.0   48.599 -107.271    366.7    878.2
     1     1    23     1     8    17     0     1  -117.0   48.397 -107.368    369.3    879.3
     1     1    23     1     8    16     0     2  -118.0   48.207 -107.469    376.8    879.7
     1     1    23     1     8    15     0     3  -119.0   48.032 -107.552    393.4    879.0
     1     1    23     1     8    14     0     2  -120.0   47.861 -107.632    423.0    874.6
