     8     1
    GDAS    22    12    22     0     0
    GDAS    22    12    29     0     0
    GDAS    23     1     1     0     0
    GDAS    23     1     8     0     0
    GDAS    23     1    15     0     0
    GDAS    23     1    22     0     0
    GDAS    23     1    29     0     0
    GDAS    23     2     1     0     0
     1 BACKWARD OMEGA   
    23     1    27    16   32.716  -96.748    15.0
     1 PRESSURE
     1     1    23     1    27    16     0     2     0.0   32.716  -96.748     15.0   1003.7
     1     1    23     1    27    15     0     3    -1.0   32.578  -96.858     15.0   1003.5
     1     1    23     1    27    14     0     2    -2.0   32.446  -96.951     15.3   1002.7
     1     1    23     1    27    13     0     1    -3.0   32.318  -97.041     16.8   1001.0
     1     1    23     1    27    12     0     0    -4.0   32.193  -97.129     20.1    998.5
     1     1    23     1    27    11     0     1    -5.0   32.070  -97.218     25.2    995.7
     1     1    23     1    27    10     0     2    -6.0   31.948  -97.308     31.3    993.3
     1     1    23     1    27     9     0     3    -7.0   31.826  -97.392     38.5    991.5
     1     1    23     1    27     8     0     2    -8.0   31.711  -97.471     47.9    989.5
     1     1    23     1    27     7     0     1    -9.0   31.612  -97.548     60.5    987.0
     1     1    23     1    27     6     0     0   -10.0   31.531  -97.618     75.4    983.9
     1     1    23     1    27     5     0     1   -11.0   31.466  -97.676     89.6    981.1
     1     1    23     1    27     4     0     2   -12.0   31.415  -97.718    100.6    979.2
     1     1    23     1    27     3     0     3   -13.0   31.383  -97.744    107.1    978.1
     1     1    23     1    27     2     0     2   -14.0   31.373  -97.762    110.2    977.4
     1     1    23     1    27     1     0     1   -15.0   31.391  -97.779    111.5    976.8
     1     1    23     1    27     0     0     0   -16.0   31.435  -97.797    111.0    976.2
     1     1    23     1    26    23     0     1   -17.0   31.500  -97.829    112.0    975.8
     1     1    23     1    26    22     0     2   -18.0   31.582  -97.884    118.5    973.9
     1     1    23     1    26    21     0     3   -19.0   31.682  -97.962    131.8    971.1
     1     1    23     1    26    20     0     2   -20.0   31.796  -98.053    150.3    967.9
     1     1    23     1    26    19     0     1   -21.0   31.919  -98.150    171.5    964.8
     1     1    23     1    26    18     0     0   -22.0   32.051  -98.254    196.3    961.4
     1     1    23     1    26    17     0     1   -23.0   32.192  -98.367    221.4    956.7
     1     1    23     1    26    16     0     2   -24.0   32.347  -98.494    243.8    953.1
     1     1    23     1    26    15     0     3   -25.0   32.522  -98.635    265.7    949.8
     1     1    23     1    26    14     0     2   -26.0   32.722  -98.786    291.9    945.7
     1     1    23     1    26    13     0     1   -27.0   32.940  -98.945    328.8    940.9
     1     1    23     1    26    12     0     0   -28.0   33.172  -99.112    373.1    934.6
     1     1    23     1    26    11     0     1   -29.0   33.415  -99.272    411.6    928.7
     1     1    23     1    26    10     0     2   -30.0   33.671  -99.428    447.2    923.4
     1     1    23     1    26     9     0     3   -31.0   33.937  -99.593    501.7    915.1
     1     1    23     1    26     8     0     2   -32.0   34.210  -99.764    571.1    899.5
     1     1    23     1    26     7     0     1   -33.0   34.481  -99.928    637.4    886.9
     1     1    23     1    26     6     0     0   -34.0   34.745 -100.085    706.6    873.6
     1     1    23     1    26     5     0     1   -35.0   35.017 -100.239    775.8    859.0
     1     1    23     1    26     4     0     2   -36.0   35.320 -100.401    840.7    845.3
     1     1    23     1    26     3     0     3   -37.0   35.656 -100.571    915.3    832.1
     1     1    23     1    26     2     0     2   -38.0   36.015 -100.746    996.8    817.1
     1     1    23     1    26     1     0     1   -39.0   36.378 -100.936   1063.7    806.6
     1     1    23     1    26     0     0     0   -40.0   36.736 -101.141   1120.6    797.2
     1     1    23     1    25    23     0     1   -41.0   37.092 -101.351   1167.3    784.9
     1     1    23     1    25    22     0     2   -42.0   37.445 -101.568   1186.5    776.9
     1     1    23     1    25    21     0     3   -43.0   37.794 -101.781   1180.7    774.7
     1     1    23     1    25    20     0     2   -44.0   38.154 -101.977   1152.7    773.9
     1     1    23     1    25    19     0     1   -45.0   38.536 -102.146   1127.1    770.7
     1     1    23     1    25    18     0     0   -46.0   38.947 -102.287   1151.5    759.8
     1     1    23     1    25    17     0     1   -47.0   39.385 -102.430   1202.7    749.4
     1     1    23     1    25    16     0     2   -48.0   39.852 -102.577   1215.4    746.8
     1     1    23     1    25    15     0     3   -49.0   40.367 -102.711   1199.6    750.2
     1     1    23     1    25    14     0     2   -50.0   40.923 -102.873   1254.1    747.8
     1     1    23     1    25    13     0     1   -51.0   41.469 -103.083   1354.6    730.2
     1     1    23     1    25    12     0     0   -52.0   42.002 -103.316   1382.0    727.2
     1     1    23     1    25    11     0     1   -53.0   42.520 -103.586   1369.1    742.8
     1     1    23     1    25    10     0     2   -54.0   43.023 -103.907   1414.1    735.2
     1     1    23     1    25     9     0     3   -55.0   43.539 -104.257   1512.7    696.4
     1     1    23     1    25     8     0     2   -56.0   44.081 -104.627   1714.6    677.6
     1     1    23     1    25     7     0     1   -57.0   44.597 -105.015   1953.8    674.3
     1     1    23     1    25     6     0     0   -58.0   45.075 -105.419   2125.5    670.4
     1     1    23     1    25     5     0     1   -59.0   45.537 -105.815   2197.6    673.2
     1     1    23     1    25     4     0     2   -60.0   45.976 -106.181   2138.3    689.8
     1     1    23     1    25     3     0     3   -61.0   46.425 -106.540   2029.8    703.5
     1     1    23     1    25     2     0     2   -62.0   46.897 -106.894   1992.0    703.9
     1     1    23     1    25     1     0     1   -63.0   47.367 -107.268   1986.9    709.3
     1     1    23     1    25     0     0     0   -64.0   47.818 -107.684   1891.6    720.1
     1     1    23     1    24    23     0     1   -65.0   48.262 -108.138   1700.8    740.5
     1     1    23     1    24    22     0     2   -66.0   48.682 -108.596   1576.2    753.7
     1     1    23     1    24    21     0     3   -67.0   49.069 -109.091   1588.0    750.5
     1     1    23     1    24    20     0     2   -68.0   49.472 -109.618   1555.4    744.1
     1     1    23     1    24    19     0     1   -69.0   49.915 -110.123   1408.7    770.4
     1     1    23     1    24    18     0     0   -70.0   50.361 -110.624   1270.3    792.8
     1     1    23     1    24    17     0     1   -71.0   50.810 -111.090   1196.5    803.5
     1     1    23     1    24    16     0     2   -72.0   51.291 -111.555   1166.3    801.0
     1     1    23     1    24    15     0     3   -73.0   51.800 -112.076   1140.4    794.3
     1     1    23     1    24    14     0     2   -74.0   52.316 -112.685   1160.5    797.8
     1     1    23     1    24    13     0     1   -75.0   52.787 -113.396   1105.1    789.4
     1     1    23     1    24    12     0     0   -76.0   53.192 -114.349   1193.4    786.3
     1     1    23     1    24    11     0     1   -77.0   53.577 -115.378   1242.7    780.5
     1     1    23     1    24    10     0     2   -78.0   53.955 -116.450   1345.1    749.9
     1     1    23     1    24     9     0     3   -79.0   54.238 -117.612   1073.4    787.5
     1     1    23     1    24     8     0     2   -80.0   54.414 -118.842   1080.2    773.7
     1     1    23     1    24     7     0     1   -81.0   54.504 -120.019   1345.5    733.1
     1     1    23     1    24     6     0     0   -82.0   54.636 -121.193   1592.4    715.9
     1     1    23     1    24     5     0     1   -83.0   54.727 -122.428   1542.9    736.3
     1     1    23     1    24     4     0     2   -84.0   54.749 -123.582   1159.8    794.3
     1     1    23     1    24     3     0     3   -85.0   54.671 -124.733   1094.4    789.6
     1     1    23     1    24     2     0     2   -86.0   54.552 -125.829   1108.1    785.7
     1     1    23     1    24     1     0     1   -87.0   54.376 -126.853   1144.8    776.1
     1     1    23     1    24     0     0     0   -88.0   54.107 -127.964   1364.4    732.9
     1     1    23     1    23    23     0     1   -89.0   53.810 -128.935   1271.6    787.5
     1     1    23     1    23    22     0     2   -90.0   53.506 -129.438    716.5    897.8
     1     1    23     1    23    21     0     3   -91.0   53.124 -129.803    404.5    982.0
     1     1    23     1    23    20     0     2   -92.0   52.691 -130.204    255.2   1004.9
     1     1    23     1    23    19     0     1   -93.0   52.309 -130.659    208.4   1000.4
     1     1    23     1    23    18     0     0   -94.0   51.963 -131.160    190.0    999.7
     1     1    23     1    23    17     0     1   -95.0   51.611 -131.666    171.4   1002.3
     1     1    23     1    23    16     0     2   -96.0   51.266 -132.147    155.7   1005.7
     1     1    23     1    23    15     0     3   -97.0   50.929 -132.607    146.7   1007.0
     1     1    23     1    23    14     0     2   -98.0   50.602 -133.038    143.5   1007.6
     1     1    23     1    23    13     0     1   -99.0   50.299 -133.463    144.3   1007.8
     1     1    23     1    23    12     0     0  -100.0   50.014 -133.890    150.4   1008.0
     1     1    23     1    23    11     0     1  -101.0   49.752 -134.327    161.1   1006.0
     1     1    23     1    23    10     0     2  -102.0   49.518 -134.771    174.6   1004.4
     1     1    23     1    23     9     0     3  -103.0   49.325 -135.226    192.6   1002.0
     1     1    23     1    23     8     0     2  -104.0   49.163 -135.734    207.5    998.9
     1     1    23     1    23     7     0     1  -105.0   49.011 -136.312    217.2    998.4
     1     1    23     1    23     6     0     0  -106.0   48.867 -136.955    229.7    996.8
     1     1    23     1    23     5     0     1  -107.0   48.706 -137.652    245.9    994.2
     1     1    23     1    23     4     0     2  -108.0   48.512 -138.392    263.4    991.6
     1     1    23     1    23     3     0     3  -109.0   48.309 -139.163    298.8    986.9
     1     1    23     1    23     2     0     2  -110.0   48.082 -139.929    349.4    979.6
     1     1    23     1    23     1     0     1  -111.0   47.811 -140.693    383.1    974.1
     1     1    23     1    23     0     0     0  -112.0   47.513 -141.480    393.1    973.4
     1     1    23     1    22    23     0     1  -113.0   47.191 -142.270    410.7    970.6
     1     1    23     1    22    22     0     2  -114.0   46.852 -143.035    424.4    968.5
     1     1    23     1    22    21     0     3  -115.0   46.503 -143.804    442.0    966.3
     1     1    23     1    22    20     0     2  -116.0   46.125 -144.573    468.8    962.1
     1     1    23     1    22    19     0     1  -117.0   45.747 -145.362    498.4    957.4
     1     1    23     1    22    18     0     0  -118.0   45.388 -146.176    528.4    952.9
     1     1    23     1    22    17     0     1  -119.0   45.021 -146.991    535.2    951.3
     1     1    23     1    22    16     0     2  -120.0   44.612 -147.813    549.9    948.3
