     8     1
    GDAS    22    12    22     0     0
    GDAS    22    12    29     0     0
    GDAS    23     1     1     0     0
    GDAS    23     1     8     0     0
    GDAS    23     1    15     0     0
    GDAS    23     1    22     0     0
    GDAS    23     1    29     0     0
    GDAS    23     2     1     0     0
     1 BACKWARD OMEGA   
    23     1     7    17   32.000  -96.000   500.0
     1 PRESSURE
     1     1    23     1     7    17     0     1     0.0   32.000  -96.000    500.0    952.3
     1     1    23     1     7    16     0     2    -1.0   31.945  -96.243    393.0    963.8
     1     1    23     1     7    15     0     3    -2.0   31.871  -96.483    331.4    967.0
     1     1    23     1     7    14     0     2    -3.0   31.776  -96.722    309.2    966.2
     1     1    23     1     7    13     0     1    -4.0   31.636  -96.970    327.0    961.7
     1     1    23     1     7    12     0     0    -5.0   31.449  -97.239    365.5    951.1
     1     1    23     1     7    11     0     1    -6.0   31.232  -97.503    394.2    943.0
     1     1    23     1     7    10     0     2    -7.0   30.967  -97.744    418.1    937.3
     1     1    23     1     7     9     0     3    -8.0   30.637  -97.968    415.1    931.7
     1     1    23     1     7     8     0     2    -9.0   30.255  -98.142    366.1    936.0
     1     1    23     1     7     7     0     1   -10.0   29.848  -98.234    294.8    948.5
     1     1    23     1     7     6     0     0   -11.0   29.455  -98.246    231.8    966.8
     1     1    23     1     7     5     0     1   -12.0   29.109  -98.187    188.2    981.7
     1     1    23     1     7     4     0     2   -13.0   28.794  -98.073    156.0    989.5
     1     1    23     1     7     3     0     3   -14.0   28.474  -97.924    128.8    994.1
     1     1    23     1     7     2     0     2   -15.0   28.150  -97.749    106.6    998.2
     1     1    23     1     7     1     0     1   -16.0   27.845  -97.567     88.4   1002.4
     1     1    23     1     7     0     0     0   -17.0   27.571  -97.402     71.8   1006.6
     1     1    23     1     6    23     0     1   -18.0   27.323  -97.265     59.8   1010.6
     1     1    23     1     6    22     0     2   -19.0   27.086  -97.147     53.7   1012.6
     1     1    23     1     6    21     0     3   -20.0   26.855  -97.033     52.2   1013.9
     1     1    23     1     6    20     0     2   -21.0   26.622  -96.920     53.2   1014.8
     1     1    23     1     6    19     0     1   -22.0   26.383  -96.810     55.4   1015.6
     1     1    23     1     6    18     0     0   -23.0   26.146  -96.694     58.1   1016.2
     1     1    23     1     6    17     0     1   -24.0   25.919  -96.565     61.2   1015.6
     1     1    23     1     6    16     0     2   -25.0   25.708  -96.417     64.2   1015.1
     1     1    23     1     6    15     0     3   -26.0   25.516  -96.254     67.3   1014.6
     1     1    23     1     6    14     0     2   -27.0   25.343  -96.081     70.5   1014.0
     1     1    23     1     6    13     0     1   -28.0   25.187  -95.900     73.0   1013.5
     1     1    23     1     6    12     0     0   -29.0   25.048  -95.710     73.9   1013.2
     1     1    23     1     6    11     0     1   -30.0   24.928  -95.504     74.0   1013.3
     1     1    23     1     6    10     0     2   -31.0   24.826  -95.279     74.4   1013.3
     1     1    23     1     6     9     0     3   -32.0   24.745  -95.037     74.6   1013.2
     1     1    23     1     6     8     0     2   -33.0   24.684  -94.781     74.9   1013.4
     1     1    23     1     6     7     0     1   -34.0   24.645  -94.509     75.5   1013.4
     1     1    23     1     6     6     0     0   -35.0   24.624  -94.221     75.8   1013.4
     1     1    23     1     6     5     0     1   -36.0   24.628  -93.922     76.5   1013.5
     1     1    23     1     6     4     0     2   -37.0   24.663  -93.621     78.5   1013.4
     1     1    23     1     6     3     0     3   -38.0   24.727  -93.320     81.3   1013.1
     1     1    23     1     6     2     0     2   -39.0   24.813  -93.019     83.3   1012.6
     1     1    23     1     6     1     0     1   -40.0   24.913  -92.717     84.5   1012.5
     1     1    23     1     6     0     0     0   -41.0   25.024  -92.414     87.6   1012.1
     1     1    23     1     5    23     0     1   -42.0   25.147  -92.112     92.3   1010.7
     1     1    23     1     5    22     0     2   -43.0   25.285  -91.818     96.6   1009.7
     1     1    23     1     5    21     0     3   -44.0   25.436  -91.538    100.7   1009.1
     1     1    23     1     5    20     0     2   -45.0   25.600  -91.269    104.2   1009.5
     1     1    23     1     5    19     0     1   -46.0   25.780  -91.011    105.5   1009.9
     1     1    23     1     5    18     0     0   -47.0   25.978  -90.770    103.3   1010.5
     1     1    23     1     5    17     0     1   -48.0   26.193  -90.553    102.3   1011.3
     1     1    23     1     5    16     0     2   -49.0   26.427  -90.362    107.0   1010.9
     1     1    23     1     5    15     0     3   -50.0   26.686  -90.199    116.0   1010.0
     1     1    23     1     5    14     0     2   -51.0   26.965  -90.077    127.3   1008.1
     1     1    23     1     5    13     0     1   -52.0   27.249  -90.009    140.4   1006.4
     1     1    23     1     5    12     0     0   -53.0   27.533  -89.994    155.1   1004.0
     1     1    23     1     5    11     0     1   -54.0   27.804  -90.034    166.5   1001.7
     1     1    23     1     5    10     0     2   -55.0   28.053  -90.141    171.8   1000.7
     1     1    23     1     5     9     0     3   -56.0   28.289  -90.312    178.4   1000.1
     1     1    23     1     5     8     0     2   -57.0   28.489  -90.510    192.5    998.2
     1     1    23     1     5     7     0     1   -58.0   28.632  -90.717    206.9    995.5
     1     1    23     1     5     6     0     0   -59.0   28.731  -90.951    211.6    994.4
     1     1    23     1     5     5     0     1   -60.0   28.808  -91.195    213.4    995.2
     1     1    23     1     5     4     0     2   -61.0   28.874  -91.433    218.1    993.9
     1     1    23     1     5     3     0     3   -62.0   28.921  -91.668    215.5    993.4
     1     1    23     1     5     2     0     2   -63.0   28.951  -91.896    203.1    994.5
     1     1    23     1     5     1     0     1   -64.0   28.971  -92.111    191.5    996.2
     1     1    23     1     5     0     0     0   -65.0   28.979  -92.321    187.2    996.1
     1     1    23     1     4    23     0     1   -66.0   28.983  -92.528    187.2    995.5
     1     1    23     1     4    22     0     2   -67.0   28.988  -92.730    187.8    995.1
     1     1    23     1     4    21     0     3   -68.0   28.991  -92.925    187.0    994.8
     1     1    23     1     4    20     0     2   -69.0   29.002  -93.105    183.9    995.6
     1     1    23     1     4    19     0     1   -70.0   29.027  -93.272    177.9    996.5
     1     1    23     1     4    18     0     0   -71.0   29.062  -93.431    167.1    998.1
     1     1    23     1     4    17     0     1   -72.0   29.105  -93.579    153.8   1000.0
     1     1    23     1     4    16     0     2   -73.0   29.158  -93.710    142.0   1001.5
     1     1    23     1     4    15     0     3   -74.0   29.220  -93.823    132.4   1002.4
     1     1    23     1     4    14     0     2   -75.0   29.302  -93.923    127.0   1002.2
     1     1    23     1     4    13     0     1   -76.0   29.409  -94.023    128.1   1001.3
     1     1    23     1     4    12     0     0   -77.0   29.534  -94.126    136.8    999.6
     1     1    23     1     4    11     0     1   -78.0   29.668  -94.253    151.0    997.3
     1     1    23     1     4    10     0     2   -79.0   29.810  -94.420    170.4    994.7
     1     1    23     1     4     9     0     3   -80.0   29.972  -94.625    202.4    991.2
     1     1    23     1     4     8     0     2   -81.0   30.146  -94.861    249.6    983.7
     1     1    23     1     4     7     0     1   -82.0   30.310  -95.114    304.7    974.3
     1     1    23     1     4     6     0     0   -83.0   30.465  -95.381    358.1    964.4
     1     1    23     1     4     5     0     1   -84.0   30.610  -95.659    409.4    957.4
     1     1    23     1     4     4     0     2   -85.0   30.751  -95.959    461.6    949.7
     1     1    23     1     4     3     0     3   -86.0   30.902  -96.305    494.0    941.8
     1     1    23     1     4     2     0     2   -87.0   31.061  -96.686    503.0    938.7
     1     1    23     1     4     1     0     1   -88.0   31.193  -97.073    518.7    932.8
     1     1    23     1     4     0     0     0   -89.0   31.281  -97.478    566.7    920.4
     1     1    23     1     3    23     0     1   -90.0   31.334  -97.940    654.4    901.2
     1     1    23     1     3    22     0     2   -91.0   31.363  -98.451    718.4    878.7
     1     1    23     1     3    21     0     3   -92.0   31.367  -98.977    679.4    870.6
     1     1    23     1     3    20     0     2   -93.0   31.362  -99.509    641.3    880.9
     1     1    23     1     3    19     0     1   -94.0   31.358 -100.047    670.9    865.7
     1     1    23     1     3    18     0     0   -95.0   31.354 -100.584    677.4    854.1
     1     1    23     1     3    17     0     1   -96.0   31.353 -101.133    691.9    853.5
     1     1    23     1     3    16     0     2   -97.0   31.347 -101.714    791.7    841.4
     1     1    23     1     3    15     0     3   -98.0   31.324 -102.294    954.6    818.2
     1     1    23     1     3    14     0     2   -99.0   31.295 -102.888   1121.4    795.5
     1     1    23     1     3    13     0     1  -100.0   31.255 -103.565   1281.0    763.7
     1     1    23     1     3    12     0     0  -101.0   31.172 -104.386   1372.9    730.8
     1     1    23     1     3    11     0     1  -102.0   31.053 -105.235   1510.8    706.1
     1     1    23     1     3    10     0     2  -103.0   30.908 -106.096   1578.0    696.3
     1     1    23     1     3     9     0     3  -104.0   30.745 -106.922   1610.7    711.0
     1     1    23     1     3     8     0     2  -105.0   30.596 -107.749   1604.5    687.3
     1     1    23     1     3     7     0     1  -106.0   30.453 -108.554   1545.3    689.8
     1     1    23     1     3     6     0     0  -107.0   30.254 -109.231   1634.3    695.9
     1     1    23     1     3     5     0     1  -108.0   30.093 -109.818   1660.5    710.3
     1     1    23     1     3     4     0     2  -109.0   29.993 -110.315   1638.3    738.5
     1     1    23     1     3     3     0     3  -110.0   29.944 -110.743   1624.4    758.2
     1     1    23     1     3     2     0     2  -111.0   29.932 -111.129   1610.2    768.5
     1     1    23     1     3     1     0     1  -112.0   29.935 -111.499   1570.1    773.3
     1     1    23     1     3     0     0     0  -113.0   29.952 -111.876   1494.4    780.7
     1     1    23     1     2    23     0     1  -114.0   29.948 -112.262   1440.6    809.3
     1     1    23     1     2    22     0     2  -115.0   29.889 -112.649   1469.2    832.4
     1     1    23     1     2    21     0     3  -116.0   29.794 -113.019   1560.1    842.5
     1     1    23     1     2    20     0     2  -117.0   29.733 -113.369   1622.9    826.4
     1     1    23     1     2    19     0     1  -118.0   29.724 -113.707   1633.9    825.2
     1     1    23     1     2    18     0     0  -119.0   29.769 -114.013   1639.7    825.1
     1     1    23     1     2    17     0     1  -120.0   29.877 -114.330   1639.6    810.4
