     8     1
    GDAS    22    12    22     0     0
    GDAS    22    12    29     0     0
    GDAS    23     1     1     0     0
    GDAS    23     1     8     0     0
    GDAS    23     1    15     0     0
    GDAS    23     1    22     0     0
    GDAS    23     1    29     0     0
    GDAS    23     2     1     0     0
     1 BACKWARD OMEGA   
    23     1    27    14   32.716  -96.748    20.0
     1 PRESSURE
     1     1    23     1    27    14     0     2     0.0   32.716  -96.748     20.0   1003.1
     1     1    23     1    27    13     0     1    -1.0   32.589  -96.837     20.1   1002.5
     1     1    23     1    27    12     0     0    -2.0   32.469  -96.920     21.6   1001.6
     1     1    23     1    27    11     0     1    -3.0   32.355  -97.000     24.4   1000.6
     1     1    23     1    27    10     0     2    -4.0   32.245  -97.084     28.1    998.2
     1     1    23     1    27     9     0     3    -5.0   32.139  -97.169     32.5    995.8
     1     1    23     1    27     8     0     2    -6.0   32.041  -97.258     39.2    992.9
     1     1    23     1    27     7     0     1    -7.0   31.961  -97.354     49.9    990.0
     1     1    23     1    27     6     0     0    -8.0   31.903  -97.452     64.6    986.7
     1     1    23     1    27     5     0     1    -9.0   31.863  -97.545     80.6    983.0
     1     1    23     1    27     4     0     2   -10.0   31.838  -97.631     94.9    980.1
     1     1    23     1    27     3     0     3   -11.0   31.833  -97.709    107.6    977.5
     1     1    23     1    27     2     0     2   -12.0   31.851  -97.785    117.8    975.0
     1     1    23     1    27     1     0     1   -13.0   31.894  -97.859    123.7    972.7
     1     1    23     1    27     0     0     0   -14.0   31.958  -97.936    122.7    971.1
     1     1    23     1    26    23     0     1   -15.0   32.040  -98.021    121.6    970.7
     1     1    23     1    26    22     0     2   -16.0   32.138  -98.123    129.1    968.6
     1     1    23     1    26    21     0     3   -17.0   32.250  -98.244    145.2    965.5
     1     1    23     1    26    20     0     2   -18.0   32.371  -98.377    165.8    961.9
     1     1    23     1    26    19     0     1   -19.0   32.496  -98.515    187.6    959.1
     1     1    23     1    26    18     0     0   -20.0   32.624  -98.658    211.3    956.4
     1     1    23     1    26    17     0     1   -21.0   32.761  -98.808    236.7    952.7
     1     1    23     1    26    16     0     2   -22.0   32.918  -98.970    263.3    949.5
     1     1    23     1    26    15     0     3   -23.0   33.099  -99.140    290.7    945.6
     1     1    23     1    26    14     0     2   -24.0   33.298  -99.311    320.4    940.5
     1     1    23     1    26    13     0     1   -25.0   33.519  -99.481    353.2    934.0
     1     1    23     1    26    12     0     0   -26.0   33.769  -99.655    388.1    926.4
     1     1    23     1    26    11     0     1   -27.0   34.046  -99.839    436.0    917.2
     1     1    23     1    26    10     0     2   -28.0   34.349 -100.031    512.0    901.7
     1     1    23     1    26     9     0     3   -29.0   34.673 -100.214    611.6    881.9
     1     1    23     1    26     8     0     2   -30.0   35.004 -100.384    713.1    862.1
     1     1    23     1    26     7     0     1   -31.0   35.330 -100.551    800.6    845.8
     1     1    23     1    26     6     0     0   -32.0   35.661 -100.711    886.9    833.0
     1     1    23     1    26     5     0     1   -33.0   36.022 -100.866    988.3    818.7
     1     1    23     1    26     4     0     2   -34.0   36.422 -101.026   1095.9    803.7
     1     1    23     1    26     3     0     3   -35.0   36.848 -101.189   1183.3    788.7
     1     1    23     1    26     2     0     2   -36.0   37.285 -101.363   1223.9    777.8
     1     1    23     1    26     1     0     1   -37.0   37.730 -101.552   1206.8    775.3
     1     1    23     1    26     0     0     0   -38.0   38.189 -101.749   1164.9    778.2
     1     1    23     1    25    23     0     1   -39.0   38.652 -101.966   1170.8    772.4
     1     1    23     1    25    22     0     2   -40.0   39.117 -102.190   1254.8    752.6
     1     1    23     1    25    21     0     3   -41.0   39.576 -102.408   1349.3    736.5
     1     1    23     1    25    20     0     2   -42.0   40.030 -102.630   1383.2    730.8
     1     1    23     1    25    19     0     1   -43.0   40.511 -102.844   1390.5    730.1
     1     1    23     1    25    18     0     0   -44.0   41.041 -103.039   1423.4    725.8
     1     1    23     1    25    17     0     1   -45.0   41.584 -103.239   1445.1    721.2
     1     1    23     1    25    16     0     2   -46.0   42.119 -103.464   1409.1    729.8
     1     1    23     1    25    15     0     3   -47.0   42.660 -103.721   1339.7    743.9
     1     1    23     1    25    14     0     2   -48.0   43.222 -104.028   1344.6    731.5
     1     1    23     1    25    13     0     1   -49.0   43.804 -104.366   1464.4    693.3
     1     1    23     1    25    12     0     0   -50.0   44.372 -104.730   1624.6    693.3
     1     1    23     1    25    11     0     1   -51.0   44.889 -105.117   1703.7    703.7
     1     1    23     1    25    10     0     2   -52.0   45.352 -105.498   1712.7    715.7
     1     1    23     1    25     9     0     3   -53.0   45.785 -105.866   1653.6    733.5
     1     1    23     1    25     8     0     2   -54.0   46.192 -106.233   1550.1    751.7
     1     1    23     1    25     7     0     1   -55.0   46.580 -106.592   1489.5    756.5
     1     1    23     1    25     6     0     0   -56.0   46.974 -106.916   1503.3    751.0
     1     1    23     1    25     5     0     1   -57.0   47.374 -107.217   1521.1    752.4
     1     1    23     1    25     4     0     2   -58.0   47.760 -107.509   1491.5    765.2
     1     1    23     1    25     3     0     3   -59.0   48.134 -107.769   1452.9    772.0
     1     1    23     1    25     2     0     2   -60.0   48.507 -108.037   1395.2    770.1
     1     1    23     1    25     1     0     1   -61.0   48.876 -108.329   1326.4    775.1
     1     1    23     1    25     0     0     0   -62.0   49.233 -108.597   1279.7    779.4
     1     1    23     1    24    23     0     1   -63.0   49.579 -108.872   1243.1    784.0
     1     1    23     1    24    22     0     2   -64.0   49.913 -109.162   1183.3    792.2
     1     1    23     1    24    21     0     3   -65.0   50.246 -109.419   1099.4    806.2
     1     1    23     1    24    20     0     2   -66.0   50.585 -109.690   1010.6    819.7
     1     1    23     1    24    19     0     1   -67.0   50.919 -109.984    908.7    834.4
     1     1    23     1    24    18     0     0   -68.0   51.247 -110.288    808.6    844.2
     1     1    23     1    24    17     0     1   -69.0   51.584 -110.628    757.6    847.2
     1     1    23     1    24    16     0     2   -70.0   51.909 -110.994    769.6    839.5
     1     1    23     1    24    15     0     3   -71.0   52.225 -111.427    789.1    832.8
     1     1    23     1    24    14     0     2   -72.0   52.550 -111.925    783.4    838.1
     1     1    23     1    24    13     0     1   -73.0   52.859 -112.432    748.5    843.3
     1     1    23     1    24    12     0     0   -74.0   53.139 -112.967    611.9    851.1
     1     1    23     1    24    11     0     1   -75.0   53.373 -113.542    530.8    876.8
     1     1    23     1    24    10     0     2   -76.0   53.624 -114.199    537.9    862.6
     1     1    23     1    24     9     0     3   -77.0   53.845 -114.878    532.3    865.1
     1     1    23     1    24     8     0     2   -78.0   54.030 -115.581    600.7    855.3
     1     1    23     1    24     7     0     1   -79.0   54.217 -116.431    699.5    821.3
     1     1    23     1    24     6     0     0   -80.0   54.353 -117.413    598.4    837.8
     1     1    23     1    24     5     0     1   -81.0   54.370 -118.509    745.0    810.9
     1     1    23     1    24     4     0     2   -82.0   54.323 -119.675   1084.4    752.8
     1     1    23     1    24     3     0     3   -83.0   54.326 -120.846   1488.9    711.0
     1     1    23     1    24     2     0     2   -84.0   54.229 -121.937   1458.5    761.2
     1     1    23     1    24     1     0     1   -85.0   54.107 -122.918   1292.1    791.3
     1     1    23     1    24     0     0     0   -86.0   53.983 -123.852   1044.5    813.6
     1     1    23     1    23    23     0     1   -87.0   53.842 -124.780    911.4    818.0
     1     1    23     1    23    22     0     2   -88.0   53.597 -125.830   1053.9    793.7
     1     1    23     1    23    21     0     3   -89.0   53.239 -126.870   1296.4    755.2
     1     1    23     1    23    20     0     2   -90.0   52.813 -127.673   1408.7    762.7
     1     1    23     1    23    19     0     1   -91.0   52.341 -128.190    899.8    892.4
     1     1    23     1    23    18     0     0   -92.0   51.910 -128.440    574.8    971.8
     1     1    23     1    23    17     0     1   -93.0   51.512 -128.584    403.1    984.1
     1     1    23     1    23    16     0     2   -94.0   51.142 -128.610    315.8    992.6
     1     1    23     1    23    15     0     3   -95.0   50.800 -128.507    277.1    995.8
     1     1    23     1    23    14     0     2   -96.0   50.529 -128.270    276.2    996.4
     1     1    23     1    23    13     0     1   -97.0   50.307 -127.895    350.2    988.2
     1     1    23     1    23    12     0     0   -98.0   50.142 -127.583    523.0    954.1
     1     1    23     1    23    11     0     1   -99.0   49.982 -127.436    707.8    918.6
     1     1    23     1    23    10     0     2  -100.0   49.783 -127.415    812.9    905.8
     1     1    23     1    23     9     0     3  -101.0   49.561 -127.480    796.9    913.3
     1     1    23     1    23     8     0     2  -102.0   49.344 -127.576    717.5    933.5
     1     1    23     1    23     7     0     1  -103.0   49.092 -127.715    636.2    950.2
     1     1    23     1    23     6     0     0  -104.0   48.722 -127.931    568.4    959.7
     1     1    23     1    23     5     0     1  -105.0   48.311 -128.217    486.9    966.7
     1     1    23     1    23     4     0     2  -106.0   47.949 -128.511    425.4    978.7
     1     1    23     1    23     3     0     3  -107.0   47.594 -128.776    410.7    980.8
     1     1    23     1    23     2     0     2  -108.0   47.263 -129.024    411.1    977.6
     1     1    23     1    23     1     0     1  -109.0   46.976 -129.286    401.1    979.8
     1     1    23     1    23     0     0     0  -110.0   46.719 -129.538    402.8    981.7
     1     1    23     1    22    23     0     1  -111.0   46.488 -129.789    419.7    978.9
     1     1    23     1    22    22     0     2  -112.0   46.273 -130.057    436.7    976.9
     1     1    23     1    22    21     0     3  -113.0   46.070 -130.332    452.8    975.6
     1     1    23     1    22    20     0     2  -114.0   45.877 -130.611    474.8    973.7
     1     1    23     1    22    19     0     1  -115.0   45.691 -130.886    504.0    970.1
     1     1    23     1    22    18     0     0  -116.0   45.517 -131.155    529.3    966.3
     1     1    23     1    22    17     0     1  -117.0   45.363 -131.434    539.9    964.7
     1     1    23     1    22    16     0     2  -118.0   45.214 -131.728    545.3    965.6
     1     1    23     1    22    15     0     3  -119.0   45.042 -132.019    563.9    964.0
     1     1    23     1    22    14     0     2  -120.0   44.856 -132.313    577.3    959.9
