     8     1
    GDAS    22    12    22     0     0
    GDAS    22    12    29     0     0
    GDAS    23     1     1     0     0
    GDAS    23     1     8     0     0
    GDAS    23     1    15     0     0
    GDAS    23     1    22     0     0
    GDAS    23     1    29     0     0
    GDAS    23     2     1     0     0
     1 BACKWARD OMEGA   
    23     1     7    11   32.716  -96.748    10.0
     1 PRESSURE
     1     1    23     1     7    11     0     1     0.0   32.716  -96.748     10.0    997.2
     1     1    23     1     7    10     0     2    -1.0   32.619  -96.872      9.7    996.4
     1     1    23     1     7     9     0     3    -2.0   32.469  -96.983      9.9    995.5
     1     1    23     1     7     8     0     2    -3.0   32.280  -97.082     10.5    993.3
     1     1    23     1     7     7     0     1    -4.0   32.069  -97.174     11.4    990.9
     1     1    23     1     7     6     0     0    -5.0   31.843  -97.258     12.6    989.8
     1     1    23     1     7     5     0     1    -6.0   31.614  -97.324     13.5    989.3
     1     1    23     1     7     4     0     2    -7.0   31.389  -97.364     13.1    989.5
     1     1    23     1     7     3     0     3    -8.0   31.162  -97.374     11.4    990.5
     1     1    23     1     7     2     0     2    -9.0   30.943  -97.359     10.6    992.3
     1     1    23     1     7     1     0     1   -10.0   30.738  -97.332     11.0    993.5
     1     1    23     1     7     0     0     0   -11.0   30.546  -97.299     11.3    995.0
     1     1    23     1     6    23     0     1   -12.0   30.349  -97.273     11.0    996.8
     1     1    23     1     6    22     0     2   -13.0   30.131  -97.268      9.9    997.9
     1     1    23     1     6    21     0     3   -14.0   29.893  -97.280      8.0    999.2
     1     1    23     1     6    20     0     2   -15.0   29.646  -97.296      5.6   1002.7
     1     1    23     1     6    19     0     1   -16.0   29.405  -97.306      3.6   1006.4
     1     1    23     1     6    18     0     0   -17.0   29.171  -97.313      1.7   1010.1
     1     1    23     1     6    17     0     1   -18.0   28.961  -97.308      0.3   1012.2
     1     1    23     1     6    16     0     2   -19.0   28.788  -97.282      0.0   1013.5
     1     1    23     1     6    15     0     3   -20.0   28.645  -97.238      0.0   1014.9
     1     1    23     1     6    14     0     2   -21.0   28.516  -97.185      0.0   1016.3
     1     1    23     1     6    13     0     1   -22.0   28.393  -97.131      0.0   1017.6
     1     1    23     1     6    12     0     0   -23.0   28.277  -97.075      0.0   1019.0
     1     1    23     1     6    11     0     1   -24.0   28.164  -97.017      0.0   1020.3
     1     1    23     1     6    10     0     2   -25.0   28.047  -96.956      0.0   1021.3
     1     1    23     1     6     9     0     3   -26.0   27.926  -96.892      0.0   1021.7
     1     1    23     1     6     8     0     2   -27.0   27.804  -96.816      0.0   1021.6
     1     1    23     1     6     7     0     1   -28.0   27.685  -96.719      0.0   1021.6
     1     1    23     1     6     6     0     0   -29.0   27.570  -96.601      0.0   1021.6
     1     1    23     1     6     5     0     1   -30.0   27.467  -96.469      0.0   1021.6
     1     1    23     1     6     4     0     2   -31.0   27.389  -96.333      0.1   1021.6
     1     1    23     1     6     3     0     3   -32.0   27.341  -96.197      0.5   1021.7
     1     1    23     1     6     2     0     2   -33.0   27.316  -96.074      1.2   1021.8
     1     1    23     1     6     1     0     1   -34.0   27.304  -95.973      2.0   1021.9
     1     1    23     1     6     0     0     0   -35.0   27.302  -95.895      2.8   1022.0
     1     1    23     1     5    23     0     1   -36.0   27.308  -95.837      3.3   1022.1
     1     1    23     1     5    22     0     2   -37.0   27.319  -95.798      3.4   1022.2
     1     1    23     1     5    21     0     3   -38.0   27.333  -95.778      3.2   1022.3
     1     1    23     1     5    20     0     2   -39.0   27.352  -95.768      2.8   1022.4
     1     1    23     1     5    19     0     1   -40.0   27.379  -95.759      2.6   1022.4
     1     1    23     1     5    18     0     0   -41.0   27.411  -95.750      2.5   1022.5
     1     1    23     1     5    17     0     1   -42.0   27.446  -95.742      2.5   1022.6
     1     1    23     1     5    16     0     2   -43.0   27.485  -95.733      2.4   1022.6
     1     1    23     1     5    15     0     3   -44.0   27.530  -95.721      2.2   1022.7
     1     1    23     1     5    14     0     2   -45.0   27.581  -95.708      2.0   1021.5
     1     1    23     1     5    13     0     1   -46.0   27.636  -95.696      1.6   1020.3
     1     1    23     1     5    12     0     0   -47.0   27.699  -95.691      0.6   1019.2
     1     1    23     1     5    11     0     1   -48.0   27.756  -95.697      0.0   1019.2
     1     1    23     1     5    10     0     2   -49.0   27.788  -95.713      0.0   1019.2
     1     1    23     1     5     9     0     3   -50.0   27.790  -95.738      0.0   1019.2
     1     1    23     1     5     8     0     2   -51.0   27.772  -95.766      0.0   1019.3
     1     1    23     1     5     7     0     1   -52.0   27.744  -95.792      0.0   1019.4
     1     1    23     1     5     6     0     0   -53.0   27.707  -95.814      0.3   1019.5
     1     1    23     1     5     5     0     1   -54.0   27.670  -95.828      0.9   1019.5
     1     1    23     1     5     4     0     2   -55.0   27.643  -95.834      1.6   1019.6
     1     1    23     1     5     3     0     3   -56.0   27.625  -95.832      2.4   1019.6
     1     1    23     1     5     2     0     2   -57.0   27.625  -95.833      3.3   1018.5
     1     1    23     1     5     1     0     1   -58.0   27.651  -95.846      4.5   1017.4
     1     1    23     1     5     0     0     0   -59.0   27.698  -95.873      6.2   1016.3
     1     1    23     1     4    23     0     1   -60.0   27.751  -95.912      7.8   1016.4
     1     1    23     1     4    22     0     2   -61.0   27.799  -95.963      9.2   1016.4
     1     1    23     1     4    21     0     3   -62.0   27.842  -96.026     10.2   1016.5
     1     1    23     1     4    20     0     2   -63.0   27.897  -96.109     10.8   1016.5
     1     1    23     1     4    19     0     1   -64.0   27.977  -96.219     11.0   1016.6
     1     1    23     1     4    18     0     0   -65.0   28.083  -96.352     10.8   1016.7
     1     1    23     1     4    17     0     1   -66.0   28.195  -96.482     11.2   1016.5
     1     1    23     1     4    16     0     2   -67.0   28.294  -96.593     12.5   1016.0
     1     1    23     1     4    15     0     3   -68.0   28.375  -96.687     14.8   1015.4
     1     1    23     1     4    14     0     2   -69.0   28.447  -96.776     17.9   1014.0
     1     1    23     1     4    13     0     1   -70.0   28.517  -96.867     22.0   1012.6
     1     1    23     1     4    12     0     0   -71.0   28.584  -96.959     27.5   1011.0
     1     1    23     1     4    11     0     1   -72.0   28.648  -97.047     33.6   1009.1
     1     1    23     1     4    10     0     2   -73.0   28.712  -97.127     38.4   1007.4
     1     1    23     1     4     9     0     3   -74.0   28.786  -97.202     41.9   1006.0
     1     1    23     1     4     8     0     2   -75.0   28.859  -97.271     45.2   1004.5
     1     1    23     1     4     7     0     1   -76.0   28.908  -97.332     48.9   1003.0
     1     1    23     1     4     6     0     0   -77.0   28.927  -97.384     52.3   1001.8
     1     1    23     1     4     5     0     1   -78.0   28.932  -97.416     54.3   1001.2
     1     1    23     1     4     4     0     2   -79.0   28.941  -97.419     54.3   1001.0
     1     1    23     1     4     3     0     3   -80.0   28.955  -97.393     52.6   1001.1
     1     1    23     1     4     2     0     2   -81.0   28.978  -97.354     52.4   1000.7
     1     1    23     1     4     1     0     1   -82.0   29.016  -97.319     57.2    999.9
     1     1    23     1     4     0     0     0   -83.0   29.073  -97.289     69.1    997.5
     1     1    23     1     3    23     0     1   -84.0   29.157  -97.271     86.7    994.1
     1     1    23     1     3    22     0     2   -85.0   29.266  -97.270    104.7    990.5
     1     1    23     1     3    21     0     3   -86.0   29.395  -97.295    121.5    986.5
     1     1    23     1     3    20     0     2   -87.0   29.537  -97.343    141.5    983.2
     1     1    23     1     3    19     0     1   -88.0   29.693  -97.408    170.0    977.2
     1     1    23     1     3    18     0     0   -89.0   29.865  -97.497    210.4    969.1
     1     1    23     1     3    17     0     1   -90.0   30.077  -97.640    277.1    957.5
     1     1    23     1     3    16     0     2   -91.0   30.332  -97.888    384.1    938.0
     1     1    23     1     3    15     0     3   -92.0   30.606  -98.277    513.0    910.7
     1     1    23     1     3    14     0     2   -93.0   30.855  -98.776    578.2    886.1
     1     1    23     1     3    13     0     1   -94.0   31.071  -99.332    594.5    880.7
     1     1    23     1     3    12     0     0   -95.0   31.257  -99.947    660.8    870.5
     1     1    23     1     3    11     0     1   -96.0   31.417 -100.640    772.9    845.0
     1     1    23     1     3    10     0     2   -97.0   31.550 -101.421    910.0    828.2
     1     1    23     1     3     9     0     3   -98.0   31.618 -102.287   1211.7    790.0
     1     1    23     1     3     8     0     2   -99.0   31.602 -103.158   1485.8    756.4
     1     1    23     1     3     7     0     1  -100.0   31.529 -104.035   1821.8    708.0
     1     1    23     1     3     6     0     0  -101.0   31.357 -104.949   1929.0    672.6
     1     1    23     1     3     5     0     1  -102.0   31.121 -105.866   1990.1    661.8
     1     1    23     1     3     4     0     2  -103.0   30.890 -106.758   2038.0    669.7
     1     1    23     1     3     3     0     3  -104.0   30.712 -107.639   1943.6    667.2
     1     1    23     1     3     2     0     2  -105.0   30.543 -108.542   1915.9    659.5
     1     1    23     1     3     1     0     1  -106.0   30.285 -109.336   2146.1    651.4
     1     1    23     1     3     0     0     0  -107.0   30.105 -110.033   2264.4    665.0
     1     1    23     1     2    23     0     1  -108.0   30.003 -110.665   2262.9    688.5
     1     1    23     1     2    22     0     2  -109.0   29.947 -111.250   2161.6    713.5
     1     1    23     1     2    21     0     3  -110.0   29.956 -111.799   2069.2    733.3
     1     1    23     1     2    20     0     2  -111.0   30.014 -112.316   2076.2    747.7
     1     1    23     1     2    19     0     1  -112.0   30.073 -112.761   2119.8    770.0
     1     1    23     1     2    18     0     0  -113.0   30.129 -113.136   2164.8    780.9
     1     1    23     1     2    17     0     1  -114.0   30.192 -113.453   2186.8    775.3
     1     1    23     1     2    16     0     2  -115.0   30.261 -113.728   2178.2    776.9
     1     1    23     1     2    15     0     3  -116.0   30.365 -113.994   2164.0    778.9
     1     1    23     1     2    14     0     2  -117.0   30.518 -114.328   2139.3    764.2
     1     1    23     1     2    13     0     1  -118.0   30.736 -114.788   2097.3    747.5
     1     1    23     1     2    12     0     0  -119.0   30.964 -115.265   2013.4    751.2
     1     1    23     1     2    11     0     1  -120.0   31.155 -115.702   1910.5    762.5
