     8     1
    GDAS    22    12    22     0     0
    GDAS    22    12    29     0     0
    GDAS    23     1     1     0     0
    GDAS    23     1     8     0     0
    GDAS    23     1    15     0     0
    GDAS    23     1    22     0     0
    GDAS    23     1    29     0     0
    GDAS    23     2     1     0     0
     1 BACKWARD OMEGA   
    23     1    31    12   32.716  -96.748  1000.0
     1 PRESSURE
     1     1    23     1    31    12     0     0     0.0   32.716  -96.748   1000.0    887.2
     1     1    23     1    31    11     0     1    -1.0   32.753  -96.723   1007.1    886.8
     1     1    23     1    31    10     0     2    -2.0   32.794  -96.709   1017.7    885.8
     1     1    23     1    31     9     0     3    -3.0   32.837  -96.707   1033.7    884.3
     1     1    23     1    31     8     0     2    -4.0   32.876  -96.727   1049.6    882.1
     1     1    23     1    31     7     0     1    -5.0   32.910  -96.775   1060.0    881.2
     1     1    23     1    31     6     0     0    -6.0   32.943  -96.848   1066.4    880.8
     1     1    23     1    31     5     0     1    -7.0   32.977  -96.932   1072.9    880.6
     1     1    23     1    31     4     0     2    -8.0   33.006  -97.018   1076.3    879.5
     1     1    23     1    31     3     0     3    -9.0   33.028  -97.106   1071.6    878.1
     1     1    23     1    31     2     0     2   -10.0   33.043  -97.206   1072.0    877.2
     1     1    23     1    31     1     0     1   -11.0   33.042  -97.332   1087.9    872.7
     1     1    23     1    31     0     0     0   -12.0   33.018  -97.493   1117.3    866.1
     1     1    23     1    30    23     0     1   -13.0   32.953  -97.683   1141.7    857.5
     1     1    23     1    30    22     0     2   -14.0   32.847  -97.877   1145.8    853.1
     1     1    23     1    30    21     0     3   -15.0   32.706  -98.067   1140.9    851.2
     1     1    23     1    30    20     0     2   -16.0   32.540  -98.247   1134.4    850.8
     1     1    23     1    30    19     0     1   -17.0   32.355  -98.406   1120.7    850.4
     1     1    23     1    30    18     0     0   -18.0   32.153  -98.536   1091.9    851.6
     1     1    23     1    30    17     0     1   -19.0   31.946  -98.634   1049.7    854.2
     1     1    23     1    30    16     0     2   -20.0   31.746  -98.698   1006.8    857.6
     1     1    23     1    30    15     0     3   -21.0   31.551  -98.731    972.1    860.0
     1     1    23     1    30    14     0     2   -22.0   31.359  -98.739    943.0    861.3
     1     1    23     1    30    13     0     1   -23.0   31.177  -98.722    912.7    863.4
     1     1    23     1    30    12     0     0   -24.0   31.009  -98.677    880.3    866.8
     1     1    23     1    30    11     0     1   -25.0   30.855  -98.609    851.3    871.8
     1     1    23     1    30    10     0     2   -26.0   30.712  -98.521    819.9    876.2
     1     1    23     1    30     9     0     3   -27.0   30.585  -98.412    773.1    883.2
     1     1    23     1    30     8     0     2   -28.0   30.498  -98.285    729.7    893.5
     1     1    23     1    30     7     0     1   -29.0   30.457  -98.152    710.7    899.1
     1     1    23     1    30     6     0     0   -30.0   30.451  -98.021    717.7    901.7
     1     1    23     1    30     5     0     1   -31.0   30.459  -97.913    738.1    900.3
     1     1    23     1    30     4     0     2   -32.0   30.471  -97.840    760.2    899.7
     1     1    23     1    30     3     0     3   -33.0   30.481  -97.804    787.5    897.8
     1     1    23     1    30     2     0     2   -34.0   30.487  -97.794    824.6    893.9
     1     1    23     1    30     1     0     1   -35.0   30.487  -97.805    874.8    888.1
     1     1    23     1    30     0     0     0   -36.0   30.481  -97.843    937.3    880.0
     1     1    23     1    29    23     0     1   -37.0   30.472  -97.913    987.5    870.3
     1     1    23     1    29    22     0     2   -38.0   30.469  -97.999   1003.4    866.7
     1     1    23     1    29    21     0     3   -39.0   30.479  -98.089    984.8    866.0
     1     1    23     1    29    20     0     2   -40.0   30.498  -98.165    965.2    870.5
     1     1    23     1    29    19     0     1   -41.0   30.514  -98.237    978.5    867.8
     1     1    23     1    29    18     0     0   -42.0   30.521  -98.316   1025.4    861.9
     1     1    23     1    29    17     0     1   -43.0   30.509  -98.425   1054.1    851.4
     1     1    23     1    29    16     0     2   -44.0   30.493  -98.565   1007.3    853.0
     1     1    23     1    29    15     0     3   -45.0   30.474  -98.725    893.2    861.8
     1     1    23     1    29    14     0     2   -46.0   30.428  -98.901    789.2    874.7
     1     1    23     1    29    13     0     1   -47.0   30.350  -99.091    774.6    872.1
     1     1    23     1    29    12     0     0   -48.0   30.262  -99.300    819.9    862.5
     1     1    23     1    29    11     0     1   -49.0   30.163  -99.528    882.5    851.3
     1     1    23     1    29    10     0     2   -50.0   30.037  -99.758    950.7    841.9
     1     1    23     1    29     9     0     3   -51.0   29.877  -99.982   1018.2    836.5
     1     1    23     1    29     8     0     2   -52.0   29.695 -100.180   1077.2    840.1
     1     1    23     1    29     7     0     1   -53.0   29.499 -100.341   1127.7    843.6
     1     1    23     1    29     6     0     0   -54.0   29.274 -100.453   1168.8    846.9
     1     1    23     1    29     5     0     1   -55.0   29.042 -100.529   1222.9    850.9
     1     1    23     1    29     4     0     2   -56.0   28.847 -100.612   1301.8    840.5
     1     1    23     1    29     3     0     3   -57.0   28.699 -100.729   1380.8    828.3
     1     1    23     1    29     2     0     2   -58.0   28.593 -100.887   1426.2    818.1
     1     1    23     1    29     1     0     1   -59.0   28.512 -101.076   1418.9    809.2
     1     1    23     1    29     0     0     0   -60.0   28.437 -101.286   1377.8    795.3
     1     1    23     1    28    23     0     1   -61.0   28.357 -101.510   1319.4    781.8
     1     1    23     1    28    22     0     2   -62.0   28.267 -101.746   1214.7    770.1
     1     1    23     1    28    21     0     3   -63.0   28.181 -101.985   1023.6    768.9
     1     1    23     1    28    20     0     2   -64.0   28.090 -102.217    869.9    795.8
     1     1    23     1    28    19     0     1   -65.0   27.971 -102.456    835.4    795.8
     1     1    23     1    28    18     0     0   -66.0   27.822 -102.695    849.9    792.6
     1     1    23     1    28    17     0     1   -67.0   27.650 -102.902    858.0    791.0
     1     1    23     1    28    16     0     2   -68.0   27.462 -103.068    862.5    792.5
     1     1    23     1    28    15     0     3   -69.0   27.268 -103.211    870.9    792.9
     1     1    23     1    28    14     0     2   -70.0   27.076 -103.339    876.0    793.0
     1     1    23     1    28    13     0     1   -71.0   26.891 -103.458    875.7    792.6
     1     1    23     1    28    12     0     0   -72.0   26.715 -103.571    876.5    791.0
     1     1    23     1    28    11     0     1   -73.0   26.546 -103.680    881.4    788.1
     1     1    23     1    28    10     0     2   -74.0   26.385 -103.789    897.8    784.7
     1     1    23     1    28     9     0     3   -75.0   26.238 -103.906    943.0    777.8
     1     1    23     1    28     8     0     2   -76.0   26.107 -104.031   1042.4    765.7
     1     1    23     1    28     7     0     1   -77.0   25.985 -104.174   1223.4    741.5
     1     1    23     1    28     6     0     0   -78.0   25.853 -104.363   1467.1    705.6
     1     1    23     1    28     5     0     1   -79.0   25.708 -104.612   1693.9    668.4
     1     1    23     1    28     4     0     2   -80.0   25.566 -104.907   1909.4    638.7
     1     1    23     1    28     3     0     3   -81.0   25.413 -105.256   2129.2    605.1
     1     1    23     1    28     2     0     2   -82.0   25.204 -105.669   2239.2    578.8
     1     1    23     1    28     1     0     1   -83.0   24.939 -106.102   2357.7    590.7
     1     1    23     1    28     0     0     0   -84.0   24.667 -106.442   2512.2    638.7
     1     1    23     1    27    23     0     1   -85.0   24.417 -106.652   2560.5    684.7
     1     1    23     1    27    22     0     2   -86.0   24.168 -106.777   2567.0    714.2
     1     1    23     1    27    21     0     3   -87.0   23.907 -106.849   2515.8    736.1
     1     1    23     1    27    20     0     2   -88.0   23.639 -106.893   2431.0    755.2
     1     1    23     1    27    19     0     1   -89.0   23.369 -106.930   2366.1    766.9
     1     1    23     1    27    18     0     0   -90.0   23.094 -106.964   2332.4    773.8
     1     1    23     1    27    17     0     1   -91.0   22.818 -107.005   2313.0    773.5
     1     1    23     1    27    16     0     2   -92.0   22.547 -107.054   2291.2    775.8
     1     1    23     1    27    15     0     3   -93.0   22.278 -107.112   2270.5    777.5
     1     1    23     1    27    14     0     2   -94.0   22.007 -107.176   2246.9    778.9
     1     1    23     1    27    13     0     1   -95.0   21.741 -107.234   2223.6    781.1
     1     1    23     1    27    12     0     0   -96.0   21.486 -107.286   2222.0    782.3
     1     1    23     1    27    11     0     1   -97.0   21.238 -107.335   2239.1    779.2
     1     1    23     1    27    10     0     2   -98.0   20.999 -107.381   2249.5    777.8
     1     1    23     1    27     9     0     3   -99.0   20.770 -107.424   2243.9    778.1
     1     1    23     1    27     8     0     2  -100.0   20.547 -107.462   2230.9    780.8
     1     1    23     1    27     7     0     1  -101.0   20.326 -107.492   2220.4    782.0
     1     1    23     1    27     6     0     0  -102.0   20.104 -107.516   2210.1    783.3
     1     1    23     1    27     5     0     1  -103.0   19.885 -107.530   2200.8    784.1
     1     1    23     1    27     4     0     2  -104.0   19.677 -107.526   2186.7    784.5
     1     1    23     1    27     3     0     3  -105.0   19.480 -107.508   2153.5    786.8
     1     1    23     1    27     2     0     2  -106.0   19.292 -107.480   2115.6    791.8
     1     1    23     1    27     1     0     1  -107.0   19.111 -107.451   2106.5    793.3
     1     1    23     1    27     0     0     0  -108.0   18.934 -107.423   2146.7    789.7
     1     1    23     1    26    23     0     1  -109.0   18.760 -107.394   2202.9    780.8
     1     1    23     1    26    22     0     2  -110.0   18.592 -107.361   2234.7    778.0
     1     1    23     1    26    21     0     3  -111.0   18.427 -107.324   2244.9    777.2
     1     1    23     1    26    20     0     2  -112.0   18.270 -107.280   2246.0    778.9
     1     1    23     1    26    19     0     1  -113.0   18.128 -107.221   2246.9    779.6
     1     1    23     1    26    18     0     0  -114.0   18.006 -107.146   2243.0    780.5
     1     1    23     1    26    17     0     1  -115.0   17.897 -107.074   2228.2    781.4
     1     1    23     1    26    16     0     2  -116.0   17.790 -107.026   2209.0    783.6
     1     1    23     1    26    15     0     3  -117.0   17.686 -106.996   2198.9    785.0
     1     1    23     1    26    14     0     2  -118.0   17.574 -106.974   2198.8    784.1
     1     1    23     1    26    13     0     1  -119.0   17.447 -106.955   2200.7    783.0
     1     1    23     1    26    12     0     0  -120.0   17.310 -106.939   2195.3    782.5
