     8     1
    GDAS    22    12    22     0     0
    GDAS    22    12    29     0     0
    GDAS    23     1     1     0     0
    GDAS    23     1     8     0     0
    GDAS    23     1    15     0     0
    GDAS    23     1    22     0     0
    GDAS    23     1    29     0     0
    GDAS    23     2     1     0     0
     1 BACKWARD OMEGA   
    23     1    25    16   32.716  -96.748   500.0
     1 PRESSURE
     1     1    23     1    25    16     0     2     0.0   32.716  -96.748    500.0    940.0
     1     1    23     1    25    15     0     3    -1.0   32.944  -96.995    520.2    937.6
     1     1    23     1    25    14     0     2    -2.0   33.199  -97.249    535.4    929.0
     1     1    23     1    25    13     0     1    -3.0   33.467  -97.517    550.9    922.1
     1     1    23     1    25    12     0     0    -4.0   33.755  -97.788    572.3    916.0
     1     1    23     1    25    11     0     1    -5.0   34.044  -98.048    599.1    911.6
     1     1    23     1    25    10     0     2    -6.0   34.325  -98.284    612.9    903.2
     1     1    23     1    25     9     0     3    -7.0   34.609  -98.494    592.0    899.9
     1     1    23     1    25     8     0     2    -8.0   34.898  -98.668    563.7    900.5
     1     1    23     1    25     7     0     1    -9.0   35.193  -98.804    564.0    896.4
     1     1    23     1    25     6     0     0   -10.0   35.485  -98.920    590.4    886.2
     1     1    23     1    25     5     0     1   -11.0   35.765  -99.014    598.6    876.7
     1     1    23     1    25     4     0     2   -12.0   36.030  -99.084    564.5    877.0
     1     1    23     1    25     3     0     3   -13.0   36.275  -99.135    509.7    885.7
     1     1    23     1    25     2     0     2   -14.0   36.503  -99.170    463.7    894.2
     1     1    23     1    25     1     0     1   -15.0   36.717  -99.195    434.6    898.0
     1     1    23     1    25     0     0     0   -16.0   36.916  -99.214    409.4    901.5
     1     1    23     1    24    23     0     1   -17.0   37.089  -99.229    395.6    904.0
     1     1    23     1    24    22     0     2   -18.0   37.231  -99.239    401.3    901.9
     1     1    23     1    24    21     0     3   -19.0   37.340  -99.249    420.9    898.5
     1     1    23     1    24    20     0     2   -20.0   37.412  -99.252    442.9    895.0
     1     1    23     1    24    19     0     1   -21.0   37.444  -99.244    461.6    893.7
     1     1    23     1    24    18     0     0   -22.0   37.437  -99.215    478.4    892.9
     1     1    23     1    24    17     0     1   -23.0   37.397  -99.179    513.0    892.7
     1     1    23     1    24    16     0     2   -24.0   37.331  -99.153    597.4    885.6
     1     1    23     1    24    15     0     3   -25.0   37.239  -99.126    759.2    871.1
     1     1    23     1    24    14     0     2   -26.0   37.115  -99.065    980.4    844.3
     1     1    23     1    24    13     0     1   -27.0   36.949  -98.971   1205.8    821.5
     1     1    23     1    24    12     0     0   -28.0   36.751  -98.873   1341.3    801.4
     1     1    23     1    24    11     0     1   -29.0   36.545  -98.785   1372.8    803.3
     1     1    23     1    24    10     0     2   -30.0   36.344  -98.700   1340.6    808.1
     1     1    23     1    24     9     0     3   -31.0   36.149  -98.599   1236.9    820.2
     1     1    23     1    24     8     0     2   -32.0   35.975  -98.475   1120.1    843.1
     1     1    23     1    24     7     0     1   -33.0   35.822  -98.352   1055.2    855.1
     1     1    23     1    24     6     0     0   -34.0   35.681  -98.237   1040.7    859.6
     1     1    23     1    24     5     0     1   -35.0   35.561  -98.126   1049.6    859.6
     1     1    23     1    24     4     0     2   -36.0   35.468  -98.022   1059.3    860.9
     1     1    23     1    24     3     0     3   -37.0   35.402  -97.928   1063.9    861.1
     1     1    23     1    24     2     0     2   -38.0   35.359  -97.838   1069.8    861.5
     1     1    23     1    24     1     0     1   -39.0   35.339  -97.749   1086.9    859.8
     1     1    23     1    24     0     0     0   -40.0   35.342  -97.667   1117.7    856.8
     1     1    23     1    23    23     0     1   -41.0   35.358  -97.607   1161.0    852.2
     1     1    23     1    23    22     0     2   -42.0   35.375  -97.577   1211.4    846.5
     1     1    23     1    23    21     0     3   -43.0   35.392  -97.575   1266.2    840.5
     1     1    23     1    23    20     0     2   -44.0   35.407  -97.591   1317.9    834.7
     1     1    23     1    23    19     0     1   -45.0   35.417  -97.616   1359.2    830.8
     1     1    23     1    23    18     0     0   -46.0   35.424  -97.647   1390.4    828.0
     1     1    23     1    23    17     0     1   -47.0   35.439  -97.681   1404.3    825.5
     1     1    23     1    23    16     0     2   -48.0   35.473  -97.716   1393.7    826.2
     1     1    23     1    23    15     0     3   -49.0   35.524  -97.753   1358.8    829.4
     1     1    23     1    23    14     0     2   -50.0   35.590  -97.796   1321.7    834.9
     1     1    23     1    23    13     0     1   -51.0   35.669  -97.850   1298.7    836.1
     1     1    23     1    23    12     0     0   -52.0   35.760  -97.913   1279.4    836.7
     1     1    23     1    23    11     0     1   -53.0   35.849  -97.991   1275.0    838.3
     1     1    23     1    23    10     0     2   -54.0   35.927  -98.093   1311.4    832.5
     1     1    23     1    23     9     0     3   -55.0   35.997  -98.222   1396.0    819.7
     1     1    23     1    23     8     0     2   -56.0   36.073  -98.367   1479.7    802.2
     1     1    23     1    23     7     0     1   -57.0   36.161  -98.510   1525.3    794.5
     1     1    23     1    23     6     0     0   -58.0   36.261  -98.645   1547.2    789.4
     1     1    23     1    23     5     0     1   -59.0   36.374  -98.772   1591.6    786.2
     1     1    23     1    23     4     0     2   -60.0   36.512  -98.891   1688.8    773.1
     1     1    23     1    23     3     0     3   -61.0   36.680  -98.992   1808.8    758.6
     1     1    23     1    23     2     0     2   -62.0   36.873  -99.085   1898.0    745.9
     1     1    23     1    23     1     0     1   -63.0   37.075  -99.192   1945.4    741.8
     1     1    23     1    23     0     0     0   -64.0   37.289  -99.310   1997.4    735.1
     1     1    23     1    22    23     0     1   -65.0   37.515  -99.429   2077.2    723.4
     1     1    23     1    22    22     0     2   -66.0   37.752  -99.541   2172.3    709.3
     1     1    23     1    22    21     0     3   -67.0   38.006  -99.629   2263.2    695.8
     1     1    23     1    22    20     0     2   -68.0   38.272  -99.696   2342.9    688.7
     1     1    23     1    22    19     0     1   -69.0   38.543  -99.748   2413.5    683.5
     1     1    23     1    22    18     0     0   -70.0   38.823  -99.773   2490.7    678.5
     1     1    23     1    22    17     0     1   -71.0   39.112  -99.769   2567.2    670.6
     1     1    23     1    22    16     0     2   -72.0   39.411  -99.744   2614.5    665.3
     1     1    23     1    22    15     0     3   -73.0   39.728  -99.692   2634.5    663.7
     1     1    23     1    22    14     0     2   -74.0   40.047  -99.632   2653.9    663.4
     1     1    23     1    22    13     0     1   -75.0   40.358  -99.596   2691.7    658.6
     1     1    23     1    22    12     0     0   -76.0   40.672  -99.569   2751.2    651.7
     1     1    23     1    22    11     0     1   -77.0   40.985  -99.537   2819.8    643.2
     1     1    23     1    22    10     0     2   -78.0   41.280  -99.505   2876.2    637.4
     1     1    23     1    22     9     0     3   -79.0   41.554  -99.467   2916.8    633.9
     1     1    23     1    22     8     0     2   -80.0   41.816  -99.417   2961.7    631.1
     1     1    23     1    22     7     0     1   -81.0   42.070  -99.370   3024.1    625.9
     1     1    23     1    22     6     0     0   -82.0   42.315  -99.337   3101.1    622.0
     1     1    23     1    22     5     0     1   -83.0   42.552  -99.322   3176.9    617.0
     1     1    23     1    22     4     0     2   -84.0   42.782  -99.321   3247.0    613.8
     1     1    23     1    22     3     0     3   -85.0   43.008  -99.328   3324.3    609.9
     1     1    23     1    22     2     0     2   -86.0   43.224  -99.357   3400.9    604.4
     1     1    23     1    22     1     0     1   -87.0   43.431  -99.422   3463.3    601.1
     1     1    23     1    22     0     0     0   -88.0   43.629  -99.505   3510.3    598.8
     1     1    23     1    21    23     0     1   -89.0   43.814  -99.607   3548.4    598.3
     1     1    23     1    21    22     0     2   -90.0   43.989  -99.744   3587.2    597.0
     1     1    23     1    21    21     0     3   -91.0   44.158  -99.933   3627.2    593.7
     1     1    23     1    21    20     0     2   -92.0   44.325 -100.152   3660.0    587.8
     1     1    23     1    21    19     0     1   -93.0   44.491 -100.366   3671.5    585.0
     1     1    23     1    21    18     0     0   -94.0   44.651 -100.578   3670.8    584.0
     1     1    23     1    21    17     0     1   -95.0   44.814 -100.800   3654.3    582.9
     1     1    23     1    21    16     0     2   -96.0   44.997 -101.037   3592.2    585.0
     1     1    23     1    21    15     0     3   -97.0   45.203 -101.299   3500.1    593.9
     1     1    23     1    21    14     0     2   -98.0   45.419 -101.601   3459.5    599.0
     1     1    23     1    21    13     0     1   -99.0   45.644 -101.922   3485.0    593.4
     1     1    23     1    21    12     0     0  -100.0   45.892 -102.239   3515.8    585.9
     1     1    23     1    21    11     0     1  -101.0   46.159 -102.557   3542.3    583.0
     1     1    23     1    21    10     0     2  -102.0   46.434 -102.884   3572.3    577.9
     1     1    23     1    21     9     0     3  -103.0   46.723 -103.219   3571.0    575.7
     1     1    23     1    21     8     0     2  -104.0   47.030 -103.561   3524.1    580.2
     1     1    23     1    21     7     0     1  -105.0   47.353 -103.906   3477.8    590.9
     1     1    23     1    21     6     0     0  -106.0   47.687 -104.255   3471.9    599.3
     1     1    23     1    21     5     0     1  -107.0   48.025 -104.613   3503.3    599.3
     1     1    23     1    21     4     0     2  -108.0   48.365 -104.977   3530.3    591.9
     1     1    23     1    21     3     0     3  -109.0   48.716 -105.342   3543.8    586.5
     1     1    23     1    21     2     0     2  -110.0   49.078 -105.713   3535.3    581.5
     1     1    23     1    21     1     0     1  -111.0   49.439 -106.091   3548.7    586.0
     1     1    23     1    21     0     0     0  -112.0   49.808 -106.481   3614.9    585.3
     1     1    23     1    20    23     0     1  -113.0   50.180 -106.892   3711.3    577.3
     1     1    23     1    20    22     0     2  -114.0   50.564 -107.327   3801.7    569.9
     1     1    23     1    20    21     0     3  -115.0   50.959 -107.777   3873.7    566.4
     1     1    23     1    20    20     0     2  -116.0   51.356 -108.247   3871.3    562.5
     1     1    23     1    20    19     0     1  -117.0   51.764 -108.747   3812.8    571.8
     1     1    23     1    20    18     0     0  -118.0   52.179 -109.273   3778.1    575.9
     1     1    23     1    20    17     0     1  -119.0   52.599 -109.859   3714.3    577.0
     1     1    23     1    20    16     0     2  -120.0   53.017 -110.522   3607.6    590.2
