     8     1
    GDAS    22    12    22     0     0
    GDAS    22    12    29     0     0
    GDAS    23     1     1     0     0
    GDAS    23     1     8     0     0
    GDAS    23     1    15     0     0
    GDAS    23     1    22     0     0
    GDAS    23     1    29     0     0
    GDAS    23     2     1     0     0
     1 BACKWARD OMEGA   
    23     1    31    16   32.716  -96.748    20.0
     1 PRESSURE
     1     1    23     1    31    16     0     2     0.0   32.716  -96.748     20.0   1005.5
     1     1    23     1    31    15     0     3    -1.0   32.911  -96.752     25.3   1005.2
     1     1    23     1    31    14     0     2    -2.0   33.105  -96.741     31.6   1004.0
     1     1    23     1    31    13     0     1    -3.0   33.303  -96.721     40.7   1001.8
     1     1    23     1    31    12     0     0    -4.0   33.504  -96.689     52.3    999.4
     1     1    23     1    31    11     0     1    -5.0   33.712  -96.641     63.8    996.4
     1     1    23     1    31    10     0     2    -6.0   33.931  -96.577     72.3    994.1
     1     1    23     1    31     9     0     3    -7.0   34.166  -96.497     77.2    991.8
     1     1    23     1    31     8     0     2    -8.0   34.410  -96.414     80.4    990.4
     1     1    23     1    31     7     0     1    -9.0   34.654  -96.338     82.9    988.8
     1     1    23     1    31     6     0     0   -10.0   34.891  -96.269     82.5    987.8
     1     1    23     1    31     5     0     1   -11.0   35.115  -96.198     79.5    988.8
     1     1    23     1    31     4     0     2   -12.0   35.325  -96.120     75.7    990.9
     1     1    23     1    31     3     0     3   -13.0   35.522  -96.035     71.6    992.8
     1     1    23     1    31     2     0     2   -14.0   35.705  -95.946     66.3    993.5
     1     1    23     1    31     1     0     1   -15.0   35.866  -95.854     60.7    993.5
     1     1    23     1    31     0     0     0   -16.0   36.009  -95.758     57.2    993.0
     1     1    23     1    30    23     0     1   -17.0   36.151  -95.666     58.9    992.0
     1     1    23     1    30    22     0     2   -18.0   36.309  -95.584     66.6    989.5
     1     1    23     1    30    21     0     3   -19.0   36.482  -95.509     76.4    986.7
     1     1    23     1    30    20     0     2   -20.0   36.666  -95.433     82.9    985.1
     1     1    23     1    30    19     0     1   -21.0   36.855  -95.346     80.1    985.1
     1     1    23     1    30    18     0     0   -22.0   37.039  -95.252     66.2    987.4
     1     1    23     1    30    17     0     1   -23.0   37.217  -95.150     54.1    990.5
     1     1    23     1    30    16     0     2   -24.0   37.400  -95.039     50.4    990.1
     1     1    23     1    30    15     0     3   -25.0   37.587  -94.918     50.9    989.4
     1     1    23     1    30    14     0     2   -26.0   37.780  -94.798     51.3    989.5
     1     1    23     1    30    13     0     1   -27.0   37.977  -94.686     49.5    991.2
     1     1    23     1    30    12     0     0   -28.0   38.177  -94.583     46.6    992.2
     1     1    23     1    30    11     0     1   -29.0   38.379  -94.493     43.7    992.2
     1     1    23     1    30    10     0     2   -30.0   38.585  -94.415     40.7    992.1
     1     1    23     1    30     9     0     3   -31.0   38.796  -94.351     36.9    992.0
     1     1    23     1    30     8     0     2   -32.0   39.008  -94.295     31.7    992.4
     1     1    23     1    30     7     0     1   -33.0   39.216  -94.246     26.6    993.6
     1     1    23     1    30     6     0     0   -34.0   39.422  -94.201     22.7    994.4
     1     1    23     1    30     5     0     1   -35.0   39.625  -94.154     20.5    994.6
     1     1    23     1    30     4     0     2   -36.0   39.825  -94.098     19.8    994.9
     1     1    23     1    30     3     0     3   -37.0   40.024  -94.034     20.5    995.2
     1     1    23     1    30     2     0     2   -38.0   40.224  -93.974     22.3    991.9
     1     1    23     1    30     1     0     1   -39.0   40.427  -93.931     24.5    989.1
     1     1    23     1    30     0     0     0   -40.0   40.634  -93.905     26.7    986.9
     1     1    23     1    29    23     0     1   -41.0   40.846  -93.893     28.8    984.4
     1     1    23     1    29    22     0     2   -42.0   41.063  -93.890     31.2    982.3
     1     1    23     1    29    21     0     3   -43.0   41.279  -93.892     34.8    982.1
     1     1    23     1    29    20     0     2   -44.0   41.488  -93.897     40.0    983.0
     1     1    23     1    29    19     0     1   -45.0   41.695  -93.909     46.7    983.3
     1     1    23     1    29    18     0     0   -46.0   41.911  -93.929     55.4    983.1
     1     1    23     1    29    17     0     1   -47.0   42.128  -93.959     66.6    981.0
     1     1    23     1    29    16     0     2   -48.0   42.336  -93.992     79.8    978.3
     1     1    23     1    29    15     0     3   -49.0   42.545  -94.026     92.8    975.7
     1     1    23     1    29    14     0     2   -50.0   42.770  -94.062    104.7    973.0
     1     1    23     1    29    13     0     1   -51.0   43.013  -94.099    116.2    970.9
     1     1    23     1    29    12     0     0   -52.0   43.261  -94.139    126.0    970.4
     1     1    23     1    29    11     0     1   -53.0   43.507  -94.199    131.1    970.9
     1     1    23     1    29    10     0     2   -54.0   43.751  -94.290    130.6    971.4
     1     1    23     1    29     9     0     3   -55.0   43.990  -94.411    125.9    971.7
     1     1    23     1    29     8     0     2   -56.0   44.222  -94.547    122.8    971.3
     1     1    23     1    29     7     0     1   -57.0   44.451  -94.682    123.2    970.4
     1     1    23     1    29     6     0     0   -58.0   44.680  -94.811    124.6    970.1
     1     1    23     1    29     5     0     1   -59.0   44.903  -94.934    127.2    970.4
     1     1    23     1    29     4     0     2   -60.0   45.115  -95.063    130.6    969.2
     1     1    23     1    29     3     0     3   -61.0   45.323  -95.207    134.3    967.6
     1     1    23     1    29     2     0     2   -62.0   45.529  -95.356    138.8    966.1
     1     1    23     1    29     1     0     1   -63.0   45.730  -95.507    143.4    964.9
     1     1    23     1    29     0     0     0   -64.0   45.926  -95.661    147.6    964.5
     1     1    23     1    28    23     0     1   -65.0   46.111  -95.814    148.9    964.0
     1     1    23     1    28    22     0     2   -66.0   46.282  -95.959    145.7    964.2
     1     1    23     1    28    21     0     3   -67.0   46.438  -96.089    141.7    964.8
     1     1    23     1    28    20     0     2   -68.0   46.581  -96.206    136.7    965.5
     1     1    23     1    28    19     0     1   -69.0   46.711  -96.314    127.3    967.5
     1     1    23     1    28    18     0     0   -70.0   46.830  -96.414    114.2    970.4
     1     1    23     1    28    17     0     1   -71.0   46.954  -96.500    100.8    973.1
     1     1    23     1    28    16     0     2   -72.0   47.092  -96.571     89.3    975.7
     1     1    23     1    28    15     0     3   -73.0   47.241  -96.634     79.3    978.1
     1     1    23     1    28    14     0     2   -74.0   47.388  -96.696     70.7    980.1
     1     1    23     1    28    13     0     1   -75.0   47.524  -96.762     62.9    981.9
     1     1    23     1    28    12     0     0   -76.0   47.653  -96.832     54.8    983.9
     1     1    23     1    28    11     0     1   -77.0   47.777  -96.900     47.2    985.2
     1     1    23     1    28    10     0     2   -78.0   47.899  -96.960     41.0    985.8
     1     1    23     1    28     9     0     3   -79.0   48.019  -97.010     36.1    985.5
     1     1    23     1    28     8     0     2   -80.0   48.144  -97.063     32.6    984.5
     1     1    23     1    28     7     0     1   -81.0   48.279  -97.135     30.4    983.1
     1     1    23     1    28     6     0     0   -82.0   48.425  -97.223     28.9    981.6
     1     1    23     1    28     5     0     1   -83.0   48.577  -97.322     28.9    979.4
     1     1    23     1    28     4     0     2   -84.0   48.734  -97.432     33.0    977.1
     1     1    23     1    28     3     0     3   -85.0   48.902  -97.555     44.3    974.6
     1     1    23     1    28     2     0     2   -86.0   49.088  -97.698     58.6    971.3
     1     1    23     1    28     1     0     1   -87.0   49.285  -97.853     66.7    969.3
     1     1    23     1    28     0     0     0   -88.0   49.493  -98.010     67.7    968.9
     1     1    23     1    27    23     0     1   -89.0   49.717  -98.165     66.6    969.0
     1     1    23     1    27    22     0     2   -90.0   49.967  -98.321     66.4    969.4
     1     1    23     1    27    21     0     3   -91.0   50.236  -98.476     64.9    968.4
     1     1    23     1    27    20     0     2   -92.0   50.507  -98.631     60.5    969.1
     1     1    23     1    27    19     0     1   -93.0   50.774  -98.789     52.4    971.0
     1     1    23     1    27    18     0     0   -94.0   51.038  -98.943     39.7    973.5
     1     1    23     1    27    17     0     1   -95.0   51.287  -99.080     28.2    974.1
     1     1    23     1    27    16     0     2   -96.0   51.521  -99.198     21.4    973.7
     1     1    23     1    27    15     0     3   -97.0   51.750  -99.300     18.8    974.1
     1     1    23     1    27    14     0     2   -98.0   51.979  -99.398     20.1    975.1
     1     1    23     1    27    13     0     1   -99.0   52.213  -99.505     22.0    974.8
     1     1    23     1    27    12     0     0  -100.0   52.452  -99.623     22.2    974.7
     1     1    23     1    27    11     0     1  -101.0   52.698  -99.748     22.5    973.8
     1     1    23     1    27    10     0     2  -102.0   52.942  -99.880     23.2    972.8
     1     1    23     1    27     9     0     3  -103.0   53.177 -100.016     23.7    971.8
     1     1    23     1    27     8     0     2  -104.0   53.392 -100.148     24.0    972.1
     1     1    23     1    27     7     0     1  -105.0   53.585 -100.272     24.6    971.9
     1     1    23     1    27     6     0     0  -106.0   53.757 -100.394     25.1    971.5
     1     1    23     1    27     5     0     1  -107.0   53.912 -100.497     24.6    970.8
     1     1    23     1    27     4     0     2  -108.0   54.053 -100.565     22.4    970.4
     1     1    23     1    27     3     0     3  -109.0   54.180 -100.604     19.4    969.4
     1     1    23     1    27     2     0     2  -110.0   54.296 -100.609     16.0    968.7
     1     1    23     1    27     1     0     1  -111.0   54.405 -100.572     12.5    968.4
     1     1    23     1    27     0     0     0  -112.0   54.502 -100.494      9.3    968.3
     1     1    23     1    26    23     0     1  -113.0   54.579 -100.375      6.7    967.1
     1     1    23     1    26    22     0     2  -114.0   54.628 -100.212      5.1    966.2
     1     1    23     1    26    21     0     3  -115.0   54.651 -100.008      4.5    965.5
     1     1    23     1    26    20     0     2  -116.0   54.643  -99.789      4.2    967.3
     1     1    23     1    26    19     0     1  -117.0   54.600  -99.582      3.3    969.2
     1     1    23     1    26    18     0     0  -118.0   54.522  -99.391      2.5    971.0
     1     1    23     1    26    17     0     1  -119.0   54.426  -99.221      1.9    973.7
     1     1    23     1    26    16     0     2  -120.0   54.329  -99.072      1.7    976.1
