     8     1
    GDAS    22    12    22     0     0
    GDAS    22    12    29     0     0
    GDAS    23     1     1     0     0
    GDAS    23     1     8     0     0
    GDAS    23     1    15     0     0
    GDAS    23     1    22     0     0
    GDAS    23     1    29     0     0
    GDAS    23     2     1     0     0
     1 BACKWARD OMEGA   
    23     1    17    15   32.716  -96.748   133.0
     1 PRESSURE
     1     1    23     1    17    15     0     3     0.0   32.716  -96.748    133.0    974.3
     1     1    23     1    17    14     0     2    -1.0   32.686  -96.997    138.9    972.4
     1     1    23     1    17    13     0     1    -2.0   32.655  -97.278    153.0    964.8
     1     1    23     1    17    12     0     0    -3.0   32.617  -97.604    181.0    955.1
     1     1    23     1    17    11     0     1    -4.0   32.583  -97.981    237.0    942.4
     1     1    23     1    17    10     0     2    -5.0   32.569  -98.393    315.6    927.5
     1     1    23     1    17     9     0     3    -6.0   32.573  -98.825    391.1    914.8
     1     1    23     1    17     8     0     2    -7.0   32.593  -99.294    447.5    902.8
     1     1    23     1    17     7     0     1    -8.0   32.625  -99.808    464.6    895.6
     1     1    23     1    17     6     0     0    -9.0   32.647 -100.354    492.7    889.2
     1     1    23     1    17     5     0     1   -10.0   32.640 -100.965    618.6    865.7
     1     1    23     1    17     4     0     2   -11.0   32.616 -101.645    787.8    827.8
     1     1    23     1    17     3     0     3   -12.0   32.599 -102.329    939.2    806.6
     1     1    23     1    17     2     0     2   -13.0   32.589 -102.965   1127.5    781.4
     1     1    23     1    17     1     0     1   -14.0   32.591 -103.583   1205.7    755.7
     1     1    23     1    17     0     0     0   -15.0   32.581 -104.210   1074.0    765.5
     1     1    23     1    16    23     0     1   -16.0   32.531 -104.834   1049.5    771.8
     1     1    23     1    16    22     0     2   -17.0   32.464 -105.486    974.2    736.6
     1     1    23     1    16    21     0     3   -18.0   32.359 -106.054    607.5    776.4
     1     1    23     1    16    20     0     2   -19.0   32.266 -106.473    366.7    843.3
     1     1    23     1    16    19     0     1   -20.0   32.214 -106.890    375.5    833.2
     1     1    23     1    16    18     0     0   -21.0   32.202 -107.288    476.9    810.5
     1     1    23     1    16    17     0     1   -22.0   32.200 -107.687    609.2    790.2
     1     1    23     1    16    16     0     2   -23.0   32.184 -108.152    779.4    767.8
     1     1    23     1    16    15     0     3   -24.0   32.138 -108.645    964.4    756.3
     1     1    23     1    16    14     0     2   -25.0   32.027 -109.135   1157.7    743.0
     1     1    23     1    16    13     0     1   -26.0   31.835 -109.691   1381.2    718.4
     1     1    23     1    16    12     0     0   -27.0   31.555 -110.413   1554.3    702.7
     1     1    23     1    16    11     0     1   -28.0   31.219 -111.099   1507.9    727.0
     1     1    23     1    16    10     0     2   -29.0   30.882 -111.651   1339.8    779.1
     1     1    23     1    16     9     0     3   -30.0   30.576 -112.108   1165.6    826.2
     1     1    23     1    16     8     0     2   -31.0   30.296 -112.525   1008.0    864.2
     1     1    23     1    16     7     0     1   -32.0   30.026 -112.944    838.2    912.9
     1     1    23     1    16     6     0     0   -33.0   29.781 -113.342    750.1    933.9
     1     1    23     1    16     5     0     1   -34.0   29.566 -113.736    791.3    916.3
     1     1    23     1    16     4     0     2   -35.0   29.376 -114.160    902.4    887.4
     1     1    23     1    16     3     0     3   -36.0   29.228 -114.583    955.9    876.2
     1     1    23     1    16     2     0     2   -37.0   29.137 -114.964    911.5    895.1
     1     1    23     1    16     1     0     1   -38.0   29.095 -115.312    883.1    912.8
     1     1    23     1    16     0     0     0   -39.0   29.085 -115.658    935.9    909.5
     1     1    23     1    15    23     0     1   -40.0   29.099 -116.021   1002.5    896.7
     1     1    23     1    15    22     0     2   -41.0   29.127 -116.397    988.7    895.0
     1     1    23     1    15    21     0     3   -42.0   29.159 -116.778    903.2    908.0
     1     1    23     1    15    20     0     2   -43.0   29.203 -117.156    804.1    922.2
     1     1    23     1    15    19     0     1   -44.0   29.269 -117.530    708.4    932.9
     1     1    23     1    15    18     0     0   -45.0   29.359 -117.899    607.9    944.7
     1     1    23     1    15    17     0     1   -46.0   29.462 -118.262    524.1    956.3
     1     1    23     1    15    16     0     2   -47.0   29.567 -118.621    476.5    961.2
     1     1    23     1    15    15     0     3   -48.0   29.680 -118.972    459.6    962.2
     1     1    23     1    15    14     0     2   -49.0   29.786 -119.323    447.1    960.5
     1     1    23     1    15    13     0     1   -50.0   29.859 -119.691    413.3    963.6
     1     1    23     1    15    12     0     0   -51.0   29.903 -120.075    360.8    969.2
     1     1    23     1    15    11     0     1   -52.0   29.931 -120.468    316.5    977.4
     1     1    23     1    15    10     0     2   -53.0   29.953 -120.873    298.0    980.0
     1     1    23     1    15     9     0     3   -54.0   29.971 -121.278    298.9    979.5
     1     1    23     1    15     8     0     2   -55.0   29.993 -121.667    297.4    978.2
     1     1    23     1    15     7     0     1   -56.0   30.001 -122.053    278.0    980.8
     1     1    23     1    15     6     0     0   -57.0   29.990 -122.464    229.3    985.7
     1     1    23     1    15     5     0     1   -58.0   29.989 -122.875    173.6    995.6
     1     1    23     1    15     4     0     2   -59.0   29.983 -123.254    141.3   1000.5
     1     1    23     1    15     3     0     3   -60.0   29.926 -123.621    128.0   1000.6
     1     1    23     1    15     2     0     2   -61.0   29.834 -123.988    120.9   1000.7
     1     1    23     1    15     1     0     1   -62.0   29.747 -124.367    118.6   1000.9
     1     1    23     1    15     0     0     0   -63.0   29.650 -124.765    120.1   1000.1
     1     1    23     1    14    23     0     1   -64.0   29.537 -125.166    122.2   1000.4
     1     1    23     1    14    22     0     2   -65.0   29.423 -125.559    125.6   1000.7
     1     1    23     1    14    21     0     3   -66.0   29.308 -125.938    130.6   1000.6
     1     1    23     1    14    20     0     2   -67.0   29.198 -126.304    134.0   1000.8
     1     1    23     1    14    19     0     1   -68.0   29.100 -126.656    134.9   1001.6
     1     1    23     1    14    18     0     0   -69.0   29.011 -126.992    135.0   1002.3
     1     1    23     1    14    17     0     1   -70.0   28.928 -127.317    136.1   1001.9
     1     1    23     1    14    16     0     2   -71.0   28.848 -127.638    137.1   1001.3
     1     1    23     1    14    15     0     3   -72.0   28.772 -127.951    132.9   1001.1
     1     1    23     1    14    14     0     2   -73.0   28.701 -128.259    126.7   1002.1
     1     1    23     1    14    13     0     1   -74.0   28.637 -128.565    123.8   1002.4
     1     1    23     1    14    12     0     0   -75.0   28.582 -128.870    123.2   1002.2
     1     1    23     1    14    11     0     1   -76.0   28.533 -129.166    125.1   1002.6
     1     1    23     1    14    10     0     2   -77.0   28.483 -129.452    127.7   1002.6
     1     1    23     1    14     9     0     3   -78.0   28.437 -129.731    124.5   1003.1
     1     1    23     1    14     8     0     2   -79.0   28.398 -129.999    115.1   1004.9
     1     1    23     1    14     7     0     1   -80.0   28.368 -130.254    107.3   1006.7
     1     1    23     1    14     6     0     0   -81.0   28.346 -130.499    103.4   1007.1
     1     1    23     1    14     5     0     1   -82.0   28.330 -130.741     98.4   1006.9
     1     1    23     1    14     4     0     2   -83.0   28.318 -130.990     89.6   1007.7
     1     1    23     1    14     3     0     3   -84.0   28.306 -131.248     80.9   1009.0
     1     1    23     1    14     2     0     2   -85.0   28.287 -131.510     75.9   1009.1
     1     1    23     1    14     1     0     1   -86.0   28.258 -131.778     73.0   1008.6
     1     1    23     1    14     0     0     0   -87.0   28.220 -132.051     68.9   1008.2
     1     1    23     1    13    23     0     1   -88.0   28.171 -132.313     65.4   1009.2
     1     1    23     1    13    22     0     2   -89.0   28.110 -132.555     64.4   1009.4
     1     1    23     1    13    21     0     3   -90.0   28.038 -132.786     64.5   1009.4
     1     1    23     1    13    20     0     2   -91.0   27.966 -133.005     64.7   1010.2
     1     1    23     1    13    19     0     1   -92.0   27.903 -133.205     64.9   1011.0
     1     1    23     1    13    18     0     0   -93.0   27.851 -133.388     64.5   1011.9
     1     1    23     1    13    17     0     1   -94.0   27.814 -133.568     63.3   1011.0
     1     1    23     1    13    16     0     2   -95.0   27.791 -133.755     61.6   1010.1
     1     1    23     1    13    15     0     3   -96.0   27.782 -133.945     58.9   1009.3
     1     1    23     1    13    14     0     2   -97.0   27.785 -134.142     58.3   1009.7
     1     1    23     1    13    13     0     1   -98.0   27.798 -134.350     61.6   1008.8
     1     1    23     1    13    12     0     0   -99.0   27.818 -134.570     65.5   1007.7
     1     1    23     1    13    11     0     1  -100.0   27.852 -134.810     68.9   1007.5
     1     1    23     1    13    10     0     2  -101.0   27.911 -135.082     76.1   1007.0
     1     1    23     1    13     9     0     3  -102.0   27.996 -135.389     89.3   1005.2
     1     1    23     1    13     8     0     2  -103.0   28.085 -135.732    101.1   1002.8
     1     1    23     1    13     7     0     1  -104.0   28.164 -136.111    107.7   1002.1
     1     1    23     1    13     6     0     0  -105.0   28.234 -136.522    110.4   1001.2
     1     1    23     1    13     5     0     1  -106.0   28.303 -136.956    105.0   1000.8
     1     1    23     1    13     4     0     2  -107.0   28.374 -137.394     94.4   1001.7
     1     1    23     1    13     3     0     3  -108.0   28.442 -137.832     82.8   1002.2
     1     1    23     1    13     2     0     2  -109.0   28.504 -138.269     75.2   1003.4
     1     1    23     1    13     1     0     1  -110.0   28.566 -138.703     72.4   1002.6
     1     1    23     1    13     0     0     0  -111.0   28.634 -139.132     67.8   1002.2
     1     1    23     1    12    23     0     1  -112.0   28.707 -139.558     63.1   1003.4
     1     1    23     1    12    22     0     2  -113.0   28.781 -139.982     60.9   1003.5
     1     1    23     1    12    21     0     3  -114.0   28.861 -140.403     58.0   1004.1
     1     1    23     1    12    20     0     2  -115.0   28.969 -140.844     54.4   1005.1
     1     1    23     1    12    19     0     1  -116.0   29.115 -141.305     53.6   1004.8
     1     1    23     1    12    18     0     0  -117.0   29.294 -141.771     52.1   1003.9
     1     1    23     1    12    17     0     1  -118.0   29.500 -142.248     49.9   1003.6
     1     1    23     1    12    16     0     2  -119.0   29.726 -142.750     51.2   1002.4
     1     1    23     1    12    15     0     3  -120.0   29.965 -143.290     50.5   1001.0
