     8     1
    GDAS    22    12    22     0     0
    GDAS    22    12    29     0     0
    GDAS    23     1     1     0     0
    GDAS    23     1     8     0     0
    GDAS    23     1    15     0     0
    GDAS    23     1    22     0     0
    GDAS    23     1    29     0     0
    GDAS    23     2     1     0     0
     1 BACKWARD OMEGA   
    23     1    19    16   32.716  -96.748     5.0
     1 PRESSURE
     1     1    23     1    19    16     0     2     0.0   32.716  -96.748      5.0    997.9
     1     1    23     1    19    15     0     3    -1.0   32.837  -96.907      7.5    996.0
     1     1    23     1    19    14     0     2    -2.0   32.959  -97.075      9.4    993.9
     1     1    23     1    19    13     0     1    -3.0   33.082  -97.249     11.4    989.8
     1     1    23     1    19    12     0     0    -4.0   33.201  -97.428     13.9    985.6
     1     1    23     1    19    11     0     1    -5.0   33.320  -97.615     17.1    980.8
     1     1    23     1    19    10     0     2    -6.0   33.450  -97.816     22.0    976.5
     1     1    23     1    19     9     0     3    -7.0   33.598  -98.042     30.0    972.9
     1     1    23     1    19     8     0     2    -8.0   33.750  -98.284     41.4    970.6
     1     1    23     1    19     7     0     1    -9.0   33.906  -98.518     55.6    967.9
     1     1    23     1    19     6     0     0   -10.0   34.102  -98.742     74.9    962.6
     1     1    23     1    19     5     0     1   -11.0   34.288  -99.012     99.7    953.0
     1     1    23     1    19     4     0     2   -12.0   34.413  -99.351    123.0    941.1
     1     1    23     1    19     3     0     3   -13.0   34.541  -99.730    142.1    930.0
     1     1    23     1    19     2     0     2   -14.0   34.736 -100.105    181.8    917.2
     1     1    23     1    19     1     0     1   -15.0   35.031 -100.412    257.8    897.4
     1     1    23     1    19     0     0     0   -16.0   35.353 -100.691    369.0    876.2
     1     1    23     1    18    23     0     1   -17.0   35.621 -101.057    575.7    849.7
     1     1    23     1    18    22     0     2   -18.0   35.843 -101.510    860.5    802.8
     1     1    23     1    18    21     0     3   -19.0   36.062 -101.950   1038.0    761.8
     1     1    23     1    18    20     0     2   -20.0   36.295 -102.359   1089.6    756.3
     1     1    23     1    18    19     0     1   -21.0   36.563 -102.784   1119.4    742.8
     1     1    23     1    18    18     0     0   -22.0   36.884 -103.240   1203.2    719.5
     1     1    23     1    18    17     0     1   -23.0   37.214 -103.702   1341.1    687.4
     1     1    23     1    18    16     0     2   -24.0   37.535 -104.135   1464.2    670.4
     1     1    23     1    18    15     0     3   -25.0   37.852 -104.530   1527.4    642.8
     1     1    23     1    18    14     0     2   -26.0   38.153 -104.881   1572.2    612.5
     1     1    23     1    18    13     0     1   -27.0   38.447 -105.227   1613.0    589.3
     1     1    23     1    18    12     0     0   -28.0   38.723 -105.588   1590.5    580.5
     1     1    23     1    18    11     0     1   -29.0   38.974 -105.913   1556.5    573.2
     1     1    23     1    18    10     0     2   -30.0   39.184 -106.178   1519.0    567.0
     1     1    23     1    18     9     0     3   -31.0   39.332 -106.415   1459.4    569.8
     1     1    23     1    18     8     0     2   -32.0   39.419 -106.628   1391.9    571.0
     1     1    23     1    18     7     0     1   -33.0   39.449 -106.811   1284.6    574.3
     1     1    23     1    18     6     0     0   -34.0   39.438 -106.963   1096.5    583.0
     1     1    23     1    18     5     0     1   -35.0   39.397 -107.075    827.6    608.0
     1     1    23     1    18     4     0     2   -36.0   39.348 -107.148    536.8    639.4
     1     1    23     1    18     3     0     3   -37.0   39.302 -107.199    296.0    664.2
     1     1    23     1    18     2     0     2   -38.0   39.256 -107.229    144.7    680.2
     1     1    23     1    18     1     0     1   -39.0   39.202 -107.231     68.4    685.3
     1     1    23     1    18     0     0     0   -40.0   39.131 -107.203     23.1    680.8
     1     1    23     1    17    23     0     1   -41.0   39.048 -107.166      2.7    675.1
     1     1    23     1    17    22     0     2   -42.0   38.957 -107.140      0.0    671.2
     1     1    23     1    17    21     0     3   -43.0   38.859 -107.130      0.0    669.8
     1     1    23     1    17    20     0     2   -44.0   38.767 -107.118      2.5    669.3
     1     1    23     1    17    19     0     1   -45.0   38.693 -107.081      5.5    667.4
     1     1    23     1    17    18     0     0   -46.0   38.639 -107.015      8.9    663.9
     1     1    23     1    17    17     0     1   -47.0   38.591 -106.935     16.9    665.8
     1     1    23     1    17    16     0     2   -48.0   38.538 -106.862     40.3    668.4
     1     1    23     1    17    15     0     3   -49.0   38.474 -106.796     96.4    668.6
     1     1    23     1    17    14     0     2   -50.0   38.384 -106.747    175.3    663.2
     1     1    23     1    17    13     0     1   -51.0   38.273 -106.733    236.1    660.0
     1     1    23     1    17    12     0     0   -52.0   38.147 -106.759    291.3    655.4
     1     1    23     1    17    11     0     1   -53.0   38.000 -106.831    390.6    645.0
     1     1    23     1    17    10     0     2   -54.0   37.803 -106.985    564.7    634.8
     1     1    23     1    17     9     0     3   -55.0   37.555 -107.242    748.0    647.4
     1     1    23     1    17     8     0     2   -56.0   37.319 -107.520    802.7    668.5
     1     1    23     1    17     7     0     1   -57.0   37.099 -107.727    703.8    704.4
     1     1    23     1    17     6     0     0   -58.0   36.896 -107.830    519.9    739.2
     1     1    23     1    17     5     0     1   -59.0   36.742 -107.902    382.3    761.2
     1     1    23     1    17     4     0     2   -60.0   36.626 -108.008    316.9    768.8
     1     1    23     1    17     3     0     3   -61.0   36.527 -108.166    290.0    769.6
     1     1    23     1    17     2     0     2   -62.0   36.415 -108.378    258.1    766.5
     1     1    23     1    17     1     0     1   -63.0   36.265 -108.632    188.6    761.9
     1     1    23     1    17     0     0     0   -64.0   36.061 -108.917     46.1    751.7
     1     1    23     1    16    23     0     1   -65.0   35.837 -109.181      0.0    765.8
     1     1    23     1    16    22     0     2   -66.0   35.621 -109.421      0.0    782.7
     1     1    23     1    16    21     0     3   -67.0   35.398 -109.634      0.0    798.5
     1     1    23     1    16    20     0     2   -68.0   35.159 -109.814      0.0    814.3
     1     1    23     1    16    19     0     1   -69.0   34.906 -109.958      0.0    823.2
     1     1    23     1    16    18     0     0   -70.0   34.661 -110.070      0.0    818.3
     1     1    23     1    16    17     0     1   -71.0   34.447 -110.151      0.0    813.4
     1     1    23     1    16    16     0     2   -72.0   34.273 -110.198      0.0    810.1
     1     1    23     1    16    15     0     3   -73.0   34.134 -110.213      0.0    807.3
     1     1    23     1    16    14     0     2   -74.0   34.017 -110.209      0.0    804.2
     1     1    23     1    16    13     0     1   -75.0   33.912 -110.205      0.0    811.5
     1     1    23     1    16    12     0     0   -76.0   33.819 -110.212      0.0    820.1
     1     1    23     1    16    11     0     1   -77.0   33.739 -110.239      0.0    828.2
     1     1    23     1    16    10     0     2   -78.0   33.668 -110.292      0.0    836.1
     1     1    23     1    16     9     0     3   -79.0   33.603 -110.370      0.0    844.0
     1     1    23     1    16     8     0     2   -80.0   33.545 -110.457      0.0    851.4
     1     1    23     1    16     7     0     1   -81.0   33.499 -110.535      0.0    857.3
     1     1    23     1    16     6     0     0   -82.0   33.470 -110.600      0.0    861.4
     1     1    23     1    16     5     0     1   -83.0   33.444 -110.676      0.0    865.1
     1     1    23     1    16     4     0     2   -84.0   33.408 -110.799      0.0    870.9
     1     1    23     1    16     3     0     3   -85.0   33.354 -110.991      0.0    879.8
     1     1    23     1    16     2     0     2   -86.0   33.297 -111.233      0.0    898.3
     1     1    23     1    16     1     0     1   -87.0   33.263 -111.474      0.0    914.9
     1     1    23     1    16     0     0     0   -88.0   33.256 -111.713      0.0    929.1
     1     1    23     1    15    23     0     1   -89.0   33.249 -111.949      0.0    943.2
     1     1    23     1    15    22     0     2   -90.0   33.218 -112.187      0.7    952.4
     1     1    23     1    15    21     0     3   -91.0   33.163 -112.426      1.7    961.4
     1     1    23     1    15    20     0     2   -92.0   33.084 -112.635      1.0    971.1
     1     1    23     1    15    19     0     1   -93.0   32.978 -112.805      0.0    979.5
     1     1    23     1    15    18     0     0   -94.0   32.831 -112.939      0.0    979.1
     1     1    23     1    15    17     0     1   -95.0   32.663 -113.040      0.0    976.6
     1     1    23     1    15    16     0     2   -96.0   32.498 -113.126      0.0    973.4
     1     1    23     1    15    15     0     3   -97.0   32.333 -113.202      0.0    971.1
     1     1    23     1    15    14     0     2   -98.0   32.162 -113.268      0.0    970.1
     1     1    23     1    15    13     0     1   -99.0   31.993 -113.323      0.0    970.4
     1     1    23     1    15    12     0     0  -100.0   31.829 -113.390      0.0    977.9
     1     1    23     1    15    11     0     1  -101.0   31.677 -113.481      0.0    985.1
     1     1    23     1    15    10     0     2  -102.0   31.528 -113.581      0.0    991.4
     1     1    23     1    15     9     0     3  -103.0   31.372 -113.692      0.0    997.4
     1     1    23     1    15     8     0     2  -104.0   31.217 -113.825      0.0   1003.5
     1     1    23     1    15     7     0     1  -105.0   31.104 -113.969      0.0   1008.0
     1     1    23     1    15     6     0     0  -106.0   31.050 -114.086      0.0   1006.2
     1     1    23     1    15     5     0     1  -107.0   31.037 -114.166      0.0   1001.5
     1     1    23     1    15     4     0     2  -108.0   31.047 -114.212      0.2    998.4
     1     1    23     1    15     3     0     3  -109.0   31.077 -114.231      1.4    996.6
     1     1    23     1    15     2     0     2  -110.0   31.108 -114.221      2.7    997.1
     1     1    23     1    15     1     0     1  -111.0   31.120 -114.173      2.7    999.0
     1     1    23     1    15     0     0     0  -112.0   31.115 -114.086      1.8   1002.6
     1     1    23     1    14    23     0     1  -113.0   31.075 -113.981      0.5   1007.9
     1     1    23     1    14    22     0     2  -114.0   30.989 -113.889      0.0   1010.1
     1     1    23     1    14    21     0     3  -115.0   30.858 -113.816      0.0   1010.9
     1     1    23     1    14    20     0     2  -116.0   30.716 -113.759      0.0   1012.2
     1     1    23     1    14    19     0     1  -117.0   30.590 -113.712      0.0   1013.6
     1     1    23     1    14    18     0     0  -118.0   30.478 -113.678      0.0   1015.0
     1     1    23     1    14    17     0     1  -119.0   30.375 -113.652      0.0   1014.0
     1     1    23     1    14    16     0     2  -120.0   30.272 -113.619      0.0   1012.9
