     8     1
    GDAS    22    12    22     0     0
    GDAS    22    12    29     0     0
    GDAS    23     1     1     0     0
    GDAS    23     1     8     0     0
    GDAS    23     1    15     0     0
    GDAS    23     1    22     0     0
    GDAS    23     1    29     0     0
    GDAS    23     2     1     0     0
     1 BACKWARD OMEGA   
    23     1    21    13   32.716  -96.748    10.0
     1 PRESSURE
     1     1    23     1    21    13     0     1     0.0   32.716  -96.748     10.0    996.4
     1     1    23     1    21    12     0     0    -1.0   32.644  -96.665      7.9    996.9
     1     1    23     1    21    11     0     1    -2.0   32.580  -96.569      5.6    997.8
     1     1    23     1    21    10     0     2    -3.0   32.518  -96.458      3.0    999.1
     1     1    23     1    21     9     0     3    -4.0   32.462  -96.336      0.0   1000.8
     1     1    23     1    21     8     0     2    -5.0   32.413  -96.214      0.0   1002.7
     1     1    23     1    21     7     0     1    -6.0   32.369  -96.096      0.0   1004.2
     1     1    23     1    21     6     0     0    -7.0   32.328  -95.981      0.0   1005.4
     1     1    23     1    21     5     0     1    -8.0   32.289  -95.867      0.0   1005.5
     1     1    23     1    21     4     0     2    -9.0   32.251  -95.749      0.0   1005.5
     1     1    23     1    21     3     0     3   -10.0   32.217  -95.626      0.0   1005.5
     1     1    23     1    21     2     0     2   -11.0   32.190  -95.502      0.0   1005.7
     1     1    23     1    21     1     0     1   -12.0   32.171  -95.381      0.6   1005.8
     1     1    23     1    21     0     0     0   -13.0   32.156  -95.270      2.2   1006.0
     1     1    23     1    20    23     0     1   -14.0   32.137  -95.163      4.0   1006.2
     1     1    23     1    20    22     0     2   -15.0   32.109  -95.052      5.3   1006.1
     1     1    23     1    20    21     0     3   -16.0   32.072  -94.934      5.8   1006.3
     1     1    23     1    20    20     0     2   -17.0   32.036  -94.818      5.9   1008.1
     1     1    23     1    20    19     0     1   -18.0   32.011  -94.712      6.2   1009.9
     1     1    23     1    20    18     0     0   -19.0   32.001  -94.612      7.0   1011.7
     1     1    23     1    20    17     0     1   -20.0   32.013  -94.511      8.1   1011.7
     1     1    23     1    20    16     0     2   -21.0   32.048  -94.405      9.1   1012.1
     1     1    23     1    20    15     0     3   -22.0   32.099  -94.297     10.0   1012.8
     1     1    23     1    20    14     0     2   -23.0   32.156  -94.198     10.7   1012.5
     1     1    23     1    20    13     0     1   -24.0   32.217  -94.116     11.3   1011.9
     1     1    23     1    20    12     0     0   -25.0   32.280  -94.047     11.7   1011.1
     1     1    23     1    20    11     0     1   -26.0   32.348  -93.991     12.3   1011.3
     1     1    23     1    20    10     0     2   -27.0   32.425  -93.945     13.2   1011.2
     1     1    23     1    20     9     0     3   -28.0   32.510  -93.909     14.4   1011.1
     1     1    23     1    20     8     0     2   -29.0   32.599  -93.885     16.1   1010.7
     1     1    23     1    20     7     0     1   -30.0   32.686  -93.877     18.2   1010.3
     1     1    23     1    20     6     0     0   -31.0   32.771  -93.886     20.9   1009.8
     1     1    23     1    20     5     0     1   -32.0   32.857  -93.916     24.6   1009.1
     1     1    23     1    20     4     0     2   -33.0   32.947  -93.970     30.6   1008.2
     1     1    23     1    20     3     0     3   -34.0   33.045  -94.052     39.9   1006.2
     1     1    23     1    20     2     0     2   -35.0   33.144  -94.153     50.0   1002.4
     1     1    23     1    20     1     0     1   -36.0   33.233  -94.263     56.6    999.5
     1     1    23     1    20     0     0     0   -37.0   33.310  -94.384     58.6    997.5
     1     1    23     1    19    23     0     1   -38.0   33.382  -94.521     60.1    996.9
     1     1    23     1    19    22     0     2   -39.0   33.461  -94.682     65.4    995.2
     1     1    23     1    19    21     0     3   -40.0   33.549  -94.868     74.9    993.1
     1     1    23     1    19    20     0     2   -41.0   33.649  -95.073     89.4    990.2
     1     1    23     1    19    19     0     1   -42.0   33.770  -95.294    109.4    987.1
     1     1    23     1    19    18     0     0   -43.0   33.920  -95.532    136.6    983.9
     1     1    23     1    19    17     0     1   -44.0   34.097  -95.794    168.8    978.1
     1     1    23     1    19    16     0     2   -45.0   34.290  -96.090    199.1    971.5
     1     1    23     1    19    15     0     3   -46.0   34.500  -96.428    224.6    962.6
     1     1    23     1    19    14     0     2   -47.0   34.728  -96.825    248.8    951.9
     1     1    23     1    19    13     0     1   -48.0   34.968  -97.287    287.6    941.9
     1     1    23     1    19    12     0     0   -49.0   35.213  -97.784    363.0    932.9
     1     1    23     1    19    11     0     1   -50.0   35.479  -98.294    451.1    912.2
     1     1    23     1    19    10     0     2   -51.0   35.787  -98.812    515.9    889.6
     1     1    23     1    19     9     0     3   -52.0   36.145  -99.364    615.6    872.0
     1     1    23     1    19     8     0     2   -53.0   36.608  -99.956    821.8    844.6
     1     1    23     1    19     7     0     1   -54.0   37.200 -100.546    991.1    800.9
     1     1    23     1    19     6     0     0   -55.0   37.866 -101.070   1133.9    788.0
     1     1    23     1    19     5     0     1   -56.0   38.586 -101.501   1281.8    748.2
     1     1    23     1    19     4     0     2   -57.0   39.304 -101.797   1302.4    742.7
     1     1    23     1    19     3     0     3   -58.0   40.002 -101.923   1229.3    753.5
     1     1    23     1    19     2     0     2   -59.0   40.629 -101.895   1079.0    769.5
     1     1    23     1    19     1     0     1   -60.0   41.189 -101.745    927.3    785.8
     1     1    23     1    19     0     0     0   -61.0   41.701 -101.486    795.9    801.7
     1     1    23     1    18    23     0     1   -62.0   42.162 -101.177    677.6    818.0
     1     1    23     1    18    22     0     2   -63.0   42.555 -100.865    589.0    838.9
     1     1    23     1    18    21     0     3   -64.0   42.874 -100.550    526.6    851.8
     1     1    23     1    18    20     0     2   -65.0   43.129 -100.243    467.1    869.0
     1     1    23     1    18    19     0     1   -66.0   43.334  -99.957    412.1    886.7
     1     1    23     1    18    18     0     0   -67.0   43.497  -99.673    371.0    897.8
     1     1    23     1    18    17     0     1   -68.0   43.635  -99.377    352.5    904.4
     1     1    23     1    18    16     0     2   -69.0   43.751  -99.076    358.1    906.6
     1     1    23     1    18    15     0     3   -70.0   43.842  -98.789    377.6    907.8
     1     1    23     1    18    14     0     2   -71.0   43.914  -98.541    394.3    909.7
     1     1    23     1    18    13     0     1   -72.0   43.972  -98.336    398.3    912.6
     1     1    23     1    18    12     0     0   -73.0   44.019  -98.167    386.0    916.7
     1     1    23     1    18    11     0     1   -74.0   44.069  -98.018    368.1    922.2
     1     1    23     1    18    10     0     2   -75.0   44.134  -97.877    361.4    921.8
     1     1    23     1    18     9     0     3   -76.0   44.213  -97.748    373.7    918.4
     1     1    23     1    18     8     0     2   -77.0   44.297  -97.640    394.4    912.7
     1     1    23     1    18     7     0     1   -78.0   44.386  -97.559    404.4    909.2
     1     1    23     1    18     6     0     0   -79.0   44.485  -97.500    396.7    908.2
     1     1    23     1    18     5     0     1   -80.0   44.599  -97.453    386.3    909.6
     1     1    23     1    18     4     0     2   -81.0   44.724  -97.409    385.7    908.0
     1     1    23     1    18     3     0     3   -82.0   44.858  -97.365    390.2    905.6
     1     1    23     1    18     2     0     2   -83.0   45.010  -97.334    397.3    903.2
     1     1    23     1    18     1     0     1   -84.0   45.188  -97.330    408.2    905.1
     1     1    23     1    18     0     0     0   -85.0   45.392  -97.349    420.2    907.5
     1     1    23     1    17    23     0     1   -86.0   45.607  -97.391    431.2    909.9
     1     1    23     1    17    22     0     2   -87.0   45.815  -97.457    445.4    911.8
     1     1    23     1    17    21     0     3   -88.0   46.010  -97.552    471.5    911.0
     1     1    23     1    17    20     0     2   -89.0   46.196  -97.632    497.9    905.4
     1     1    23     1    17    19     0     1   -90.0   46.387  -97.661    508.8    904.2
     1     1    23     1    17    18     0     0   -91.0   46.590  -97.641    507.4    905.0
     1     1    23     1    17    17     0     1   -92.0   46.818  -97.579    498.8    907.3
     1     1    23     1    17    16     0     2   -93.0   47.078  -97.486    486.5    909.9
     1     1    23     1    17    15     0     3   -94.0   47.368  -97.361    469.1    912.5
     1     1    23     1    17    14     0     2   -95.0   47.684  -97.217    448.2    917.1
     1     1    23     1    17    13     0     1   -96.0   48.025  -97.068    430.1    922.0
     1     1    23     1    17    12     0     0   -97.0   48.384  -96.923    421.4    924.1
     1     1    23     1    17    11     0     1   -98.0   48.739  -96.769    416.8    922.2
     1     1    23     1    17    10     0     2   -99.0   49.073  -96.605    410.0    922.4
     1     1    23     1    17     9     0     3  -100.0   49.384  -96.444    406.8    923.9
     1     1    23     1    17     8     0     2  -101.0   49.670  -96.279    405.7    924.5
     1     1    23     1    17     7     0     1  -102.0   49.934  -96.097    398.4    925.1
     1     1    23     1    17     6     0     0  -103.0   50.174  -95.896    385.2    926.1
     1     1    23     1    17     5     0     1  -104.0   50.401  -95.662    380.4    925.9
     1     1    23     1    17     4     0     2  -105.0   50.622  -95.389    391.0    922.3
     1     1    23     1    17     3     0     3  -106.0   50.843  -95.083    407.4    917.5
     1     1    23     1    17     2     0     2  -107.0   51.066  -94.766    418.9    913.7
     1     1    23     1    17     1     0     1  -108.0   51.289  -94.465    425.6    912.0
     1     1    23     1    17     0     0     0  -109.0   51.518  -94.196    431.2    911.4
     1     1    23     1    16    23     0     1  -110.0   51.742  -93.985    437.3    911.6
     1     1    23     1    16    22     0     2  -111.0   51.943  -93.844    436.2    911.2
     1     1    23     1    16    21     0     3  -112.0   52.121  -93.770    420.9    914.0
     1     1    23     1    16    20     0     2  -113.0   52.274  -93.742    398.1    918.7
     1     1    23     1    16    19     0     1  -114.0   52.398  -93.732    374.8    922.6
     1     1    23     1    16    18     0     0  -115.0   52.497  -93.733    352.2    926.3
     1     1    23     1    16    17     0     1  -116.0   52.582  -93.734    333.8    929.5
     1     1    23     1    16    16     0     2  -117.0   52.667  -93.731    322.2    931.4
     1     1    23     1    16    15     0     3  -118.0   52.755  -93.727    315.8    932.7
     1     1    23     1    16    14     0     2  -119.0   52.846  -93.734    311.9    933.7
     1     1    23     1    16    13     0     1  -120.0   52.937  -93.763    307.9    934.9
