     8     1
    GDAS    22    12    22     0     0
    GDAS    22    12    29     0     0
    GDAS    23     1     1     0     0
    GDAS    23     1     8     0     0
    GDAS    23     1    15     0     0
    GDAS    23     1    22     0     0
    GDAS    23     1    29     0     0
    GDAS    23     2     1     0     0
     1 FORWARD  OMEGA   
    22    12    29    11   38.124  175.200  1293.2
     1 PRESSURE
     1     1    22    12    29    11     0     1     0.0   38.124  175.200   1293.2    861.9
     1     1    22    12    29    12     0     0     1.0   37.919  175.888   1125.7    876.3
     1     1    22    12    29    13     0     1     2.0   37.710  176.580   1005.7    902.7
     1     1    22    12    29    14     0     2     3.0   37.520  177.274    953.9    898.2
     1     1    22    12    29    15     0     3     4.0   37.316  177.972    876.5    906.7
     1     1    22    12    29    16     0     2     5.0   37.114  178.665    807.6    918.4
     1     1    22    12    29    17     0     1     6.0   36.932  179.333    755.6    921.2
     1     1    22    12    29    18     0     0     7.0   36.732  179.979    714.4    929.2
     1     1    22    12    29    19     0     1     8.0   36.529 -179.389    695.1    930.6
     1     1    22    12    29    20     0     2     9.0   36.357 -178.773    657.0    931.7
     1     1    22    12    29    21     0     3    10.0   36.221 -178.197    597.8    942.2
     1     1    22    12    29    22     0     2    11.0   36.120 -177.641    555.4    948.1
     1     1    22    12    29    23     0     1    12.0   36.051 -177.082    559.0    949.0
     1     1    22    12    30     0     0     0    13.0   36.002 -176.528    611.5    941.2
     1     1    22    12    30     1     0     1    14.0   35.968 -175.973    657.6    931.1
     1     1    22    12    30     2     0     2    15.0   35.974 -175.430    662.4    931.2
     1     1    22    12    30     3     0     3    16.0   36.042 -174.916    653.6    934.6
     1     1    22    12    30     4     0     2    17.0   36.154 -174.398    652.8    935.2
     1     1    22    12    30     5     0     1    18.0   36.291 -173.850    644.3    933.6
     1     1    22    12    30     6     0     0    19.0   36.456 -173.294    610.0    937.8
     1     1    22    12    30     7     0     1    20.0   36.655 -172.724    578.6    943.2
     1     1    22    12    30     8     0     2    21.0   36.896 -172.140    572.8    943.2
     1     1    22    12    30     9     0     3    22.0   37.188 -171.558    592.5    940.5
     1     1    22    12    30    10     0     2    23.0   37.515 -170.963    600.9    934.7
     1     1    22    12    30    11     0     1    24.0   37.877 -170.346    602.9    937.4
     1     1    22    12    30    12     0     0    25.0   38.306 -169.740    623.3    932.0
     1     1    22    12    30    13     0     1    26.0   38.800 -169.158    619.8    928.0
     1     1    22    12    30    14     0     2    27.0   39.350 -168.555    578.6    931.1
     1     1    22    12    30    15     0     3    28.0   39.999 -167.919    571.8    936.4
     1     1    22    12    30    16     0     2    29.0   40.744 -167.275    616.6    923.7
     1     1    22    12    30    17     0     1    30.0   41.522 -166.624    657.0    915.7
     1     1    22    12    30    18     0     0    31.0   42.365 -165.921    679.5    913.2
     1     1    22    12    30    19     0     1    32.0   43.301 -165.267    838.0    891.9
     1     1    22    12    30    20     0     2    33.0   44.214 -164.526    987.2    871.2
     1     1    22    12    30    21     0     3    34.0   45.148 -163.567   1164.8    855.8
     1     1    22    12    30    22     0     2    35.0   46.145 -162.796   1591.7    804.6
     1     1    22    12    30    23     0     1    36.0   46.869 -161.926   1744.8    785.3
     1     1    22    12    31     0     0     0    37.0   47.600 -160.945   2066.9    763.5
     1     1    22    12    31     1     0     1    38.0   48.462 -160.122   2906.2    677.8
     1     1    22    12    31     2     0     2    39.0   49.145 -159.174   3539.2    617.8
     1     1    22    12    31     3     0     3    40.0   49.847 -158.111   4043.8    587.4
     1     1    22    12    31     4     0     2    41.0   50.545 -156.910   4661.1    531.2
     1     1    22    12    31     5     0     1    42.0   51.119 -155.672   4964.2    515.5
     1     1    22    12    31     6     0     0    43.0   51.667 -154.303   5286.5    488.5
     1     1    22    12    31     7     0     1    44.0   52.196 -152.832   5386.6    488.3
     1     1    22    12    31     8     0     2    45.0   52.703 -151.261   5781.8    458.9
     1     1    22    12    31     9     0     3    46.0   53.167 -149.598   5885.7    453.3
     1     1    22    12    31    10     0     2    47.0   53.562 -147.880   5838.2    458.7
     1     1    22    12    31    11     0     1    48.0   53.897 -146.131   5901.7    453.9
     1     1    22    12    31    12     0     0    49.0   54.150 -144.550   5896.6    456.7
     1     1    22    12    31    13     0     1    50.0   54.369 -142.968   5895.3    457.2
     1     1    22    12    31    14     0     2    51.0   54.545 -141.473   6004.7    449.7
     1     1    22    12    31    15     0     3    52.0   54.693 -140.071   5972.7    455.2
     1     1    22    12    31    16     0     2    53.0   54.773 -138.642   5995.8    452.5
     1     1    22    12    31    17     0     1    54.0   54.826 -137.297   5915.0    458.7
     1     1    22    12    31    18     0     0    55.0   54.863 -136.054   5714.0    473.3
     1     1    22    12    31    19     0     1    56.0   54.834 -134.808   5714.5    476.4
     1     1    22    12    31    20     0     2    57.0   54.821 -133.643   5712.1    471.9
     1     1    22    12    31    21     0     3    58.0   54.753 -132.536   5727.8    466.1
     1     1    22    12    31    22     0     2    59.0   54.593 -131.420   5622.5    481.7
     1     1    22    12    31    23     0     1    60.0   54.433 -130.322   5508.0    469.5
     1     1    23     1     1     0     0     0    61.0   54.210 -129.230   5389.1    458.5
     1     1    23     1     1     1     0     1    62.0   53.794 -128.208   5461.8    425.2
     1     1    23     1     1     2     0     2    63.0   53.255 -127.316   5484.1    424.4
     1     1    23     1     1     3     0     3    64.0   52.671 -126.495   5349.9    426.5
     1     1    23     1     1     4     0     2    65.0   51.986 -125.719   5091.2    416.4
     1     1    23     1     1     5     0     1    66.0   51.283 -125.096   5064.3    447.8
     1     1    23     1     1     6     0     0    67.0   50.554 -124.611   5090.3    464.8
     1     1    23     1     1     7     0     1    68.0   49.802 -124.215   5186.1    480.2
     1     1    23     1     1     8     0     2    69.0   49.034 -123.900   5252.8    481.0
     1     1    23     1     1     9     0     3    70.0   48.234 -123.660   5230.8    482.7
     1     1    23     1     1    10     0     2    71.0   47.420 -123.488   5147.2    506.3
     1     1    23     1     1    11     0     1    72.0   46.700 -123.370   5043.8    524.9
     1     1    23     1     1    12     0     0    73.0   45.984 -123.306   4957.9    530.2
     1     1    23     1     1    13     0     1    74.0   45.237 -123.272   4834.0    534.0
     1     1    23     1     1    14     0     2    75.0   44.494 -123.244   4600.8    553.2
     1     1    23     1     1    15     0     3    76.0   43.724 -123.231   4353.8    563.3
     1     1    23     1     1    16     0     2    77.0   42.897 -123.232   4169.9    551.5
     1     1    23     1     1    17     0     1    78.0   41.978 -123.239   3802.0    541.3
     1     1    23     1     1    18     0     0    79.0   40.985 -123.210   3540.2    552.8
     1     1    23     1     1    19     0     1    80.0   39.945 -123.101   3532.5    551.0
     1     1    23     1     1    20     0     2    81.0   39.005 -122.945   3483.6    613.2
     1     1    23     1     1    21     0     3    82.0   38.228 -122.778   3260.9    666.3
     1     1    23     1     1    22     0     2    83.0   37.528 -122.601   3012.1    696.1
     1     1    23     1     1    23     0     1    84.0   36.839 -122.375   2898.0    707.4
     1     1    23     1     2     0     0     0    85.0   36.125 -122.095   2821.1    708.1
     1     1    23     1     2     1     0     1    86.0   35.435 -121.789   2702.5    728.3
     1     1    23     1     2     2     0     2    87.0   34.782 -121.416   2635.9    732.2
     1     1    23     1     2     3     0     3    88.0   34.161 -120.952   2485.7    740.4
     1     1    23     1     2     4     0     2    89.0   33.569 -120.434   2352.7    766.5
     1     1    23     1     2     5     0     1    90.0   32.988 -119.888   2347.8    766.9
     1     1    23     1     2     6     0     0    91.0   32.412 -119.327   2419.1    755.1
     1     1    23     1     2     7     0     1    92.0   31.870 -118.762   2475.5    746.3
     1     1    23     1     2     8     0     2    93.0   31.382 -118.192   2473.1    746.9
     1     1    23     1     2     9     0     3    94.0   30.949 -117.603   2439.9    752.7
     1     1    23     1     2    10     0     2    95.0   30.570 -116.980   2418.8    755.7
     1     1    23     1     2    11     0     1    96.0   30.224 -116.331   2388.5    751.5
     1     1    23     1     2    12     0     0    97.0   29.877 -115.642   2272.8    744.0
     1     1    23     1     2    13     0     1    98.0   29.537 -114.927   2112.2    752.9
     1     1    23     1     2    14     0     2    99.0   29.275 -114.253   2007.2    775.1
     1     1    23     1     2    15     0     3   100.0   29.095 -113.646   1932.6    785.0
     1     1    23     1     2    16     0     2   101.0   28.959 -113.114   1915.4    803.3
     1     1    23     1     2    17     0     1   102.0   28.881 -112.643   1925.4    799.3
     1     1    23     1     2    18     0     0   103.0   28.889 -112.200   1927.7    795.6
     1     1    23     1     2    19     0     1   104.0   28.970 -111.793   1943.2    795.6
     1     1    23     1     2    20     0     2   105.0   29.098 -111.393   2044.5    776.9
     1     1    23     1     2    21     0     3   106.0   29.267 -110.945   2233.2    742.3
     1     1    23     1     2    22     0     2   107.0   29.436 -110.394   2385.0    689.8
     1     1    23     1     2    23     0     1   108.0   29.614 -109.749   2398.5    657.7
     1     1    23     1     3     0     0     0   109.0   29.857 -109.031   2228.0    642.4
     1     1    23     1     3     1     0     1   110.0   30.092 -108.174   2013.5    631.9
     1     1    23     1     3     2     0     2   111.0   30.175 -107.200   2049.9    654.4
     1     1    23     1     3     3     0     3   112.0   30.293 -106.335   2116.3    654.4
     1     1    23     1     3     4     0     2   113.0   30.474 -105.539   2071.4    660.6
     1     1    23     1     3     5     0     1   114.0   30.741 -104.695   1996.4    671.2
     1     1    23     1     3     6     0     0   115.0   31.019 -103.809   1997.0    683.9
     1     1    23     1     3     7     0     1   116.0   31.218 -102.942   1846.7    727.0
     1     1    23     1     3     8     0     2   117.0   31.332 -102.094   1609.9    754.0
     1     1    23     1     3     9     0     3   118.0   31.406 -101.231   1388.2    780.0
     1     1    23     1     3    10     0     2   119.0   31.420 -100.396   1234.2    802.9
     1     1    23     1     3    11     0     1   120.0   31.363  -99.623   1094.4    827.1
