     8     1
    GDAS    22    12    22     0     0
    GDAS    22    12    29     0     0
    GDAS    23     1     1     0     0
    GDAS    23     1     8     0     0
    GDAS    23     1    15     0     0
    GDAS    23     1    22     0     0
    GDAS    23     1    29     0     0
    GDAS    23     2     1     0     0
     1 FORWARD  OMEGA   
    23     1    12    23   31.372 -113.881   676.6
     1 PRESSURE
     1     1    23     1    12    23     0     1     0.0   31.372 -113.881    676.6    934.9
     1     1    23     1    13     0     0     0     1.0   31.104 -113.896    690.4    939.3
     1     1    23     1    13     1     0     1     2.0   30.834 -113.881    721.0    938.4
     1     1    23     1    13     2     0     2     3.0   30.589 -113.859    759.4    933.3
     1     1    23     1    13     3     0     3     4.0   30.360 -113.830    784.3    929.7
     1     1    23     1    13     4     0     2     5.0   30.134 -113.788    794.9    929.6
     1     1    23     1    13     5     0     1     6.0   29.922 -113.748    798.3    927.1
     1     1    23     1    13     6     0     0     7.0   29.734 -113.734    782.6    922.3
     1     1    23     1    13     7     0     1     8.0   29.561 -113.750    738.5    921.7
     1     1    23     1    13     8     0     2     9.0   29.394 -113.798    667.8    923.5
     1     1    23     1    13     9     0     3    10.0   29.228 -113.895    561.6    925.8
     1     1    23     1    13    10     0     2    11.0   29.063 -114.039    394.0    934.6
     1     1    23     1    13    11     0     1    12.0   28.923 -114.160    240.1    964.0
     1     1    23     1    13    12     0     0    13.0   28.811 -114.233    138.6    980.3
     1     1    23     1    13    13     0     1    14.0   28.721 -114.275     73.3    990.5
     1     1    23     1    13    14     0     2    15.0   28.649 -114.307     36.7    997.1
     1     1    23     1    13    15     0     3    16.0   28.591 -114.335     17.1   1001.0
     1     1    23     1    13    16     0     2    17.0   28.543 -114.357      7.5   1003.3
     1     1    23     1    13    17     0     1    18.0   28.502 -114.371      3.2   1005.1
     1     1    23     1    13    18     0     0    19.0   28.468 -114.377      0.7   1006.6
     1     1    23     1    13    19     0     1    20.0   28.433 -114.362      0.3   1006.2
     1     1    23     1    13    20     0     2    21.0   28.387 -114.308      2.4   1005.5
     1     1    23     1    13    21     0     3    22.0   28.323 -114.209      6.7   1004.9
     1     1    23     1    13    22     0     2    23.0   28.237 -114.076     13.9   1006.1
     1     1    23     1    13    23     0     1    24.0   28.132 -113.930     25.3   1005.3
     1     1    23     1    14     0     0     0    25.0   28.016 -113.785     42.9   1000.1
     1     1    23     1    14     1     0     1    26.0   27.913 -113.665     70.6    992.1
     1     1    23     1    14     2     0     2    27.0   27.831 -113.578    103.3    984.7
     1     1    23     1    14     3     0     3    28.0   27.758 -113.520    124.1    980.6
     1     1    23     1    14     4     0     2    29.0   27.683 -113.476    128.6    980.6
     1     1    23     1    14     5     0     1    30.0   27.602 -113.435    121.8    981.5
     1     1    23     1    14     6     0     0    31.0   27.523 -113.399    103.6    984.2
     1     1    23     1    14     7     0     1    32.0   27.440 -113.368     78.9    988.3
     1     1    23     1    14     8     0     2    33.0   27.348 -113.341     57.1    993.5
     1     1    23     1    14     9     0     3    34.0   27.240 -113.318     41.9    997.4
     1     1    23     1    14    10     0     2    35.0   27.124 -113.304     31.9   1000.9
     1     1    23     1    14    11     0     1    36.0   27.008 -113.307     24.0   1004.8
     1     1    23     1    14    12     0     0    37.0   26.894 -113.317     17.3   1006.3
     1     1    23     1    14    13     0     1    38.0   26.784 -113.318     12.7   1008.8
     1     1    23     1    14    14     0     2    39.0   26.669 -113.307      9.9   1010.5
     1     1    23     1    14    15     0     3    40.0   26.546 -113.282      8.1   1011.8
     1     1    23     1    14    16     0     2    41.0   26.420 -113.235      7.3   1012.6
     1     1    23     1    14    17     0     1    42.0   26.305 -113.168      8.1   1013.4
     1     1    23     1    14    18     0     0    43.0   26.211 -113.092      9.9   1014.1
     1     1    23     1    14    19     0     1    44.0   26.137 -112.999     12.3   1013.9
     1     1    23     1    14    20     0     2    45.0   26.082 -112.877     14.7   1011.2
     1     1    23     1    14    21     0     3    46.0   26.046 -112.717     19.9   1007.0
     1     1    23     1    14    22     0     2    47.0   26.021 -112.531     33.9   1001.1
     1     1    23     1    14    23     0     1    48.0   25.994 -112.345     62.3    993.7
     1     1    23     1    15     0     0     0    49.0   25.960 -112.169    113.5    983.2
     1     1    23     1    15     1     0     1    50.0   25.926 -112.009    186.5    971.1
     1     1    23     1    15     2     0     2    51.0   25.908 -111.855    252.9    964.9
     1     1    23     1    15     3     0     3    52.0   25.904 -111.693    295.3    962.8
     1     1    23     1    15     4     0     2    53.0   25.911 -111.520    322.4    963.7
     1     1    23     1    15     5     0     1    54.0   25.926 -111.331    345.5    965.3
     1     1    23     1    15     6     0     0    55.0   25.949 -111.121    374.3    967.6
     1     1    23     1    15     7     0     1    56.0   25.989 -110.907    403.2    967.1
     1     1    23     1    15     8     0     2    57.0   26.045 -110.716    422.5    965.1
     1     1    23     1    15     9     0     3    58.0   26.106 -110.560    427.8    964.1
     1     1    23     1    15    10     0     2    59.0   26.176 -110.429    439.2    964.9
     1     1    23     1    15    11     0     1    60.0   26.261 -110.309    478.4    960.4
     1     1    23     1    15    12     0     0    61.0   26.365 -110.194    553.3    952.3
     1     1    23     1    15    13     0     1    62.0   26.488 -110.078    641.7    940.1
     1     1    23     1    15    14     0     2    63.0   26.629 -109.971    689.4    931.1
     1     1    23     1    15    15     0     3    64.0   26.786 -109.889    660.8    929.6
     1     1    23     1    15    16     0     2    65.0   26.968 -109.836    607.3    938.9
     1     1    23     1    15    17     0     1    66.0   27.183 -109.793    588.9    933.1
     1     1    23     1    15    18     0     0    67.0   27.418 -109.736    611.1    918.4
     1     1    23     1    15    19     0     1    68.0   27.651 -109.653    657.6    895.6
     1     1    23     1    15    20     0     2    69.0   27.887 -109.551    727.6    868.0
     1     1    23     1    15    21     0     3    70.0   28.151 -109.428    823.7    835.9
     1     1    23     1    15    22     0     2    71.0   28.456 -109.246    953.4    803.6
     1     1    23     1    15    23     0     1    72.0   28.826 -108.965   1136.3    767.7
     1     1    23     1    16     0     0     0    73.0   29.225 -108.427   1355.6    701.7
     1     1    23     1    16     1     0     1    74.0   29.465 -107.378   1678.3    651.0
     1     1    23     1    16     2     0     2    75.0   29.567 -106.424   1914.2    660.5
     1     1    23     1    16     3     0     3    76.0   29.616 -105.599   1994.3    674.4
     1     1    23     1    16     4     0     2    77.0   29.689 -104.906   2020.0    680.1
     1     1    23     1    16     5     0     1    78.0   29.813 -104.255   1993.7    672.1
     1     1    23     1    16     6     0     0    79.0   30.016 -103.645   1859.0    686.3
     1     1    23     1    16     7     0     1    80.0   30.230 -103.085   1637.1    727.6
     1     1    23     1    16     8     0     2    81.0   30.347 -102.559   1503.4    773.0
     1     1    23     1    16     9     0     3    82.0   30.408 -102.064   1510.2    780.3
     1     1    23     1    16    10     0     2    83.0   30.466 -101.579   1551.7    773.4
     1     1    23     1    16    11     0     1    84.0   30.527 -101.122   1565.2    770.3
     1     1    23     1    16    12     0     0    85.0   30.579 -100.696   1558.1    773.1
     1     1    23     1    16    13     0     1    86.0   30.616 -100.290   1549.9    774.6
     1     1    23     1    16    14     0     2    87.0   30.643  -99.909   1528.3    777.8
     1     1    23     1    16    15     0     3    88.0   30.652  -99.559   1486.8    786.9
     1     1    23     1    16    16     0     2    89.0   30.630  -99.224   1439.4    796.9
     1     1    23     1    16    17     0     1    90.0   30.592  -98.895   1403.0    805.7
     1     1    23     1    16    18     0     0    91.0   30.541  -98.586   1380.8    814.3
     1     1    23     1    16    19     0     1    92.0   30.467  -98.306   1375.3    821.6
     1     1    23     1    16    20     0     2    93.0   30.381  -98.050   1389.8    825.5
     1     1    23     1    16    21     0     3    94.0   30.293  -97.820   1415.2    827.3
     1     1    23     1    16    22     0     2    95.0   30.207  -97.612   1429.5    828.7
     1     1    23     1    16    23     0     1    96.0   30.118  -97.430   1423.8    834.2
     1     1    23     1    17     0     0     0    97.0   30.019  -97.280   1408.2    839.5
     1     1    23     1    17     1     0     1    98.0   29.914  -97.138   1377.5    845.8
     1     1    23     1    17     2     0     2    99.0   29.818  -96.984   1336.1    855.3
     1     1    23     1    17     3     0     3   100.0   29.741  -96.815   1293.4    860.1
     1     1    23     1    17     4     0     2   101.0   29.680  -96.644   1246.8    865.7
     1     1    23     1    17     5     0     1   102.0   29.620  -96.478   1195.8    871.4
     1     1    23     1    17     6     0     0   103.0   29.554  -96.320   1135.1    878.2
     1     1    23     1    17     7     0     1   104.0   29.498  -96.183   1072.5    885.9
     1     1    23     1    17     8     0     2   105.0   29.461  -96.075   1020.3    891.7
     1     1    23     1    17     9     0     3   106.0   29.436  -95.991    980.8    896.0
     1     1    23     1    17    10     0     2   107.0   29.439  -95.931    960.1    899.1
     1     1    23     1    17    11     0     1   108.0   29.477  -95.889    965.3    898.6
     1     1    23     1    17    12     0     0   109.0   29.540  -95.864    999.8    894.7
     1     1    23     1    17    13     0     1   110.0   29.620  -95.843   1053.1    887.8
     1     1    23     1    17    14     0     2   111.0   29.720  -95.819   1110.3    881.8
     1     1    23     1    17    15     0     3   112.0   29.841  -95.801   1166.9    875.6
     1     1    23     1    17    16     0     2   113.0   29.982  -95.786   1206.7    868.9
     1     1    23     1    17    17     0     1   114.0   30.147  -95.760   1217.4    867.4
     1     1    23     1    17    18     0     0   115.0   30.342  -95.720   1201.4    868.9
     1     1    23     1    17    19     0     1   116.0   30.559  -95.680   1173.7    872.2
     1     1    23     1    17    20     0     2   117.0   30.789  -95.655   1154.8    873.4
     1     1    23     1    17    21     0     3   118.0   31.033  -95.647   1159.2    872.2
     1     1    23     1    17    22     0     2   119.0   31.296  -95.641   1161.9    867.9
     1     1    23     1    17    23     0     1   120.0   31.579  -95.638   1136.3    870.9
