     8     1
    GDAS    22    12    22     0     0
    GDAS    22    12    29     0     0
    GDAS    23     1     1     0     0
    GDAS    23     1     8     0     0
    GDAS    23     1    15     0     0
    GDAS    23     1    22     0     0
    GDAS    23     1    29     0     0
    GDAS    23     2     1     0     0
     1 FORWARD  OMEGA   
    22    12    31    23   46.117 -120.298  1196.8
     1 PRESSURE
     1     1    22    12    31    23     0     1     0.0   46.117 -120.298   1196.8    809.4
     1     1    23     1     1     0     0     0     1.0   46.013 -120.069   1122.4    825.5
     1     1    23     1     1     1     0     1     2.0   45.926 -119.864   1057.5    837.7
     1     1    23     1     1     2     0     2     3.0   45.869 -119.715   1034.6    836.2
     1     1    23     1     1     3     0     3     4.0   45.836 -119.604   1033.0    834.6
     1     1    23     1     1     4     0     2     5.0   45.815 -119.508   1025.5    832.9
     1     1    23     1     1     5     0     1     6.0   45.796 -119.405    990.0    836.3
     1     1    23     1     1     6     0     0     7.0   45.775 -119.294    930.7    842.5
     1     1    23     1     1     7     0     1     8.0   45.746 -119.172    888.3    849.7
     1     1    23     1     1     8     0     2     9.0   45.694 -119.047    893.5    845.2
     1     1    23     1     1     9     0     3    10.0   45.607 -118.924    936.8    827.4
     1     1    23     1     1    10     0     2    11.0   45.484 -118.807    983.0    803.4
     1     1    23     1     1    11     0     1    12.0   45.329 -118.703    998.8    786.4
     1     1    23     1     1    12     0     0    13.0   45.135 -118.624    976.6    774.0
     1     1    23     1     1    13     0     1    14.0   44.910 -118.571    920.9    770.3
     1     1    23     1     1    14     0     2    15.0   44.668 -118.546    855.0    773.7
     1     1    23     1     1    15     0     3    16.0   44.411 -118.558    796.8    774.9
     1     1    23     1     1    16     0     2    17.0   44.133 -118.607    745.4    773.1
     1     1    23     1     1    17     0     1    18.0   43.840 -118.675    694.5    775.0
     1     1    23     1     1    18     0     0    19.0   43.550 -118.740    661.4    780.3
     1     1    23     1     1    19     0     1    20.0   43.277 -118.790    659.0    781.1
     1     1    23     1     1    20     0     2    21.0   43.024 -118.824    685.8    778.8
     1     1    23     1     1    21     0     3    22.0   42.770 -118.854    704.8    768.0
     1     1    23     1     1    22     0     2    23.0   42.500 -118.901    696.9    763.7
     1     1    23     1     1    23     0     1    24.0   42.223 -118.987    672.4    760.5
     1     1    23     1     2     0     0     0    25.0   41.966 -119.107    635.5    761.0
     1     1    23     1     2     1     0     1    26.0   41.740 -119.209    591.2    773.3
     1     1    23     1     2     2     0     2    27.0   41.547 -119.258    540.0    783.9
     1     1    23     1     2     3     0     3    28.0   41.380 -119.264    484.2    795.3
     1     1    23     1     2     4     0     2    29.0   41.235 -119.237    433.0    807.3
     1     1    23     1     2     5     0     1    30.0   41.106 -119.196    396.6    817.7
     1     1    23     1     2     6     0     0    31.0   40.987 -119.147    377.0    825.8
     1     1    23     1     2     7     0     1    32.0   40.881 -119.091    368.7    827.1
     1     1    23     1     2     8     0     2    33.0   40.792 -119.030    364.5    828.1
     1     1    23     1     2     9     0     3    34.0   40.720 -118.965    354.7    828.0
     1     1    23     1     2    10     0     2    35.0   40.667 -118.904    336.6    828.1
     1     1    23     1     2    11     0     1    36.0   40.632 -118.855    316.4    829.1
     1     1    23     1     2    12     0     0    37.0   40.617 -118.816    298.7    830.3
     1     1    23     1     2    13     0     1    38.0   40.618 -118.786    287.0    831.4
     1     1    23     1     2    14     0     2    39.0   40.632 -118.758    282.9    831.7
     1     1    23     1     2    15     0     3    40.0   40.660 -118.731    285.7    831.4
     1     1    23     1     2    16     0     2    41.0   40.698 -118.713    292.4    830.5
     1     1    23     1     2    17     0     1    42.0   40.744 -118.709    301.1    830.1
     1     1    23     1     2    18     0     0    43.0   40.796 -118.719    312.6    829.7
     1     1    23     1     2    19     0     1    44.0   40.856 -118.732    325.7    828.9
     1     1    23     1     2    20     0     2    45.0   40.922 -118.736    338.3    828.2
     1     1    23     1     2    21     0     3    46.0   40.997 -118.731    349.7    827.8
     1     1    23     1     2    22     0     2    47.0   41.074 -118.716    356.4    823.2
     1     1    23     1     2    23     0     1    48.0   41.146 -118.691    360.2    819.3
     1     1    23     1     3     0     0     0    49.0   41.215 -118.657    367.3    815.2
     1     1    23     1     3     1     0     1    50.0   41.288 -118.616    390.6    810.3
     1     1    23     1     3     2     0     2    51.0   41.371 -118.562    434.7    801.4
     1     1    23     1     3     3     0     3    52.0   41.459 -118.488    490.4    790.8
     1     1    23     1     3     4     0     2    53.0   41.551 -118.379    536.2    780.0
     1     1    23     1     3     5     0     1    54.0   41.648 -118.232    558.6    773.2
     1     1    23     1     3     6     0     0    55.0   41.745 -118.061    567.5    767.7
     1     1    23     1     3     7     0     1    56.0   41.831 -117.883    565.7    764.9
     1     1    23     1     3     8     0     2    57.0   41.900 -117.707    557.8    765.7
     1     1    23     1     3     9     0     3    58.0   41.952 -117.531    559.2    766.8
     1     1    23     1     3    10     0     2    59.0   41.994 -117.359    576.0    766.0
     1     1    23     1     3    11     0     1    60.0   42.037 -117.201    603.7    765.9
     1     1    23     1     3    12     0     0    61.0   42.085 -117.054    640.1    764.4
     1     1    23     1     3    13     0     1    62.0   42.129 -116.886    685.3    759.5
     1     1    23     1     3    14     0     2    63.0   42.161 -116.666    726.2    752.2
     1     1    23     1     3    15     0     3    64.0   42.189 -116.407    747.2    748.2
     1     1    23     1     3    16     0     2    65.0   42.222 -116.128    722.9    748.5
     1     1    23     1     3    17     0     1    66.0   42.272 -115.849    649.6    759.7
     1     1    23     1     3    18     0     0    67.0   42.318 -115.580    569.6    770.7
     1     1    23     1     3    19     0     1    68.0   42.345 -115.339    514.5    775.8
     1     1    23     1     3    20     0     2    69.0   42.350 -115.122    502.3    774.2
     1     1    23     1     3    21     0     3    70.0   42.333 -114.894    539.2    768.0
     1     1    23     1     3    22     0     2    71.0   42.310 -114.631    592.6    762.0
     1     1    23     1     3    23     0     1    72.0   42.292 -114.332    634.4    761.7
     1     1    23     1     4     0     0     0    73.0   42.280 -114.002    671.6    763.3
     1     1    23     1     4     1     0     1    74.0   42.293 -113.674    712.2    765.4
     1     1    23     1     4     2     0     2    75.0   42.348 -113.366    769.2    766.4
     1     1    23     1     4     3     0     3    76.0   42.442 -113.056    861.3    763.5
     1     1    23     1     4     4     0     2    77.0   42.538 -112.700    968.1    744.4
     1     1    23     1     4     5     0     1    78.0   42.611 -112.286   1051.9    724.9
     1     1    23     1     4     6     0     0    79.0   42.656 -111.824   1108.9    704.9
     1     1    23     1     4     7     0     1    80.0   42.651 -111.335   1173.3    685.5
     1     1    23     1     4     8     0     2    81.0   42.562 -110.798   1270.1    664.8
     1     1    23     1     4     9     0     3    82.0   42.370 -110.196   1377.0    654.4
     1     1    23     1     4    10     0     2    83.0   42.124 -109.555   1340.8    644.1
     1     1    23     1     4    11     0     1    84.0   41.873 -108.859   1007.9    665.2
     1     1    23     1     4    12     0     0    85.0   41.692 -108.103    849.9    733.6
     1     1    23     1     4    13     0     1    86.0   41.514 -107.340    968.4    680.9
     1     1    23     1     4    14     0     2    87.0   41.354 -106.612    977.9    661.5
     1     1    23     1     4    15     0     3    88.0   41.186 -105.754    944.5    677.3
     1     1    23     1     4    16     0     2    89.0   40.849 -104.911   1359.2    682.0
     1     1    23     1     4    17     0     1    90.0   40.439 -104.399   1777.5    659.2
     1     1    23     1     4    18     0     0    91.0   39.983 -103.928   2036.9    657.8
     1     1    23     1     4    19     0     1    92.0   39.539 -103.460   2232.7    623.5
     1     1    23     1     4    20     0     2    93.0   39.171 -103.011   2299.0    629.4
     1     1    23     1     4    21     0     3    94.0   38.821 -102.512   2329.9    642.8
     1     1    23     1     4    22     0     2    95.0   38.470 -101.985   2339.2    659.2
     1     1    23     1     4    23     0     1    96.0   38.129 -101.456   2304.9    672.1
     1     1    23     1     5     0     0     0    97.0   37.763 -100.859   2247.4    688.4
     1     1    23     1     5     1     0     1    98.0   37.368 -100.268   2221.2    705.9
     1     1    23     1     5     2     0     2    99.0   36.988  -99.694   2213.8    715.4
     1     1    23     1     5     3     0     3   100.0   36.609  -99.111   2153.1    723.5
     1     1    23     1     5     4     0     2   101.0   36.244  -98.567   2053.5    743.8
     1     1    23     1     5     5     0     1   102.0   35.906  -98.014   1922.2    768.7
     1     1    23     1     5     6     0     0   103.0   35.574  -97.471   1769.5    790.4
     1     1    23     1     5     7     0     1   104.0   35.261  -96.950   1678.4    803.1
     1     1    23     1     5     8     0     2   105.0   34.984  -96.384   1629.3    808.6
     1     1    23     1     5     9     0     3   106.0   34.731  -95.787   1553.4    822.1
     1     1    23     1     5    10     0     2   107.0   34.490  -95.212   1482.1    835.8
     1     1    23     1     5    11     0     1   108.0   34.266  -94.643   1448.3    839.0
     1     1    23     1     5    12     0     0   109.0   34.066  -94.054   1434.9    841.5
     1     1    23     1     5    13     0     1   110.0   33.896  -93.472   1434.1    846.8
     1     1    23     1     5    14     0     2   111.0   33.747  -92.922   1454.7    849.5
     1     1    23     1     5    15     0     3   112.0   33.602  -92.378   1483.3    846.3
     1     1    23     1     5    16     0     2   113.0   33.474  -91.824   1492.4    848.5
     1     1    23     1     5    17     0     1   114.0   33.376  -91.262   1497.5    852.6
     1     1    23     1     5    18     0     0   115.0   33.301  -90.679   1488.6    848.9
     1     1    23     1     5    19     0     1   116.0   33.225  -90.064   1451.3    847.5
     1     1    23     1     5    20     0     2   117.0   33.133  -89.433   1384.9    849.1
     1     1    23     1     5    21     0     3   118.0   33.051  -88.803   1302.9    857.7
     1     1    23     1     5    22     0     2   119.0   32.981  -88.209   1247.7    870.2
     1     1    23     1     5    23     0     1   120.0   32.903  -87.658   1240.1    872.2
