     8     1
    GDAS    22    12    22     0     0
    GDAS    22    12    29     0     0
    GDAS    23     1     1     0     0
    GDAS    23     1     8     0     0
    GDAS    23     1    15     0     0
    GDAS    23     1    22     0     0
    GDAS    23     1    29     0     0
    GDAS    23     2     1     0     0
     1 FORWARD  OMEGA   
    22    12    31    23   43.529 -112.367  1098.9
     1 PRESSURE
     1     1    22    12    31    23     0     1     0.0   43.529 -112.367   1098.9    709.7
     1     1    23     1     1     0     0     0     1.0   43.578 -112.207   1122.6    706.4
     1     1    23     1     1     1     0     1     2.0   43.651 -112.111   1112.8    711.9
     1     1    23     1     1     2     0     2     3.0   43.726 -112.055   1101.1    716.4
     1     1    23     1     1     3     0     3     4.0   43.793 -112.024   1097.1    719.9
     1     1    23     1     1     4     0     2     5.0   43.850 -112.009   1098.7    721.2
     1     1    23     1     1     5     0     1     6.0   43.896 -112.004   1099.8    722.6
     1     1    23     1     1     6     0     0     7.0   43.929 -112.002   1100.5    723.7
     1     1    23     1     1     7     0     1     8.0   43.945 -112.022   1093.2    723.0
     1     1    23     1     1     8     0     2     9.0   43.938 -112.083   1073.9    722.1
     1     1    23     1     1     9     0     3    10.0   43.907 -112.177   1053.3    719.9
     1     1    23     1     1    10     0     2    11.0   43.858 -112.282   1040.7    717.0
     1     1    23     1     1    11     0     1    12.0   43.792 -112.380   1025.0    714.7
     1     1    23     1     1    12     0     0    13.0   43.710 -112.472    986.9    715.7
     1     1    23     1     1    13     0     1    14.0   43.610 -112.574    936.9    722.3
     1     1    23     1     1    14     0     2    15.0   43.491 -112.703    894.3    728.6
     1     1    23     1     1    15     0     3    16.0   43.359 -112.872    854.0    738.5
     1     1    23     1     1    16     0     2    17.0   43.207 -113.083    829.8    753.4
     1     1    23     1     1    17     0     1    18.0   43.015 -113.324    845.8    767.7
     1     1    23     1     1    18     0     0    19.0   42.784 -113.559    876.8    760.5
     1     1    23     1     1    19     0     1    20.0   42.535 -113.761    904.4    750.4
     1     1    23     1     1    20     0     2    21.0   42.264 -113.974    960.7    734.3
     1     1    23     1     1    21     0     3    22.0   41.936 -114.282   1038.1    704.7
     1     1    23     1     1    22     0     2    23.0   41.572 -114.619   1036.9    695.2
     1     1    23     1     1    23     0     1    24.0   41.210 -114.904    996.3    697.8
     1     1    23     1     2     0     0     0    25.0   40.853 -115.187   1010.1    695.6
     1     1    23     1     2     1     0     1    26.0   40.500 -115.465   1033.6    691.7
     1     1    23     1     2     2     0     2    27.0   40.133 -115.676   1030.6    696.4
     1     1    23     1     2     3     0     3    28.0   39.731 -115.824   1014.1    696.0
     1     1    23     1     2     4     0     2    29.0   39.283 -115.915    928.7    694.2
     1     1    23     1     2     5     0     1    30.0   38.803 -115.932    766.3    712.2
     1     1    23     1     2     6     0     0    31.0   38.340 -115.896    608.9    746.1
     1     1    23     1     2     7     0     1    32.0   37.915 -115.852    491.7    771.3
     1     1    23     1     2     8     0     2    33.0   37.562 -115.798    403.5    794.0
     1     1    23     1     2     9     0     3    34.0   37.311 -115.724    330.8    813.2
     1     1    23     1     2    10     0     2    35.0   37.137 -115.639    258.4    829.2
     1     1    23     1     2    11     0     1    36.0   37.022 -115.546    180.8    845.8
     1     1    23     1     2    12     0     0    37.0   36.939 -115.450    115.5    861.0
     1     1    23     1     2    13     0     1    38.0   36.875 -115.352     67.5    872.4
     1     1    23     1     2    14     0     2    39.0   36.830 -115.260     36.4    880.6
     1     1    23     1     2    15     0     3    40.0   36.800 -115.173     19.7    886.6
     1     1    23     1     2    16     0     2    41.0   36.780 -115.085      8.7    890.6
     1     1    23     1     2    17     0     1    42.0   36.762 -114.997      3.2    894.6
     1     1    23     1     2    18     0     0    43.0   36.748 -114.910      0.0    897.2
     1     1    23     1     2    19     0     1    44.0   36.743 -114.831      0.0    896.9
     1     1    23     1     2    20     0     2    45.0   36.751 -114.763      0.0    896.3
     1     1    23     1     2    21     0     3    46.0   36.771 -114.703      1.1    895.5
     1     1    23     1     2    22     0     2    47.0   36.803 -114.654      4.5    895.4
     1     1    23     1     2    23     0     1    48.0   36.848 -114.623      9.9    894.9
     1     1    23     1     3     0     0     0    49.0   36.906 -114.614     22.6    892.9
     1     1    23     1     3     1     0     1    50.0   36.963 -114.622     53.8    889.4
     1     1    23     1     3     2     0     2    51.0   37.008 -114.640    101.6    883.1
     1     1    23     1     3     3     0     3    52.0   37.049 -114.665    158.5    873.2
     1     1    23     1     3     4     0     2    53.0   37.096 -114.692    217.7    862.6
     1     1    23     1     3     5     0     1    54.0   37.156 -114.718    283.2    850.4
     1     1    23     1     3     6     0     0    55.0   37.229 -114.737    352.8    836.8
     1     1    23     1     3     7     0     1    56.0   37.320 -114.735    421.8    822.6
     1     1    23     1     3     8     0     2    57.0   37.431 -114.692    487.5    807.2
     1     1    23     1     3     9     0     3    58.0   37.562 -114.591    557.4    789.7
     1     1    23     1     3    10     0     2    59.0   37.707 -114.409    629.5    766.2
     1     1    23     1     3    11     0     1    60.0   37.851 -114.133    667.3    738.6
     1     1    23     1     3    12     0     0    61.0   37.995 -113.807    647.2    723.5
     1     1    23     1     3    13     0     1    62.0   38.131 -113.510    637.2    742.1
     1     1    23     1     3    14     0     2    63.0   38.256 -113.230    673.2    749.4
     1     1    23     1     3    15     0     3    64.0   38.379 -112.941    761.0    747.0
     1     1    23     1     3    16     0     2    65.0   38.469 -112.633    853.2    720.6
     1     1    23     1     3    17     0     1    66.0   38.502 -112.313    916.7    700.3
     1     1    23     1     3    18     0     0    67.0   38.494 -111.975    975.5    680.8
     1     1    23     1     3    19     0     1    68.0   38.473 -111.638   1067.6    684.3
     1     1    23     1     3    20     0     2    69.0   38.462 -111.323   1172.7    683.7
     1     1    23     1     3    21     0     3    70.0   38.469 -111.026   1275.4    685.2
     1     1    23     1     3    22     0     2    71.0   38.460 -110.734   1335.2    682.1
     1     1    23     1     3    23     0     1    72.0   38.422 -110.453   1330.2    688.0
     1     1    23     1     4     0     0     0    73.0   38.376 -110.175   1276.9    696.8
     1     1    23     1     4     1     0     1    74.0   38.337 -109.912   1207.0    705.3
     1     1    23     1     4     2     0     2    75.0   38.291 -109.667   1149.2    703.1
     1     1    23     1     4     3     0     3    76.0   38.215 -109.420   1097.6    699.7
     1     1    23     1     4     4     0     2    77.0   38.104 -109.140   1067.5    695.4
     1     1    23     1     4     5     0     1    78.0   37.960 -108.794   1094.6    676.9
     1     1    23     1     4     6     0     0    79.0   37.805 -108.394   1169.5    650.4
     1     1    23     1     4     7     0     1    80.0   37.646 -107.965   1253.2    629.4
     1     1    23     1     4     8     0     2    81.0   37.445 -107.466   1342.2    621.7
     1     1    23     1     4     9     0     3    82.0   37.214 -106.894   1477.9    619.4
     1     1    23     1     4    10     0     2    83.0   36.937 -106.343   1687.8    609.2
     1     1    23     1     4    11     0     1    84.0   36.541 -105.726   2095.3    595.1
     1     1    23     1     4    12     0     0    85.0   36.037 -105.038   3424.1    538.1
     1     1    23     1     4    13     0     1    86.0   35.588 -104.228   5101.9    370.1
     1     1    23     1     4    14     0     2    87.0   35.218 -103.203   5361.4    420.2
     1     1    23     1     4    15     0     3    88.0   34.836 -102.121   5067.0    461.1
     1     1    23     1     4    16     0     2    89.0   34.526 -101.020   4858.1    489.0
     1     1    23     1     4    17     0     1    90.0   34.322  -99.949   4699.5    522.0
     1     1    23     1     4    18     0     0    91.0   34.206  -98.889   4580.7    545.1
     1     1    23     1     4    19     0     1    92.0   34.171  -97.839   4550.4    551.7
     1     1    23     1     4    20     0     2    93.0   34.202  -96.732   4551.3    556.3
     1     1    23     1     4    21     0     3    94.0   34.302  -95.559   4668.9    548.9
     1     1    23     1     4    22     0     2    95.0   34.448  -94.392   4634.0    551.2
     1     1    23     1     4    23     0     1    96.0   34.616  -93.273   4598.9    556.5
     1     1    23     1     5     0     0     0    97.0   34.823  -92.201   4571.0    562.6
     1     1    23     1     5     1     0     1    98.0   35.077  -91.161   4515.8    567.9
     1     1    23     1     5     2     0     2    99.0   35.392  -90.143   4495.1    569.7
     1     1    23     1     5     3     0     3   100.0   35.781  -89.149   4502.3    567.4
     1     1    23     1     5     4     0     2   101.0   36.233  -88.165   4460.9    566.3
     1     1    23     1     5     5     0     1   102.0   36.746  -87.165   4421.2    568.6
     1     1    23     1     5     6     0     0   103.0   37.335  -86.138   4352.7    568.2
     1     1    23     1     5     7     0     1   104.0   37.961  -85.130   4230.1    576.4
     1     1    23     1     5     8     0     2   105.0   38.592  -84.156   4102.9    582.9
     1     1    23     1     5     9     0     3   106.0   39.250  -83.186   4064.2    589.1
     1     1    23     1     5    10     0     2   107.0   39.919  -82.233   4085.5    582.6
     1     1    23     1     5    11     0     1   108.0   40.596  -81.314   4099.3    576.9
     1     1    23     1     5    12     0     0   109.0   41.333  -80.409   4092.9    575.7
     1     1    23     1     5    13     0     1   110.0   42.094  -79.527   4103.6    567.3
     1     1    23     1     5    14     0     2   111.0   42.802  -78.696   4129.4    582.6
     1     1    23     1     5    15     0     3   112.0   43.443  -77.928   4374.0    567.7
     1     1    23     1     5    16     0     2   113.0   44.072  -77.167   4574.3    554.5
     1     1    23     1     5    17     0     1   114.0   44.657  -76.422   4637.5    544.2
     1     1    23     1     5    18     0     0   115.0   45.186  -75.710   4661.6    544.3
     1     1    23     1     5    19     0     1   116.0   45.659  -75.048   4658.0    543.3
     1     1    23     1     5    20     0     2   117.0   46.078  -74.431   4677.0    533.2
     1     1    23     1     5    21     0     3   118.0   46.462  -73.856   4716.1    525.6
     1     1    23     1     5    22     0     2   119.0   46.840  -73.335   4760.6    524.6
     1     1    23     1     5    23     0     1   120.0   47.193  -72.879   4797.3    521.3
