     8     1
    GDAS    22    12    22     0     0
    GDAS    22    12    29     0     0
    GDAS    23     1     1     0     0
    GDAS    23     1     8     0     0
    GDAS    23     1    15     0     0
    GDAS    23     1    22     0     0
    GDAS    23     1    29     0     0
    GDAS    23     2     1     0     0
     1 FORWARD  OMEGA   
    23     1     2    11   15.206  -86.024  1457.9
     1 PRESSURE
     1     1    23     1     2    11     0     1     0.0   15.206  -86.024   1457.9    786.7
     1     1    23     1     2    12     0     0     1.0   15.252  -86.251   1465.0    785.3
     1     1    23     1     2    13     0     1     2.0   15.305  -86.474   1471.4    785.9
     1     1    23     1     2    14     0     2     3.0   15.368  -86.698   1493.3    788.0
     1     1    23     1     2    15     0     3     4.0   15.445  -86.933   1552.8    788.2
     1     1    23     1     2    16     0     2     5.0   15.535  -87.158   1625.3    790.4
     1     1    23     1     2    17     0     1     6.0   15.627  -87.351   1675.1    799.4
     1     1    23     1     2    18     0     0     7.0   15.723  -87.520   1721.4    807.9
     1     1    23     1     2    19     0     1     8.0   15.824  -87.670   1749.2    812.0
     1     1    23     1     2    20     0     2     9.0   15.925  -87.799   1721.2    822.2
     1     1    23     1     2    21     0     3    10.0   16.025  -87.905   1620.1    836.0
     1     1    23     1     2    22     0     2    11.0   16.119  -87.993   1473.1    855.4
     1     1    23     1     2    23     0     1    12.0   16.197  -88.087   1356.3    869.0
     1     1    23     1     3     0     0     0    13.0   16.260  -88.203   1283.0    874.5
     1     1    23     1     3     1     0     1    14.0   16.316  -88.353   1254.2    876.3
     1     1    23     1     3     2     0     2    15.0   16.383  -88.536   1265.4    870.6
     1     1    23     1     3     3     0     3    16.0   16.482  -88.737   1302.3    860.6
     1     1    23     1     3     4     0     2    17.0   16.636  -88.935   1333.5    844.7
     1     1    23     1     3     5     0     1    18.0   16.839  -89.107   1331.2    836.5
     1     1    23     1     3     6     0     0    19.0   17.079  -89.249   1293.0    839.3
     1     1    23     1     3     7     0     1    20.0   17.327  -89.404   1235.4    854.0
     1     1    23     1     3     8     0     2    21.0   17.579  -89.587   1173.4    864.8
     1     1    23     1     3     9     0     3    22.0   17.850  -89.784   1108.0    872.3
     1     1    23     1     3    10     0     2    23.0   18.146  -89.993   1027.0    878.4
     1     1    23     1     3    11     0     1    24.0   18.465  -90.229    931.2    897.7
     1     1    23     1     3    12     0     0    25.0   18.800  -90.478    835.3    914.8
     1     1    23     1     3    13     0     1    26.0   19.132  -90.725    747.7    928.5
     1     1    23     1     3    14     0     2    27.0   19.453  -90.962    675.5    939.3
     1     1    23     1     3    15     0     3    28.0   19.773  -91.194    635.8    946.0
     1     1    23     1     3    16     0     2    29.0   20.098  -91.405    616.4    944.7
     1     1    23     1     3    17     0     1    30.0   20.423  -91.583    587.5    947.3
     1     1    23     1     3    18     0     0    31.0   20.753  -91.730    555.0    950.9
     1     1    23     1     3    19     0     1    32.0   21.087  -91.854    531.1    953.3
     1     1    23     1     3    20     0     2    33.0   21.417  -91.958    518.0    953.3
     1     1    23     1     3    21     0     3    34.0   21.737  -92.036    516.0    953.3
     1     1    23     1     3    22     0     2    35.0   22.046  -92.089    528.6    952.0
     1     1    23     1     3    23     0     1    36.0   22.340  -92.118    542.7    949.7
     1     1    23     1     4     0     0     0    37.0   22.608  -92.121    539.5    949.7
     1     1    23     1     4     1     0     1    38.0   22.866  -92.115    517.8    953.1
     1     1    23     1     4     2     0     2    39.0   23.144  -92.121    494.4    957.4
     1     1    23     1     4     3     0     3    40.0   23.449  -92.140    488.8    959.3
     1     1    23     1     4     4     0     2    41.0   23.769  -92.147    503.7    957.0
     1     1    23     1     4     5     0     1    42.0   24.087  -92.121    532.7    953.7
     1     1    23     1     4     6     0     0    43.0   24.405  -92.061    568.8    949.4
     1     1    23     1     4     7     0     1    44.0   24.699  -91.965    615.2    945.4
     1     1    23     1     4     8     0     2    45.0   24.948  -91.830    667.8    938.2
     1     1    23     1     4     9     0     3    46.0   25.157  -91.653    711.0    933.0
     1     1    23     1     4    10     0     2    47.0   25.342  -91.451    740.1    929.9
     1     1    23     1     4    11     0     1    48.0   25.505  -91.248    751.6    929.3
     1     1    23     1     4    12     0     0    49.0   25.634  -91.046    744.1    930.0
     1     1    23     1     4    13     0     1    50.0   25.736  -90.850    732.0    934.0
     1     1    23     1     4    14     0     2    51.0   25.821  -90.662    731.2    934.5
     1     1    23     1     4    15     0     3    52.0   25.889  -90.481    733.1    934.5
     1     1    23     1     4    16     0     2    53.0   25.945  -90.311    742.2    934.3
     1     1    23     1     4    17     0     1    54.0   25.998  -90.160    766.0    931.5
     1     1    23     1     4    18     0     0    55.0   26.047  -90.029    804.6    927.2
     1     1    23     1     4    19     0     1    56.0   26.084  -89.912    829.4    921.4
     1     1    23     1     4    20     0     2    57.0   26.096  -89.815    824.0    922.9
     1     1    23     1     4    21     0     3    58.0   26.084  -89.740    805.3    925.3
     1     1    23     1     4    22     0     2    59.0   26.053  -89.685    792.7    928.5
     1     1    23     1     4    23     0     1    60.0   26.012  -89.647    796.3    928.2
     1     1    23     1     5     0     0     0    61.0   25.964  -89.624    810.5    926.9
     1     1    23     1     5     1     0     1    62.0   25.918  -89.620    825.6    924.9
     1     1    23     1     5     2     0     2    63.0   25.881  -89.647    831.0    924.5
     1     1    23     1     5     3     0     3    64.0   25.849  -89.709    827.3    925.4
     1     1    23     1     5     4     0     2    65.0   25.826  -89.796    823.7    926.4
     1     1    23     1     5     5     0     1    66.0   25.817  -89.889    824.3    926.1
     1     1    23     1     5     6     0     0    67.0   25.824  -89.988    826.3    925.7
     1     1    23     1     5     7     0     1    68.0   25.830  -90.089    831.8    925.6
     1     1    23     1     5     8     0     2    69.0   25.815  -90.180    842.4    924.4
     1     1    23     1     5     9     0     3    70.0   25.784  -90.259    852.9    923.2
     1     1    23     1     5    10     0     2    71.0   25.730  -90.339    870.7    922.9
     1     1    23     1     5    11     0     1    72.0   25.647  -90.430    903.9    919.5
     1     1    23     1     5    12     0     0    73.0   25.542  -90.527    945.4    914.8
     1     1    23     1     5    13     0     1    74.0   25.433  -90.629    974.0    910.4
     1     1    23     1     5    14     0     2    75.0   25.328  -90.750    973.2    911.2
     1     1    23     1     5    15     0     3    76.0   25.214  -90.900    946.5    914.9
     1     1    23     1     5    16     0     2    77.0   25.093  -91.089    919.6    920.3
     1     1    23     1     5    17     0     1    78.0   24.978  -91.308    916.1    920.3
     1     1    23     1     5    18     0     0    79.0   24.874  -91.541    925.4    918.2
     1     1    23     1     5    19     0     1    80.0   24.774  -91.773    930.4    916.2
     1     1    23     1     5    20     0     2    81.0   24.669  -92.009    918.5    916.6
     1     1    23     1     5    21     0     3    82.0   24.557  -92.258    894.8    919.8
     1     1    23     1     5    22     0     2    83.0   24.442  -92.514    876.0    923.0
     1     1    23     1     5    23     0     1    84.0   24.329  -92.774    871.2    923.8
     1     1    23     1     6     0     0     0    85.0   24.217  -93.043    884.3    923.0
     1     1    23     1     6     1     0     1    86.0   24.109  -93.312    900.1    919.7
     1     1    23     1     6     2     0     2    87.0   24.009  -93.582    898.5    920.1
     1     1    23     1     6     3     0     3    88.0   23.914  -93.859    876.5    922.9
     1     1    23     1     6     4     0     2    89.0   23.834  -94.146    844.9    927.3
     1     1    23     1     6     5     0     1    90.0   23.777  -94.440    814.7    930.1
     1     1    23     1     6     6     0     0    91.0   23.747  -94.736    784.3    933.2
     1     1    23     1     6     7     0     1    92.0   23.741  -95.024    756.6    936.2
     1     1    23     1     6     8     0     2    93.0   23.755  -95.293    734.3    938.3
     1     1    23     1     6     9     0     3    94.0   23.792  -95.542    718.1    939.7
     1     1    23     1     6    10     0     2    95.0   23.852  -95.773    702.8    940.8
     1     1    23     1     6    11     0     1    96.0   23.939  -95.985    683.4    943.1
     1     1    23     1     6    12     0     0    97.0   24.054  -96.176    661.0    945.8
     1     1    23     1     6    13     0     1    98.0   24.186  -96.357    640.0    949.2
     1     1    23     1     6    14     0     2    99.0   24.328  -96.535    621.5    951.4
     1     1    23     1     6    15     0     3   100.0   24.489  -96.711    602.6    953.6
     1     1    23     1     6    16     0     2   101.0   24.679  -96.883    583.6    955.6
     1     1    23     1     6    17     0     1   102.0   24.907  -97.051    566.2    957.2
     1     1    23     1     6    18     0     0   103.0   25.168  -97.211    550.5    958.6
     1     1    23     1     6    19     0     1   104.0   25.461  -97.365    526.6    959.3
     1     1    23     1     6    20     0     2   105.0   25.782  -97.522    488.0    962.6
     1     1    23     1     6    21     0     3   106.0   26.125  -97.680    443.5    967.7
     1     1    23     1     6    22     0     2   107.0   26.476  -97.838    428.8    971.9
     1     1    23     1     6    23     0     1   108.0   26.832  -97.995    493.9    967.2
     1     1    23     1     7     0     0     0   109.0   27.209  -98.153    620.8    944.3
     1     1    23     1     7     1     0     1   110.0   27.620  -98.292    696.1    924.4
     1     1    23     1     7     2     0     2   111.0   28.070  -98.413    695.9    926.7
     1     1    23     1     7     3     0     3   112.0   28.555  -98.506    704.9    927.2
     1     1    23     1     7     4     0     2   113.0   29.047  -98.533    755.0    915.6
     1     1    23     1     7     5     0     1   114.0   29.546  -98.463    801.7    895.0
     1     1    23     1     7     6     0     0   115.0   30.063  -98.285    820.4    885.5
     1     1    23     1     7     7     0     1   116.0   30.550  -98.014    874.5    889.6
     1     1    23     1     7     8     0     2   117.0   30.949  -97.665    960.9    878.9
     1     1    23     1     7     9     0     3   118.0   31.279  -97.264    972.9    879.9
     1     1    23     1     7    10     0     2   119.0   31.574  -96.826    923.3    895.8
     1     1    23     1     7    11     0     1   120.0   31.830  -96.358    925.2    905.4
