     8     1
    GDAS    22    12    22     0     0
    GDAS    22    12    29     0     0
    GDAS    23     1     1     0     0
    GDAS    23     1     8     0     0
    GDAS    23     1    15     0     0
    GDAS    23     1    22     0     0
    GDAS    23     1    29     0     0
    GDAS    23     2     1     0     0
     1 FORWARD  OMEGA   
    23     1     8    17   36.514 -152.177  1809.5
     1 PRESSURE
     1     1    23     1     8    17     0     1     0.0   36.514 -152.177   1809.5    805.5
     1     1    23     1     8    18     0     0     1.0   36.346 -151.443   1768.9    808.1
     1     1    23     1     8    19     0     1     2.0   36.193 -150.700   1688.3    816.1
     1     1    23     1     8    20     0     2     3.0   36.080 -149.928   1585.9    829.1
     1     1    23     1     8    21     0     3     4.0   35.978 -149.157   1504.9    839.5
     1     1    23     1     8    22     0     2     5.0   35.886 -148.390   1447.7    842.4
     1     1    23     1     8    23     0     1     6.0   35.841 -147.619   1350.0    853.4
     1     1    23     1     9     0     0     0     7.0   35.821 -146.866   1288.4    859.3
     1     1    23     1     9     1     0     1     8.0   35.823 -146.105   1255.7    862.5
     1     1    23     1     9     2     0     2     9.0   35.868 -145.326   1214.6    865.4
     1     1    23     1     9     3     0     3    10.0   35.950 -144.573   1105.6    877.7
     1     1    23     1     9     4     0     2    11.0   36.051 -143.793   1018.6    888.6
     1     1    23     1     9     5     0     1    12.0   36.197 -142.952   1063.2    882.3
     1     1    23     1     9     6     0     0    13.0   36.422 -142.102   1111.1    874.2
     1     1    23     1     9     7     0     1    14.0   36.639 -141.267   1123.3    873.4
     1     1    23     1     9     8     0     2    15.0   36.842 -140.336   1174.8    871.5
     1     1    23     1     9     9     0     3    16.0   37.130 -139.302   1387.3    837.8
     1     1    23     1     9    10     0     2    17.0   37.431 -138.344   1404.1    842.1
     1     1    23     1     9    11     0     1    18.0   37.702 -137.359   1465.9    836.3
     1     1    23     1     9    12     0     0    19.0   38.072 -136.271   1610.2    814.0
     1     1    23     1     9    13     0     1    20.0   38.446 -135.265   1618.3    817.5
     1     1    23     1     9    14     0     2    21.0   38.781 -134.249   1647.3    816.1
     1     1    23     1     9    15     0     3    22.0   39.172 -133.208   1738.7    803.2
     1     1    23     1     9    16     0     2    23.0   39.581 -132.257   1784.4    801.1
     1     1    23     1     9    17     0     1    24.0   39.959 -131.316   1902.2    790.5
     1     1    23     1     9    18     0     0    25.0   40.422 -130.367   2056.0    772.4
     1     1    23     1     9    19     0     1    26.0   40.950 -129.534   2124.2    766.6
     1     1    23     1     9    20     0     2    27.0   41.455 -128.722   2165.5    763.4
     1     1    23     1     9    21     0     3    28.0   42.075 -127.858   2080.6    767.9
     1     1    23     1     9    22     0     2    29.0   42.708 -127.165   1990.0    782.4
     1     1    23     1     9    23     0     1    30.0   43.309 -126.524   2064.3    780.7
     1     1    23     1    10     0     0     0    31.0   43.975 -125.807   2433.9    759.0
     1     1    23     1    10     1     0     1    32.0   44.631 -125.152   2761.6    704.8
     1     1    23     1    10     2     0     2    33.0   45.223 -124.499   2812.4    693.2
     1     1    23     1    10     3     0     3    34.0   45.826 -123.734   3032.2    701.5
     1     1    23     1    10     4     0     2    35.0   46.358 -122.994   3643.5    614.7
     1     1    23     1    10     5     0     1    36.0   46.769 -122.279   4059.4    555.4
     1     1    23     1    10     6     0     0    37.0   47.090 -121.532   4535.3    493.8
     1     1    23     1    10     7     0     1    38.0   47.344 -120.704   4698.9    475.7
     1     1    23     1    10     8     0     2    39.0   47.628 -119.958   4879.7    490.6
     1     1    23     1    10     9     0     3    40.0   47.871 -119.247   4866.1    493.5
     1     1    23     1    10    10     0     2    41.0   48.059 -118.477   4897.5    487.5
     1     1    23     1    10    11     0     1    42.0   48.225 -117.709   5078.6    462.6
     1     1    23     1    10    12     0     0    43.0   48.325 -116.862   5041.9    450.5
     1     1    23     1    10    13     0     1    44.0   48.299 -115.984   4888.7    453.9
     1     1    23     1    10    14     0     2    45.0   48.181 -115.135   4693.1    463.0
     1     1    23     1    10    15     0     3    46.0   48.019 -114.354   4489.1    479.3
     1     1    23     1    10    16     0     2    47.0   47.813 -113.645   4271.6    482.9
     1     1    23     1    10    17     0     1    48.0   47.624 -112.984   4293.1    461.5
     1     1    23     1    10    18     0     0    49.0   47.450 -112.331   4241.6    469.4
     1     1    23     1    10    19     0     1    50.0   47.290 -111.754   3841.6    516.9
     1     1    23     1    10    20     0     2    51.0   47.135 -111.239   3451.6    530.8
     1     1    23     1    10    21     0     3    52.0   46.972 -110.751   3226.0    539.4
     1     1    23     1    10    22     0     2    53.0   46.835 -110.292   3106.4    559.8
     1     1    23     1    10    23     0     1    54.0   46.741 -109.849   2987.1    581.7
     1     1    23     1    11     0     0     0    55.0   46.655 -109.372   2982.7    593.2
     1     1    23     1    11     1     0     1    56.0   46.553 -108.849   3095.0    584.7
     1     1    23     1    11     2     0     2    57.0   46.430 -108.315   3123.1    591.2
     1     1    23     1    11     3     0     3    58.0   46.267 -107.796   3061.3    608.5
     1     1    23     1    11     4     0     2    59.0   46.070 -107.313   3028.3    609.5
     1     1    23     1    11     5     0     1    60.0   45.876 -106.882   3020.6    603.3
     1     1    23     1    11     6     0     0    61.0   45.710 -106.515   2988.3    608.1
     1     1    23     1    11     7     0     1    62.0   45.578 -106.206   2931.7    613.6
     1     1    23     1    11     8     0     2    63.0   45.475 -105.936   2850.3    619.4
     1     1    23     1    11     9     0     3    64.0   45.394 -105.694   2752.4    625.8
     1     1    23     1    11    10     0     2    65.0   45.313 -105.475   2689.0    631.8
     1     1    23     1    11    11     0     1    66.0   45.222 -105.278   2700.5    628.6
     1     1    23     1    11    12     0     0    67.0   45.131 -105.101   2791.4    619.1
     1     1    23     1    11    13     0     1    68.0   45.048 -104.933   2915.2    604.4
     1     1    23     1    11    14     0     2    69.0   44.963 -104.776   3002.5    596.9
     1     1    23     1    11    15     0     3    70.0   44.867 -104.638   3028.2    592.7
     1     1    23     1    11    16     0     2    71.0   44.756 -104.519   3004.0    592.9
     1     1    23     1    11    17     0     1    72.0   44.633 -104.424   2952.4    591.6
     1     1    23     1    11    18     0     0    73.0   44.498 -104.369   2867.8    591.1
     1     1    23     1    11    19     0     1    74.0   44.344 -104.356   2771.1    593.0
     1     1    23     1    11    20     0     2    75.0   44.170 -104.378   2711.0    590.7
     1     1    23     1    11    21     0     3    76.0   43.986 -104.441   2726.3    585.2
     1     1    23     1    11    22     0     2    77.0   43.805 -104.515   2810.8    583.1
     1     1    23     1    11    23     0     1    78.0   43.631 -104.567   2891.6    581.5
     1     1    23     1    12     0     0     0    79.0   43.461 -104.625   2943.5    581.4
     1     1    23     1    12     1     0     1    80.0   43.300 -104.684   2976.4    584.2
     1     1    23     1    12     2     0     2    81.0   43.152 -104.733   3027.8    583.7
     1     1    23     1    12     3     0     3    82.0   43.023 -104.780   3122.8    578.9
     1     1    23     1    12     4     0     2    83.0   42.913 -104.816   3214.6    566.9
     1     1    23     1    12     5     0     1    84.0   42.820 -104.805   3236.4    565.0
     1     1    23     1    12     6     0     0    85.0   42.738 -104.736   3189.1    569.9
     1     1    23     1    12     7     0     1    86.0   42.648 -104.595   3107.9    580.8
     1     1    23     1    12     8     0     2    87.0   42.542 -104.384   3014.7    591.2
     1     1    23     1    12     9     0     3    88.0   42.435 -104.125   2886.4    605.0
     1     1    23     1    12    10     0     2    89.0   42.314 -103.853   2752.9    623.0
     1     1    23     1    12    11     0     1    90.0   42.153 -103.589   2662.2    631.8
     1     1    23     1    12    12     0     0    91.0   41.961 -103.336   2622.8    633.2
     1     1    23     1    12    13     0     1    92.0   41.750 -103.085   2631.2    630.9
     1     1    23     1    12    14     0     2    93.0   41.520 -102.827   2674.3    628.1
     1     1    23     1    12    15     0     3    94.0   41.264 -102.563   2719.7    625.2
     1     1    23     1    12    16     0     2    95.0   41.001 -102.314   2718.3    627.3
     1     1    23     1    12    17     0     1    96.0   40.741 -102.088   2662.0    638.4
     1     1    23     1    12    18     0     0    97.0   40.470 -101.880   2570.7    652.6
     1     1    23     1    12    19     0     1    98.0   40.197 -101.670   2474.6    666.4
     1     1    23     1    12    20     0     2    99.0   39.924 -101.438   2395.8    675.7
     1     1    23     1    12    21     0     3   100.0   39.654 -101.188   2311.7    683.8
     1     1    23     1    12    22     0     2   101.0   39.388 -100.920   2211.6    697.8
     1     1    23     1    12    23     0     1   102.0   39.115 -100.642   2122.8    712.9
     1     1    23     1    13     0     0     0   103.0   38.823 -100.356   2068.6    722.5
     1     1    23     1    13     1     0     1   104.0   38.514 -100.060   2016.9    727.8
     1     1    23     1    13     2     0     2   105.0   38.203  -99.763   1940.0    738.5
     1     1    23     1    13     3     0     3   106.0   37.888  -99.477   1842.8    753.4
     1     1    23     1    13     4     0     2   107.0   37.566  -99.203   1752.0    771.6
     1     1    23     1    13     5     0     1   108.0   37.254  -98.935   1691.1    783.6
     1     1    23     1    13     6     0     0   109.0   36.954  -98.680   1675.7    791.1
     1     1    23     1    13     7     0     1   110.0   36.637  -98.424   1671.0    790.5
     1     1    23     1    13     8     0     2   111.0   36.297  -98.159   1641.0    800.2
     1     1    23     1    13     9     0     3   112.0   35.952  -97.892   1584.9    811.1
     1     1    23     1    13    10     0     2   113.0   35.595  -97.630   1512.9    821.1
     1     1    23     1    13    11     0     1   114.0   35.210  -97.384   1437.3    827.0
     1     1    23     1    13    12     0     0   115.0   34.803  -97.172   1370.9    837.1
     1     1    23     1    13    13     0     1   116.0   34.392  -96.997   1349.7    847.0
     1     1    23     1    13    14     0     2   117.0   33.989  -96.850   1367.2    849.3
     1     1    23     1    13    15     0     3   118.0   33.597  -96.730   1383.6    849.0
     1     1    23     1    13    16     0     2   119.0   33.224  -96.634   1375.3    851.3
     1     1    23     1    13    17     0     1   120.0   32.875  -96.552   1342.6    856.9
