     8     1
    GDAS    22    12    22     0     0
    GDAS    22    12    29     0     0
    GDAS    23     1     1     0     0
    GDAS    23     1     8     0     0
    GDAS    23     1    15     0     0
    GDAS    23     1    22     0     0
    GDAS    23     1    29     0     0
    GDAS    23     2     1     0     0
     1 FORWARD  OMEGA   
    23     1     4    23   17.486 -130.084  4091.7
     1 PRESSURE
     1     1    23     1     4    23     0     1     0.0   17.486 -130.084   4091.7    623.2
     1     1    23     1     5     0     0     0     1.0   17.552 -130.138   4115.1    621.9
     1     1    23     1     5     1     0     1     2.0   17.620 -130.184   4145.5    618.8
     1     1    23     1     5     2     0     2     3.0   17.682 -130.219   4172.5    617.5
     1     1    23     1     5     3     0     3     4.0   17.736 -130.244   4205.9    615.7
     1     1    23     1     5     4     0     2     5.0   17.786 -130.260   4230.9    612.7
     1     1    23     1     5     5     0     1     6.0   17.836 -130.265   4222.4    613.4
     1     1    23     1     5     6     0     0     7.0   17.888 -130.262   4173.0    617.3
     1     1    23     1     5     7     0     1     8.0   17.948 -130.246   4119.0    624.1
     1     1    23     1     5     8     0     2     9.0   18.023 -130.216   4103.7    625.4
     1     1    23     1     5     9     0     3    10.0   18.115 -130.169   4131.0    622.9
     1     1    23     1     5    10     0     2    11.0   18.215 -130.106   4163.9    617.3
     1     1    23     1     5    11     0     1    12.0   18.320 -130.029   4169.2    616.7
     1     1    23     1     5    12     0     0    13.0   18.432 -129.936   4153.6    617.8
     1     1    23     1     5    13     0     1    14.0   18.552 -129.828   4133.1    620.4
     1     1    23     1     5    14     0     2    15.0   18.677 -129.711   4113.8    621.8
     1     1    23     1     5    15     0     3    16.0   18.803 -129.583   4090.0    623.7
     1     1    23     1     5    16     0     2    17.0   18.930 -129.442   4069.0    626.4
     1     1    23     1     5    17     0     1    18.0   19.053 -129.286   4055.3    627.6
     1     1    23     1     5    18     0     0    19.0   19.171 -129.114   4040.7    628.8
     1     1    23     1     5    19     0     1    20.0   19.279 -128.924   4026.0    630.2
     1     1    23     1     5    20     0     2    21.0   19.374 -128.716   4025.0    630.6
     1     1    23     1     5    21     0     3    22.0   19.454 -128.493   4049.1    628.8
     1     1    23     1     5    22     0     2    23.0   19.523 -128.259   4088.0    624.3
     1     1    23     1     5    23     0     1    24.0   19.584 -128.020   4123.9    621.0
     1     1    23     1     6     0     0     0    25.0   19.638 -127.775   4149.4    618.4
     1     1    23     1     6     1     0     1    26.0   19.683 -127.527   4160.6    617.8
     1     1    23     1     6     2     0     2    27.0   19.721 -127.281   4159.0    618.3
     1     1    23     1     6     3     0     3    28.0   19.753 -127.044   4147.7    619.6
     1     1    23     1     6     4     0     2    29.0   19.793 -126.816   4135.7    621.2
     1     1    23     1     6     5     0     1    30.0   19.855 -126.592   4128.9    621.9
     1     1    23     1     6     6     0     0    31.0   19.940 -126.372   4126.4    622.1
     1     1    23     1     6     7     0     1    32.0   20.045 -126.145   4119.9    621.7
     1     1    23     1     6     8     0     2    33.0   20.161 -125.904   4105.1    622.7
     1     1    23     1     6     9     0     3    34.0   20.288 -125.642   4099.7    623.9
     1     1    23     1     6    10     0     2    35.0   20.422 -125.357   4107.7    622.1
     1     1    23     1     6    11     0     1    36.0   20.560 -125.051   4121.7    620.7
     1     1    23     1     6    12     0     0    37.0   20.704 -124.726   4151.1    618.6
     1     1    23     1     6    13     0     1    38.0   20.849 -124.384   4210.9    614.8
     1     1    23     1     6    14     0     2    39.0   20.986 -124.026   4321.3    607.7
     1     1    23     1     6    15     0     3    40.0   21.127 -123.635   4445.5    594.8
     1     1    23     1     6    16     0     2    41.0   21.272 -123.213   4501.9    588.8
     1     1    23     1     6    17     0     1    42.0   21.409 -122.780   4493.7    592.3
     1     1    23     1     6    18     0     0    43.0   21.541 -122.343   4476.2    595.3
     1     1    23     1     6    19     0     1    44.0   21.669 -121.904   4466.5    595.4
     1     1    23     1     6    20     0     2    45.0   21.792 -121.463   4468.2    595.4
     1     1    23     1     6    21     0     3    46.0   21.910 -121.010   4492.3    593.5
     1     1    23     1     6    22     0     2    47.0   22.035 -120.544   4524.7    589.3
     1     1    23     1     6    23     0     1    48.0   22.180 -120.073   4551.0    587.6
     1     1    23     1     7     0     0     0    49.0   22.336 -119.592   4560.8    585.2
     1     1    23     1     7     1     0     1    50.0   22.491 -119.111   4545.9    587.3
     1     1    23     1     7     2     0     2    51.0   22.651 -118.640   4539.5    589.6
     1     1    23     1     7     3     0     3    52.0   22.820 -118.183   4547.5    587.9
     1     1    23     1     7     4     0     2    53.0   22.997 -117.736   4557.6    587.7
     1     1    23     1     7     5     0     1    54.0   23.186 -117.292   4569.2    586.7
     1     1    23     1     7     6     0     0    55.0   23.395 -116.853   4571.9    586.3
     1     1    23     1     7     7     0     1    56.0   23.623 -116.415   4580.7    586.9
     1     1    23     1     7     8     0     2    57.0   23.869 -115.970   4613.9    583.7
     1     1    23     1     7     9     0     3    58.0   24.135 -115.509   4649.9    579.4
     1     1    23     1     7    10     0     2    59.0   24.418 -115.028   4685.3    577.5
     1     1    23     1     7    11     0     1    60.0   24.711 -114.527   4713.8    573.8
     1     1    23     1     7    12     0     0    61.0   24.998 -114.019   4702.2    573.3
     1     1    23     1     7    13     0     1    62.0   25.267 -113.512   4697.4    578.6
     1     1    23     1     7    14     0     2    63.0   25.524 -112.982   4715.9    573.9
     1     1    23     1     7    15     0     3    64.0   25.760 -112.430   4697.7    569.3
     1     1    23     1     7    16     0     2    65.0   25.974 -111.869   4671.2    565.3
     1     1    23     1     7    17     0     1    66.0   26.172 -111.320   4680.5    574.2
     1     1    23     1     7    18     0     0    67.0   26.356 -110.788   4686.4    579.3
     1     1    23     1     7    19     0     1    68.0   26.535 -110.251   4693.3    577.5
     1     1    23     1     7    20     0     2    69.0   26.708 -109.706   4679.8    571.0
     1     1    23     1     7    21     0     3    70.0   26.855 -109.143   4598.5    555.9
     1     1    23     1     7    22     0     2    71.0   26.987 -108.555   4449.9    542.2
     1     1    23     1     7    23     0     1    72.0   27.106 -107.939   4276.6    519.5
     1     1    23     1     8     0     0     0    73.0   27.215 -107.299   3972.2    483.2
     1     1    23     1     8     1     0     1    74.0   27.321 -106.703   3761.5    499.8
     1     1    23     1     8     2     0     2    75.0   27.434 -106.172   3808.9    517.6
     1     1    23     1     8     3     0     3    76.0   27.564 -105.682   3712.6    518.3
     1     1    23     1     8     4     0     2    77.0   27.682 -105.271   3133.9    573.7
     1     1    23     1     8     5     0     1    78.0   27.774 -104.967   2538.5    654.0
     1     1    23     1     8     6     0     0    79.0   27.870 -104.735   2235.8    687.4
     1     1    23     1     8     7     0     1    80.0   27.979 -104.497   2164.1    680.3
     1     1    23     1     8     8     0     2    81.0   28.092 -104.225   2188.7    674.9
     1     1    23     1     8     9     0     3    82.0   28.211 -103.922   2253.9    665.4
     1     1    23     1     8    10     0     2    83.0   28.321 -103.617   2299.9    662.7
     1     1    23     1     8    11     0     1    84.0   28.407 -103.336   2314.0    669.3
     1     1    23     1     8    12     0     0    85.0   28.470 -103.078   2322.7    676.6
     1     1    23     1     8    13     0     1    86.0   28.526 -102.831   2322.7    676.6
     1     1    23     1     8    14     0     2    87.0   28.584 -102.574   2313.6    672.6
     1     1    23     1     8    15     0     3    88.0   28.648 -102.296   2301.3    666.9
     1     1    23     1     8    16     0     2    89.0   28.712 -101.984   2282.4    659.6
     1     1    23     1     8    17     0     1    90.0   28.751 -101.695   2275.8    683.9
     1     1    23     1     8    18     0     0    91.0   28.767 -101.484   2241.0    706.3
     1     1    23     1     8    19     0     1    92.0   28.776 -101.335   2193.7    723.6
     1     1    23     1     8    20     0     2    93.0   28.792 -101.228   2139.7    737.1
     1     1    23     1     8    21     0     3    94.0   28.822 -101.152   2075.6    748.9
     1     1    23     1     8    22     0     2    95.0   28.867 -101.101   2019.1    761.0
     1     1    23     1     8    23     0     1    96.0   28.924 -101.064   1994.1    767.5
     1     1    23     1     9     0     0     0    97.0   28.994 -101.029   2007.1    770.8
     1     1    23     1     9     1     0     1    98.0   29.077 -100.983   2022.5    767.8
     1     1    23     1     9     2     0     2    99.0   29.176 -100.924   1998.1    769.1
     1     1    23     1     9     3     0     3   100.0   29.292 -100.854   1943.9    773.0
     1     1    23     1     9     4     0     2   101.0   29.426 -100.775   1878.9    777.5
     1     1    23     1     9     5     0     1   102.0   29.574 -100.678   1805.2    779.9
     1     1    23     1     9     6     0     0   103.0   29.746 -100.564   1707.1    783.0
     1     1    23     1     9     7     0     1   104.0   29.938 -100.427   1609.5    787.8
     1     1    23     1     9     8     0     2   105.0   30.123 -100.254   1550.5    788.5
     1     1    23     1     9     9     0     3   106.0   30.297 -100.051   1523.4    787.5
     1     1    23     1     9    10     0     2   107.0   30.453  -99.830   1512.1    790.0
     1     1    23     1     9    11     0     1   108.0   30.581  -99.594   1505.0    793.0
     1     1    23     1     9    12     0     0   109.0   30.691  -99.340   1479.5    797.2
     1     1    23     1     9    13     0     1   110.0   30.800  -99.079   1447.8    806.7
     1     1    23     1     9    14     0     2   111.0   30.905  -98.812   1440.7    812.5
     1     1    23     1     9    15     0     3   112.0   31.003  -98.538   1467.8    816.2
     1     1    23     1     9    16     0     2   113.0   31.101  -98.255   1488.7    814.5
     1     1    23     1     9    17     0     1   114.0   31.217  -97.965   1455.3    823.4
     1     1    23     1     9    18     0     0   115.0   31.355  -97.673   1405.6    836.1
     1     1    23     1     9    19     0     1   116.0   31.498  -97.379   1392.0    843.2
     1     1    23     1     9    20     0     2   117.0   31.640  -97.068   1417.9    842.2
     1     1    23     1     9    21     0     3   118.0   31.785  -96.730   1447.4    840.0
     1     1    23     1     9    22     0     2   119.0   31.918  -96.376   1469.3    842.4
     1     1    23     1     9    23     0     1   120.0   32.050  -96.015   1483.7    844.6
