     8     1
    GDAS    22    12    22     0     0
    GDAS    22    12    29     0     0
    GDAS    23     1     1     0     0
    GDAS    23     1     8     0     0
    GDAS    23     1    15     0     0
    GDAS    23     1    22     0     0
    GDAS    23     1    29     0     0
    GDAS    23     2     1     0     0
     1 FORWARD  OMEGA   
    23     1    12    17   30.917 -113.864   719.5
     1 PRESSURE
     1     1    23     1    12    17     0     1     0.0   30.917 -113.864    719.5    939.5
     1     1    23     1    12    18     0     0     1.0   30.655 -113.832    737.6    939.0
     1     1    23     1    12    19     0     1     2.0   30.409 -113.788    772.4    934.0
     1     1    23     1    12    20     0     2     3.0   30.176 -113.737    816.7    927.9
     1     1    23     1    12    21     0     3     4.0   29.965 -113.676    858.2    920.9
     1     1    23     1    12    22     0     2     5.0   29.778 -113.619    882.4    913.0
     1     1    23     1    12    23     0     1     6.0   29.614 -113.575    889.7    909.6
     1     1    23     1    13     0     0     0     7.0   29.468 -113.540    889.5    907.6
     1     1    23     1    13     1     0     1     8.0   29.332 -113.514    876.3    906.3
     1     1    23     1    13     2     0     2     9.0   29.197 -113.502    842.0    908.4
     1     1    23     1    13     3     0     3    10.0   29.064 -113.503    790.5    911.8
     1     1    23     1    13     4     0     2    11.0   28.931 -113.521    716.9    916.8
     1     1    23     1    13     5     0     1    12.0   28.795 -113.559    619.6    927.0
     1     1    23     1    13     6     0     0    13.0   28.664 -113.621    511.7    938.4
     1     1    23     1    13     7     0     1    14.0   28.552 -113.706    407.3    951.2
     1     1    23     1    13     8     0     2    15.0   28.470 -113.802    314.5    962.9
     1     1    23     1    13     9     0     3    16.0   28.424 -113.898    230.7    973.9
     1     1    23     1    13    10     0     2    17.0   28.400 -113.977    159.1    984.7
     1     1    23     1    13    11     0     1    18.0   28.375 -114.023    104.6    991.6
     1     1    23     1    13    12     0     0    19.0   28.341 -114.042     64.2    997.6
     1     1    23     1    13    13     0     1    20.0   28.311 -114.047     37.6   1001.3
     1     1    23     1    13    14     0     2    21.0   28.295 -114.054     21.6   1003.6
     1     1    23     1    13    15     0     3    22.0   28.291 -114.065     12.2   1004.7
     1     1    23     1    13    16     0     2    23.0   28.291 -114.079      6.6   1005.8
     1     1    23     1    13    17     0     1    24.0   28.287 -114.093      2.9   1007.1
     1     1    23     1    13    18     0     0    25.0   28.280 -114.107      0.6   1008.4
     1     1    23     1    13    19     0     1    26.0   28.259 -114.096      0.0   1008.0
     1     1    23     1    13    20     0     2    27.0   28.208 -114.031      1.6   1008.3
     1     1    23     1    13    21     0     3    28.0   28.118 -113.909      4.6   1006.9
     1     1    23     1    13    22     0     2    29.0   28.010 -113.769      8.7   1003.3
     1     1    23     1    13    23     0     1    30.0   27.912 -113.647     16.2    997.6
     1     1    23     1    14     0     0     0    31.0   27.823 -113.539     38.5    991.6
     1     1    23     1    14     1     0     1    32.0   27.742 -113.449     84.6    983.9
     1     1    23     1    14     2     0     2    33.0   27.665 -113.380    138.3    976.2
     1     1    23     1    14     3     0     3    34.0   27.585 -113.331    175.9    970.9
     1     1    23     1    14     4     0     2    35.0   27.500 -113.294    192.8    971.0
     1     1    23     1    14     5     0     1    36.0   27.413 -113.258    193.6    972.3
     1     1    23     1    14     6     0     0    37.0   27.326 -113.228    172.7    976.5
     1     1    23     1    14     7     0     1    38.0   27.232 -113.205    137.9    984.5
     1     1    23     1    14     8     0     2    39.0   27.118 -113.184    108.0    991.7
     1     1    23     1    14     9     0     3    40.0   26.979 -113.164     93.4    997.6
     1     1    23     1    14    10     0     2    41.0   26.834 -113.141     85.7    998.1
     1     1    23     1    14    11     0     1    42.0   26.699 -113.112     78.8    999.7
     1     1    23     1    14    12     0     0    43.0   26.566 -113.074     73.9   1001.3
     1     1    23     1    14    13     0     1    44.0   26.424 -113.022     71.4   1003.1
     1     1    23     1    14    14     0     2    45.0   26.270 -112.954     69.5   1004.3
     1     1    23     1    14    15     0     3    46.0   26.106 -112.869     66.2   1004.6
     1     1    23     1    14    16     0     2    47.0   25.965 -112.779     64.7   1004.3
     1     1    23     1    14    17     0     1    48.0   25.871 -112.696     67.5   1002.9
     1     1    23     1    14    18     0     0    49.0   25.817 -112.619     73.6   1001.4
     1     1    23     1    14    19     0     1    50.0   25.785 -112.523     87.4    998.0
     1     1    23     1    14    20     0     2    51.0   25.763 -112.384    125.6    991.3
     1     1    23     1    14    21     0     3    52.0   25.753 -112.200    208.0    977.8
     1     1    23     1    14    22     0     2    53.0   25.746 -111.997    298.8    960.7
     1     1    23     1    14    23     0     1    54.0   25.741 -111.803    363.0    953.4
     1     1    23     1    15     0     0     0    55.0   25.745 -111.610    397.3    951.5
     1     1    23     1    15     1     0     1    56.0   25.766 -111.410    408.0    952.4
     1     1    23     1    15     2     0     2    57.0   25.800 -111.210    395.7    956.3
     1     1    23     1    15     3     0     3    58.0   25.843 -111.014    360.4    964.1
     1     1    23     1    15     4     0     2    59.0   25.894 -110.824    334.1    973.9
     1     1    23     1    15     5     0     1    60.0   25.951 -110.629    341.3    975.4
     1     1    23     1    15     6     0     0    61.0   26.016 -110.428    378.4    972.5
     1     1    23     1    15     7     0     1    62.0   26.086 -110.239    423.5    965.5
     1     1    23     1    15     8     0     2    63.0   26.155 -110.087    456.4    961.4
     1     1    23     1    15     9     0     3    64.0   26.224 -109.972    480.0    958.4
     1     1    23     1    15    10     0     2    65.0   26.305 -109.879    513.7    954.8
     1     1    23     1    15    11     0     1    66.0   26.406 -109.793    575.1    945.1
     1     1    23     1    15    12     0     0    67.0   26.530 -109.708    658.2    932.2
     1     1    23     1    15    13     0     1    68.0   26.677 -109.625    732.9    916.1
     1     1    23     1    15    14     0     2    69.0   26.847 -109.555    763.7    905.9
     1     1    23     1    15    15     0     3    70.0   27.039 -109.501    742.6    900.0
     1     1    23     1    15    16     0     2    71.0   27.254 -109.454    723.2    894.4
     1     1    23     1    15    17     0     1    72.0   27.487 -109.384    762.8    873.0
     1     1    23     1    15    18     0     0    73.0   27.727 -109.271    869.3    840.1
     1     1    23     1    15    19     0     1    74.0   27.990 -109.110   1023.4    788.9
     1     1    23     1    15    20     0     2    75.0   28.296 -108.870   1140.0    749.3
     1     1    23     1    15    21     0     3    76.0   28.620 -108.447   1161.0    715.2
     1     1    23     1    15    22     0     2    77.0   28.915 -107.689   1138.0    682.2
     1     1    23     1    15    23     0     1    78.0   29.135 -106.769   1231.8    688.1
     1     1    23     1    16     0     0     0    79.0   29.282 -106.034   1228.1    731.2
     1     1    23     1    16     1     0     1    80.0   29.393 -105.422   1146.5    754.5
     1     1    23     1    16     2     0     2    81.0   29.483 -104.841   1128.3    762.5
     1     1    23     1    16     3     0     3    82.0   29.572 -104.263   1035.5    751.2
     1     1    23     1    16     4     0     2    83.0   29.623 -103.676    852.8    786.0
     1     1    23     1    16     5     0     1    84.0   29.618 -103.153    694.1    821.1
     1     1    23     1    16     6     0     0    85.0   29.586 -102.723    577.5    840.5
     1     1    23     1    16     7     0     1    86.0   29.557 -102.414    500.0    850.4
     1     1    23     1    16     8     0     2    87.0   29.531 -102.223    466.0    852.3
     1     1    23     1    16     9     0     3    88.0   29.493 -102.121    470.0    848.9
     1     1    23     1    16    10     0     2    89.0   29.457 -102.042    489.2    841.5
     1     1    23     1    16    11     0     1    90.0   29.430 -101.943    495.1    841.2
     1     1    23     1    16    12     0     0    91.0   29.402 -101.820    472.1    849.3
     1     1    23     1    16    13     0     1    92.0   29.369 -101.698    417.4    862.7
     1     1    23     1    16    14     0     2    93.0   29.337 -101.598    342.9    877.4
     1     1    23     1    16    15     0     3    94.0   29.303 -101.515    261.8    892.7
     1     1    23     1    16    16     0     2    95.0   29.270 -101.438    185.6    906.5
     1     1    23     1    16    17     0     1    96.0   29.240 -101.359    121.1    919.8
     1     1    23     1    16    18     0     0    97.0   29.213 -101.284     67.8    931.9
     1     1    23     1    16    19     0     1    98.0   29.174 -101.221     35.6    940.9
     1     1    23     1    16    20     0     2    99.0   29.111 -101.178     18.8    945.6
     1     1    23     1    16    21     0     3   100.0   29.024 -101.158      9.3    946.8
     1     1    23     1    16    22     0     2   101.0   28.934 -101.160      4.1    946.5
     1     1    23     1    16    23     0     1   102.0   28.858 -101.173      1.7    944.6
     1     1    23     1    17     0     0     0   103.0   28.794 -101.205      1.1    941.0
     1     1    23     1    17     1     0     1   104.0   28.741 -101.244      0.0    936.7
     1     1    23     1    17     2     0     2   105.0   28.698 -101.281      0.0    932.7
     1     1    23     1    17     3     0     3   106.0   28.664 -101.323      0.0    928.4
     1     1    23     1    17     4     0     2   107.0   28.646 -101.358      0.0    925.3
     1     1    23     1    17     5     0     1   108.0   28.652 -101.371      0.0    924.5
     1     1    23     1    17     6     0     0   109.0   28.685 -101.360      0.0    925.9
     1     1    23     1    17     7     0     1   110.0   28.729 -101.342      0.0    927.1
     1     1    23     1    17     8     0     2   111.0   28.768 -101.338      0.7    927.0
     1     1    23     1    17     9     0     3   112.0   28.799 -101.351      4.5    925.1
     1     1    23     1    17    10     0     2   113.0   28.825 -101.373      8.6    922.7
     1     1    23     1    17    11     0     1   114.0   28.849 -101.393      9.4    920.3
     1     1    23     1    17    12     0     0   115.0   28.870 -101.411      6.6    918.5
     1     1    23     1    17    13     0     1   116.0   28.893 -101.429      1.2    916.6
     1     1    23     1    17    14     0     2   117.0   28.923 -101.447      0.0    914.6
     1     1    23     1    17    15     0     3   118.0   28.961 -101.466      0.0    912.4
     1     1    23     1    17    16     0     2   119.0   29.017 -101.486      0.0    910.4
     1     1    23     1    17    17     0     1   120.0   29.096 -101.508      0.0    910.5
