     8     1
    GDAS    22    12    22     0     0
    GDAS    22    12    29     0     0
    GDAS    23     1     1     0     0
    GDAS    23     1     8     0     0
    GDAS    23     1    15     0     0
    GDAS    23     1    22     0     0
    GDAS    23     1    29     0     0
    GDAS    23     2     1     0     0
     1 FORWARD  OMEGA   
    22    12    27    11   29.619 -123.722  3483.0
     1 PRESSURE
     1     1    22    12    27    11     0     1     0.0   29.619 -123.722   3483.0    674.6
     1     1    22    12    27    12     0     0     1.0   29.546 -123.418   3398.6    680.8
     1     1    22    12    27    13     0     1     2.0   29.455 -123.136   3325.2    688.7
     1     1    22    12    27    14     0     2     3.0   29.364 -122.882   3263.8    692.6
     1     1    22    12    27    15     0     3     4.0   29.274 -122.654   3192.4    698.2
     1     1    22    12    27    16     0     2     5.0   29.194 -122.444   3102.3    705.7
     1     1    22    12    27    17     0     1     6.0   29.133 -122.243   2994.1    715.2
     1     1    22    12    27    18     0     0     7.0   29.092 -122.047   2862.8    726.1
     1     1    22    12    27    19     0     1     8.0   29.067 -121.845   2759.9    739.4
     1     1    22    12    27    20     0     2     9.0   29.050 -121.616   2722.2    740.8
     1     1    22    12    27    21     0     3    10.0   29.039 -121.358   2729.4    738.5
     1     1    22    12    27    22     0     2    11.0   29.023 -121.072   2725.9    734.2
     1     1    22    12    27    23     0     1    12.0   28.997 -120.776   2667.3    740.0
     1     1    22    12    28     0     0     0    13.0   28.967 -120.481   2589.4    748.0
     1     1    22    12    28     1     0     1    14.0   28.932 -120.183   2531.3    755.0
     1     1    22    12    28     2     0     2    15.0   28.890 -119.871   2487.3    756.5
     1     1    22    12    28     3     0     3    16.0   28.838 -119.544   2414.5    761.5
     1     1    22    12    28     4     0     2    17.0   28.786 -119.215   2350.0    772.4
     1     1    22    12    28     5     0     1    18.0   28.750 -118.883   2354.8    772.1
     1     1    22    12    28     6     0     0    19.0   28.732 -118.535   2418.2    764.6
     1     1    22    12    28     7     0     1    20.0   28.707 -118.142   2489.6    754.5
     1     1    22    12    28     8     0     2    21.0   28.664 -117.701   2549.3    750.2
     1     1    22    12    28     9     0     3    22.0   28.631 -117.232   2672.2    743.6
     1     1    22    12    28    10     0     2    23.0   28.608 -116.729   2814.7    721.6
     1     1    22    12    28    11     0     1    24.0   28.572 -116.188   2871.6    716.2
     1     1    22    12    28    12     0     0    25.0   28.525 -115.607   2893.2    717.7
     1     1    22    12    28    13     0     1    26.0   28.484 -115.002   2970.4    715.0
     1     1    22    12    28    14     0     2    27.0   28.466 -114.371   2996.6    692.5
     1     1    22    12    28    15     0     3    28.0   28.481 -113.766   2902.1    698.7
     1     1    22    12    28    16     0     2    29.0   28.511 -113.229   2841.3    709.6
     1     1    22    12    28    17     0     1    30.0   28.565 -112.721   2802.5    706.0
     1     1    22    12    28    18     0     0    31.0   28.666 -112.256   2705.0    729.8
     1     1    22    12    28    19     0     1    32.0   28.801 -111.809   2737.0    733.6
     1     1    22    12    28    20     0     2    33.0   28.968 -111.297   2799.1    702.6
     1     1    22    12    28    21     0     3    34.0   29.222 -110.724   2635.7    689.2
     1     1    22    12    28    22     0     2    35.0   29.498 -110.122   2417.7    686.2
     1     1    22    12    28    23     0     1    36.0   29.742 -109.459   2209.2    664.8
     1     1    22    12    29     0     0     0    37.0   30.037 -108.715   1789.7    659.0
     1     1    22    12    29     1     0     1    38.0   30.332 -107.833   1423.1    696.2
     1     1    22    12    29     2     0     2    39.0   30.506 -106.986   1513.4    716.8
     1     1    22    12    29     3     0     3    40.0   30.641 -106.208   1561.3    702.6
     1     1    22    12    29     4     0     2    41.0   30.776 -105.402   1458.0    713.5
     1     1    22    12    29     5     0     1    42.0   30.889 -104.634   1261.9    735.5
     1     1    22    12    29     6     0     0    43.0   31.034 -103.847    896.2    782.9
     1     1    22    12    29     7     0     1    44.0   31.100 -103.176    553.9    852.7
     1     1    22    12    29     8     0     2    45.0   31.082 -102.628    482.7    877.5
     1     1    22    12    29     9     0     3    46.0   31.048 -102.131    623.8    862.7
     1     1    22    12    29    10     0     2    47.0   31.025 -101.622    781.7    830.9
     1     1    22    12    29    11     0     1    48.0   31.016 -101.126    769.9    834.0
     1     1    22    12    29    12     0     0    49.0   30.996 -100.656    699.1    854.1
     1     1    22    12    29    13     0     1    50.0   30.957 -100.226    634.9    865.2
     1     1    22    12    29    14     0     2    51.0   30.893  -99.844    578.7    878.2
     1     1    22    12    29    15     0     3    52.0   30.806  -99.520    553.2    885.9
     1     1    22    12    29    16     0     2    53.0   30.721  -99.261    549.8    888.7
     1     1    22    12    29    17     0     1    54.0   30.638  -99.059    552.4    891.3
     1     1    22    12    29    18     0     0    55.0   30.549  -98.903    542.3    893.7
     1     1    22    12    29    19     0     1    56.0   30.462  -98.779    510.2    900.5
     1     1    22    12    29    20     0     2    57.0   30.369  -98.672    469.8    907.9
     1     1    22    12    29    21     0     3    58.0   30.246  -98.574    429.8    915.1
     1     1    22    12    29    22     0     2    59.0   30.090  -98.482    391.2    921.7
     1     1    22    12    29    23     0     1    60.0   29.903  -98.393    353.0    931.1
     1     1    22    12    30     0     0     0    61.0   29.687  -98.306    310.3    943.2
     1     1    22    12    30     1     0     1    62.0   29.485  -98.235    274.2    956.3
     1     1    22    12    30     2     0     2    63.0   29.322  -98.197    262.2    962.5
     1     1    22    12    30     3     0     3    64.0   29.180  -98.191    273.2    965.1
     1     1    22    12    30     4     0     2    65.0   29.040  -98.218    280.4    964.2
     1     1    22    12    30     5     0     1    66.0   28.900  -98.275    264.9    967.4
     1     1    22    12    30     6     0     0    67.0   28.767  -98.358    239.7    970.5
     1     1    22    12    30     7     0     1    68.0   28.649  -98.438    219.8    973.7
     1     1    22    12    30     8     0     2    69.0   28.546  -98.487    210.5    974.7
     1     1    22    12    30     9     0     3    70.0   28.456  -98.506    206.9    975.4
     1     1    22    12    30    10     0     2    71.0   28.365  -98.507    207.6    976.2
     1     1    22    12    30    11     0     1    72.0   28.261  -98.505    213.2    976.4
     1     1    22    12    30    12     0     0    73.0   28.142  -98.499    223.1    976.3
     1     1    22    12    30    13     0     1    74.0   28.003  -98.498    231.3    976.1
     1     1    22    12    30    14     0     2    75.0   27.841  -98.503    229.1    976.6
     1     1    22    12    30    15     0     3    76.0   27.653  -98.495    210.4    979.1
     1     1    22    12    30    16     0     2    77.0   27.468  -98.452    183.8    983.8
     1     1    22    12    30    17     0     1    78.0   27.312  -98.381    162.1    987.7
     1     1    22    12    30    18     0     0    79.0   27.191  -98.303    148.5    990.9
     1     1    22    12    30    19     0     1    80.0   27.083  -98.231    138.3    992.4
     1     1    22    12    30    20     0     2    81.0   26.969  -98.166    127.6    994.6
     1     1    22    12    30    21     0     3    82.0   26.846  -98.107    120.9    995.7
     1     1    22    12    30    22     0     2    83.0   26.718  -98.063    115.6    996.8
     1     1    22    12    30    23     0     1    84.0   26.581  -98.045    106.5    998.1
     1     1    22    12    31     0     0     0    85.0   26.437  -98.051     92.8    999.6
     1     1    22    12    31     1     0     1    86.0   26.296  -98.078     81.7   1002.0
     1     1    22    12    31     2     0     2    87.0   26.164  -98.125     79.3   1002.6
     1     1    22    12    31     3     0     3    88.0   26.036  -98.197     86.4   1002.1
     1     1    22    12    31     4     0     2    89.0   25.920  -98.289     98.8    999.2
     1     1    22    12    31     5     0     1    90.0   25.829  -98.384    110.0    996.7
     1     1    22    12    31     6     0     0    91.0   25.765  -98.475    118.6    994.5
     1     1    22    12    31     7     0     1    92.0   25.721  -98.558    126.6    992.5
     1     1    22    12    31     8     0     2    93.0   25.686  -98.631    137.8    989.9
     1     1    22    12    31     9     0     3    94.0   25.659  -98.696    153.2    986.7
     1     1    22    12    31    10     0     2    95.0   25.640  -98.755    169.2    983.4
     1     1    22    12    31    11     0     1    96.0   25.633  -98.807    180.2    981.5
     1     1    22    12    31    12     0     0    97.0   25.637  -98.855    185.1    980.6
     1     1    22    12    31    13     0     1    98.0   25.655  -98.895    184.9    980.8
     1     1    22    12    31    14     0     2    99.0   25.689  -98.923    181.3    981.6
     1     1    22    12    31    15     0     3   100.0   25.739  -98.937    174.5    983.3
     1     1    22    12    31    16     0     2   101.0   25.810  -98.948    165.9    984.9
     1     1    22    12    31    17     0     1   102.0   25.908  -98.962    155.1    986.9
     1     1    22    12    31    18     0     0   103.0   26.038  -98.973    140.3    989.2
     1     1    22    12    31    19     0     1   104.0   26.197  -98.988    121.9    988.6
     1     1    22    12    31    20     0     2   105.0   26.380  -99.017    105.1    987.3
     1     1    22    12    31    21     0     3   106.0   26.581  -99.053     96.1    985.1
     1     1    22    12    31    22     0     2   107.0   26.787  -99.098     99.3    983.4
     1     1    22    12    31    23     0     1   108.0   26.992  -99.158    116.7    981.2
     1     1    23     1     1     0     0     0   109.0   27.206  -99.235    143.9    978.7
     1     1    23     1     1     1     0     1   110.0   27.438  -99.316    162.4    975.5
     1     1    23     1     1     2     0     2   111.0   27.698  -99.391    166.1    975.7
     1     1    23     1     1     3     0     3   112.0   27.996  -99.462    167.3    975.9
     1     1    23     1     1     4     0     2   113.0   28.312  -99.521    183.9    972.1
     1     1    23     1     1     5     0     1   114.0   28.625  -99.554    224.3    964.9
     1     1    23     1     1     6     0     0   115.0   28.942  -99.554    287.4    956.2
     1     1    23     1     1     7     0     1   116.0   29.266  -99.500    349.7    934.6
     1     1    23     1     1     8     0     2   117.0   29.606  -99.383    371.2    917.5
     1     1    23     1     1     9     0     3   118.0   29.975  -99.199    339.7    908.1
     1     1    23     1     1    10     0     2   119.0   30.349  -98.947    299.4    919.6
     1     1    23     1     1    11     0     1   120.0   30.689  -98.638    261.9    928.9
