     8     1
    GDAS    22    12    22     0     0
    GDAS    22    12    29     0     0
    GDAS    23     1     1     0     0
    GDAS    23     1     8     0     0
    GDAS    23     1    15     0     0
    GDAS    23     1    22     0     0
    GDAS    23     1    29     0     0
    GDAS    23     2     1     0     0
     1 FORWARD  OMEGA   
    23     1    24    11   49.509 -111.126   787.5
     1 PRESSURE
     1     1    23     1    24    11     0     1     0.0   49.509 -111.126    787.5    823.0
     1     1    23     1    24    12     0     0     1.0   49.207 -110.690    725.9    824.3
     1     1    23     1    24    13     0     1     2.0   48.894 -110.205    656.8    840.9
     1     1    23     1    24    14     0     2     3.0   48.582 -109.681    684.2    844.5
     1     1    23     1    24    15     0     3     4.0   48.267 -109.186    842.7    819.8
     1     1    23     1    24    16     0     2     5.0   47.894 -108.704   1031.7    791.7
     1     1    23     1    24    17     0     1     6.0   47.501 -108.175   1159.7    789.5
     1     1    23     1    24    18     0     0     7.0   47.139 -107.659   1293.6    777.8
     1     1    23     1    24    19     0     1     8.0   46.776 -107.150   1382.5    751.6
     1     1    23     1    24    20     0     2     9.0   46.414 -106.591   1425.7    758.8
     1     1    23     1    24    21     0     3    10.0   46.081 -106.026   1580.4    757.7
     1     1    23     1    24    22     0     2    11.0   45.741 -105.409   1749.8    719.6
     1     1    23     1    24    23     0     1    12.0   45.362 -104.716   1812.0    704.7
     1     1    23     1    25     0     0     0    13.0   44.980 -104.015   1804.1    712.7
     1     1    23     1    25     1     0     1    14.0   44.561 -103.344   1758.4    714.5
     1     1    23     1    25     2     0     2    15.0   44.095 -102.732   1772.0    735.4
     1     1    23     1    25     3     0     3    16.0   43.635 -102.164   1832.1    721.5
     1     1    23     1    25     4     0     2    17.0   43.203 -101.634   1850.3    712.4
     1     1    23     1    25     5     0     1    18.0   42.782 -101.143   1827.5    715.6
     1     1    23     1    25     6     0     0    19.0   42.373 -100.665   1813.0    725.0
     1     1    23     1    25     7     0     1    20.0   41.972 -100.210   1843.9    729.2
     1     1    23     1    25     8     0     2    21.0   41.567  -99.791   1897.8    725.5
     1     1    23     1    25     9     0     3    22.0   41.181  -99.378   1967.1    726.4
     1     1    23     1    25    10     0     2    23.0   40.794  -98.966   2014.9    721.7
     1     1    23     1    25    11     0     1    24.0   40.381  -98.591   1973.2    733.4
     1     1    23     1    25    12     0     0    25.0   39.967  -98.210   1937.5    751.5
     1     1    23     1    25    13     0     1    26.0   39.536  -97.849   1949.4    750.5
     1     1    23     1    25    14     0     2    27.0   39.080  -97.524   1994.8    752.4
     1     1    23     1    25    15     0     3    28.0   38.628  -97.177   2067.8    746.2
     1     1    23     1    25    16     0     2    29.0   38.173  -96.843   2116.6    738.4
     1     1    23     1    25    17     0     1    30.0   37.719  -96.526   2113.9    741.4
     1     1    23     1    25    18     0     0    31.0   37.285  -96.189   2068.8    752.3
     1     1    23     1    25    19     0     1    32.0   36.869  -95.848   2020.6    763.3
     1     1    23     1    25    20     0     2    33.0   36.466  -95.502   1982.9    766.5
     1     1    23     1    25    21     0     3    34.0   36.068  -95.115   1898.8    769.6
     1     1    23     1    25    22     0     2    35.0   35.680  -94.716   1776.1    784.9
     1     1    23     1    25    23     0     1    36.0   35.309  -94.326   1669.9    795.5
     1     1    23     1    26     0     0     0    37.0   34.940  -93.926   1579.5    810.1
     1     1    23     1    26     1     0     1    38.0   34.580  -93.539   1508.8    827.2
     1     1    23     1    26     2     0     2    39.0   34.242  -93.172   1458.0    839.8
     1     1    23     1    26     3     0     3    40.0   33.926  -92.821   1430.2    846.9
     1     1    23     1    26     4     0     2    41.0   33.628  -92.478   1410.2    848.9
     1     1    23     1    26     5     0     1    42.0   33.341  -92.134   1390.9    855.8
     1     1    23     1    26     6     0     0    43.0   33.068  -91.803   1395.7    860.6
     1     1    23     1    26     7     0     1    44.0   32.797  -91.472   1392.6    857.1
     1     1    23     1    26     8     0     2    45.0   32.533  -91.130   1354.8    863.0
     1     1    23     1    26     9     0     3    46.0   32.272  -90.785   1309.1    867.5
     1     1    23     1    26    10     0     2    47.0   31.997  -90.434   1285.4    869.1
     1     1    23     1    26    11     0     1    48.0   31.706  -90.071   1271.6    864.0
     1     1    23     1    26    12     0     0    49.0   31.408  -89.728   1221.8    867.6
     1     1    23     1    26    13     0     1    50.0   31.108  -89.422   1148.9    879.8
     1     1    23     1    26    14     0     2    51.0   30.809  -89.139   1092.5    890.0
     1     1    23     1    26    15     0     3    52.0   30.503  -88.881   1061.0    897.4
     1     1    23     1    26    16     0     2    53.0   30.193  -88.649   1031.3    901.4
     1     1    23     1    26    17     0     1    54.0   29.898  -88.447    986.8    908.4
     1     1    23     1    26    18     0     0    55.0   29.626  -88.279    940.6    914.5
     1     1    23     1    26    19     0     1    56.0   29.377  -88.135    896.0    919.3
     1     1    23     1    26    20     0     2    57.0   29.140  -88.006    856.7    924.1
     1     1    23     1    26    21     0     3    58.0   28.905  -87.883    823.5    926.9
     1     1    23     1    26    22     0     2    59.0   28.669  -87.773    792.5    930.8
     1     1    23     1    26    23     0     1    60.0   28.429  -87.684    765.6    934.2
     1     1    23     1    27     0     0     0    61.0   28.184  -87.623    745.3    937.1
     1     1    23     1    27     1     0     1    62.0   27.934  -87.589    732.5    938.8
     1     1    23     1    27     2     0     2    63.0   27.681  -87.571    725.6    940.0
     1     1    23     1    27     3     0     3    64.0   27.429  -87.572    723.1    940.5
     1     1    23     1    27     4     0     2    65.0   27.184  -87.595    721.5    940.5
     1     1    23     1    27     5     0     1    66.0   26.953  -87.639    720.3    940.8
     1     1    23     1    27     6     0     0    67.0   26.736  -87.696    721.5    940.6
     1     1    23     1    27     7     0     1    68.0   26.526  -87.763    720.6    940.1
     1     1    23     1    27     8     0     2    69.0   26.313  -87.841    711.2    940.7
     1     1    23     1    27     9     0     3    70.0   26.098  -87.935    689.9    942.8
     1     1    23     1    27    10     0     2    71.0   25.877  -88.046    666.4    947.1
     1     1    23     1    27    11     0     1    72.0   25.649  -88.174    655.4    949.1
     1     1    23     1    27    12     0     0    73.0   25.417  -88.317    661.3    948.6
     1     1    23     1    27    13     0     1    74.0   25.190  -88.480    673.7    946.4
     1     1    23     1    27    14     0     2    75.0   24.979  -88.665    677.1    946.1
     1     1    23     1    27    15     0     3    76.0   24.782  -88.873    663.9    947.8
     1     1    23     1    27    16     0     2    77.0   24.598  -89.097    639.2    951.4
     1     1    23     1    27    17     0     1    78.0   24.420  -89.327    604.3    953.7
     1     1    23     1    27    18     0     0    79.0   24.243  -89.564    545.4    958.9
     1     1    23     1    27    19     0     1    80.0   24.066  -89.813    480.6    968.1
     1     1    23     1    27    20     0     2    81.0   23.889  -90.070    440.7    973.2
     1     1    23     1    27    21     0     3    82.0   23.712  -90.334    427.2    972.9
     1     1    23     1    27    22     0     2    83.0   23.543  -90.610    420.0    972.5
     1     1    23     1    27    23     0     1    84.0   23.385  -90.906    403.1    974.2
     1     1    23     1    28     0     0     0    85.0   23.239  -91.219    373.7    977.6
     1     1    23     1    28     1     0     1    86.0   23.119  -91.543    337.9    982.6
     1     1    23     1    28     2     0     2    87.0   23.035  -91.874    300.5    987.3
     1     1    23     1    28     3     0     3    88.0   22.984  -92.216    265.0    992.5
     1     1    23     1    28     4     0     2    89.0   22.954  -92.569    238.7    995.2
     1     1    23     1    28     5     0     1    90.0   22.935  -92.928    220.4    996.4
     1     1    23     1    28     6     0     0    91.0   22.934  -93.288    200.3    997.7
     1     1    23     1    28     7     0     1    92.0   22.963  -93.633    180.0   1000.3
     1     1    23     1    28     8     0     2    93.0   23.028  -93.953    166.1   1001.4
     1     1    23     1    28     9     0     3    94.0   23.128  -94.253    158.2   1001.4
     1     1    23     1    28    10     0     2    95.0   23.246  -94.543    151.9   1001.7
     1     1    23     1    28    11     0     1    96.0   23.375  -94.829    145.7   1002.6
     1     1    23     1    28    12     0     0    97.0   23.521  -95.114    142.5   1003.1
     1     1    23     1    28    13     0     1    98.0   23.699  -95.401    139.1   1003.2
     1     1    23     1    28    14     0     2    99.0   23.915  -95.691    134.6   1004.2
     1     1    23     1    28    15     0     3   100.0   24.160  -95.977    132.6   1004.7
     1     1    23     1    28    16     0     2   101.0   24.441  -96.239    135.7   1004.0
     1     1    23     1    28    17     0     1   102.0   24.759  -96.470    144.9   1002.5
     1     1    23     1    28    18     0     0   103.0   25.113  -96.686    165.2    999.9
     1     1    23     1    28    19     0     1   104.0   25.484  -96.880    192.1    994.3
     1     1    23     1    28    20     0     2   105.0   25.856  -97.051    209.6    990.6
     1     1    23     1    28    21     0     3   106.0   26.228  -97.217    208.8    989.0
     1     1    23     1    28    22     0     2   107.0   26.587  -97.376    202.2    991.3
     1     1    23     1    28    23     0     1   108.0   26.930  -97.528    209.7    991.0
     1     1    23     1    29     0     0     0   109.0   27.259  -97.693    243.0    986.2
     1     1    23     1    29     1     0     1   110.0   27.589  -97.871    299.3    975.6
     1     1    23     1    29     2     0     2   111.0   27.951  -98.022    360.9    963.9
     1     1    23     1    29     3     0     3   112.0   28.341  -98.123    417.5    957.3
     1     1    23     1    29     4     0     2   113.0   28.734  -98.180    465.8    949.7
     1     1    23     1    29     5     0     1   114.0   29.140  -98.195    501.0    941.1
     1     1    23     1    29     6     0     0   115.0   29.577  -98.150    517.6    929.1
     1     1    23     1    29     7     0     1   116.0   30.022  -98.033    495.1    922.3
     1     1    23     1    29     8     0     2   117.0   30.442  -97.841    481.5    932.3
     1     1    23     1    29     9     0     3   118.0   30.827  -97.562    588.2    928.8
     1     1    23     1    29    10     0     2   119.0   31.165  -97.218    785.7    902.9
     1     1    23     1    29    11     0     1   120.0   31.433  -96.866    939.7    885.6
