     8     1
    GDAS    22    12    22     0     0
    GDAS    22    12    29     0     0
    GDAS    23     1     1     0     0
    GDAS    23     1     8     0     0
    GDAS    23     1    15     0     0
    GDAS    23     1    22     0     0
    GDAS    23     1    29     0     0
    GDAS    23     2     1     0     0
     1 FORWARD  OMEGA   
    23     1    12    17   24.838 -121.803   873.7
     1 PRESSURE
     1     1    23     1    12    17     0     1     0.0   24.838 -121.803    873.7    921.6
     1     1    23     1    12    18     0     0     1.0   24.931 -121.943    825.4    925.8
     1     1    23     1    12    19     0     1     2.0   25.035 -122.072    755.1    932.8
     1     1    23     1    12    20     0     2     3.0   25.150 -122.182    679.0    942.1
     1     1    23     1    12    21     0     3     4.0   25.273 -122.270    608.2    949.3
     1     1    23     1    12    22     0     2     5.0   25.404 -122.346    564.1    956.0
     1     1    23     1    12    23     0     1     6.0   25.550 -122.420    566.2    954.9
     1     1    23     1    13     0     0     0     7.0   25.721 -122.492    612.5    949.3
     1     1    23     1    13     1     0     1     8.0   25.917 -122.559    680.0    939.7
     1     1    23     1    13     2     0     2     9.0   26.132 -122.611    738.9    933.1
     1     1    23     1    13     3     0     3    10.0   26.360 -122.641    797.1    928.6
     1     1    23     1    13     4     0     2    11.0   26.597 -122.641    863.7    921.4
     1     1    23     1    13     5     0     1    12.0   26.837 -122.615    963.2    913.8
     1     1    23     1    13     6     0     0    13.0   27.091 -122.570   1146.2    896.2
     1     1    23     1    13     7     0     1    14.0   27.367 -122.492   1340.5    865.7
     1     1    23     1    13     8     0     2    15.0   27.642 -122.373   1448.6    855.4
     1     1    23     1    13     9     0     3    16.0   27.908 -122.210   1483.3    852.6
     1     1    23     1    13    10     0     2    17.0   28.158 -122.018   1466.3    855.7
     1     1    23     1    13    11     0     1    18.0   28.386 -121.812   1432.3    860.6
     1     1    23     1    13    12     0     0    19.0   28.592 -121.594   1392.5    863.7
     1     1    23     1    13    13     0     1    20.0   28.773 -121.378   1341.4    869.4
     1     1    23     1    13    14     0     2    21.0   28.937 -121.179   1277.8    875.5
     1     1    23     1    13    15     0     3    22.0   29.084 -120.998   1196.1    884.6
     1     1    23     1    13    16     0     2    23.0   29.210 -120.831   1133.2    895.7
     1     1    23     1    13    17     0     1    24.0   29.328 -120.678   1115.4    896.3
     1     1    23     1    13    18     0     0    25.0   29.446 -120.533   1113.0    895.8
     1     1    23     1    13    19     0     1    26.0   29.552 -120.385   1091.1    895.1
     1     1    23     1    13    20     0     2    27.0   29.631 -120.224   1028.7    901.1
     1     1    23     1    13    21     0     3    28.0   29.675 -120.044    940.6    911.1
     1     1    23     1    13    22     0     2    29.0   29.686 -119.858    874.2    922.0
     1     1    23     1    13    23     0     1    30.0   29.681 -119.687    847.2    923.3
     1     1    23     1    14     0     0     0    31.0   29.668 -119.532    836.1    923.0
     1     1    23     1    14     1     0     1    32.0   29.646 -119.397    814.5    923.8
     1     1    23     1    14     2     0     2    33.0   29.607 -119.283    766.7    929.0
     1     1    23     1    14     3     0     3    34.0   29.550 -119.186    692.5    937.6
     1     1    23     1    14     4     0     2    35.0   29.481 -119.097    613.0    949.1
     1     1    23     1    14     5     0     1    36.0   29.410 -119.002    549.5    956.5
     1     1    23     1    14     6     0     0    37.0   29.338 -118.900    508.3    961.7
     1     1    23     1    14     7     0     1    38.0   29.263 -118.791    491.3    963.2
     1     1    23     1    14     8     0     2    39.0   29.185 -118.672    496.0    962.0
     1     1    23     1    14     9     0     3    40.0   29.106 -118.543    521.6    958.6
     1     1    23     1    14    10     0     2    41.0   29.030 -118.403    548.6    952.8
     1     1    23     1    14    11     0     1    42.0   28.953 -118.251    550.6    951.8
     1     1    23     1    14    12     0     0    43.0   28.863 -118.084    519.8    954.4
     1     1    23     1    14    13     0     1    44.0   28.758 -117.914    476.4    962.4
     1     1    23     1    14    14     0     2    45.0   28.647 -117.749    447.0    966.6
     1     1    23     1    14    15     0     3    46.0   28.537 -117.592    429.9    968.1
     1     1    23     1    14    16     0     2    47.0   28.439 -117.445    413.7    969.4
     1     1    23     1    14    17     0     1    48.0   28.362 -117.309    390.9    972.0
     1     1    23     1    14    18     0     0    49.0   28.306 -117.187    360.4    975.6
     1     1    23     1    14    19     0     1    50.0   28.272 -117.061    337.9    979.3
     1     1    23     1    14    20     0     2    51.0   28.257 -116.910    336.5    978.3
     1     1    23     1    14    21     0     3    52.0   28.263 -116.732    347.7    975.3
     1     1    23     1    14    22     0     2    53.0   28.264 -116.531    353.8    973.3
     1     1    23     1    14    23     0     1    54.0   28.238 -116.314    352.8    974.4
     1     1    23     1    15     0     0     0    55.0   28.184 -116.075    368.5    974.1
     1     1    23     1    15     1     0     1    56.0   28.115 -115.838    401.8    968.9
     1     1    23     1    15     2     0     2    57.0   28.045 -115.635    429.2    965.8
     1     1    23     1    15     3     0     3    58.0   27.979 -115.471    443.3    963.9
     1     1    23     1    15     4     0     2    59.0   27.923 -115.338    457.1    964.2
     1     1    23     1    15     5     0     1    60.0   27.886 -115.221    485.0    961.0
     1     1    23     1    15     6     0     0    61.0   27.869 -115.117    528.7    956.1
     1     1    23     1    15     7     0     1    62.0   27.865 -114.998    585.3    948.8
     1     1    23     1    15     8     0     2    63.0   27.861 -114.839    644.3    941.1
     1     1    23     1    15     9     0     3    64.0   27.863 -114.643    688.8    934.7
     1     1    23     1    15    10     0     2    65.0   27.871 -114.426    717.8    931.6
     1     1    23     1    15    11     0     1    66.0   27.875 -114.190    740.7    929.4
     1     1    23     1    15    12     0     0    67.0   27.878 -113.918    742.2    923.1
     1     1    23     1    15    13     0     1    68.0   27.906 -113.588    596.0    913.8
     1     1    23     1    15    14     0     2    69.0   27.965 -113.240    326.1    934.5
     1     1    23     1    15    15     0     3    70.0   28.006 -112.975    147.0    955.7
     1     1    23     1    15    16     0     2    71.0   28.029 -112.747     49.5    975.3
     1     1    23     1    15    17     0     1    72.0   28.050 -112.512     11.9    988.9
     1     1    23     1    15    18     0     0    73.0   28.074 -112.261      3.6   1002.7
     1     1    23     1    15    19     0     1    74.0   28.107 -112.012      1.8   1013.0
     1     1    23     1    15    20     0     2    75.0   28.157 -111.811      3.8   1009.7
     1     1    23     1    15    21     0     3    76.0   28.226 -111.655      8.0   1005.9
     1     1    23     1    15    22     0     2    77.0   28.307 -111.527     13.4   1002.7
     1     1    23     1    15    23     0     1    78.0   28.392 -111.420     18.5    999.3
     1     1    23     1    16     0     0     0    79.0   28.482 -111.319     22.9    996.2
     1     1    23     1    16     1     0     1    80.0   28.573 -111.222     29.0    993.6
     1     1    23     1    16     2     0     2    81.0   28.656 -111.140     38.8    990.6
     1     1    23     1    16     3     0     3    82.0   28.727 -111.082     48.5    988.1
     1     1    23     1    16     4     0     2    83.0   28.804 -111.042     62.5    985.8
     1     1    23     1    16     5     0     1    84.0   28.924 -111.002     93.9    979.8
     1     1    23     1    16     6     0     0    85.0   29.103 -110.951    156.4    964.0
     1     1    23     1    16     7     0     1    86.0   29.321 -110.864    266.1    935.1
     1     1    23     1    16     8     0     2    87.0   29.550 -110.737    408.7    898.8
     1     1    23     1    16     9     0     3    88.0   29.779 -110.594    541.3    864.4
     1     1    23     1    16    10     0     2    89.0   30.013 -110.434    640.9    835.9
     1     1    23     1    16    11     0     1    90.0   30.270 -110.198    718.2    806.9
     1     1    23     1    16    12     0     0    91.0   30.572 -109.823    778.3    774.3
     1     1    23     1    16    13     0     1    92.0   30.918 -109.270    767.7    746.8
     1     1    23     1    16    14     0     2    93.0   31.200 -108.646    726.9    768.8
     1     1    23     1    16    15     0     3    94.0   31.363 -108.060    692.4    787.0
     1     1    23     1    16    16     0     2    95.0   31.445 -107.530    625.5    798.8
     1     1    23     1    16    17     0     1    96.0   31.476 -107.042    519.7    815.3
     1     1    23     1    16    18     0     0    97.0   31.484 -106.595    420.8    821.2
     1     1    23     1    16    19     0     1    98.0   31.495 -106.185    376.4    816.8
     1     1    23     1    16    20     0     2    99.0   31.509 -105.788    413.8    812.8
     1     1    23     1    16    21     0     3   100.0   31.532 -105.359    504.9    803.9
     1     1    23     1    16    22     0     2   101.0   31.569 -104.902    599.7    801.5
     1     1    23     1    16    23     0     1   102.0   31.619 -104.414    675.7    806.7
     1     1    23     1    17     0     0     0   103.0   31.691 -103.859    765.1    819.1
     1     1    23     1    17     1     0     1   104.0   31.748 -103.228    792.9    811.1
     1     1    23     1    17     2     0     2   105.0   31.757 -102.554    682.3    836.2
     1     1    23     1    17     3     0     3   106.0   31.728 -101.806    513.4    857.9
     1     1    23     1    17     4     0     2   107.0   31.692 -101.094    351.6    884.1
     1     1    23     1    17     5     0     1   108.0   31.669 -100.534    229.7    908.1
     1     1    23     1    17     6     0     0   109.0   31.668 -100.134    171.3    922.0
     1     1    23     1    17     7     0     1   110.0   31.684  -99.795    162.8    923.4
     1     1    23     1    17     8     0     2   111.0   31.710  -99.474    165.2    925.9
     1     1    23     1    17     9     0     3   112.0   31.749  -99.177    159.6    930.5
     1     1    23     1    17    10     0     2   113.0   31.790  -98.906    138.8    936.9
     1     1    23     1    17    11     0     1   114.0   31.828  -98.649    107.0    945.3
     1     1    23     1    17    12     0     0   115.0   31.867  -98.402     75.0    953.4
     1     1    23     1    17    13     0     1   116.0   31.906  -98.172     48.6    959.9
     1     1    23     1    17    14     0     2   117.0   31.940  -97.957     28.8    964.9
     1     1    23     1    17    15     0     3   118.0   31.969  -97.764     16.9    970.6
     1     1    23     1    17    16     0     2   119.0   32.010  -97.595      9.9    973.8
     1     1    23     1    17    17     0     1   120.0   32.078  -97.458      7.1    976.5
