     8     1
    GDAS    22    12    22     0     0
    GDAS    22    12    29     0     0
    GDAS    23     1     1     0     0
    GDAS    23     1     8     0     0
    GDAS    23     1    15     0     0
    GDAS    23     1    22     0     0
    GDAS    23     1    29     0     0
    GDAS    23     2     1     0     0
     1 FORWARD  OMEGA   
    23     1    24    23   22.614 -105.678  1422.3
     1 PRESSURE
     1     1    23     1    24    23     0     1     0.0   22.614 -105.678   1422.3    829.8
     1     1    23     1    25     0     0     0     1.0   22.649 -105.696   1372.1    837.4
     1     1    23     1    25     1     0     1     2.0   22.693 -105.729   1352.5    839.8
     1     1    23     1    25     2     0     2     3.0   22.750 -105.763   1346.7    842.5
     1     1    23     1    25     3     0     3     4.0   22.817 -105.796   1353.9    844.0
     1     1    23     1    25     4     0     2     5.0   22.893 -105.828   1376.7    844.4
     1     1    23     1    25     5     0     1     6.0   22.977 -105.860   1421.8    842.9
     1     1    23     1    25     6     0     0     7.0   23.076 -105.889   1485.3    831.3
     1     1    23     1    25     7     0     1     8.0   23.180 -105.903   1521.9    812.6
     1     1    23     1    25     8     0     2     9.0   23.271 -105.908   1495.7    805.4
     1     1    23     1    25     9     0     3    10.0   23.348 -105.911   1415.4    804.6
     1     1    23     1    25    10     0     2    11.0   23.405 -105.916   1319.7    810.7
     1     1    23     1    25    11     0     1    12.0   23.445 -105.930   1238.5    815.2
     1     1    23     1    25    12     0     0    13.0   23.476 -105.957   1167.7    821.7
     1     1    23     1    25    13     0     1    14.0   23.500 -106.004   1103.4    830.8
     1     1    23     1    25    14     0     2    15.0   23.516 -106.067   1042.4    839.1
     1     1    23     1    25    15     0     3    16.0   23.524 -106.140    983.5    849.0
     1     1    23     1    25    16     0     2    17.0   23.527 -106.218    925.2    860.1
     1     1    23     1    25    17     0     1    18.0   23.529 -106.293    870.5    871.1
     1     1    23     1    25    18     0     0    19.0   23.532 -106.358    824.0    880.3
     1     1    23     1    25    19     0     1    20.0   23.530 -106.401    782.5    885.9
     1     1    23     1    25    20     0     2    21.0   23.521 -106.408    743.0    890.3
     1     1    23     1    25    21     0     3    22.0   23.507 -106.380    707.7    892.4
     1     1    23     1    25    22     0     2    23.0   23.484 -106.329    681.1    894.3
     1     1    23     1    25    23     0     1    24.0   23.447 -106.269    661.4    895.9
     1     1    23     1    26     0     0     0    25.0   23.396 -106.200    643.5    898.9
     1     1    23     1    26     1     0     1    26.0   23.337 -106.136    636.7    904.6
     1     1    23     1    26     2     0     2    27.0   23.274 -106.091    657.3    908.5
     1     1    23     1    26     3     0     3    28.0   23.210 -106.066    725.1    909.5
     1     1    23     1    26     4     0     2    29.0   23.162 -106.058    822.1    901.2
     1     1    23     1    26     5     0     1    30.0   23.141 -106.064    891.6    895.5
     1     1    23     1    26     6     0     0    31.0   23.139 -106.081    916.8    892.9
     1     1    23     1    26     7     0     1    32.0   23.146 -106.108    923.3    894.8
     1     1    23     1    26     8     0     2    33.0   23.159 -106.146    940.6    891.9
     1     1    23     1    26     9     0     3    34.0   23.177 -106.195    967.7    887.8
     1     1    23     1    26    10     0     2    35.0   23.201 -106.250    993.1    883.0
     1     1    23     1    26    11     0     1    36.0   23.232 -106.308   1007.0    880.4
     1     1    23     1    26    12     0     0    37.0   23.273 -106.368   1011.0    878.6
     1     1    23     1    26    13     0     1    38.0   23.323 -106.427   1009.9    878.1
     1     1    23     1    26    14     0     2    39.0   23.383 -106.481   1008.0    877.1
     1     1    23     1    26    15     0     3    40.0   23.454 -106.529   1005.4    876.1
     1     1    23     1    26    16     0     2    41.0   23.532 -106.578    996.8    875.3
     1     1    23     1    26    17     0     1    42.0   23.611 -106.631    977.4    877.6
     1     1    23     1    26    18     0     0    43.0   23.691 -106.693    948.7    882.5
     1     1    23     1    26    19     0     1    44.0   23.772 -106.754    920.0    888.5
     1     1    23     1    26    20     0     2    45.0   23.855 -106.804    895.2    892.6
     1     1    23     1    26    21     0     3    46.0   23.937 -106.840    865.9    896.6
     1     1    23     1    26    22     0     2    47.0   24.014 -106.865    844.7    901.4
     1     1    23     1    26    23     0     1    48.0   24.083 -106.888    843.9    900.1
     1     1    23     1    27     0     0     0    49.0   24.145 -106.909    865.1    896.9
     1     1    23     1    27     1     0     1    50.0   24.200 -106.935    895.2    893.0
     1     1    23     1    27     2     0     2    51.0   24.247 -106.975    922.8    893.2
     1     1    23     1    27     3     0     3    52.0   24.287 -107.029    950.8    892.4
     1     1    23     1    27     4     0     2    53.0   24.334 -107.097    970.2    888.3
     1     1    23     1    27     5     0     1    54.0   24.393 -107.174    972.1    887.1
     1     1    23     1    27     6     0     0    55.0   24.461 -107.256    962.1    887.5
     1     1    23     1    27     7     0     1    56.0   24.536 -107.339    957.9    888.5
     1     1    23     1    27     8     0     2    57.0   24.620 -107.422    972.8    886.2
     1     1    23     1    27     9     0     3    58.0   24.717 -107.502   1002.2    882.6
     1     1    23     1    27    10     0     2    59.0   24.829 -107.584   1039.1    878.9
     1     1    23     1    27    11     0     1    60.0   24.957 -107.674   1083.7    876.6
     1     1    23     1    27    12     0     0    61.0   25.108 -107.769   1152.2    867.4
     1     1    23     1    27    13     0     1    62.0   25.292 -107.858   1250.8    850.8
     1     1    23     1    27    14     0     2    63.0   25.509 -107.941   1369.3    834.6
     1     1    23     1    27    15     0     3    64.0   25.751 -108.027   1502.2    817.4
     1     1    23     1    27    16     0     2    65.0   26.004 -108.101   1609.7    796.4
     1     1    23     1    27    17     0     1    66.0   26.255 -108.134   1631.2    779.8
     1     1    23     1    27    18     0     0    67.0   26.503 -108.128   1557.8    775.0
     1     1    23     1    27    19     0     1    68.0   26.741 -108.097   1460.5    774.8
     1     1    23     1    27    20     0     2    69.0   26.953 -108.025   1365.4    765.0
     1     1    23     1    27    21     0     3    70.0   27.134 -107.892   1252.6    747.5
     1     1    23     1    27    22     0     2    71.0   27.318 -107.671   1144.6    724.4
     1     1    23     1    27    23     0     1    72.0   27.533 -107.353   1028.4    701.2
     1     1    23     1    28     0     0     0    73.0   27.761 -106.958    830.0    699.9
     1     1    23     1    28     1     0     1    74.0   27.967 -106.654    658.7    749.6
     1     1    23     1    28     2     0     2    75.0   28.166 -106.455    565.7    768.2
     1     1    23     1    28     3     0     3    76.0   28.369 -106.331    482.7    782.2
     1     1    23     1    28     4     0     2    77.0   28.550 -106.246    399.3    797.7
     1     1    23     1    28     5     0     1    78.0   28.694 -106.178    334.8    809.7
     1     1    23     1    28     6     0     0    79.0   28.809 -106.113    296.3    818.6
     1     1    23     1    28     7     0     1    80.0   28.915 -106.049    273.8    824.6
     1     1    23     1    28     8     0     2    81.0   29.023 -105.989    255.8    830.4
     1     1    23     1    28     9     0     3    82.0   29.137 -105.931    236.1    832.8
     1     1    23     1    28    10     0     2    83.0   29.248 -105.871    214.9    836.2
     1     1    23     1    28    11     0     1    84.0   29.347 -105.811    196.5    839.0
     1     1    23     1    28    12     0     0    85.0   29.433 -105.750    181.7    841.3
     1     1    23     1    28    13     0     1    86.0   29.511 -105.689    166.0    843.8
     1     1    23     1    28    14     0     2    87.0   29.583 -105.633    145.9    847.3
     1     1    23     1    28    15     0     3    88.0   29.649 -105.584    123.6    850.7
     1     1    23     1    28    16     0     2    89.0   29.718 -105.536    103.0    853.7
     1     1    23     1    28    17     0     1    90.0   29.799 -105.481     87.3    856.0
     1     1    23     1    28    18     0     0    91.0   29.892 -105.416     77.2    857.7
     1     1    23     1    28    19     0     1    92.0   29.988 -105.332     70.6    856.9
     1     1    23     1    28    20     0     2    93.0   30.085 -105.225     66.8    856.6
     1     1    23     1    28    21     0     3    94.0   30.207 -105.092     69.7    855.5
     1     1    23     1    28    22     0     2    95.0   30.353 -104.899     40.7    854.3
     1     1    23     1    28    23     0     1    96.0   30.481 -104.677      9.4    862.4
     1     1    23     1    29     0     0     0    97.0   30.581 -104.456      0.0    862.8
     1     1    23     1    29     1     0     1    98.0   30.676 -104.260      0.0    863.7
     1     1    23     1    29     2     0     2    99.0   30.788 -104.099      0.0    865.5
     1     1    23     1    29     3     0     3   100.0   30.922 -103.976      0.0    868.8
     1     1    23     1    29     4     0     2   101.0   31.061 -103.884      0.0    875.3
     1     1    23     1    29     5     0     1   102.0   31.182 -103.808      0.0    882.2
     1     1    23     1    29     6     0     0   103.0   31.285 -103.738      0.0    887.6
     1     1    23     1    29     7     0     1   104.0   31.379 -103.663      0.0    892.3
     1     1    23     1    29     8     0     2   105.0   31.469 -103.573      0.0    896.6
     1     1    23     1    29     9     0     3   106.0   31.561 -103.467      0.0    900.6
     1     1    23     1    29    10     0     2   107.0   31.653 -103.357      0.0    903.7
     1     1    23     1    29    11     0     1   108.0   31.739 -103.255      1.3    905.8
     1     1    23     1    29    12     0     0   109.0   31.821 -103.168      3.7    907.0
     1     1    23     1    29    13     0     1   110.0   31.897 -103.103      7.1    907.5
     1     1    23     1    29    14     0     2   111.0   31.966 -103.068     12.5    907.4
     1     1    23     1    29    15     0     3   112.0   32.030 -103.059     22.6    905.7
     1     1    23     1    29    16     0     2   113.0   32.097 -103.087     37.0    903.5
     1     1    23     1    29    17     0     1   114.0   32.173 -103.151     48.5    901.2
     1     1    23     1    29    18     0     0   115.0   32.260 -103.237     55.3    898.8
     1     1    23     1    29    19     0     1   116.0   32.360 -103.322     58.7    895.1
     1     1    23     1    29    20     0     2   117.0   32.475 -103.389     60.5    891.2
     1     1    23     1    29    21     0     3   118.0   32.604 -103.425     61.2    887.1
     1     1    23     1    29    22     0     2   119.0   32.743 -103.458     63.0    883.8
     1     1    23     1    29    23     0     1   120.0   32.904 -103.509     71.4    878.6
