     8     1
    GDAS    22    12    22     0     0
    GDAS    22    12    29     0     0
    GDAS    23     1     1     0     0
    GDAS    23     1     8     0     0
    GDAS    23     1    15     0     0
    GDAS    23     1    22     0     0
    GDAS    23     1    29     0     0
    GDAS    23     2     1     0     0
     1 FORWARD  OMEGA   
    23     1    16    17   43.615 -103.788    79.7
     1 PRESSURE
     1     1    23     1    16    17     0     1     0.0   43.615 -103.788     79.7    826.4
     1     1    23     1    16    18     0     0     1.0   43.563 -103.642     70.1    840.1
     1     1    23     1    16    19     0     1     2.0   43.502 -103.498     61.0    852.5
     1     1    23     1    16    20     0     2     3.0   43.433 -103.360     51.9    863.7
     1     1    23     1    16    21     0     3     4.0   43.357 -103.231     43.8    872.5
     1     1    23     1    16    22     0     2     5.0   43.280 -103.124     38.6    879.5
     1     1    23     1    16    23     0     1     6.0   43.216 -103.050     37.1    883.7
     1     1    23     1    17     0     0     0     7.0   43.169 -103.010     38.7    886.0
     1     1    23     1    17     1     0     1     8.0   43.135 -102.993     40.1    886.1
     1     1    23     1    17     2     0     2     9.0   43.106 -102.988     38.3    886.3
     1     1    23     1    17     3     0     3    10.0   43.082 -102.996     33.5    886.7
     1     1    23     1    17     4     0     2    11.0   43.067 -103.003     28.7    887.3
     1     1    23     1    17     5     0     1    12.0   43.067 -102.993     26.1    887.6
     1     1    23     1    17     6     0     0    13.0   43.078 -102.966     25.2    887.8
     1     1    23     1    17     7     0     1    14.0   43.092 -102.935     25.2    887.8
     1     1    23     1    17     8     0     2    15.0   43.103 -102.911     25.2    888.0
     1     1    23     1    17     9     0     3    16.0   43.112 -102.894     25.2    888.1
     1     1    23     1    17    10     0     2    17.0   43.117 -102.880     25.2    888.2
     1     1    23     1    17    11     0     1    18.0   43.114 -102.865     25.1    888.3
     1     1    23     1    17    12     0     0    19.0   43.104 -102.849     24.9    888.3
     1     1    23     1    17    13     0     1    20.0   43.092 -102.842     24.6    888.2
     1     1    23     1    17    14     0     2    21.0   43.083 -102.852     24.5    888.3
     1     1    23     1    17    15     0     3    22.0   43.078 -102.882     24.5    888.4
     1     1    23     1    17    16     0     2    23.0   43.075 -102.927     24.5    889.6
     1     1    23     1    17    17     0     1    24.0   43.072 -102.982     24.5    890.9
     1     1    23     1    17    18     0     0    25.0   43.069 -103.048     24.7    890.6
     1     1    23     1    17    19     0     1    26.0   43.068 -103.122     25.8    887.2
     1     1    23     1    17    20     0     2    27.0   43.072 -103.200     28.3    883.6
     1     1    23     1    17    21     0     3    28.0   43.079 -103.283     32.5    879.9
     1     1    23     1    17    22     0     2    29.0   43.083 -103.373     38.2    877.4
     1     1    23     1    17    23     0     1    30.0   43.078 -103.473     44.7    874.5
     1     1    23     1    18     0     0     0    31.0   43.068 -103.585     51.5    871.3
     1     1    23     1    18     1     0     1    32.0   43.060 -103.708     60.3    866.9
     1     1    23     1    18     2     0     2    33.0   43.059 -103.840     75.3    861.2
     1     1    23     1    18     3     0     3    34.0   43.068 -103.986    102.6    853.7
     1     1    23     1    18     4     0     2    35.0   43.079 -104.143    145.7    845.7
     1     1    23     1    18     5     0     1    36.0   43.085 -104.296    199.8    836.5
     1     1    23     1    18     6     0     0    37.0   43.081 -104.447    264.3    828.0
     1     1    23     1    18     7     0     1    38.0   43.067 -104.597    331.3    817.8
     1     1    23     1    18     8     0     2    39.0   43.044 -104.742    395.5    810.4
     1     1    23     1    18     9     0     3    40.0   43.008 -104.880    469.1    801.3
     1     1    23     1    18    10     0     2    41.0   42.946 -105.013    560.2    789.5
     1     1    23     1    18    11     0     1    42.0   42.846 -105.146    663.6    773.5
     1     1    23     1    18    12     0     0    43.0   42.705 -105.280    771.7    757.1
     1     1    23     1    18    13     0     1    44.0   42.538 -105.421    890.2    738.3
     1     1    23     1    18    14     0     2    45.0   42.350 -105.582   1013.5    715.9
     1     1    23     1    18    15     0     3    46.0   42.121 -105.780   1114.4    690.3
     1     1    23     1    18    16     0     2    47.0   41.853 -106.003   1170.5    664.7
     1     1    23     1    18    17     0     1    48.0   41.574 -106.200   1251.1    649.0
     1     1    23     1    18    18     0     0    49.0   41.272 -106.371   1378.3    623.5
     1     1    23     1    18    19     0     1    50.0   40.937 -106.508   1518.1    596.7
     1     1    23     1    18    20     0     2    51.0   40.578 -106.572   1663.4    579.3
     1     1    23     1    18    21     0     3    52.0   40.186 -106.573   1828.6    562.0
     1     1    23     1    18    22     0     2    53.0   39.745 -106.531   1923.6    539.4
     1     1    23     1    18    23     0     1    54.0   39.270 -106.436   1842.3    537.5
     1     1    23     1    19     0     0     0    55.0   38.773 -106.291   1669.4    561.1
     1     1    23     1    19     1     0     1    56.0   38.333 -106.097   1568.7    603.0
     1     1    23     1    19     2     0     2    57.0   37.974 -105.890   1670.3    618.6
     1     1    23     1    19     3     0     3    58.0   37.629 -105.703   1909.1    584.6
     1     1    23     1    19     4     0     2    59.0   37.275 -105.494   2103.4    562.3
     1     1    23     1    19     5     0     1    60.0   36.946 -105.254   2392.2    550.1
     1     1    23     1    19     6     0     0    61.0   36.685 -104.962   3200.0    512.9
     1     1    23     1    19     7     0     1    62.0   36.514 -104.499   4118.5    436.1
     1     1    23     1    19     8     0     2    63.0   36.371 -103.896   4298.6    442.0
     1     1    23     1    19     9     0     3    64.0   36.223 -103.253   4211.6    496.1
     1     1    23     1    19    10     0     2    65.0   36.048 -102.547   4144.8    508.3
     1     1    23     1    19    11     0     1    66.0   35.871 -101.800   3999.5    531.2
     1     1    23     1    19    12     0     0    67.0   35.698 -101.039   3906.1    554.9
     1     1    23     1    19    13     0     1    68.0   35.518 -100.250   3800.1    573.1
     1     1    23     1    19    14     0     2    69.0   35.365  -99.427   3611.7    599.9
     1     1    23     1    19    15     0     3    70.0   35.197  -98.585   3389.8    629.4
     1     1    23     1    19    16     0     2    71.0   35.021  -97.707   3144.2    658.9
     1     1    23     1    19    17     0     1    72.0   34.852  -96.819   2946.5    680.0
     1     1    23     1    19    18     0     0    73.0   34.666  -95.928   2829.1    699.8
     1     1    23     1    19    19     0     1    74.0   34.468  -95.018   2671.4    714.5
     1     1    23     1    19    20     0     2    75.0   34.269  -94.105   2463.7    733.3
     1     1    23     1    19    21     0     3    76.0   34.041  -93.232   2260.4    760.9
     1     1    23     1    19    22     0     2    77.0   33.796  -92.425   2080.8    781.8
     1     1    23     1    19    23     0     1    78.0   33.568  -91.686   1944.5    800.4
     1     1    23     1    20     0     0     0    79.0   33.359  -91.023   1849.1    813.7
     1     1    23     1    20     1     0     1    80.0   33.171  -90.417   1778.0    817.9
     1     1    23     1    20     2     0     2    81.0   33.004  -89.843   1728.4    817.1
     1     1    23     1    20     3     0     3    82.0   32.855  -89.294   1680.1    818.9
     1     1    23     1    20     4     0     2    83.0   32.738  -88.756   1625.7    825.3
     1     1    23     1    20     5     0     1    84.0   32.659  -88.226   1566.8    836.2
     1     1    23     1    20     6     0     0    85.0   32.608  -87.700   1501.7    843.0
     1     1    23     1    20     7     0     1    86.0   32.561  -87.156   1430.6    846.1
     1     1    23     1    20     8     0     2    87.0   32.499  -86.585   1351.6    850.1
     1     1    23     1    20     9     0     3    88.0   32.416  -85.990   1265.3    855.9
     1     1    23     1    20    10     0     2    89.0   32.295  -85.390   1174.6    869.1
     1     1    23     1    20    11     0     1    90.0   32.122  -84.814   1085.6    884.0
     1     1    23     1    20    12     0     0    91.0   31.915  -84.264   1022.9    894.4
     1     1    23     1    20    13     0     1    92.0   31.714  -83.739    991.9    897.1
     1     1    23     1    20    14     0     2    93.0   31.534  -83.245    974.7    898.5
     1     1    23     1    20    15     0     3    94.0   31.372  -82.781    955.7    902.4
     1     1    23     1    20    16     0     2    95.0   31.231  -82.353    936.3    909.4
     1     1    23     1    20    17     0     1    96.0   31.121  -81.959    930.1    913.7
     1     1    23     1    20    18     0     0    97.0   31.037  -81.566    908.2    911.9
     1     1    23     1    20    19     0     1    98.0   30.961  -81.159    841.4    920.0
     1     1    23     1    20    20     0     2    99.0   30.886  -80.742    774.2    931.0
     1     1    23     1    20    21     0     3   100.0   30.811  -80.318    733.8    934.9
     1     1    23     1    20    22     0     2   101.0   30.731  -79.895    708.0    936.9
     1     1    23     1    20    23     0     1   102.0   30.645  -79.490    683.0    939.7
     1     1    23     1    21     0     0     0   103.0   30.552  -79.106    648.3    943.3
     1     1    23     1    21     1     0     1   104.0   30.452  -78.744    610.1    949.2
     1     1    23     1    21     2     0     2   105.0   30.346  -78.397    582.4    952.4
     1     1    23     1    21     3     0     3   106.0   30.234  -78.060    560.0    954.3
     1     1    23     1    21     4     0     2   107.0   30.123  -77.729    542.8    956.8
     1     1    23     1    21     5     0     1   108.0   30.015  -77.407    531.5    957.2
     1     1    23     1    21     6     0     0   109.0   29.904  -77.102    516.0    958.3
     1     1    23     1    21     7     0     1   110.0   29.778  -76.819    497.1    960.8
     1     1    23     1    21     8     0     2   111.0   29.635  -76.556    485.1    962.8
     1     1    23     1    21     9     0     3   112.0   29.485  -76.317    486.5    962.7
     1     1    23     1    21    10     0     2   113.0   29.335  -76.107    497.5    961.2
     1     1    23     1    21    11     0     1   114.0   29.184  -75.929    510.8    959.7
     1     1    23     1    21    12     0     0   115.0   29.028  -75.778    518.9    958.6
     1     1    23     1    21    13     0     1   116.0   28.876  -75.655    518.4    959.4
     1     1    23     1    21    14     0     2   117.0   28.742  -75.563    513.5    960.9
     1     1    23     1    21    15     0     3   118.0   28.625  -75.502    507.4    962.3
     1     1    23     1    21    16     0     2   119.0   28.521  -75.458    498.0    962.6
     1     1    23     1    21    17     0     1   120.0   28.430  -75.416    485.7    963.9
