     8     1
    GDAS    22    12    22     0     0
    GDAS    22    12    29     0     0
    GDAS    23     1     1     0     0
    GDAS    23     1     8     0     0
    GDAS    23     1    15     0     0
    GDAS    23     1    22     0     0
    GDAS    23     1    29     0     0
    GDAS    23     2     1     0     0
     1 FORWARD  OMEGA   
    23     1     6    17   34.815 -164.737  5557.2
     1 PRESSURE
     1     1    23     1     6    17     0     1     0.0   34.815 -164.737   5557.2    504.5
     1     1    23     1     6    18     0     0     1.0   34.929 -162.701   5496.6    509.4
     1     1    23     1     6    19     0     1     2.0   34.963 -160.699   5509.4    508.0
     1     1    23     1     6    20     0     2     3.0   34.952 -158.797   5428.3    514.3
     1     1    23     1     6    21     0     3     4.0   34.905 -156.892   5337.7    519.4
     1     1    23     1     6    22     0     2     5.0   34.821 -155.038   5253.0    526.1
     1     1    23     1     6    23     0     1     6.0   34.708 -153.242   5217.9    528.2
     1     1    23     1     7     0     0     0     7.0   34.552 -151.465   5201.1    529.0
     1     1    23     1     7     1     0     1     8.0   34.349 -149.748   5181.3    530.6
     1     1    23     1     7     2     0     2     9.0   34.127 -148.098   5170.0    532.2
     1     1    23     1     7     3     0     3    10.0   33.842 -146.486   5189.1    530.3
     1     1    23     1     7     4     0     2    11.0   33.543 -144.958   5335.2    523.6
     1     1    23     1     7     5     0     1    12.0   33.274 -143.459   5445.0    514.2
     1     1    23     1     7     6     0     0    13.0   32.985 -142.014   5407.6    516.4
     1     1    23     1     7     7     0     1    14.0   32.692 -140.639   5420.0    515.9
     1     1    23     1     7     8     0     2    15.0   32.456 -139.316   5408.1    517.0
     1     1    23     1     7     9     0     3    16.0   32.198 -138.044   5359.1    519.8
     1     1    23     1     7    10     0     2    17.0   31.952 -136.832   5263.5    527.0
     1     1    23     1     7    11     0     1    18.0   31.753 -135.654   5193.5    533.2
     1     1    23     1     7    12     0     0    19.0   31.563 -134.536   5155.6    536.1
     1     1    23     1     7    13     0     1    20.0   31.401 -133.469   5147.6    536.2
     1     1    23     1     7    14     0     2    21.0   31.239 -132.436   5123.3    537.9
     1     1    23     1     7    15     0     3    22.0   31.062 -131.460   5108.4    540.0
     1     1    23     1     7    16     0     2    23.0   30.909 -130.558   5081.4    540.2
     1     1    23     1     7    17     0     1    24.0   30.752 -129.700   4943.9    554.1
     1     1    23     1     7    18     0     0    25.0   30.588 -128.891   4944.6    554.3
     1     1    23     1     7    19     0     1    26.0   30.455 -128.121   5052.6    545.8
     1     1    23     1     7    20     0     2    27.0   30.360 -127.374   5121.9    538.9
     1     1    23     1     7    21     0     3    28.0   30.278 -126.656   5078.2    541.2
     1     1    23     1     7    22     0     2    29.0   30.230 -125.987   5077.9    549.0
     1     1    23     1     7    23     0     1    30.0   30.208 -125.347   5118.4    537.6
     1     1    23     1     8     0     0     0    31.0   30.169 -124.729   5055.5    540.8
     1     1    23     1     8     1     0     1    32.0   30.109 -124.142   4927.8    555.1
     1     1    23     1     8     2     0     2    33.0   30.070 -123.579   4816.1    564.2
     1     1    23     1     8     3     0     3    34.0   30.042 -123.061   4785.5    571.2
     1     1    23     1     8     4     0     2    35.0   30.010 -122.568   4789.4    564.1
     1     1    23     1     8     5     0     1    36.0   30.007 -122.093   4754.5    567.6
     1     1    23     1     8     6     0     0    37.0   30.014 -121.643   4704.8    572.7
     1     1    23     1     8     7     0     1    38.0   30.018 -121.208   4649.2    576.4
     1     1    23     1     8     8     0     2    39.0   30.024 -120.775   4594.4    581.4
     1     1    23     1     8     9     0     3    40.0   30.017 -120.344   4545.8    584.5
     1     1    23     1     8    10     0     2    41.0   29.998 -119.923   4492.5    588.0
     1     1    23     1     8    11     0     1    42.0   29.992 -119.505   4444.8    592.9
     1     1    23     1     8    12     0     0    43.0   29.982 -119.074   4413.3    594.9
     1     1    23     1     8    13     0     1    44.0   29.964 -118.653   4362.4    596.6
     1     1    23     1     8    14     0     2    45.0   29.948 -118.267   4285.2    604.9
     1     1    23     1     8    15     0     3    46.0   29.914 -117.909   4206.6    611.3
     1     1    23     1     8    16     0     2    47.0   29.876 -117.588   4131.2    617.7
     1     1    23     1     8    17     0     1    48.0   29.849 -117.298   4062.2    623.7
     1     1    23     1     8    18     0     0    49.0   29.821 -117.029   4001.0    628.9
     1     1    23     1     8    19     0     1    50.0   29.792 -116.772   3937.3    632.9
     1     1    23     1     8    20     0     2    51.0   29.768 -116.523   3863.1    638.6
     1     1    23     1     8    21     0     3    52.0   29.746 -116.289   3781.2    645.0
     1     1    23     1     8    22     0     2    53.0   29.722 -116.070   3695.6    652.2
     1     1    23     1     8    23     0     1    54.0   29.692 -115.845   3615.8    654.5
     1     1    23     1     9     0     0     0    55.0   29.644 -115.602   3562.1    650.7
     1     1    23     1     9     1     0     1    56.0   29.581 -115.356   3507.0    646.9
     1     1    23     1     9     2     0     2    57.0   29.507 -115.132   3427.8    650.5
     1     1    23     1     9     3     0     3    58.0   29.421 -114.931   3345.9    660.4
     1     1    23     1     9     4     0     2    59.0   29.335 -114.742   3286.3    670.9
     1     1    23     1     9     5     0     1    60.0   29.256 -114.557   3241.3    675.2
     1     1    23     1     9     6     0     0    61.0   29.182 -114.377   3193.9    677.7
     1     1    23     1     9     7     0     1    62.0   29.112 -114.203   3144.4    679.0
     1     1    23     1     9     8     0     2    63.0   29.051 -114.041   3109.6    677.7
     1     1    23     1     9     9     0     3    64.0   29.002 -113.894   3117.9    678.2
     1     1    23     1     9    10     0     2    65.0   28.963 -113.744   3128.8    677.9
     1     1    23     1     9    11     0     1    66.0   28.929 -113.581   3093.4    686.2
     1     1    23     1     9    12     0     0    67.0   28.899 -113.410   3035.3    696.0
     1     1    23     1     9    13     0     1    68.0   28.869 -113.246   2988.1    705.2
     1     1    23     1     9    14     0     2    69.0   28.839 -113.095   2963.3    709.1
     1     1    23     1     9    15     0     3    70.0   28.810 -112.954   2945.5    711.1
     1     1    23     1     9    16     0     2    71.0   28.786 -112.817   2940.7    712.3
     1     1    23     1     9    17     0     1    72.0   28.775 -112.677   2961.5    710.8
     1     1    23     1     9    18     0     0    73.0   28.778 -112.535   3002.7    707.9
     1     1    23     1     9    19     0     1    74.0   28.791 -112.385   3050.4    702.9
     1     1    23     1     9    20     0     2    75.0   28.811 -112.222   3088.1    699.3
     1     1    23     1     9    21     0     3    76.0   28.838 -112.050   3105.7    696.9
     1     1    23     1     9    22     0     2    77.0   28.870 -111.871   3098.3    696.2
     1     1    23     1     9    23     0     1    78.0   28.904 -111.689   3065.7    696.4
     1     1    23     1    10     0     0     0    79.0   28.937 -111.507   2998.2    699.4
     1     1    23     1    10     1     0     1    80.0   28.969 -111.329   2899.8    706.7
     1     1    23     1    10     2     0     2    81.0   29.002 -111.159   2788.8    715.2
     1     1    23     1    10     3     0     3    82.0   29.038 -110.997   2686.1    722.1
     1     1    23     1    10     4     0     2    83.0   29.078 -110.830   2609.2    720.8
     1     1    23     1    10     5     0     1    84.0   29.123 -110.646   2563.0    714.0
     1     1    23     1    10     6     0     0    85.0   29.173 -110.441   2526.3    705.6
     1     1    23     1    10     7     0     1    86.0   29.227 -110.215   2490.8    696.9
     1     1    23     1    10     8     0     2    87.0   29.283 -109.965   2457.4    687.3
     1     1    23     1    10     9     0     3    88.0   29.343 -109.691   2430.1    678.3
     1     1    23     1    10    10     0     2    89.0   29.399 -109.387   2401.7    668.2
     1     1    23     1    10    11     0     1    90.0   29.445 -109.054   2372.9    659.0
     1     1    23     1    10    12     0     0    91.0   29.482 -108.684   2346.4    640.4
     1     1    23     1    10    13     0     1    92.0   29.512 -108.276   2325.1    617.4
     1     1    23     1    10    14     0     2    93.0   29.543 -107.846   2293.0    605.5
     1     1    23     1    10    15     0     3    94.0   29.563 -107.429   2256.1    617.5
     1     1    23     1    10    16     0     2    95.0   29.576 -107.039   2220.8    629.9
     1     1    23     1    10    17     0     1    96.0   29.596 -106.670   2188.1    642.0
     1     1    23     1    10    18     0     0    97.0   29.636 -106.327   2123.0    656.8
     1     1    23     1    10    19     0     1    98.0   29.691 -106.010   2006.3    673.3
     1     1    23     1    10    20     0     2    99.0   29.750 -105.715   1891.5    691.4
     1     1    23     1    10    21     0     3   100.0   29.814 -105.433   1860.7    699.0
     1     1    23     1    10    22     0     2   101.0   29.883 -105.151   1930.6    695.9
     1     1    23     1    10    23     0     1   102.0   29.962 -104.847   2070.0    681.6
     1     1    23     1    11     0     0     0   103.0   30.052 -104.493   2232.6    663.7
     1     1    23     1    11     1     0     1   104.0   30.151 -104.069   2345.1    649.1
     1     1    23     1    11     2     0     2   105.0   30.251 -103.604   2395.8    657.0
     1     1    23     1    11     3     0     3   106.0   30.352 -103.137   2405.7    671.0
     1     1    23     1    11     4     0     2   107.0   30.455 -102.678   2389.5    686.6
     1     1    23     1    11     5     0     1   108.0   30.555 -102.221   2382.2    701.4
     1     1    23     1    11     6     0     0   109.0   30.653 -101.757   2403.9    701.9
     1     1    23     1    11     7     0     1   110.0   30.735 -101.265   2371.1    697.3
     1     1    23     1    11     8     0     2   111.0   30.792 -100.756   2271.1    710.8
     1     1    23     1    11     9     0     3   112.0   30.817 -100.255   2163.2    723.3
     1     1    23     1    11    10     0     2   113.0   30.821  -99.777   2067.4    737.6
     1     1    23     1    11    11     0     1   114.0   30.816  -99.326   2009.0    749.0
     1     1    23     1    11    12     0     0   115.0   30.813  -98.908   1986.5    755.7
     1     1    23     1    11    13     0     1   116.0   30.831  -98.522   2000.3    762.6
     1     1    23     1    11    14     0     2   117.0   30.880  -98.163   2087.9    763.7
     1     1    23     1    11    15     0     3   118.0   30.950  -97.817   2265.9    752.3
     1     1    23     1    11    16     0     2   119.0   31.039  -97.455   2431.7    735.0
     1     1    23     1    11    17     0     1   120.0   31.162  -97.069   2483.3    735.1
