     8     1
    GDAS    22    12    22     0     0
    GDAS    22    12    29     0     0
    GDAS    23     1     1     0     0
    GDAS    23     1     8     0     0
    GDAS    23     1    15     0     0
    GDAS    23     1    22     0     0
    GDAS    23     1    29     0     0
    GDAS    23     2     1     0     0
     1 FORWARD  OMEGA   
    23     1    12    23   30.378 -114.989   950.6
     1 PRESSURE
     1     1    23     1    12    23     0     1     0.0   30.378 -114.989    950.6    853.3
     1     1    23     1    13     0     0     0     1.0   30.297 -115.075    952.1    855.2
     1     1    23     1    13     1     0     1     2.0   30.229 -115.170    954.0    857.0
     1     1    23     1    13     2     0     2     3.0   30.176 -115.278    929.9    865.2
     1     1    23     1    13     3     0     3     4.0   30.137 -115.399    879.9    878.1
     1     1    23     1    13     4     0     2     5.0   30.108 -115.529    818.0    893.9
     1     1    23     1    13     5     0     1     6.0   30.081 -115.660    765.9    908.9
     1     1    23     1    13     6     0     0     7.0   30.056 -115.779    741.3    920.8
     1     1    23     1    13     7     0     1     8.0   30.033 -115.875    734.2    926.4
     1     1    23     1    13     8     0     2     9.0   30.001 -115.942    709.9    932.5
     1     1    23     1    13     9     0     3    10.0   29.951 -115.978    652.1    941.2
     1     1    23     1    13    10     0     2    11.0   29.877 -115.981    601.5    950.9
     1     1    23     1    13    11     0     1    12.0   29.782 -115.953    587.8    950.3
     1     1    23     1    13    12     0     0    13.0   29.673 -115.899    605.5    945.7
     1     1    23     1    13    13     0     1    14.0   29.558 -115.834    635.7    939.2
     1     1    23     1    13    14     0     2    15.0   29.441 -115.771    658.7    935.8
     1     1    23     1    13    15     0     3    16.0   29.317 -115.711    670.3    935.2
     1     1    23     1    13    16     0     2    17.0   29.190 -115.653    674.9    937.7
     1     1    23     1    13    17     0     1    18.0   29.072 -115.596    684.2    940.5
     1     1    23     1    13    18     0     0    19.0   28.965 -115.539    707.9    940.8
     1     1    23     1    13    19     0     1    20.0   28.874 -115.481    725.1    935.0
     1     1    23     1    13    20     0     2    21.0   28.794 -115.415    708.2    935.7
     1     1    23     1    13    21     0     3    22.0   28.721 -115.341    654.4    940.8
     1     1    23     1    13    22     0     2    23.0   28.642 -115.262    590.5    950.6
     1     1    23     1    13    23     0     1    24.0   28.549 -115.188    541.2    955.4
     1     1    23     1    14     0     0     0    25.0   28.445 -115.118    501.9    959.2
     1     1    23     1    14     1     0     1    26.0   28.329 -115.050    475.5    963.1
     1     1    23     1    14     2     0     2    27.0   28.202 -114.981    469.9    964.1
     1     1    23     1    14     3     0     3    28.0   28.066 -114.918    487.9    962.0
     1     1    23     1    14     4     0     2    29.0   27.941 -114.864    514.3    957.7
     1     1    23     1    14     5     0     1    30.0   27.843 -114.815    536.5    955.4
     1     1    23     1    14     6     0     0    31.0   27.766 -114.763    556.7    953.6
     1     1    23     1    14     7     0     1    32.0   27.697 -114.704    574.6    951.0
     1     1    23     1    14     8     0     2    33.0   27.623 -114.635    588.4    949.2
     1     1    23     1    14     9     0     3    34.0   27.539 -114.550    599.5    947.6
     1     1    23     1    14    10     0     2    35.0   27.438 -114.456    609.2    946.3
     1     1    23     1    14    11     0     1    36.0   27.324 -114.361    614.6    945.0
     1     1    23     1    14    12     0     0    37.0   27.202 -114.265    604.3    945.0
     1     1    23     1    14    13     0     1    38.0   27.081 -114.176    571.1    948.9
     1     1    23     1    14    14     0     2    39.0   26.962 -114.103    520.7    955.3
     1     1    23     1    14    15     0     3    40.0   26.838 -114.046    461.6    963.0
     1     1    23     1    14    16     0     2    41.0   26.717 -113.997    409.9    970.6
     1     1    23     1    14    17     0     1    42.0   26.610 -113.944    381.6    974.0
     1     1    23     1    14    18     0     0    43.0   26.521 -113.880    380.4    974.1
     1     1    23     1    14    19     0     1    44.0   26.443 -113.801    386.9    970.3
     1     1    23     1    14    20     0     2    45.0   26.367 -113.704    378.2    970.0
     1     1    23     1    14    21     0     3    46.0   26.291 -113.584    351.3    972.0
     1     1    23     1    14    22     0     2    47.0   26.217 -113.438    324.9    976.9
     1     1    23     1    14    23     0     1    48.0   26.144 -113.272    307.6    978.1
     1     1    23     1    15     0     0     0    49.0   26.059 -113.085    279.7    980.5
     1     1    23     1    15     1     0     1    50.0   25.969 -112.878    246.5    984.4
     1     1    23     1    15     2     0     2    51.0   25.895 -112.674    237.3    982.3
     1     1    23     1    15     3     0     3    52.0   25.837 -112.482    251.8    976.8
     1     1    23     1    15     4     0     2    53.0   25.784 -112.304    278.2    970.8
     1     1    23     1    15     5     0     1    54.0   25.731 -112.135    311.1    964.9
     1     1    23     1    15     6     0     0    55.0   25.685 -111.973    347.5    959.3
     1     1    23     1    15     7     0     1    56.0   25.649 -111.799    384.5    955.5
     1     1    23     1    15     8     0     2    57.0   25.631 -111.600    407.0    951.3
     1     1    23     1    15     9     0     3    58.0   25.633 -111.386    392.8    950.8
     1     1    23     1    15    10     0     2    59.0   25.662 -111.169    349.7    956.9
     1     1    23     1    15    11     0     1    60.0   25.718 -110.958    310.9    966.1
     1     1    23     1    15    12     0     0    61.0   25.795 -110.762    301.7    973.6
     1     1    23     1    15    13     0     1    62.0   25.886 -110.592    314.2    974.2
     1     1    23     1    15    14     0     2    63.0   25.984 -110.460    330.0    975.4
     1     1    23     1    15    15     0     3    64.0   26.098 -110.369    345.9    973.8
     1     1    23     1    15    16     0     2    65.0   26.231 -110.297    363.9    973.0
     1     1    23     1    15    17     0     1    66.0   26.378 -110.226    389.1    970.8
     1     1    23     1    15    18     0     0    67.0   26.546 -110.160    424.6    967.9
     1     1    23     1    15    19     0     1    68.0   26.727 -110.087    446.9    961.3
     1     1    23     1    15    20     0     2    69.0   26.911 -110.001    414.0    963.3
     1     1    23     1    15    21     0     3    70.0   27.089 -109.912    333.6    966.2
     1     1    23     1    15    22     0     2    71.0   27.263 -109.831    275.2    967.4
     1     1    23     1    15    23     0     1    72.0   27.442 -109.747    270.0    953.8
     1     1    23     1    16     0     0     0    73.0   27.631 -109.656    300.7    933.7
     1     1    23     1    16     1     0     1    74.0   27.816 -109.559    354.1    910.1
     1     1    23     1    16     2     0     2    75.0   27.978 -109.459    426.0    884.7
     1     1    23     1    16     3     0     3    76.0   28.130 -109.335    529.5    858.5
     1     1    23     1    16     4     0     2    77.0   28.331 -109.173    670.5    826.3
     1     1    23     1    16     5     0     1    78.0   28.622 -108.943    764.1    793.2
     1     1    23     1    16     6     0     0    79.0   28.946 -108.561    744.6    764.1
     1     1    23     1    16     7     0     1    80.0   29.232 -107.948    731.5    726.3
     1     1    23     1    16     8     0     2    81.0   29.484 -107.195    717.9    738.3
     1     1    23     1    16     9     0     3    82.0   29.673 -106.610    737.1    769.0
     1     1    23     1    16    10     0     2    83.0   29.806 -106.113    843.4    770.0
     1     1    23     1    16    11     0     1    84.0   29.906 -105.616    940.9    762.4
     1     1    23     1    16    12     0     0    85.0   29.965 -105.131    944.1    765.4
     1     1    23     1    16    13     0     1    86.0   30.011 -104.680    924.0    775.7
     1     1    23     1    16    14     0     2    87.0   30.067 -104.210    948.5    768.5
     1     1    23     1    16    15     0     3    88.0   30.119 -103.712    953.2    771.5
     1     1    23     1    16    16     0     2    89.0   30.173 -103.249    925.8    790.2
     1     1    23     1    16    17     0     1    90.0   30.229 -102.840    908.7    809.0
     1     1    23     1    16    18     0     0    91.0   30.275 -102.457    908.4    823.6
     1     1    23     1    16    19     0     1    92.0   30.300 -102.090    862.6    836.1
     1     1    23     1    16    20     0     2    93.0   30.306 -101.754    727.4    855.3
     1     1    23     1    16    21     0     3    94.0   30.294 -101.435    562.7    876.3
     1     1    23     1    16    22     0     2    95.0   30.268 -101.132    441.4    895.9
     1     1    23     1    16    23     0     1    96.0   30.237 -100.853    376.1    900.7
     1     1    23     1    17     0     0     0    97.0   30.207 -100.602    332.4    901.8
     1     1    23     1    17     1     0     1    98.0   30.167 -100.399    288.2    905.1
     1     1    23     1    17     2     0     2    99.0   30.117 -100.262    242.2    909.6
     1     1    23     1    17     3     0     3   100.0   30.072 -100.191    197.0    914.0
     1     1    23     1    17     4     0     2   101.0   30.031 -100.149    165.1    918.5
     1     1    23     1    17     5     0     1   102.0   29.988 -100.094    154.0    919.7
     1     1    23     1    17     6     0     0   103.0   29.940 -100.016    167.2    919.8
     1     1    23     1    17     7     0     1   104.0   29.897  -99.929    194.9    917.5
     1     1    23     1    17     8     0     2   105.0   29.861  -99.845    213.9    917.9
     1     1    23     1    17     9     0     3   106.0   29.829  -99.756    222.8    919.5
     1     1    23     1    17    10     0     2   107.0   29.808  -99.667    230.8    921.5
     1     1    23     1    17    11     0     1   108.0   29.804  -99.584    246.3    921.2
     1     1    23     1    17    12     0     0   109.0   29.813  -99.502    271.1    919.5
     1     1    23     1    17    13     0     1   110.0   29.824  -99.427    292.5    915.8
     1     1    23     1    17    14     0     2   111.0   29.824  -99.370    290.2    916.6
     1     1    23     1    17    15     0     3   112.0   29.803  -99.333    260.5    921.4
     1     1    23     1    17    16     0     2   113.0   29.793  -99.326    231.9    927.6
     1     1    23     1    17    17     0     1   114.0   29.835  -99.350    227.9    925.5
     1     1    23     1    17    18     0     0   115.0   29.938  -99.400    246.2    918.6
     1     1    23     1    17    19     0     1   116.0   30.103  -99.449    279.9    910.1
     1     1    23     1    17    20     0     2   117.0   30.310  -99.474    317.6    904.0
     1     1    23     1    17    21     0     3   118.0   30.558  -99.484    352.4    898.8
     1     1    23     1    17    22     0     2   119.0   30.838  -99.486    392.6    895.9
     1     1    23     1    17    23     0     1   120.0   31.140  -99.481    476.5    890.6
