     8     1
    GDAS    22    12    22     0     0
    GDAS    22    12    29     0     0
    GDAS    23     1     1     0     0
    GDAS    23     1     8     0     0
    GDAS    23     1    15     0     0
    GDAS    23     1    22     0     0
    GDAS    23     1    29     0     0
    GDAS    23     2     1     0     0
     1 FORWARD  OMEGA   
    23     1    10    11   23.199 -115.755  3776.3
     1 PRESSURE
     1     1    23     1    10    11     0     1     0.0   23.199 -115.755   3776.3    649.1
     1     1    23     1    10    12     0     0     1.0   23.301 -115.785   3851.0    644.1
     1     1    23     1    10    13     0     1     2.0   23.421 -115.814   3942.3    635.9
     1     1    23     1    10    14     0     2     3.0   23.548 -115.834   4038.7    628.8
     1     1    23     1    10    15     0     3     4.0   23.689 -115.837   4145.6    620.8
     1     1    23     1    10    16     0     2     5.0   23.850 -115.815   4242.2    612.0
     1     1    23     1    10    17     0     1     6.0   24.016 -115.762   4312.7    607.5
     1     1    23     1    10    18     0     0     7.0   24.178 -115.675   4368.4    603.8
     1     1    23     1    10    19     0     1     8.0   24.327 -115.549   4396.3    599.9
     1     1    23     1    10    20     0     2     9.0   24.457 -115.388   4372.0    600.7
     1     1    23     1    10    21     0     3    10.0   24.569 -115.199   4280.1    606.4
     1     1    23     1    10    22     0     2    11.0   24.663 -115.005   4162.5    619.2
     1     1    23     1    10    23     0     1    12.0   24.749 -114.821   4079.4    626.0
     1     1    23     1    11     0     0     0    13.0   24.832 -114.646   4021.0    629.2
     1     1    23     1    11     1     0     1    14.0   24.917 -114.490   3970.4    633.3
     1     1    23     1    11     2     0     2    15.0   25.012 -114.359   3933.9    636.9
     1     1    23     1    11     3     0     3    16.0   25.126 -114.247   3925.2    638.4
     1     1    23     1    11     4     0     2    17.0   25.249 -114.129   3927.6    636.4
     1     1    23     1    11     5     0     1    18.0   25.371 -113.992   3918.4    637.5
     1     1    23     1    11     6     0     0    19.0   25.497 -113.839   3905.8    639.0
     1     1    23     1    11     7     0     1    20.0   25.622 -113.668   3904.7    639.6
     1     1    23     1    11     8     0     2    21.0   25.745 -113.477   3917.6    637.7
     1     1    23     1    11     9     0     3    22.0   25.867 -113.269   3929.9    636.0
     1     1    23     1    11    10     0     2    23.0   25.989 -113.042   3893.2    635.4
     1     1    23     1    11    11     0     1    24.0   26.102 -112.799   3783.0    643.0
     1     1    23     1    11    12     0     0    25.0   26.199 -112.542   3671.9    650.1
     1     1    23     1    11    13     0     1    26.0   26.284 -112.280   3601.2    655.0
     1     1    23     1    11    14     0     2    27.0   26.370 -112.013   3559.8    654.8
     1     1    23     1    11    15     0     3    28.0   26.455 -111.747   3501.9    661.5
     1     1    23     1    11    16     0     2    29.0   26.532 -111.490   3418.1    673.8
     1     1    23     1    11    17     0     1    30.0   26.599 -111.238   3342.0    683.5
     1     1    23     1    11    18     0     0    31.0   26.660 -110.990   3288.9    690.7
     1     1    23     1    11    19     0     1    32.0   26.717 -110.737   3266.5    692.2
     1     1    23     1    11    20     0     2    33.0   26.768 -110.474   3269.4    690.7
     1     1    23     1    11    21     0     3    34.0   26.809 -110.205   3274.5    688.7
     1     1    23     1    11    22     0     2    35.0   26.836 -109.941   3267.4    687.5
     1     1    23     1    11    23     0     1    36.0   26.847 -109.688   3242.7    681.1
     1     1    23     1    12     0     0     0    37.0   26.849 -109.440   3201.6    675.6
     1     1    23     1    12     1     0     1    38.0   26.850 -109.200   3136.0    673.4
     1     1    23     1    12     2     0     2    39.0   26.856 -108.971   3053.3    672.6
     1     1    23     1    12     3     0     3    40.0   26.864 -108.750   2976.9    670.4
     1     1    23     1    12     4     0     2    41.0   26.870 -108.526   2917.9    663.9
     1     1    23     1    12     5     0     1    42.0   26.872 -108.298   2850.1    658.0
     1     1    23     1    12     6     0     0    43.0   26.873 -108.072   2750.3    655.0
     1     1    23     1    12     7     0     1    44.0   26.874 -107.852   2639.8    648.7
     1     1    23     1    12     8     0     2    45.0   26.865 -107.635   2574.3    632.2
     1     1    23     1    12     9     0     3    46.0   26.835 -107.426   2571.3    611.6
     1     1    23     1    12    10     0     2    47.0   26.785 -107.239   2599.6    588.3
     1     1    23     1    12    11     0     1    48.0   26.720 -107.093   2617.8    572.2
     1     1    23     1    12    12     0     0    49.0   26.646 -106.988   2619.7    562.7
     1     1    23     1    12    13     0     1    50.0   26.585 -106.900   2621.4    564.9
     1     1    23     1    12    14     0     2    51.0   26.561 -106.806   2621.2    566.1
     1     1    23     1    12    15     0     3    52.0   26.573 -106.711   2621.5    567.2
     1     1    23     1    12    16     0     2    53.0   26.618 -106.612   2609.9    568.6
     1     1    23     1    12    17     0     1    54.0   26.692 -106.507   2575.7    573.5
     1     1    23     1    12    18     0     0    55.0   26.789 -106.390   2521.5    581.4
     1     1    23     1    12    19     0     1    56.0   26.899 -106.249   2469.5    591.8
     1     1    23     1    12    20     0     2    57.0   27.010 -106.080   2440.2    601.3
     1     1    23     1    12    21     0     3    58.0   27.118 -105.894   2431.1    611.3
     1     1    23     1    12    22     0     2    59.0   27.214 -105.711   2431.8    620.4
     1     1    23     1    12    23     0     1    60.0   27.292 -105.539   2430.3    628.1
     1     1    23     1    13     0     0     0    61.0   27.348 -105.381   2420.2    635.2
     1     1    23     1    13     1     0     1    62.0   27.377 -105.253   2407.9    641.8
     1     1    23     1    13     2     0     2    63.0   27.375 -105.165   2412.0    645.5
     1     1    23     1    13     3     0     3    64.0   27.341 -105.111   2453.3    644.6
     1     1    23     1    13     4     0     2    65.0   27.288 -105.076   2511.1    637.9
     1     1    23     1    13     5     0     1    66.0   27.235 -105.047   2534.4    635.3
     1     1    23     1    13     6     0     0    67.0   27.191 -105.024   2500.3    637.5
     1     1    23     1    13     7     0     1    68.0   27.177 -105.018   2466.3    644.8
     1     1    23     1    13     8     0     2    69.0   27.194 -105.028   2489.7    642.4
     1     1    23     1    13     9     0     3    70.0   27.235 -105.048   2570.4    635.5
     1     1    23     1    13    10     0     2    71.0   27.288 -105.051   2656.5    625.0
     1     1    23     1    13    11     0     1    72.0   27.348 -105.025   2703.3    623.2
     1     1    23     1    13    12     0     0    73.0   27.413 -104.974   2721.4    623.8
     1     1    23     1    13    13     0     1    74.0   27.475 -104.899   2728.9    625.8
     1     1    23     1    13    14     0     2    75.0   27.526 -104.801   2741.0    626.1
     1     1    23     1    13    15     0     3    76.0   27.562 -104.680   2754.7    626.2
     1     1    23     1    13    16     0     2    77.0   27.588 -104.544   2753.9    626.2
     1     1    23     1    13    17     0     1    78.0   27.610 -104.398   2733.3    629.7
     1     1    23     1    13    18     0     0    79.0   27.632 -104.241   2711.8    633.1
     1     1    23     1    13    19     0     1    80.0   27.651 -104.072   2690.0    634.4
     1     1    23     1    13    20     0     2    81.0   27.662 -103.891   2645.8    636.8
     1     1    23     1    13    21     0     3    82.0   27.662 -103.700   2560.3    642.9
     1     1    23     1    13    22     0     2    83.0   27.654 -103.510   2461.1    653.9
     1     1    23     1    13    23     0     1    84.0   27.635 -103.328   2385.1    660.8
     1     1    23     1    14     0     0     0    85.0   27.603 -103.152   2338.1    665.6
     1     1    23     1    14     1     0     1    86.0   27.564 -102.982   2309.4    668.0
     1     1    23     1    14     2     0     2    87.0   27.522 -102.820   2291.6    672.5
     1     1    23     1    14     3     0     3    88.0   27.477 -102.670   2285.6    675.8
     1     1    23     1    14     4     0     2    89.0   27.436 -102.533   2283.9    677.9
     1     1    23     1    14     5     0     1    90.0   27.405 -102.408   2278.8    680.6
     1     1    23     1    14     6     0     0    91.0   27.386 -102.294   2269.6    683.4
     1     1    23     1    14     7     0     1    92.0   27.382 -102.181   2260.7    686.0
     1     1    23     1    14     8     0     2    93.0   27.393 -102.055   2254.3    687.7
     1     1    23     1    14     9     0     3    94.0   27.418 -101.916   2248.9    691.2
     1     1    23     1    14    10     0     2    95.0   27.453 -101.771   2242.6    696.9
     1     1    23     1    14    11     0     1    96.0   27.488 -101.624   2234.5    703.3
     1     1    23     1    14    12     0     0    97.0   27.529 -101.472   2225.7    710.5
     1     1    23     1    14    13     0     1    98.0   27.576 -101.319   2214.8    718.6
     1     1    23     1    14    14     0     2    99.0   27.631 -101.167   2194.6    727.9
     1     1    23     1    14    15     0     3   100.0   27.694 -101.018   2154.3    739.7
     1     1    23     1    14    16     0     2   101.0   27.776 -100.870   2101.1    751.7
     1     1    23     1    14    17     0     1   102.0   27.890 -100.723   2048.7    761.6
     1     1    23     1    14    18     0     0   103.0   28.040 -100.577   1992.9    771.3
     1     1    23     1    14    19     0     1   104.0   28.216 -100.419   1941.9    780.8
     1     1    23     1    14    20     0     2   105.0   28.403 -100.235   1903.2    788.0
     1     1    23     1    14    21     0     3   106.0   28.611 -100.014   1865.5    794.3
     1     1    23     1    14    22     0     2   107.0   28.837  -99.775   1826.0    799.6
     1     1    23     1    14    23     0     1   108.0   29.060  -99.533   1798.3    799.7
     1     1    23     1    15     0     0     0   109.0   29.265  -99.273   1762.5    794.2
     1     1    23     1    15     1     0     1   110.0   29.459  -98.998   1709.8    794.8
     1     1    23     1    15     2     0     2   111.0   29.658  -98.716   1659.1    800.4
     1     1    23     1    15     3     0     3   112.0   29.865  -98.430   1615.7    805.2
     1     1    23     1    15     4     0     2   113.0   30.089  -98.137   1571.1    812.1
     1     1    23     1    15     5     0     1   114.0   30.345  -97.840   1537.5    821.7
     1     1    23     1    15     6     0     0   115.0   30.626  -97.537   1529.8    825.7
     1     1    23     1    15     7     0     1   116.0   30.926  -97.228   1526.0    827.9
     1     1    23     1    15     8     0     2   117.0   31.244  -96.906   1499.4    832.3
     1     1    23     1    15     9     0     3   118.0   31.588  -96.552   1483.3    839.0
     1     1    23     1    15    10     0     2   119.0   31.943  -96.171   1515.9    838.5
     1     1    23     1    15    11     0     1   120.0   32.295  -95.772   1581.8    830.1
