     8     1
    GDAS    22    12    22     0     0
    GDAS    22    12    29     0     0
    GDAS    23     1     1     0     0
    GDAS    23     1     8     0     0
    GDAS    23     1    15     0     0
    GDAS    23     1    22     0     0
    GDAS    23     1    29     0     0
    GDAS    23     2     1     0     0
     1 FORWARD  OMEGA   
    23     1    20    17   63.392 -134.287  5129.5
     1 PRESSURE
     1     1    23     1    20    17     0     1     0.0   63.392 -134.287   5129.5    447.0
     1     1    23     1    20    18     0     0     1.0   63.533 -131.908   4954.6    441.7
     1     1    23     1    20    19     0     1     2.0   63.503 -129.175   4848.4    435.9
     1     1    23     1    20    20     0     2     3.0   63.282 -126.546   4777.8    447.4
     1     1    23     1    20    21     0     3     4.0   62.994 -124.328   4872.7    497.8
     1     1    23     1    20    22     0     2     5.0   62.642 -122.405   4877.6    510.0
     1     1    23     1    20    23     0     1     6.0   62.232 -120.651   4757.0    515.5
     1     1    23     1    21     0     0     0     7.0   61.732 -118.811   4626.7    521.8
     1     1    23     1    21     1     0     1     8.0   61.244 -117.317   4537.3    543.3
     1     1    23     1    21     2     0     2     9.0   60.780 -116.007   4435.3    555.2
     1     1    23     1    21     3     0     3    10.0   60.306 -114.744   4301.9    560.4
     1     1    23     1    21     4     0     2    11.0   59.833 -113.620   4093.2    574.8
     1     1    23     1    21     5     0     1    12.0   59.353 -112.532   4033.4    581.9
     1     1    23     1    21     6     0     0    13.0   58.836 -111.500   4017.8    583.1
     1     1    23     1    21     7     0     1    14.0   58.278 -110.506   3974.3    582.2
     1     1    23     1    21     8     0     2    15.0   57.672 -109.551   3933.0    573.0
     1     1    23     1    21     9     0     3    16.0   57.009 -108.612   3933.0    572.5
     1     1    23     1    21    10     0     2    17.0   56.317 -107.743   3928.3    574.5
     1     1    23     1    21    11     0     1    18.0   55.591 -106.982   3927.8    576.6
     1     1    23     1    21    12     0     0    19.0   54.833 -106.316   3899.0    578.7
     1     1    23     1    21    13     0     1    20.0   54.048 -105.765   3826.9    578.3
     1     1    23     1    21    14     0     2    21.0   53.269 -105.335   3806.1    581.2
     1     1    23     1    21    15     0     3    22.0   52.497 -104.991   3714.0    590.9
     1     1    23     1    21    16     0     2    23.0   51.747 -104.734   3683.8    589.6
     1     1    23     1    21    17     0     1    24.0   51.010 -104.588   3632.8    590.8
     1     1    23     1    21    18     0     0    25.0   50.309 -104.528   3581.5    597.3
     1     1    23     1    21    19     0     1    26.0   49.633 -104.507   3549.0    594.6
     1     1    23     1    21    20     0     2    27.0   48.972 -104.500   3477.9    593.2
     1     1    23     1    21    21     0     3    28.0   48.350 -104.489   3399.2    606.7
     1     1    23     1    21    22     0     2    29.0   47.754 -104.464   3339.9    610.5
     1     1    23     1    21    23     0     1    30.0   47.154 -104.430   3285.1    604.2
     1     1    23     1    22     0     0     0    31.0   46.536 -104.394   3238.9    602.7
     1     1    23     1    22     1     0     1    32.0   45.900 -104.358   3209.5    600.7
     1     1    23     1    22     2     0     2    33.0   45.246 -104.328   3205.1    595.0
     1     1    23     1    22     3     0     3    34.0   44.531 -104.362   3248.2    569.0
     1     1    23     1    22     4     0     2    35.0   43.709 -104.541   3395.7    536.6
     1     1    23     1    22     5     0     1    36.0   42.895 -104.705   3401.8    551.2
     1     1    23     1    22     6     0     0    37.0   42.095 -104.854   3396.2    547.4
     1     1    23     1    22     7     0     1    38.0   41.273 -105.012   3504.7    515.3
     1     1    23     1    22     8     0     2    39.0   40.415 -105.160   3755.8    489.4
     1     1    23     1    22     9     0     3    40.0   39.529 -105.253   3646.6    476.3
     1     1    23     1    22    10     0     2    41.0   38.617 -105.309   3560.3    458.8
     1     1    23     1    22    11     0     1    42.0   37.732 -105.292   3576.1    465.9
     1     1    23     1    22    12     0     0    43.0   36.857 -105.169   3399.8    474.3
     1     1    23     1    22    13     0     1    44.0   36.029 -104.943   3208.2    510.6
     1     1    23     1    22    14     0     2    45.0   35.328 -104.617   3124.1    554.0
     1     1    23     1    22    15     0     3    46.0   34.729 -104.218   3129.9    572.3
     1     1    23     1    22    16     0     2    47.0   34.175 -103.745   3132.4    581.0
     1     1    23     1    22    17     0     1    48.0   33.667 -103.212   3117.7    590.2
     1     1    23     1    22    18     0     0    49.0   33.193 -102.634   3098.7    603.5
     1     1    23     1    22    19     0     1    50.0   32.753 -102.006   3056.8    618.6
     1     1    23     1    22    20     0     2    51.0   32.354 -101.340   2959.2    635.1
     1     1    23     1    22    21     0     3    52.0   31.979 -100.660   2835.3    656.8
     1     1    23     1    22    22     0     2    53.0   31.606  -99.978   2711.1    671.3
     1     1    23     1    22    23     0     1    54.0   31.243  -99.331   2591.4    689.3
     1     1    23     1    23     0     0     0    55.0   30.897  -98.731   2481.3    704.8
     1     1    23     1    23     1     0     1    56.0   30.569  -98.189   2386.1    727.5
     1     1    23     1    23     2     0     2    57.0   30.277  -97.703   2323.5    744.7
     1     1    23     1    23     3     0     3    58.0   30.007  -97.254   2280.5    758.2
     1     1    23     1    23     4     0     2    59.0   29.769  -96.817   2214.9    768.6
     1     1    23     1    23     5     0     1    60.0   29.574  -96.406   2106.1    781.9
     1     1    23     1    23     6     0     0    61.0   29.409  -96.040   1968.4    797.3
     1     1    23     1    23     7     0     1    62.0   29.246  -95.722   1838.0    815.8
     1     1    23     1    23     8     0     2    63.0   29.071  -95.443   1750.1    825.9
     1     1    23     1    23     9     0     3    64.0   28.889  -95.203   1702.1    830.6
     1     1    23     1    23    10     0     2    65.0   28.712  -95.000   1673.0    832.3
     1     1    23     1    23    11     0     1    66.0   28.549  -94.840   1652.9    835.7
     1     1    23     1    23    12     0     0    67.0   28.396  -94.712   1650.8    836.7
     1     1    23     1    23    13     0     1    68.0   28.254  -94.599   1650.5    835.5
     1     1    23     1    23    14     0     2    69.0   28.120  -94.500   1641.9    837.7
     1     1    23     1    23    15     0     3    70.0   27.990  -94.410   1634.0    839.4
     1     1    23     1    23    16     0     2    71.0   27.875  -94.332   1607.4    840.0
     1     1    23     1    23    17     0     1    72.0   27.779  -94.281   1543.1    847.1
     1     1    23     1    23    18     0     0    73.0   27.701  -94.271   1447.7    857.6
     1     1    23     1    23    19     0     1    74.0   27.645  -94.333   1352.9    869.4
     1     1    23     1    23    20     0     2    75.0   27.613  -94.458   1288.9    875.8
     1     1    23     1    23    21     0     3    76.0   27.604  -94.629   1259.5    878.5
     1     1    23     1    23    22     0     2    77.0   27.624  -94.826   1254.1    877.9
     1     1    23     1    23    23     0     1    78.0   27.676  -95.044   1250.2    877.3
     1     1    23     1    24     0     0     0    79.0   27.760  -95.285   1237.4    878.8
     1     1    23     1    24     1     0     1    80.0   27.879  -95.546   1214.7    881.3
     1     1    23     1    24     2     0     2    81.0   28.034  -95.827   1175.6    885.1
     1     1    23     1    24     3     0     3    82.0   28.227  -96.137   1114.7    891.4
     1     1    23     1    24     4     0     2    83.0   28.464  -96.482   1076.2    899.2
     1     1    23     1    24     5     0     1    84.0   28.759  -96.835   1075.5    895.9
     1     1    23     1    24     6     0     0    85.0   29.119  -97.175   1055.7    891.5
     1     1    23     1    24     7     0     1    86.0   29.520  -97.524   1048.7    886.7
     1     1    23     1    24     8     0     2    87.0   29.957  -97.861   1130.1    865.8
     1     1    23     1    24     9     0     3    88.0   30.463  -98.140   1291.5    835.1
     1     1    23     1    24    10     0     2    89.0   31.060  -98.301   1434.7    808.6
     1     1    23     1    24    11     0     1    90.0   31.682  -98.389   1610.7    803.7
     1     1    23     1    24    12     0     0    91.0   32.363  -98.323   1988.2    768.1
     1     1    23     1    24    13     0     1    92.0   33.062  -98.136   2467.7    715.4
     1     1    23     1    24    14     0     2    93.0   33.713  -97.847   2997.8    679.2
     1     1    23     1    24    15     0     3    94.0   34.336  -97.417   3446.1    630.2
     1     1    23     1    24    16     0     2    95.0   34.906  -97.019   3725.0    609.7
     1     1    23     1    24    17     0     1    96.0   35.374  -96.613   3991.6    595.2
     1     1    23     1    24    18     0     0    97.0   35.752  -96.085   4439.3    571.7
     1     1    23     1    24    19     0     1    98.0   36.188  -95.526   4938.0    519.3
     1     1    23     1    24    20     0     2    99.0   36.688  -95.034   5310.1    494.5
     1     1    23     1    24    21     0     3   100.0   37.222  -94.560   5754.2    472.7
     1     1    23     1    24    22     0     2   101.0   37.882  -94.026   6192.4    434.0
     1     1    23     1    24    23     0     1   102.0   38.553  -93.464   6411.2    429.5
     1     1    23     1    25     0     0     0   103.0   39.267  -92.819   6718.2    414.6
     1     1    23     1    25     1     0     1   104.0   40.041  -92.055   6981.4    394.8
     1     1    23     1    25     2     0     2   105.0   40.774  -91.205   7091.1    390.9
     1     1    23     1    25     3     0     3   106.0   41.493  -90.207   7324.4    376.8
     1     1    23     1    25     4     0     2   107.0   42.216  -89.036   7469.0    363.4
     1     1    23     1    25     5     0     1   108.0   42.872  -87.816   7533.0    365.1
     1     1    23     1    25     6     0     0   109.0   43.503  -86.476   7591.4    360.6
     1     1    23     1    25     7     0     1   110.0   44.051  -85.026   7584.8    355.8
     1     1    23     1    25     8     0     2   111.0   44.577  -83.435   7792.9    349.3
     1     1    23     1    25     9     0     3   112.0   45.060  -81.690   7777.8    353.1
     1     1    23     1    25    10     0     2   113.0   45.482  -79.821   7696.1    353.5
     1     1    23     1    25    11     0     1   114.0   45.850  -77.713   7687.1    350.4
     1     1    23     1    25    12     0     0   115.0   46.110  -75.441   7778.4    345.9
     1     1    23     1    25    13     0     1   116.0   46.241  -73.006   7755.2    356.9
     1     1    23     1    25    14     0     2   117.0   46.214  -70.489   7663.2    345.2
     1     1    23     1    25    15     0     3   118.0   46.018  -67.896   7665.1    358.5
     1     1    23     1    25    16     0     2   119.0   45.734  -65.311   7546.6    370.5
     1     1    23     1    25    17     0     1   120.0   45.367  -62.855   7555.0    370.9
