     8     1
    GDAS    22    12    22     0     0
    GDAS    22    12    29     0     0
    GDAS    23     1     1     0     0
    GDAS    23     1     8     0     0
    GDAS    23     1    15     0     0
    GDAS    23     1    22     0     0
    GDAS    23     1    29     0     0
    GDAS    23     2     1     0     0
     1 FORWARD  OMEGA   
    23     1    24    11   36.219  -94.790   425.7
     1 PRESSURE
     1     1    23     1    24    11     0     1     0.0   36.219  -94.790    425.7    933.4
     1     1    23     1    24    12     0     0     1.0   36.294  -94.872    392.3    937.2
     1     1    23     1    24    13     0     1     2.0   36.360  -94.973    360.7    945.3
     1     1    23     1    24    14     0     2     3.0   36.441  -95.062    355.9    947.1
     1     1    23     1    24    15     0     3     4.0   36.537  -95.136    382.3    944.7
     1     1    23     1    24    16     0     2     5.0   36.629  -95.197    415.5    937.7
     1     1    23     1    24    17     0     1     6.0   36.702  -95.243    419.4    936.0
     1     1    23     1    24    18     0     0     7.0   36.756  -95.267    384.7    939.1
     1     1    23     1    24    19     0     1     8.0   36.782  -95.298    334.0    946.3
     1     1    23     1    24    20     0     2     9.0   36.766  -95.380    288.5    951.4
     1     1    23     1    24    21     0     3    10.0   36.705  -95.522    257.0    954.9
     1     1    23     1    24    22     0     2    11.0   36.590  -95.717    240.4    956.3
     1     1    23     1    24    23     0     1    12.0   36.417  -95.946    234.1    958.0
     1     1    23     1    25     0     0     0    13.0   36.206  -96.187    246.2    957.1
     1     1    23     1    25     1     0     1    14.0   35.970  -96.408    287.1    952.4
     1     1    23     1    25     2     0     2    15.0   35.701  -96.598    330.9    941.2
     1     1    23     1    25     3     0     3    16.0   35.390  -96.743    338.7    935.7
     1     1    23     1    25     4     0     2    17.0   35.038  -96.832    310.6    936.3
     1     1    23     1    25     5     0     1    18.0   34.672  -96.853    279.4    946.4
     1     1    23     1    25     6     0     0    19.0   34.304  -96.798    260.5    953.5
     1     1    23     1    25     7     0     1    20.0   33.952  -96.655    243.0    960.4
     1     1    23     1    25     8     0     2    21.0   33.655  -96.434    224.5    965.7
     1     1    23     1    25     9     0     3    22.0   33.407  -96.158    207.3    969.1
     1     1    23     1    25    10     0     2    23.0   33.185  -95.853    182.5    972.4
     1     1    23     1    25    11     0     1    24.0   32.980  -95.546    151.7    978.2
     1     1    23     1    25    12     0     0    25.0   32.782  -95.247    126.3    983.5
     1     1    23     1    25    13     0     1    26.0   32.596  -94.965    108.2    986.5
     1     1    23     1    25    14     0     2    27.0   32.436  -94.703     93.0    990.8
     1     1    23     1    25    15     0     3    28.0   32.299  -94.461     78.0    995.1
     1     1    23     1    25    16     0     2    29.0   32.177  -94.229     65.5    999.0
     1     1    23     1    25    17     0     1    30.0   32.071  -93.994     58.5   1002.1
     1     1    23     1    25    18     0     0    31.0   31.975  -93.757     55.6   1002.8
     1     1    23     1    25    19     0     1    32.0   31.881  -93.527     54.1   1002.4
     1     1    23     1    25    20     0     2    33.0   31.787  -93.306     53.0   1002.3
     1     1    23     1    25    21     0     3    34.0   31.691  -93.091     52.8   1002.0
     1     1    23     1    25    22     0     2    35.0   31.591  -92.887     51.6   1003.6
     1     1    23     1    25    23     0     1    36.0   31.486  -92.707     47.1   1006.1
     1     1    23     1    26     0     0     0    37.0   31.373  -92.550     40.0   1008.9
     1     1    23     1    26     1     0     1    38.0   31.256  -92.409     33.3   1011.9
     1     1    23     1    26     2     0     2    39.0   31.137  -92.277     29.2   1014.6
     1     1    23     1    26     3     0     3    40.0   31.012  -92.151     28.1   1017.1
     1     1    23     1    26     4     0     2    41.0   30.884  -92.031     29.3   1017.7
     1     1    23     1    26     5     0     1    42.0   30.756  -91.920     31.0   1016.9
     1     1    23     1    26     6     0     0    43.0   30.626  -91.820     32.2   1016.1
     1     1    23     1    26     7     0     1    44.0   30.490  -91.729     31.9   1016.7
     1     1    23     1    26     8     0     2    45.0   30.347  -91.645     29.5   1017.9
     1     1    23     1    26     9     0     3    46.0   30.200  -91.569     26.1   1019.6
     1     1    23     1    26    10     0     2    47.0   30.059  -91.502     23.5   1021.1
     1     1    23     1    26    11     0     1    48.0   29.931  -91.444     22.4   1021.8
     1     1    23     1    26    12     0     0    49.0   29.809  -91.399     22.1   1022.3
     1     1    23     1    26    13     0     1    50.0   29.675  -91.364     21.5   1022.7
     1     1    23     1    26    14     0     2    51.0   29.516  -91.338     20.0   1023.3
     1     1    23     1    26    15     0     3    52.0   29.331  -91.324     18.2   1023.8
     1     1    23     1    26    16     0     2    53.0   29.134  -91.314     16.5   1024.9
     1     1    23     1    26    17     0     1    54.0   28.951  -91.298     15.4   1026.2
     1     1    23     1    26    18     0     0    55.0   28.792  -91.277     14.8   1027.2
     1     1    23     1    26    19     0     1    56.0   28.641  -91.246     13.9   1026.0
     1     1    23     1    26    20     0     2    57.0   28.481  -91.202     12.5   1025.0
     1     1    23     1    26    21     0     3    58.0   28.306  -91.156     11.3   1023.9
     1     1    23     1    26    22     0     2    59.0   28.110  -91.124     10.6   1024.1
     1     1    23     1    26    23     0     1    60.0   27.898  -91.117     10.3   1024.0
     1     1    23     1    27     0     0     0    61.0   27.681  -91.132     10.0   1023.9
     1     1    23     1    27     1     0     1    62.0   27.464  -91.167      9.5   1024.8
     1     1    23     1    27     2     0     2    63.0   27.251  -91.225      8.8   1025.7
     1     1    23     1    27     3     0     3    64.0   27.045  -91.304      8.3   1026.7
     1     1    23     1    27     4     0     2    65.0   26.851  -91.405      7.9   1026.7
     1     1    23     1    27     5     0     1    66.0   26.676  -91.524      7.6   1026.7
     1     1    23     1    27     6     0     0    67.0   26.523  -91.657      7.3   1026.7
     1     1    23     1    27     7     0     1    68.0   26.387  -91.797      7.1   1025.8
     1     1    23     1    27     8     0     2    69.0   26.259  -91.941      6.9   1024.7
     1     1    23     1    27     9     0     3    70.0   26.137  -92.090      6.5   1023.2
     1     1    23     1    27    10     0     2    71.0   26.018  -92.247      5.9   1022.9
     1     1    23     1    27    11     0     1    72.0   25.897  -92.413      5.1   1022.9
     1     1    23     1    27    12     0     0    73.0   25.773  -92.590      4.1   1023.0
     1     1    23     1    27    13     0     1    74.0   25.657  -92.785      3.2   1024.4
     1     1    23     1    27    14     0     2    75.0   25.555  -93.007      2.3   1025.8
     1     1    23     1    27    15     0     3    76.0   25.470  -93.259      1.7   1026.7
     1     1    23     1    27    16     0     2    77.0   25.409  -93.537      1.5   1025.2
     1     1    23     1    27    17     0     1    78.0   25.378  -93.840      1.4   1024.2
     1     1    23     1    27    18     0     0    79.0   25.380  -94.161      1.7   1023.7
     1     1    23     1    27    19     0     1    80.0   25.413  -94.482      2.1   1022.8
     1     1    23     1    27    20     0     2    81.0   25.475  -94.791      2.4   1021.8
     1     1    23     1    27    21     0     3    82.0   25.562  -95.087      2.7   1020.9
     1     1    23     1    27    22     0     2    83.0   25.671  -95.372      3.1   1021.0
     1     1    23     1    27    23     0     1    84.0   25.803  -95.649      3.5   1021.2
     1     1    23     1    28     0     0     0    85.0   25.961  -95.924      4.0   1021.3
     1     1    23     1    28     1     0     1    86.0   26.144  -96.186      4.7   1021.5
     1     1    23     1    28     2     0     2    87.0   26.345  -96.417      5.7   1021.7
     1     1    23     1    28     3     0     3    88.0   26.560  -96.625      7.0   1021.9
     1     1    23     1    28     4     0     2    89.0   26.786  -96.803      8.9   1020.7
     1     1    23     1    28     5     0     1    90.0   27.027  -96.939     11.3   1019.4
     1     1    23     1    28     6     0     0    91.0   27.268  -97.033     15.9   1017.5
     1     1    23     1    28     7     0     1    92.0   27.485  -97.103     24.4   1015.8
     1     1    23     1    28     8     0     2    93.0   27.674  -97.152     35.2   1013.9
     1     1    23     1    28     9     0     3    94.0   27.852  -97.161     45.6   1012.3
     1     1    23     1    28    10     0     2    95.0   28.020  -97.135     57.2   1010.8
     1     1    23     1    28    11     0     1    96.0   28.182  -97.105     76.1   1007.5
     1     1    23     1    28    12     0     0    97.0   28.343  -97.083    104.1   1004.1
     1     1    23     1    28    13     0     1    98.0   28.496  -97.078    133.9   1001.0
     1     1    23     1    28    14     0     2    99.0   28.632  -97.088    153.5    998.4
     1     1    23     1    28    15     0     3   100.0   28.761  -97.097    163.6    997.4
     1     1    23     1    28    16     0     2   101.0   28.904  -97.107    176.2    996.7
     1     1    23     1    28    17     0     1   102.0   29.082  -97.122    203.9    992.3
     1     1    23     1    28    18     0     0   103.0   29.295  -97.136    244.2    984.6
     1     1    23     1    28    19     0     1   104.0   29.539  -97.135    292.5    975.4
     1     1    23     1    28    20     0     2   105.0   29.805  -97.114    354.1    965.1
     1     1    23     1    28    21     0     3   106.0   30.074  -97.089    444.7    953.2
     1     1    23     1    28    22     0     2   107.0   30.395  -97.031    558.9    937.2
     1     1    23     1    28    23     0     1   108.0   30.806  -96.892    692.3    922.7
     1     1    23     1    29     0     0     0   109.0   31.317  -96.653    860.6    903.2
     1     1    23     1    29     1     0     1   110.0   31.871  -96.306   1009.7    884.3
     1     1    23     1    29     2     0     2   111.0   32.428  -95.863   1145.3    874.3
     1     1    23     1    29     3     0     3   112.0   33.001  -95.310   1210.7    855.8
     1     1    23     1    29     4     0     2   113.0   33.541  -94.708   1258.0    866.6
     1     1    23     1    29     5     0     1   114.0   34.022  -94.033   1394.9    846.7
     1     1    23     1    29     6     0     0   115.0   34.469  -93.265   1720.5    828.1
     1     1    23     1    29     7     0     1   116.0   34.864  -92.422   2132.4    781.7
     1     1    23     1    29     8     0     2   117.0   35.196  -91.548   3182.8    666.1
     1     1    23     1    29     9     0     3   118.0   35.572  -90.643   3487.4    651.9
     1     1    23     1    29    10     0     2   119.0   35.894  -89.745   3535.4    653.1
     1     1    23     1    29    11     0     1   120.0   36.173  -88.765   3660.3    640.4
