     8     1
    GDAS    22    12    22     0     0
    GDAS    22    12    29     0     0
    GDAS    23     1     1     0     0
    GDAS    23     1     8     0     0
    GDAS    23     1    15     0     0
    GDAS    23     1    22     0     0
    GDAS    23     1    29     0     0
    GDAS    23     2     1     0     0
     1 FORWARD  OMEGA   
    22    12    29    11   55.072 -166.028  7528.1
     1 PRESSURE
     1     1    22    12    29    11     0     1     0.0   55.072 -166.028   7528.1    349.3
     1     1    22    12    29    12     0     0     1.0   55.185 -167.046   7543.9    348.8
     1     1    22    12    29    13     0     1     2.0   55.250 -168.156   7581.9    346.1
     1     1    22    12    29    14     0     2     3.0   55.247 -169.264   7622.5    343.6
     1     1    22    12    29    15     0     3     4.0   55.157 -170.371   7643.6    342.5
     1     1    22    12    29    16     0     2     5.0   55.028 -171.443   7687.3    340.5
     1     1    22    12    29    17     0     1     6.0   54.845 -172.402   7766.6    336.0
     1     1    22    12    29    18     0     0     7.0   54.641 -173.223   7803.4    334.8
     1     1    22    12    29    19     0     1     8.0   54.409 -173.897   7826.7    334.1
     1     1    22    12    29    20     0     2     9.0   54.136 -174.430   7830.2    333.0
     1     1    22    12    29    21     0     3    10.0   53.821 -174.818   7788.0    335.1
     1     1    22    12    29    22     0     2    11.0   53.476 -175.113   7748.2    339.7
     1     1    22    12    29    23     0     1    12.0   53.115 -175.332   7738.8    339.2
     1     1    22    12    30     0     0     0    13.0   52.743 -175.437   7724.1    338.9
     1     1    22    12    30     1     0     1    14.0   52.386 -175.431   7722.0    340.7
     1     1    22    12    30     2     0     2    15.0   52.053 -175.325   7768.6    338.6
     1     1    22    12    30     3     0     3    16.0   51.731 -175.102   7817.6    333.8
     1     1    22    12    30     4     0     2    17.0   51.414 -174.771   7822.0    333.6
     1     1    22    12    30     5     0     1    18.0   51.105 -174.339   7804.0    335.3
     1     1    22    12    30     6     0     0    19.0   50.796 -173.818   7763.1    336.9
     1     1    22    12    30     7     0     1    20.0   50.502 -173.216   7704.2    340.9
     1     1    22    12    30     8     0     2    21.0   50.241 -172.489   7662.8    344.0
     1     1    22    12    30     9     0     3    22.0   50.001 -171.592   7638.3    344.0
     1     1    22    12    30    10     0     2    23.0   49.783 -170.543   7554.8    348.9
     1     1    22    12    30    11     0     1    24.0   49.597 -169.336   7468.6    353.7
     1     1    22    12    30    12     0     0    25.0   49.437 -167.928   7411.8    356.4
     1     1    22    12    30    13     0     1    26.0   49.291 -166.244   7310.4    362.1
     1     1    22    12    30    14     0     2    27.0   49.203 -164.432   7183.7    369.2
     1     1    22    12    30    15     0     3    28.0   49.110 -162.520   7138.2    371.7
     1     1    22    12    30    16     0     2    29.0   48.982 -160.405   7155.2    371.1
     1     1    22    12    30    17     0     1    30.0   48.849 -158.188   7107.6    375.7
     1     1    22    12    30    18     0     0    31.0   48.792 -156.166   7119.3    376.4
     1     1    22    12    30    19     0     1    32.0   48.782 -154.253   7208.3    372.8
     1     1    22    12    30    20     0     2    33.0   48.753 -152.436   7259.7    371.6
     1     1    22    12    30    21     0     3    34.0   48.786 -150.829   7355.5    367.5
     1     1    22    12    30    22     0     2    35.0   48.866 -149.245   7437.7    363.5
     1     1    22    12    30    23     0     1    36.0   48.922 -147.799   7496.2    361.4
     1     1    22    12    31     0     0     0    37.0   49.036 -146.603   7467.9    363.5
     1     1    22    12    31     1     0     1    38.0   49.059 -145.375   7432.7    365.9
     1     1    22    12    31     2     0     2    39.0   48.972 -144.166   7437.7    368.3
     1     1    22    12    31     3     0     3    40.0   48.983 -143.072   7499.4    362.5
     1     1    22    12    31     4     0     2    41.0   48.892 -141.980   7420.6    369.1
     1     1    22    12    31     5     0     1    42.0   48.564 -140.845   7367.1    372.9
     1     1    22    12    31     6     0     0    43.0   48.305 -139.800   7266.4    378.5
     1     1    22    12    31     7     0     1    44.0   48.011 -138.819   7183.7    385.5
     1     1    22    12    31     8     0     2    45.0   47.480 -137.775   7141.9    388.0
     1     1    22    12    31     9     0     3    46.0   46.937 -136.740   7077.3    392.0
     1     1    22    12    31    10     0     2    47.0   46.494 -135.780   6974.3    399.4
     1     1    22    12    31    11     0     1    48.0   45.960 -134.932   6894.4    405.3
     1     1    22    12    31    12     0     0    49.0   45.426 -134.182   6863.7    407.6
     1     1    22    12    31    13     0     1    50.0   44.930 -133.440   6827.3    409.9
     1     1    22    12    31    14     0     2    51.0   44.331 -132.655   6728.8    417.3
     1     1    22    12    31    15     0     3    52.0   43.822 -131.966   6565.2    426.9
     1     1    22    12    31    16     0     2    53.0   43.359 -131.333   6382.6    442.9
     1     1    22    12    31    17     0     1    54.0   42.800 -130.682   6251.0    448.8
     1     1    22    12    31    18     0     0    55.0   42.275 -130.083   6073.5    458.4
     1     1    22    12    31    19     0     1    56.0   41.817 -129.503   5898.0    475.8
     1     1    22    12    31    20     0     2    57.0   41.338 -128.930   5717.7    482.7
     1     1    22    12    31    21     0     3    58.0   40.899 -128.402   5508.7    501.1
     1     1    22    12    31    22     0     2    59.0   40.464 -127.913   5334.2    514.0
     1     1    22    12    31    23     0     1    60.0   39.934 -127.503   5209.8    523.8
     1     1    23     1     1     0     0     0    61.0   39.337 -127.130   5113.8    528.4
     1     1    23     1     1     1     0     1    62.0   38.715 -126.762   5006.2    535.1
     1     1    23     1     1     2     0     2    63.0   38.046 -126.418   4872.3    546.0
     1     1    23     1     1     3     0     3    64.0   37.326 -126.089   4751.9    557.5
     1     1    23     1     1     4     0     2    65.0   36.584 -125.735   4635.1    563.9
     1     1    23     1     1     5     0     1    66.0   35.845 -125.343   4530.7    575.4
     1     1    23     1     1     6     0     0    67.0   35.135 -124.919   4421.7    580.1
     1     1    23     1     1     7     0     1    68.0   34.439 -124.456   4268.0    593.3
     1     1    23     1     1     8     0     2    69.0   33.711 -123.910   4080.5    608.8
     1     1    23     1     1     9     0     3    70.0   33.046 -123.337   3876.0    626.4
     1     1    23     1     1    10     0     2    71.0   32.420 -122.764   3675.0    644.2
     1     1    23     1     1    11     0     1    72.0   31.801 -122.152   3499.8    659.3
     1     1    23     1     1    12     0     0    73.0   31.201 -121.512   3331.7    672.0
     1     1    23     1     1    13     0     1    74.0   30.642 -120.857   3157.7    688.4
     1     1    23     1     1    14     0     2    75.0   30.143 -120.210   2992.7    704.0
     1     1    23     1     1    15     0     3    76.0   29.687 -119.594   2848.9    718.1
     1     1    23     1     1    16     0     2    77.0   29.272 -118.996   2717.2    729.6
     1     1    23     1     1    17     0     1    78.0   28.935 -118.409   2594.8    742.0
     1     1    23     1     1    18     0     0    79.0   28.665 -117.852   2470.2    752.7
     1     1    23     1     1    19     0     1    80.0   28.418 -117.306   2380.7    765.4
     1     1    23     1     1    20     0     2    81.0   28.178 -116.741   2332.8    765.7
     1     1    23     1     1    21     0     3    82.0   27.970 -116.179   2273.6    769.5
     1     1    23     1     1    22     0     2    83.0   27.806 -115.643   2241.7    777.4
     1     1    23     1     1    23     0     1    84.0   27.661 -115.121   2300.8    772.9
     1     1    23     1     2     0     0     0    85.0   27.487 -114.603   2393.5    757.0
     1     1    23     1     2     1     0     1    86.0   27.334 -114.102   2409.6    755.1
     1     1    23     1     2     2     0     2    87.0   27.244 -113.627   2362.2    755.0
     1     1    23     1     2     3     0     3    88.0   27.194 -113.183   2295.2    757.6
     1     1    23     1     2     4     0     2    89.0   27.160 -112.752   2257.7    765.3
     1     1    23     1     2     5     0     1    90.0   27.129 -112.330   2289.4    770.7
     1     1    23     1     2     6     0     0    91.0   27.106 -111.933   2415.2    764.0
     1     1    23     1     2     7     0     1    92.0   27.106 -111.543   2528.5    741.8
     1     1    23     1     2     8     0     2    93.0   27.134 -111.194   2547.3    743.8
     1     1    23     1     2     9     0     3    94.0   27.181 -110.881   2566.0    745.5
     1     1    23     1     2    10     0     2    95.0   27.248 -110.555   2609.7    737.4
     1     1    23     1     2    11     0     1    96.0   27.346 -110.204   2648.5    731.2
     1     1    23     1     2    12     0     0    97.0   27.458 -109.822   2661.6    715.1
     1     1    23     1     2    13     0     1    98.0   27.597 -109.384   2621.5    684.6
     1     1    23     1     2    14     0     2    99.0   27.781 -108.836   2496.3    642.4
     1     1    23     1     2    15     0     3   100.0   28.019 -108.062   1972.3    591.7
     1     1    23     1     2    16     0     2   101.0   28.275 -107.078   1589.3    643.6
     1     1    23     1     2    17     0     1   102.0   28.512 -106.139   1636.8    687.2
     1     1    23     1     2    18     0     0   103.0   28.737 -105.464   1660.4    708.1
     1     1    23     1     2    19     0     1   104.0   28.957 -104.862   1744.8    711.9
     1     1    23     1     2    20     0     2   105.0   29.169 -104.214   1733.1    684.5
     1     1    23     1     2    21     0     3   106.0   29.411 -103.560   1630.7    723.6
     1     1    23     1     2    22     0     2   107.0   29.654 -102.958   1689.8    738.6
     1     1    23     1     2    23     0     1   108.0   29.874 -102.384   1856.3    731.1
     1     1    23     1     3     0     0     0   109.0   30.096 -101.819   2022.1    735.4
     1     1    23     1     3     1     0     1   110.0   30.358 -101.296   2245.1    723.9
     1     1    23     1     3     2     0     2   111.0   30.729 -100.767   2407.2    683.8
     1     1    23     1     3     3     0     3   112.0   31.181 -100.184   2450.7    693.4
     1     1    23     1     3     4     0     2   113.0   31.669  -99.553   2482.7    697.5
     1     1    23     1     3     5     0     1   114.0   32.164  -98.919   2518.9    708.5
     1     1    23     1     3     6     0     0   115.0   32.665  -98.266   2606.1    707.4
     1     1    23     1     3     7     0     1   116.0   33.187  -97.558   2713.9    704.5
     1     1    23     1     3     8     0     2   117.0   33.726  -96.816   2823.7    701.0
     1     1    23     1     3     9     0     3   118.0   34.283  -96.063   2846.9    698.2
     1     1    23     1     3    10     0     2   119.0   34.859  -95.256   2850.9    699.7
     1     1    23     1     3    11     0     1   120.0   35.448  -94.321   2904.5    679.3
