     8     1
    GDAS    22    12    22     0     0
    GDAS    22    12    29     0     0
    GDAS    23     1     1     0     0
    GDAS    23     1     8     0     0
    GDAS    23     1    15     0     0
    GDAS    23     1    22     0     0
    GDAS    23     1    29     0     0
    GDAS    23     2     1     0     0
     1 FORWARD  OMEGA   
    23     1     8    17   39.633 -154.857  2766.6
     1 PRESSURE
     1     1    23     1     8    17     0     1     0.0   39.633 -154.857   2766.6    705.7
     1     1    23     1     8    18     0     0     1.0   39.401 -153.819   2679.0    714.6
     1     1    23     1     8    19     0     1     2.0   39.184 -152.793   2612.1    721.7
     1     1    23     1     8    20     0     2     3.0   38.960 -151.811   2610.1    721.3
     1     1    23     1     8    21     0     3     4.0   38.800 -150.849   2594.5    723.2
     1     1    23     1     8    22     0     2     5.0   38.678 -149.873   2643.2    722.2
     1     1    23     1     8    23     0     1     6.0   38.565 -148.895   2706.3    705.7
     1     1    23     1     9     0     0     0     7.0   38.536 -147.936   2616.5    721.5
     1     1    23     1     9     1     0     1     8.0   38.533 -146.951   2647.6    718.6
     1     1    23     1     9     2     0     2     9.0   38.527 -145.928   2704.7    709.3
     1     1    23     1     9     3     0     3    10.0   38.589 -144.965   2704.7    711.7
     1     1    23     1     9     4     0     2    11.0   38.676 -144.046   2684.1    713.3
     1     1    23     1     9     5     0     1    12.0   38.725 -143.105   2591.1    717.6
     1     1    23     1     9     6     0     0    13.0   38.827 -142.226   2268.5    746.5
     1     1    23     1     9     7     0     1    14.0   38.959 -141.403   1891.9    792.8
     1     1    23     1     9     8     0     2    15.0   39.035 -140.580   1750.5    799.2
     1     1    23     1     9     9     0     3    16.0   39.200 -139.879   1482.3    825.6
     1     1    23     1     9    10     0     2    17.0   39.409 -139.196   1271.5    865.6
     1     1    23     1     9    11     0     1    18.0   39.586 -138.423   1330.4    855.0
     1     1    23     1     9    12     0     0    19.0   39.774 -137.628   1666.3    810.3
     1     1    23     1     9    13     0     1    20.0   40.026 -136.904   2014.5    768.5
     1     1    23     1     9    14     0     2    21.0   40.233 -136.100   2085.5    751.7
     1     1    23     1     9    15     0     3    22.0   40.388 -135.175   1948.0    773.7
     1     1    23     1     9    16     0     2    23.0   40.628 -134.291   1953.4    786.9
     1     1    23     1     9    17     0     1    24.0   40.906 -133.493   2162.0    752.5
     1     1    23     1     9    18     0     0    25.0   41.120 -132.604   2170.3    762.7
     1     1    23     1     9    19     0     1    26.0   41.451 -131.777   2516.4    726.5
     1     1    23     1     9    20     0     2    27.0   41.842 -131.025   2811.9    695.8
     1     1    23     1     9    21     0     3    28.0   42.181 -130.211   2855.5    692.3
     1     1    23     1     9    22     0     2    29.0   42.581 -129.436   2810.7    704.4
     1     1    23     1     9    23     0     1    30.0   43.105 -128.868   3010.1    682.1
     1     1    23     1    10     0     0     0    31.0   43.591 -128.254   3118.4    664.2
     1     1    23     1    10     1     0     1    32.0   44.049 -127.625   3068.3    672.9
     1     1    23     1    10     2     0     2    33.0   44.543 -127.054   3056.6    687.0
     1     1    23     1    10     3     0     3    34.0   45.040 -126.436   3135.3    674.4
     1     1    23     1    10     4     0     2    35.0   45.524 -125.785   3187.0    667.1
     1     1    23     1    10     5     0     1    36.0   46.030 -125.240   3218.2    670.2
     1     1    23     1    10     6     0     0    37.0   46.502 -124.741   3262.7    665.4
     1     1    23     1    10     7     0     1    38.0   46.913 -124.220   3346.2    662.8
     1     1    23     1    10     8     0     2    39.0   47.300 -123.692   3453.8    634.8
     1     1    23     1    10     9     0     3    40.0   47.671 -123.148   3593.0    612.0
     1     1    23     1    10    10     0     2    41.0   47.994 -122.593   3840.0    599.4
     1     1    23     1    10    11     0     1    42.0   48.268 -122.059   4082.0    570.2
     1     1    23     1    10    12     0     0    43.0   48.532 -121.521   3964.4    532.0
     1     1    23     1    10    13     0     1    44.0   48.785 -120.944   3699.5    522.3
     1     1    23     1    10    14     0     2    45.0   49.011 -120.365   3606.0    518.5
     1     1    23     1    10    15     0     3    46.0   49.197 -119.775   3819.1    504.1
     1     1    23     1    10    16     0     2    47.0   49.347 -119.169   4098.4    493.4
     1     1    23     1    10    17     0     1    48.0   49.466 -118.600   4205.0    497.9
     1     1    23     1    10    18     0     0    49.0   49.546 -118.069   4210.8    500.2
     1     1    23     1    10    19     0     1    50.0   49.596 -117.553   4056.0    500.4
     1     1    23     1    10    20     0     2    51.0   49.619 -117.009   3833.4    505.9
     1     1    23     1    10    21     0     3    52.0   49.624 -116.462   3692.0    515.9
     1     1    23     1    10    22     0     2    53.0   49.610 -115.920   3662.6    514.4
     1     1    23     1    10    23     0     1    54.0   49.571 -115.356   3741.1    508.8
     1     1    23     1    11     0     0     0    55.0   49.514 -114.753   3842.3    498.6
     1     1    23     1    11     1     0     1    56.0   49.457 -114.127   3689.8    494.5
     1     1    23     1    11     2     0     2    57.0   49.399 -113.550   3448.0    545.4
     1     1    23     1    11     3     0     3    58.0   49.334 -113.015   3384.7    571.4
     1     1    23     1    11     4     0     2    59.0   49.261 -112.503   3393.6    567.9
     1     1    23     1    11     5     0     1    60.0   49.192 -112.025   3389.4    572.4
     1     1    23     1    11     6     0     0    61.0   49.123 -111.567   3375.8    575.8
     1     1    23     1    11     7     0     1    62.0   49.040 -111.110   3387.2    575.3
     1     1    23     1    11     8     0     2    63.0   48.927 -110.658   3383.6    576.8
     1     1    23     1    11     9     0     3    64.0   48.789 -110.226   3303.9    588.8
     1     1    23     1    11    10     0     2    65.0   48.637 -109.815   3179.9    603.7
     1     1    23     1    11    11     0     1    66.0   48.470 -109.409   3056.1    610.9
     1     1    23     1    11    12     0     0    67.0   48.286 -109.017   2916.4    617.8
     1     1    23     1    11    13     0     1    68.0   48.104 -108.665   2795.7    635.7
     1     1    23     1    11    14     0     2    69.0   47.928 -108.356   2730.4    645.8
     1     1    23     1    11    15     0     3    70.0   47.745 -108.072   2714.2    650.4
     1     1    23     1    11    16     0     2    71.0   47.554 -107.785   2705.2    649.5
     1     1    23     1    11    17     0     1    72.0   47.359 -107.485   2680.3    649.2
     1     1    23     1    11    18     0     0    73.0   47.165 -107.180   2654.6    647.7
     1     1    23     1    11    19     0     1    74.0   46.967 -106.875   2633.5    645.2
     1     1    23     1    11    20     0     2    75.0   46.755 -106.574   2612.8    650.0
     1     1    23     1    11    21     0     3    76.0   46.525 -106.277   2580.2    656.1
     1     1    23     1    11    22     0     2    77.0   46.283 -105.997   2528.6    664.6
     1     1    23     1    11    23     0     1    78.0   46.045 -105.748   2453.1    670.9
     1     1    23     1    12     0     0     0    79.0   45.818 -105.517   2362.8    673.8
     1     1    23     1    12     1     0     1    80.0   45.596 -105.285   2291.4    676.4
     1     1    23     1    12     2     0     2    81.0   45.370 -105.037   2272.0    673.4
     1     1    23     1    12     3     0     3    82.0   45.137 -104.776   2308.7    668.0
     1     1    23     1    12     4     0     2    83.0   44.899 -104.500   2340.5    658.5
     1     1    23     1    12     5     0     1    84.0   44.660 -104.209   2316.1    649.2
     1     1    23     1    12     6     0     0    85.0   44.419 -103.891   2241.7    642.4
     1     1    23     1    12     7     0     1    86.0   44.181 -103.564   2186.5    658.2
     1     1    23     1    12     8     0     2    87.0   43.945 -103.248   2184.3    676.4
     1     1    23     1    12     9     0     3    88.0   43.699 -102.930   2204.7    692.3
     1     1    23     1    12    10     0     2    89.0   43.428 -102.602   2205.4    690.5
     1     1    23     1    12    11     0     1    90.0   43.130 -102.274   2193.9    686.8
     1     1    23     1    12    12     0     0    91.0   42.800 -101.943   2187.9    683.6
     1     1    23     1    12    13     0     1    92.0   42.440 -101.604   2193.6    682.6
     1     1    23     1    12    14     0     2    93.0   42.063 -101.271   2187.2    685.8
     1     1    23     1    12    15     0     3    94.0   41.667 -100.950   2164.3    694.1
     1     1    23     1    12    16     0     2    95.0   41.249 -100.639   2137.4    706.1
     1     1    23     1    12    17     0     1    96.0   40.814 -100.343   2135.5    711.5
     1     1    23     1    12    18     0     0    97.0   40.370 -100.071   2095.9    715.9
     1     1    23     1    12    19     0     1    98.0   39.928  -99.819   2008.1    733.7
     1     1    23     1    12    20     0     2    99.0   39.490  -99.582   1932.4    746.3
     1     1    23     1    12    21     0     3   100.0   39.051  -99.366   1830.9    755.7
     1     1    23     1    12    22     0     2   101.0   38.617  -99.165   1688.8    775.4
     1     1    23     1    12    23     0     1   102.0   38.188  -98.970   1574.5    790.4
     1     1    23     1    13     0     0     0   103.0   37.765  -98.773   1522.6    800.1
     1     1    23     1    13     1     0     1   104.0   37.345  -98.568   1493.0    803.7
     1     1    23     1    13     2     0     2   105.0   36.931  -98.359   1434.4    815.0
     1     1    23     1    13     3     0     3   106.0   36.525  -98.160   1372.9    828.8
     1     1    23     1    13     4     0     2   107.0   36.120  -97.976   1341.1    838.6
     1     1    23     1    13     5     0     1   108.0   35.710  -97.809   1331.7    840.1
     1     1    23     1    13     6     0     0   109.0   35.288  -97.657   1326.7    839.4
     1     1    23     1    13     7     0     1   110.0   34.860  -97.502   1305.0    840.8
     1     1    23     1    13     8     0     2   111.0   34.435  -97.336   1266.4    851.1
     1     1    23     1    13     9     0     3   112.0   34.019  -97.158   1204.2    861.7
     1     1    23     1    13    10     0     2   113.0   33.595  -97.001   1165.3    877.3
     1     1    23     1    13    11     0     1   114.0   33.159  -96.872   1187.9    873.8
     1     1    23     1    13    12     0     0   115.0   32.726  -96.770   1175.6    869.2
     1     1    23     1    13    13     0     1   116.0   32.303  -96.709   1115.3    879.1
     1     1    23     1    13    14     0     2   117.0   31.893  -96.693   1068.2    886.7
     1     1    23     1    13    15     0     3   118.0   31.504  -96.717   1083.3    889.7
     1     1    23     1    13    16     0     2   119.0   31.140  -96.754   1134.8    880.8
     1     1    23     1    13    17     0     1   120.0   30.801  -96.790   1156.7    878.5
