     8     1
    GDAS    22    12    22     0     0
    GDAS    22    12    29     0     0
    GDAS    23     1     1     0     0
    GDAS    23     1     8     0     0
    GDAS    23     1    15     0     0
    GDAS    23     1    22     0     0
    GDAS    23     1    29     0     0
    GDAS    23     2     1     0     0
     1 FORWARD  OMEGA   
    23     1     8    11   37.767 -155.302  2407.9
     1 PRESSURE
     1     1    23     1     8    11     0     1     0.0   37.767 -155.302   2407.9    744.2
     1     1    23     1     8    12     0     0     1.0   37.467 -154.261   2377.6    747.3
     1     1    23     1     8    13     0     1     2.0   37.173 -153.248   2322.2    752.0
     1     1    23     1     8    14     0     2     3.0   36.879 -152.298   2227.9    763.0
     1     1    23     1     8    15     0     3     4.0   36.573 -151.378   2173.9    767.0
     1     1    23     1     8    16     0     2     5.0   36.258 -150.486   2072.6    777.7
     1     1    23     1     8    17     0     1     6.0   35.939 -149.648   1952.8    790.7
     1     1    23     1     8    18     0     0     7.0   35.616 -148.861   1842.1    803.6
     1     1    23     1     8    19     0     1     8.0   35.302 -148.132   1764.9    811.0
     1     1    23     1     8    20     0     2     9.0   35.015 -147.456   1678.1    819.7
     1     1    23     1     8    21     0     3    10.0   34.767 -146.832   1596.9    831.1
     1     1    23     1     8    22     0     2    11.0   34.563 -146.240   1536.3    836.6
     1     1    23     1     8    23     0     1    12.0   34.392 -145.661   1472.4    841.3
     1     1    23     1     9     0     0     0    13.0   34.237 -145.101   1420.5    849.5
     1     1    23     1     9     1     0     1    14.0   34.106 -144.554   1382.7    851.0
     1     1    23     1     9     2     0     2    15.0   34.008 -144.014   1312.6    856.6
     1     1    23     1     9     3     0     3    16.0   33.932 -143.491   1223.4    870.0
     1     1    23     1     9     4     0     2    17.0   33.882 -142.969   1150.6    878.9
     1     1    23     1     9     5     0     1    18.0   33.876 -142.421   1101.4    884.2
     1     1    23     1     9     6     0     0    19.0   33.928 -141.853   1077.6    887.0
     1     1    23     1     9     7     0     1    20.0   34.026 -141.264   1067.6    886.2
     1     1    23     1     9     8     0     2    21.0   34.154 -140.644   1058.8    886.6
     1     1    23     1     9     9     0     3    22.0   34.321 -139.973   1026.9    887.3
     1     1    23     1     9    10     0     2    23.0   34.530 -139.265    963.1    894.7
     1     1    23     1     9    11     0     1    24.0   34.770 -138.549    916.3    903.1
     1     1    23     1     9    12     0     0    25.0   35.048 -137.818    924.0    901.5
     1     1    23     1     9    13     0     1    26.0   35.369 -137.049    950.6    894.5
     1     1    23     1     9    14     0     2    27.0   35.715 -136.278    988.5    889.5
     1     1    23     1     9    15     0     3    28.0   36.080 -135.514   1040.4    882.8
     1     1    23     1     9    16     0     2    29.0   36.473 -134.762   1051.0    880.9
     1     1    23     1     9    17     0     1    30.0   36.938 -134.067   1103.1    878.2
     1     1    23     1     9    18     0     0    31.0   37.421 -133.412   1193.0    858.8
     1     1    23     1     9    19     0     1    32.0   37.915 -132.812   1667.1    861.0
     1     1    23     1     9    20     0     2    33.0   38.487 -132.219   2679.3    694.3
     1     1    23     1     9    21     0     3    34.0   39.114 -131.604   3176.8    656.5
     1     1    23     1     9    22     0     2    35.0   39.751 -131.062   3349.6    645.0
     1     1    23     1     9    23     0     1    36.0   40.369 -130.622   3376.0    652.7
     1     1    23     1    10     0     0     0    37.0   40.981 -130.141   3352.4    649.5
     1     1    23     1    10     1     0     1    38.0   41.597 -129.683   3293.0    665.1
     1     1    23     1    10     2     0     2    39.0   42.191 -129.338   3327.1    658.6
     1     1    23     1    10     3     0     3    40.0   42.724 -129.105   3316.8    651.1
     1     1    23     1    10     4     0     2    41.0   43.243 -128.950   3296.9    661.9
     1     1    23     1    10     5     0     1    42.0   43.811 -128.740   3431.4    657.5
     1     1    23     1    10     6     0     0    43.0   44.398 -128.483   3640.7    628.3
     1     1    23     1    10     7     0     1    44.0   44.973 -128.271   3764.5    614.6
     1     1    23     1    10     8     0     2    45.0   45.544 -128.075   3801.2    614.6
     1     1    23     1    10     9     0     3    46.0   46.090 -127.887   3793.8    617.0
     1     1    23     1    10    10     0     2    47.0   46.618 -127.691   3776.0    620.2
     1     1    23     1    10    11     0     1    48.0   47.143 -127.410   3765.6    620.9
     1     1    23     1    10    12     0     0    49.0   47.642 -127.156   3765.5    622.0
     1     1    23     1    10    13     0     1    50.0   48.120 -126.958   3795.4    620.1
     1     1    23     1    10    14     0     2    51.0   48.575 -126.769   3898.4    615.7
     1     1    23     1    10    15     0     3    52.0   49.034 -126.650   4124.9    596.6
     1     1    23     1    10    16     0     2    53.0   49.514 -126.437   4238.6    546.7
     1     1    23     1    10    17     0     1    54.0   49.946 -126.038   4054.5    528.7
     1     1    23     1    10    18     0     0    55.0   50.332 -125.622   3939.4    556.5
     1     1    23     1    10    19     0     1    56.0   50.689 -125.199   3816.4    553.9
     1     1    23     1    10    20     0     2    57.0   50.990 -124.703   3587.7    528.5
     1     1    23     1    10    21     0     3    58.0   51.226 -124.162   3452.6    529.1
     1     1    23     1    10    22     0     2    59.0   51.407 -123.637   3544.8    529.5
     1     1    23     1    10    23     0     1    60.0   51.549 -123.115   3823.1    515.5
     1     1    23     1    11     0     0     0    61.0   51.660 -122.597   4125.5    498.2
     1     1    23     1    11     1     0     1    62.0   51.750 -122.122   4268.2    500.3
     1     1    23     1    11     2     0     2    63.0   51.822 -121.705   4265.0    504.0
     1     1    23     1    11     3     0     3    64.0   51.880 -121.352   4198.8    504.6
     1     1    23     1    11     4     0     2    65.0   51.950 -121.069   4115.0    506.3
     1     1    23     1    11     5     0     1    66.0   52.049 -120.823   4037.4    509.3
     1     1    23     1    11     6     0     0    67.0   52.175 -120.575   3956.2    511.1
     1     1    23     1    11     7     0     1    68.0   52.317 -120.262   3878.3    510.8
     1     1    23     1    11     8     0     2    69.0   52.467 -119.832   3835.7    503.5
     1     1    23     1    11     9     0     3    70.0   52.614 -119.328   3829.9    491.2
     1     1    23     1    11    10     0     2    71.0   52.736 -118.799   3822.0    485.8
     1     1    23     1    11    11     0     1    72.0   52.822 -118.268   3803.6    492.7
     1     1    23     1    11    12     0     0    73.0   52.887 -117.743   3796.3    498.6
     1     1    23     1    11    13     0     1    74.0   52.930 -117.239   3832.5    500.4
     1     1    23     1    11    14     0     2    75.0   52.942 -116.756   3897.6    502.8
     1     1    23     1    11    15     0     3    76.0   52.946 -116.291   3958.8    513.4
     1     1    23     1    11    16     0     2    77.0   52.955 -115.838   4007.5    522.6
     1     1    23     1    11    17     0     1    78.0   52.954 -115.378   4035.8    527.8
     1     1    23     1    11    18     0     0    79.0   52.947 -114.913   4050.1    533.7
     1     1    23     1    11    19     0     1    80.0   52.924 -114.443   4045.7    536.4
     1     1    23     1    11    20     0     2    81.0   52.880 -113.968   4017.0    540.0
     1     1    23     1    11    21     0     3    82.0   52.837 -113.501   3969.8    549.3
     1     1    23     1    11    22     0     2    83.0   52.788 -113.036   3932.8    557.3
     1     1    23     1    11    23     0     1    84.0   52.723 -112.558   3897.5    560.6
     1     1    23     1    12     0     0     0    85.0   52.657 -112.064   3858.2    564.9
     1     1    23     1    12     1     0     1    86.0   52.584 -111.557   3815.0    568.3
     1     1    23     1    12     2     0     2    87.0   52.499 -111.034   3776.8    572.3
     1     1    23     1    12     3     0     3    88.0   52.413 -110.497   3734.2    576.0
     1     1    23     1    12     4     0     2    89.0   52.317 -109.952   3678.3    583.3
     1     1    23     1    12     5     0     1    90.0   52.215 -109.406   3651.1    589.4
     1     1    23     1    12     6     0     0    91.0   52.113 -108.855   3665.8    588.2
     1     1    23     1    12     7     0     1    92.0   51.994 -108.291   3674.5    584.0
     1     1    23     1    12     8     0     2    93.0   51.847 -107.720   3676.7    588.1
     1     1    23     1    12     9     0     3    94.0   51.682 -107.147   3683.6    592.3
     1     1    23     1    12    10     0     2    95.0   51.503 -106.586   3671.6    593.1
     1     1    23     1    12    11     0     1    96.0   51.323 -106.074   3615.2    595.1
     1     1    23     1    12    12     0     0    97.0   51.154 -105.617   3531.1    605.4
     1     1    23     1    12    13     0     1    98.0   50.997 -105.172   3421.4    614.5
     1     1    23     1    12    14     0     2    99.0   50.857 -104.717   3261.4    627.2
     1     1    23     1    12    15     0     3   100.0   50.740 -104.262   3102.7    642.0
     1     1    23     1    12    16     0     2   101.0   50.639 -103.814   3024.4    650.4
     1     1    23     1    12    17     0     1   102.0   50.533 -103.374   3023.6    646.4
     1     1    23     1    12    18     0     0   103.0   50.419 -102.933   3049.8    641.5
     1     1    23     1    12    19     0     1   104.0   50.288 -102.480   3061.2    638.2
     1     1    23     1    12    20     0     2   105.0   50.142 -102.020   3037.6    640.4
     1     1    23     1    12    21     0     3   106.0   50.000 -101.584   3048.8    648.9
     1     1    23     1    12    22     0     2   107.0   49.844 -101.169   3087.0    649.0
     1     1    23     1    12    23     0     1   108.0   49.676 -100.760   3069.3    649.5
     1     1    23     1    13     0     0     0   109.0   49.511 -100.348   2987.6    654.2
     1     1    23     1    13     1     0     1   110.0   49.344  -99.942   2908.6    659.9
     1     1    23     1    13     2     0     2   111.0   49.177  -99.550   2872.4    665.4
     1     1    23     1    13     3     0     3   112.0   49.022  -99.167   2832.5    671.0
     1     1    23     1    13     4     0     2   113.0   48.881  -98.790   2796.8    681.6
     1     1    23     1    13     5     0     1   114.0   48.748  -98.410   2785.4    684.5
     1     1    23     1    13     6     0     0   115.0   48.610  -98.016   2786.5    686.0
     1     1    23     1    13     7     0     1   116.0   48.462  -97.606   2769.9    687.7
     1     1    23     1    13     8     0     2   117.0   48.309  -97.195   2717.3    698.5
     1     1    23     1    13     9     0     3   118.0   48.144  -96.791   2678.6    707.1
     1     1    23     1    13    10     0     2   119.0   47.950  -96.403   2645.2    703.2
     1     1    23     1    13    11     0     1   120.0   47.731  -96.052   2581.3    706.5
