     8     1
    GDAS    22    12    22     0     0
    GDAS    22    12    29     0     0
    GDAS    23     1     1     0     0
    GDAS    23     1     8     0     0
    GDAS    23     1    15     0     0
    GDAS    23     1    22     0     0
    GDAS    23     1    29     0     0
    GDAS    23     2     1     0     0
     1 FORWARD  OMEGA   
    22    12    31    12   52.605 -110.886   512.4
     1 PRESSURE
     1     1    22    12    31    12     0     0     0.0   52.605 -110.886    512.4    856.6
     1     1    22    12    31    13     0     1     1.0   52.538 -110.909    495.2    857.9
     1     1    22    12    31    14     0     2     2.0   52.466 -110.893    482.3    858.7
     1     1    22    12    31    15     0     3     3.0   52.387 -110.841    472.3    859.3
     1     1    22    12    31    16     0     2     4.0   52.297 -110.762    467.5    860.1
     1     1    22    12    31    17     0     1     5.0   52.194 -110.667    471.2    859.5
     1     1    22    12    31    18     0     0     6.0   52.077 -110.561    483.5    857.8
     1     1    22    12    31    19     0     1     7.0   51.949 -110.447    500.9    855.9
     1     1    22    12    31    20     0     2     8.0   51.816 -110.323    516.3    856.2
     1     1    22    12    31    21     0     3     9.0   51.682 -110.183    526.8    857.4
     1     1    22    12    31    22     0     2    10.0   51.551 -110.034    532.1    859.4
     1     1    22    12    31    23     0     1    11.0   51.424 -109.878    534.9    861.4
     1     1    23     1     1     0     0     0    12.0   51.297 -109.712    538.3    862.7
     1     1    23     1     1     1     0     1    13.0   51.168 -109.536    539.7    863.6
     1     1    23     1     1     2     0     2    14.0   51.035 -109.346    536.7    865.1
     1     1    23     1     1     3     0     3    15.0   50.902 -109.146    533.5    865.1
     1     1    23     1     1     4     0     2    16.0   50.768 -108.934    539.1    863.5
     1     1    23     1     1     5     0     1    17.0   50.626 -108.700    552.9    859.2
     1     1    23     1     1     6     0     0    18.0   50.474 -108.447    563.3    854.6
     1     1    23     1     1     7     0     1    19.0   50.303 -108.176    561.2    850.6
     1     1    23     1     1     8     0     2    20.0   50.111 -107.890    551.6    849.5
     1     1    23     1     1     9     0     3    21.0   49.909 -107.597    556.2    852.3
     1     1    23     1     1    10     0     2    22.0   49.707 -107.318    579.1    852.4
     1     1    23     1     1    11     0     1    23.0   49.503 -107.062    614.0    851.3
     1     1    23     1     1    12     0     0    24.0   49.294 -106.811    653.2    845.1
     1     1    23     1     1    13     0     1    25.0   49.079 -106.543    687.5    838.3
     1     1    23     1     1    14     0     2    26.0   48.863 -106.261    712.5    834.8
     1     1    23     1     1    15     0     3    27.0   48.653 -105.980    725.2    837.5
     1     1    23     1     1    16     0     2    28.0   48.457 -105.703    728.4    843.6
     1     1    23     1     1    17     0     1    29.0   48.281 -105.423    720.3    849.0
     1     1    23     1     1    18     0     0    30.0   48.122 -105.135    700.5    854.4
     1     1    23     1     1    19     0     1    31.0   47.974 -104.833    684.1    859.7
     1     1    23     1     1    20     0     2    32.0   47.825 -104.523    688.3    858.5
     1     1    23     1     1    21     0     3    33.0   47.669 -104.207    703.8    853.0
     1     1    23     1     1    22     0     2    34.0   47.504 -103.886    710.3    847.9
     1     1    23     1     1    23     0     1    35.0   47.330 -103.559    707.3    845.5
     1     1    23     1     2     0     0     0    36.0   47.139 -103.232    712.3    843.9
     1     1    23     1     2     1     0     1    37.0   46.945 -102.921    728.6    841.9
     1     1    23     1     2     2     0     2    38.0   46.775 -102.645    731.0    842.8
     1     1    23     1     2     3     0     3    39.0   46.633 -102.404    703.9    849.1
     1     1    23     1     2     4     0     2    40.0   46.516 -102.173    656.9    857.2
     1     1    23     1     2     5     0     1    41.0   46.418 -101.932    603.0    866.2
     1     1    23     1     2     6     0     0    42.0   46.333 -101.684    554.2    872.8
     1     1    23     1     2     7     0     1    43.0   46.251 -101.437    523.8    878.3
     1     1    23     1     2     8     0     2    44.0   46.172 -101.195    519.3    879.9
     1     1    23     1     2     9     0     3    45.0   46.098 -100.961    539.4    878.8
     1     1    23     1     2    10     0     2    46.0   46.034 -100.729    558.2    875.2
     1     1    23     1     2    11     0     1    47.0   45.983 -100.498    549.5    877.6
     1     1    23     1     2    12     0     0    48.0   45.942 -100.267    518.5    883.0
     1     1    23     1     2    13     0     1    49.0   45.906 -100.040    487.3    890.2
     1     1    23     1     2    14     0     2    50.0   45.874  -99.819    466.1    892.6
     1     1    23     1     2    15     0     3    51.0   45.848  -99.602    441.1    895.3
     1     1    23     1     2    16     0     2    52.0   45.826  -99.387    411.2    900.1
     1     1    23     1     2    17     0     1    53.0   45.802  -99.177    386.9    903.7
     1     1    23     1     2    18     0     0    54.0   45.771  -98.975    374.9    906.5
     1     1    23     1     2    19     0     1    55.0   45.730  -98.789    364.4    909.7
     1     1    23     1     2    20     0     2    56.0   45.680  -98.627    347.7    915.6
     1     1    23     1     2    21     0     3    57.0   45.615  -98.492    338.8    919.8
     1     1    23     1     2    22     0     2    58.0   45.536  -98.403    336.4    920.9
     1     1    23     1     2    23     0     1    59.0   45.440  -98.376    331.7    921.8
     1     1    23     1     3     0     0     0    60.0   45.330  -98.411    323.5    922.6
     1     1    23     1     3     1     0     1    61.0   45.210  -98.497    319.9    923.4
     1     1    23     1     3     2     0     2    62.0   45.081  -98.619    325.8    922.2
     1     1    23     1     3     3     0     3    63.0   44.940  -98.777    333.3    919.5
     1     1    23     1     3     4     0     2    64.0   44.793  -98.974    342.1    916.3
     1     1    23     1     3     5     0     1    65.0   44.642  -99.204    366.0    910.6
     1     1    23     1     3     6     0     0    66.0   44.479  -99.456    414.8    902.7
     1     1    23     1     3     7     0     1    67.0   44.282  -99.729    480.9    891.6
     1     1    23     1     3     8     0     2    68.0   44.033  -99.999    560.7    883.6
     1     1    23     1     3     9     0     3    69.0   43.723 -100.281    648.7    861.7
     1     1    23     1     3    10     0     2    70.0   43.353 -100.602    702.4    838.5
     1     1    23     1     3    11     0     1    71.0   42.920 -100.912    724.9    823.0
     1     1    23     1     3    12     0     0    72.0   42.422 -101.180    724.6    812.3
     1     1    23     1     3    13     0     1    73.0   41.868 -101.402    708.0    809.9
     1     1    23     1     3    14     0     2    74.0   41.293 -101.562    734.3    810.1
     1     1    23     1     3    15     0     3    75.0   40.716 -101.662    814.5    802.0
     1     1    23     1     3    16     0     2    76.0   40.170 -101.695    918.2    792.6
     1     1    23     1     3    17     0     1    77.0   39.671 -101.629    981.2    781.4
     1     1    23     1     3    18     0     0    78.0   39.201 -101.476    980.6    782.6
     1     1    23     1     3    19     0     1    79.0   38.756 -101.267    961.0    793.1
     1     1    23     1     3    20     0     2    80.0   38.351 -101.031    945.5    799.9
     1     1    23     1     3    21     0     3    81.0   38.013 -100.794    923.4    805.3
     1     1    23     1     3    22     0     2    82.0   37.714 -100.557    890.5    814.8
     1     1    23     1     3    23     0     1    83.0   37.431 -100.318    838.6    827.5
     1     1    23     1     4     0     0     0    84.0   37.176 -100.077    776.4    843.1
     1     1    23     1     4     1     0     1    85.0   36.944  -99.831    715.4    856.1
     1     1    23     1     4     2     0     2    86.0   36.718  -99.580    649.1    865.0
     1     1    23     1     4     3     0     3    87.0   36.481  -99.331    570.4    875.7
     1     1    23     1     4     4     0     2    88.0   36.230  -99.092    487.7    887.1
     1     1    23     1     4     5     0     1    89.0   35.971  -98.868    410.2    899.9
     1     1    23     1     4     6     0     0    90.0   35.730  -98.667    345.2    915.9
     1     1    23     1     4     7     0     1    91.0   35.517  -98.496    303.7    927.6
     1     1    23     1     4     8     0     2    92.0   35.321  -98.354    287.4    933.2
     1     1    23     1     4     9     0     3    93.0   35.143  -98.233    289.7    935.7
     1     1    23     1     4    10     0     2    94.0   34.963  -98.129    302.1    936.0
     1     1    23     1     4    11     0     1    95.0   34.769  -98.047    316.1    937.3
     1     1    23     1     4    12     0     0    96.0   34.563  -97.983    330.7    938.3
     1     1    23     1     4    13     0     1    97.0   34.370  -97.934    342.0    938.9
     1     1    23     1     4    14     0     2    98.0   34.209  -97.894    342.9    940.8
     1     1    23     1     4    15     0     3    99.0   34.071  -97.856    331.1    944.3
     1     1    23     1     4    16     0     2   100.0   33.957  -97.815    311.1    948.4
     1     1    23     1     4    17     0     1   101.0   33.871  -97.763    289.0    951.7
     1     1    23     1     4    18     0     0   102.0   33.811  -97.697    267.3    955.4
     1     1    23     1     4    19     0     1   103.0   33.772  -97.615    245.8    958.1
     1     1    23     1     4    20     0     2   104.0   33.744  -97.511    224.4    961.1
     1     1    23     1     4    21     0     3   105.0   33.728  -97.387    203.5    964.5
     1     1    23     1     4    22     0     2   106.0   33.710  -97.256    183.0    968.8
     1     1    23     1     4    23     0     1   107.0   33.676  -97.135    162.3    973.4
     1     1    23     1     5     0     0     0   108.0   33.628  -97.028    143.0    977.9
     1     1    23     1     5     1     0     1   109.0   33.563  -96.941    124.7    981.3
     1     1    23     1     5     2     0     2   110.0   33.480  -96.879    108.6    984.6
     1     1    23     1     5     3     0     3   111.0   33.383  -96.844     96.6    987.7
     1     1    23     1     5     4     0     2   112.0   33.285  -96.823     89.4    989.7
     1     1    23     1     5     5     0     1   113.0   33.197  -96.795     85.3    991.2
     1     1    23     1     5     6     0     0   114.0   33.121  -96.761     82.7    992.5
     1     1    23     1     5     7     0     1   115.0   33.044  -96.716     78.5    993.7
     1     1    23     1     5     8     0     2   116.0   32.955  -96.658     70.8    995.4
     1     1    23     1     5     9     0     3   117.0   32.855  -96.589     61.6    997.2
     1     1    23     1     5    10     0     2   118.0   32.750  -96.519     54.2    998.9
     1     1    23     1     5    11     0     1   119.0   32.641  -96.459     49.0    999.8
     1     1    23     1     5    12     0     0   120.0   32.525  -96.406     44.3   1000.8
