     8     1
    GDAS    22    12    22     0     0
    GDAS    22    12    29     0     0
    GDAS    23     1     1     0     0
    GDAS    23     1     8     0     0
    GDAS    23     1    15     0     0
    GDAS    23     1    22     0     0
    GDAS    23     1    29     0     0
    GDAS    23     2     1     0     0
     1 FORWARD  OMEGA   
    22    12    31    16   52.033 -110.522   533.0
     1 PRESSURE
     1     1    22    12    31    16     0     2     0.0   52.033 -110.522    533.0    850.3
     1     1    22    12    31    17     0     1     1.0   51.901 -110.432    536.0    851.8
     1     1    22    12    31    18     0     0     2.0   51.761 -110.330    544.2    853.0
     1     1    22    12    31    19     0     1     3.0   51.617 -110.213    551.8    854.2
     1     1    22    12    31    20     0     2     4.0   51.475 -110.079    555.8    856.2
     1     1    22    12    31    21     0     3     5.0   51.333 -109.929    557.3    858.3
     1     1    22    12    31    22     0     2     6.0   51.193 -109.765    558.7    859.9
     1     1    22    12    31    23     0     1     7.0   51.052 -109.592    560.7    861.0
     1     1    23     1     1     0     0     0     8.0   50.907 -109.410    562.5    860.2
     1     1    23     1     1     1     0     1     9.0   50.758 -109.219    563.0    858.6
     1     1    23     1     1     2     0     2    10.0   50.606 -109.015    565.3    857.1
     1     1    23     1     1     3     0     3    11.0   50.447 -108.801    570.4    854.0
     1     1    23     1     1     4     0     2    12.0   50.279 -108.570    571.5    850.1
     1     1    23     1     1     5     0     1    13.0   50.099 -108.317    556.7    846.8
     1     1    23     1     1     6     0     0    14.0   49.913 -108.051    515.7    847.4
     1     1    23     1     1     7     0     1    15.0   49.735 -107.784    477.8    857.9
     1     1    23     1     1     8     0     2    16.0   49.562 -107.522    472.0    861.4
     1     1    23     1     1     9     0     3    17.0   49.393 -107.262    495.6    861.0
     1     1    23     1     1    10     0     2    18.0   49.219 -107.003    541.9    857.1
     1     1    23     1     1    11     0     1    19.0   49.028 -106.736    591.5    848.2
     1     1    23     1     1    12     0     0    20.0   48.820 -106.453    629.7    844.7
     1     1    23     1     1    13     0     1    21.0   48.607 -106.164    653.2    845.1
     1     1    23     1     1    14     0     2    22.0   48.402 -105.877    664.1    849.5
     1     1    23     1     1    15     0     3    23.0   48.209 -105.598    663.5    854.5
     1     1    23     1     1    16     0     2    24.0   48.038 -105.322    650.5    859.5
     1     1    23     1     1    17     0     1    25.0   47.885 -105.047    633.4    861.8
     1     1    23     1     1    18     0     0    26.0   47.741 -104.773    629.8    862.8
     1     1    23     1     1    19     0     1    27.0   47.596 -104.486    641.8    858.5
     1     1    23     1     1    20     0     2    28.0   47.441 -104.180    652.1    852.6
     1     1    23     1     1    21     0     3    29.0   47.277 -103.848    640.5    848.9
     1     1    23     1     1    22     0     2    30.0   47.105 -103.494    618.4    851.4
     1     1    23     1     1    23     0     1    31.0   46.922 -103.136    615.2    852.6
     1     1    23     1     2     0     0     0    32.0   46.728 -102.810    623.3    852.8
     1     1    23     1     2     1     0     1    33.0   46.546 -102.529    618.6    855.6
     1     1    23     1     2     2     0     2    34.0   46.391 -102.280    594.1    861.5
     1     1    23     1     2     3     0     3    35.0   46.257 -102.050    554.6    868.7
     1     1    23     1     2     4     0     2    36.0   46.138 -101.828    512.6    875.3
     1     1    23     1     2     5     0     1    37.0   46.028 -101.607    479.1    879.8
     1     1    23     1     2     6     0     0    38.0   45.926 -101.396    454.4    883.8
     1     1    23     1     2     7     0     1    39.0   45.840 -101.204    441.8    887.2
     1     1    23     1     2     8     0     2    40.0   45.773 -101.027    441.2    888.1
     1     1    23     1     2     9     0     3    41.0   45.726 -100.857    445.6    888.5
     1     1    23     1     2    10     0     2    42.0   45.695 -100.689    444.8    888.9
     1     1    23     1     2    11     0     1    43.0   45.675 -100.517    432.2    891.8
     1     1    23     1     2    12     0     0    44.0   45.663 -100.342    409.7    895.7
     1     1    23     1     2    13     0     1    45.0   45.656 -100.165    385.2    900.3
     1     1    23     1     2    14     0     2    46.0   45.656  -99.991    363.1    903.8
     1     1    23     1     2    15     0     3    47.0   45.665  -99.818    337.3    907.1
     1     1    23     1     2    16     0     2    48.0   45.678  -99.646    310.0    911.6
     1     1    23     1     2    17     0     1    49.0   45.687  -99.475    287.4    915.0
     1     1    23     1     2    18     0     0    50.0   45.688  -99.307    272.1    917.7
     1     1    23     1     2    19     0     1    51.0   45.672  -99.141    259.1    919.2
     1     1    23     1     2    20     0     2    52.0   45.632  -98.981    244.4    922.3
     1     1    23     1     2    21     0     3    53.0   45.572  -98.842    235.2    926.4
     1     1    23     1     2    22     0     2    54.0   45.500  -98.751    234.2    928.5
     1     1    23     1     2    23     0     1    55.0   45.419  -98.720    239.5    928.8
     1     1    23     1     3     0     0     0    56.0   45.326  -98.746    252.0    928.0
     1     1    23     1     3     1     0     1    57.0   45.218  -98.816    273.1    925.5
     1     1    23     1     3     2     0     2    58.0   45.095  -98.923    297.2    922.3
     1     1    23     1     3     3     0     3    59.0   44.955  -99.067    309.2    918.8
     1     1    23     1     3     4     0     2    60.0   44.810  -99.244    317.3    916.7
     1     1    23     1     3     5     0     1    61.0   44.661  -99.449    345.8    910.9
     1     1    23     1     3     6     0     0    62.0   44.496  -99.678    401.1    902.6
     1     1    23     1     3     7     0     1    63.0   44.296  -99.929    472.8    891.8
     1     1    23     1     3     8     0     2    64.0   44.049 -100.180    547.1    881.6
     1     1    23     1     3     9     0     3    65.0   43.746 -100.440    617.2    863.4
     1     1    23     1     3    10     0     2    66.0   43.380 -100.730    654.9    842.6
     1     1    23     1     3    11     0     1    67.0   42.951 -101.008    669.9    827.8
     1     1    23     1     3    12     0     0    68.0   42.458 -101.248    670.6    817.7
     1     1    23     1     3    13     0     1    69.0   41.910 -101.451    653.4    813.9
     1     1    23     1     3    14     0     2    70.0   41.341 -101.594    669.2    815.8
     1     1    23     1     3    15     0     3    71.0   40.775 -101.672    734.4    809.8
     1     1    23     1     3    16     0     2    72.0   40.234 -101.702    827.4    802.0
     1     1    23     1     3    17     0     1    73.0   39.737 -101.663    894.3    791.1
     1     1    23     1     3    18     0     0    74.0   39.273 -101.541    897.9    789.2
     1     1    23     1     3    19     0     1    75.0   38.832 -101.361    867.8    799.8
     1     1    23     1     3    20     0     2    76.0   38.431 -101.151    841.8    809.1
     1     1    23     1     3    21     0     3    77.0   38.099 -100.938    813.3    814.9
     1     1    23     1     3    22     0     2    78.0   37.809 -100.723    777.1    823.9
     1     1    23     1     3    23     0     1    79.0   37.530 -100.503    728.7    834.6
     1     1    23     1     4     0     0     0    80.0   37.277 -100.281    663.3    849.5
     1     1    23     1     4     1     0     1    81.0   37.044 -100.056    598.2    865.9
     1     1    23     1     4     2     0     2    82.0   36.815  -99.823    536.8    874.9
     1     1    23     1     4     3     0     3    83.0   36.578  -99.589    466.3    884.2
     1     1    23     1     4     4     0     2    84.0   36.334  -99.368    393.2    895.0
     1     1    23     1     4     5     0     1    85.0   36.089  -99.165    327.6    903.0
     1     1    23     1     4     6     0     0    86.0   35.854  -98.982    261.6    914.5
     1     1    23     1     4     7     0     1    87.0   35.647  -98.830    209.1    929.5
     1     1    23     1     4     8     0     2    88.0   35.465  -98.704    182.6    936.9
     1     1    23     1     4     9     0     3    89.0   35.303  -98.594    174.2    941.4
     1     1    23     1     4    10     0     2    90.0   35.148  -98.504    174.5    943.7
     1     1    23     1     4    11     0     1    91.0   34.986  -98.438    177.1    946.0
     1     1    23     1     4    12     0     0    92.0   34.813  -98.394    181.6    948.1
     1     1    23     1     4    13     0     1    93.0   34.650  -98.368    186.1    950.5
     1     1    23     1     4    14     0     2    94.0   34.515  -98.362    189.9    952.2
     1     1    23     1     4    15     0     3    95.0   34.404  -98.375    192.1    953.7
     1     1    23     1     4    16     0     2    96.0   34.319  -98.385    191.1    954.8
     1     1    23     1     4    17     0     1    97.0   34.262  -98.369    184.2    956.7
     1     1    23     1     4    18     0     0    98.0   34.229  -98.323    171.2    959.4
     1     1    23     1     4    19     0     1    99.0   34.211  -98.249    154.5    962.3
     1     1    23     1     4    20     0     2   100.0   34.196  -98.150    137.0    965.2
     1     1    23     1     4    21     0     3   101.0   34.189  -98.029    119.7    967.7
     1     1    23     1     4    22     0     2   102.0   34.181  -97.899    102.9    970.8
     1     1    23     1     4    23     0     1   103.0   34.161  -97.774     86.6    974.1
     1     1    23     1     5     0     0     0   104.0   34.132  -97.657     71.7    977.3
     1     1    23     1     5     1     0     1   105.0   34.088  -97.553     59.0    980.8
     1     1    23     1     5     2     0     2   106.0   34.022  -97.469     48.1    983.9
     1     1    23     1     5     3     0     3   107.0   33.934  -97.408     38.3    986.4
     1     1    23     1     5     4     0     2   108.0   33.839  -97.357     31.2    987.9
     1     1    23     1     5     5     0     1   109.0   33.749  -97.300     27.2    989.2
     1     1    23     1     5     6     0     0   110.0   33.666  -97.235     25.3    990.4
     1     1    23     1     5     7     0     1   111.0   33.584  -97.166     23.7    992.6
     1     1    23     1     5     8     0     2   112.0   33.497  -97.101     20.4    995.3
     1     1    23     1     5     9     0     3   113.0   33.404  -97.035     15.7    998.4
     1     1    23     1     5    10     0     2   114.0   33.311  -96.969     11.8   1000.8
     1     1    23     1     5    11     0     1   115.0   33.221  -96.905      9.6   1001.7
     1     1    23     1     5    12     0     0   116.0   33.129  -96.848      8.5   1002.5
     1     1    23     1     5    13     0     1   117.0   33.033  -96.796      7.6   1004.3
     1     1    23     1     5    14     0     2   118.0   32.933  -96.749      6.2   1005.5
     1     1    23     1     5    15     0     3   119.0   32.832  -96.706      4.7   1006.4
     1     1    23     1     5    16     0     2   120.0   32.734  -96.670      3.6   1006.4
