     8     1
    GDAS    22    12    22     0     0
    GDAS    22    12    29     0     0
    GDAS    23     1     1     0     0
    GDAS    23     1     8     0     0
    GDAS    23     1    15     0     0
    GDAS    23     1    22     0     0
    GDAS    23     1    29     0     0
    GDAS    23     2     1     0     0
     1 FORWARD  OMEGA   
    22    12    31    12   52.858 -110.659   724.7
     1 PRESSURE
     1     1    22    12    31    12     0     0     0.0   52.858 -110.659    724.7    838.8
     1     1    22    12    31    13     0     1     1.0   52.789 -110.692    704.8    840.1
     1     1    22    12    31    14     0     2     2.0   52.718 -110.687    687.6    841.4
     1     1    22    12    31    15     0     3     3.0   52.641 -110.645    673.0    842.5
     1     1    22    12    31    16     0     2     4.0   52.552 -110.574    660.5    843.7
     1     1    22    12    31    17     0     1     5.0   52.446 -110.481    650.9    844.6
     1     1    22    12    31    18     0     0     6.0   52.322 -110.376    645.4    844.9
     1     1    22    12    31    19     0     1     7.0   52.183 -110.266    646.9    844.1
     1     1    22    12    31    20     0     2     8.0   52.034 -110.152    655.6    842.2
     1     1    22    12    31    21     0     3     9.0   51.879 -110.027    666.9    842.2
     1     1    22    12    31    22     0     2    10.0   51.728 -109.890    674.7    843.5
     1     1    22    12    31    23     0     1    11.0   51.584 -109.744    678.6    845.2
     1     1    23     1     1     0     0     0    12.0   51.443 -109.586    680.3    846.8
     1     1    23     1     1     1     0     1    13.0   51.300 -109.414    679.9    848.2
     1     1    23     1     1     2     0     2    14.0   51.153 -109.226    677.4    849.7
     1     1    23     1     1     3     0     3    15.0   51.008 -109.025    676.5    850.9
     1     1    23     1     1     4     0     2    16.0   50.858 -108.808    684.4    848.9
     1     1    23     1     1     5     0     1    17.0   50.695 -108.570    701.5    843.9
     1     1    23     1     1     6     0     0    18.0   50.516 -108.312    717.9    838.3
     1     1    23     1     1     7     0     1    19.0   50.318 -108.039    721.5    832.8
     1     1    23     1     1     8     0     2    20.0   50.103 -107.755    721.8    833.4
     1     1    23     1     1     9     0     3    21.0   49.883 -107.470    743.9    833.9
     1     1    23     1     1    10     0     2    22.0   49.667 -107.191    787.0    831.4
     1     1    23     1     1    11     0     1    23.0   49.457 -106.917    832.8    827.2
     1     1    23     1     1    12     0     0    24.0   49.242 -106.636    869.3    820.8
     1     1    23     1     1    13     0     1    25.0   49.023 -106.338    897.3    814.3
     1     1    23     1     1    14     0     2    26.0   48.807 -106.035    920.8    813.4
     1     1    23     1     1    15     0     3    27.0   48.593 -105.739    933.1    818.5
     1     1    23     1     1    16     0     2    28.0   48.386 -105.439    929.2    824.6
     1     1    23     1     1    17     0     1    29.0   48.191 -105.126    906.6    830.7
     1     1    23     1     1    18     0     0    30.0   48.012 -104.797    878.2    839.0
     1     1    23     1     1    19     0     1    31.0   47.838 -104.460    873.7    840.2
     1     1    23     1     1    20     0     2    32.0   47.660 -104.120    893.6    833.5
     1     1    23     1     1    21     0     3    33.0   47.475 -103.770    910.8    825.6
     1     1    23     1     1    22     0     2    34.0   47.284 -103.407    916.4    822.3
     1     1    23     1     1    23     0     1    35.0   47.083 -103.041    929.1    821.1
     1     1    23     1     2     0     0     0    36.0   46.876 -102.699    944.2    820.1
     1     1    23     1     2     1     0     1    37.0   46.686 -102.393    935.2    823.8
     1     1    23     1     2     2     0     2    38.0   46.525 -102.114    900.4    831.4
     1     1    23     1     2     3     0     3    39.0   46.390 -101.851    852.0    839.7
     1     1    23     1     2     4     0     2    40.0   46.276 -101.585    800.5    846.2
     1     1    23     1     2     5     0     1    41.0   46.174 -101.306    748.7    852.6
     1     1    23     1     2     6     0     0    42.0   46.072 -101.021    693.1    859.6
     1     1    23     1     2     7     0     1    43.0   45.972 -100.746    657.4    868.0
     1     1    23     1     2     8     0     2    44.0   45.886 -100.492    651.7    869.1
     1     1    23     1     2     9     0     3    45.0   45.817 -100.258    656.6    869.3
     1     1    23     1     2    10     0     2    46.0   45.757 -100.035    655.2    870.0
     1     1    23     1     2    11     0     1    47.0   45.702  -99.818    642.0    873.0
     1     1    23     1     2    12     0     0    48.0   45.647  -99.609    622.5    876.7
     1     1    23     1     2    13     0     1    49.0   45.594  -99.411    593.3    880.8
     1     1    23     1     2    14     0     2    50.0   45.547  -99.222    546.0    887.1
     1     1    23     1     2    15     0     3    51.0   45.509  -99.036    475.4    896.7
     1     1    23     1     2    16     0     2    52.0   45.479  -98.859    404.3    910.1
     1     1    23     1     2    17     0     1    53.0   45.450  -98.704    350.8    917.9
     1     1    23     1     2    18     0     0    54.0   45.422  -98.572    307.2    924.4
     1     1    23     1     2    19     0     1    55.0   45.389  -98.465    274.4    930.4
     1     1    23     1     2    20     0     2    56.0   45.344  -98.383    256.7    933.5
     1     1    23     1     2    21     0     3    57.0   45.287  -98.327    255.6    934.4
     1     1    23     1     2    22     0     2    58.0   45.215  -98.312    258.1    932.8
     1     1    23     1     2    23     0     1    59.0   45.130  -98.354    252.1    933.1
     1     1    23     1     3     0     0     0    60.0   45.034  -98.451    243.0    933.8
     1     1    23     1     3     1     0     1    61.0   44.931  -98.584    243.7    933.2
     1     1    23     1     3     2     0     2    62.0   44.817  -98.742    255.1    929.3
     1     1    23     1     3     3     0     3    63.0   44.688  -98.938    266.0    924.4
     1     1    23     1     3     4     0     2    64.0   44.550  -99.163    279.7    920.5
     1     1    23     1     3     5     0     1    65.0   44.403  -99.399    309.9    914.6
     1     1    23     1     3     6     0     0    66.0   44.236  -99.648    359.4    907.0
     1     1    23     1     3     7     0     1    67.0   44.030  -99.904    419.2    899.4
     1     1    23     1     3     8     0     2    68.0   43.765 -100.159    483.1    884.0
     1     1    23     1     3     9     0     3    69.0   43.426 -100.439    539.7    862.6
     1     1    23     1     3    10     0     2    70.0   43.008 -100.743    566.7    842.8
     1     1    23     1     3    11     0     1    71.0   42.525 -101.012    574.5    833.4
     1     1    23     1     3    12     0     0    72.0   41.967 -101.226    550.6    825.7
     1     1    23     1     3    13     0     1    73.0   41.380 -101.347    553.8    834.0
     1     1    23     1     3    14     0     2    74.0   40.802 -101.397    631.4    825.8
     1     1    23     1     3    15     0     3    75.0   40.227 -101.410    742.0    813.8
     1     1    23     1     3    16     0     2    76.0   39.668 -101.376    825.5    801.8
     1     1    23     1     3    17     0     1    77.0   39.146 -101.255    848.9    800.2
     1     1    23     1     3    18     0     0    78.0   38.669 -101.065    857.0    808.7
     1     1    23     1     3    19     0     1    79.0   38.243 -100.825    852.2    810.7
     1     1    23     1     3    20     0     2    80.0   37.877 -100.562    816.4    820.3
     1     1    23     1     3    21     0     3    81.0   37.575 -100.299    771.9    832.6
     1     1    23     1     3    22     0     2    82.0   37.311 -100.040    717.1    845.8
     1     1    23     1     3    23     0     1    83.0   37.072  -99.781    650.6    861.9
     1     1    23     1     4     0     0     0    84.0   36.863  -99.526    584.3    873.7
     1     1    23     1     4     1     0     1    85.0   36.662  -99.274    514.3    882.8
     1     1    23     1     4     2     0     2    86.0   36.447  -99.024    431.5    894.6
     1     1    23     1     4     3     0     3    87.0   36.201  -98.793    348.5    909.4
     1     1    23     1     4     4     0     2    88.0   35.941  -98.593    283.0    923.3
     1     1    23     1     4     5     0     1    89.0   35.705  -98.422    237.3    934.6
     1     1    23     1     4     6     0     0    90.0   35.502  -98.271    206.9    942.3
     1     1    23     1     4     7     0     1    91.0   35.321  -98.136    190.2    947.7
     1     1    23     1     4     8     0     2    92.0   35.150  -98.021    184.4    950.3
     1     1    23     1     4     9     0     3    93.0   34.989  -97.924    184.2    950.6
     1     1    23     1     4    10     0     2    94.0   34.828  -97.843    186.8    952.1
     1     1    23     1     4    11     0     1    95.0   34.655  -97.780    191.0    953.7
     1     1    23     1     4    12     0     0    96.0   34.467  -97.731    195.3    955.5
     1     1    23     1     4    13     0     1    97.0   34.286  -97.697    196.8    957.9
     1     1    23     1     4    14     0     2    98.0   34.131  -97.674    193.6    960.8
     1     1    23     1     4    15     0     3    99.0   33.997  -97.659    185.6    964.0
     1     1    23     1     4    16     0     2   100.0   33.886  -97.638    174.0    965.8
     1     1    23     1     4    17     0     1   101.0   33.800  -97.600    160.6    968.1
     1     1    23     1     4    18     0     0   102.0   33.741  -97.543    146.8    970.8
     1     1    23     1     4    19     0     1   103.0   33.701  -97.465    132.5    972.9
     1     1    23     1     4    20     0     2   104.0   33.674  -97.368    117.8    975.2
     1     1    23     1     4    21     0     3   105.0   33.658  -97.252    103.7    977.8
     1     1    23     1     4    22     0     2   106.0   33.641  -97.134     91.4    980.9
     1     1    23     1     4    23     0     1   107.0   33.611  -97.033     80.6    983.6
     1     1    23     1     5     0     0     0   108.0   33.568  -96.949     70.4    985.7
     1     1    23     1     5     1     0     1   109.0   33.512  -96.885     60.9    988.7
     1     1    23     1     5     2     0     2   110.0   33.443  -96.840     52.9    991.5
     1     1    23     1     5     3     0     3   111.0   33.363  -96.817     46.8    993.7
     1     1    23     1     5     4     0     2   112.0   33.282  -96.801     43.0    995.0
     1     1    23     1     5     5     0     1   113.0   33.209  -96.777     40.9    996.1
     1     1    23     1     5     6     0     0   114.0   33.145  -96.744     39.6    997.2
     1     1    23     1     5     7     0     1   115.0   33.080  -96.700     37.1    998.2
     1     1    23     1     5     8     0     2   116.0   33.003  -96.643     32.3    999.7
     1     1    23     1     5     9     0     3   117.0   32.914  -96.573     26.5   1000.9
     1     1    23     1     5    10     0     2   118.0   32.820  -96.503     22.0   1001.9
     1     1    23     1     5    11     0     1   119.0   32.723  -96.442     19.0   1002.7
     1     1    23     1     5    12     0     0   120.0   32.620  -96.389     16.4   1003.5
