     8     1
    GDAS    22    12    22     0     0
    GDAS    22    12    29     0     0
    GDAS    23     1     1     0     0
    GDAS    23     1     8     0     0
    GDAS    23     1    15     0     0
    GDAS    23     1    22     0     0
    GDAS    23     1    29     0     0
    GDAS    23     2     1     0     0
     1 FORWARD  OMEGA   
    22    12    29    12   33.584 -124.890    10.3
     1 PRESSURE
     1     1    22    12    29    12     0     0     0.0   33.584 -124.890     10.3   1011.8
     1     1    22    12    29    13     0     1     1.0   33.616 -124.596     11.1   1011.9
     1     1    22    12    29    14     0     2     2.0   33.644 -124.303     12.4   1011.5
     1     1    22    12    29    15     0     3     3.0   33.664 -124.028     13.3   1010.9
     1     1    22    12    29    16     0     2     4.0   33.675 -123.767     13.7   1012.0
     1     1    22    12    29    17     0     1     5.0   33.678 -123.513     14.2   1013.0
     1     1    22    12    29    18     0     0     6.0   33.673 -123.274     14.5   1014.1
     1     1    22    12    29    19     0     1     7.0   33.661 -123.046     14.1   1014.0
     1     1    22    12    29    20     0     2     8.0   33.644 -122.824     13.1   1014.1
     1     1    22    12    29    21     0     3     9.0   33.625 -122.608     11.6   1014.4
     1     1    22    12    29    22     0     2    10.0   33.605 -122.400     10.4   1014.7
     1     1    22    12    29    23     0     1    11.0   33.583 -122.197      9.8   1014.6
     1     1    22    12    30     0     0     0    12.0   33.558 -121.995      9.6   1014.6
     1     1    22    12    30     1     0     1    13.0   33.523 -121.804      9.7   1014.5
     1     1    22    12    30     2     0     2    14.0   33.473 -121.633     10.1   1014.4
     1     1    22    12    30     3     0     3    15.0   33.408 -121.478     10.9   1014.2
     1     1    22    12    30     4     0     2    16.0   33.337 -121.331     12.0   1015.2
     1     1    22    12    30     5     0     1    17.0   33.267 -121.188     13.2   1016.2
     1     1    22    12    30     6     0     0    18.0   33.194 -121.046     14.3   1017.2
     1     1    22    12    30     7     0     1    19.0   33.118 -120.906     15.2   1017.1
     1     1    22    12    30     8     0     2    20.0   33.044 -120.767     16.0   1017.0
     1     1    22    12    30     9     0     3    21.0   32.973 -120.628     16.2   1017.1
     1     1    22    12    30    10     0     2    22.0   32.907 -120.487     16.2   1016.7
     1     1    22    12    30    11     0     1    23.0   32.843 -120.339     16.2   1016.1
     1     1    22    12    30    12     0     0    24.0   32.779 -120.183     16.6   1015.2
     1     1    22    12    30    13     0     1    25.0   32.713 -120.030     17.1   1015.7
     1     1    22    12    30    14     0     2    26.0   32.648 -119.897     17.3   1016.5
     1     1    22    12    30    15     0     3    27.0   32.589 -119.789     17.1   1017.4
     1     1    22    12    30    16     0     2    28.0   32.538 -119.692     16.7   1017.7
     1     1    22    12    30    17     0     1    29.0   32.494 -119.595     16.1   1018.0
     1     1    22    12    30    18     0     0    30.0   32.459 -119.495     15.0   1018.3
     1     1    22    12    30    19     0     1    31.0   32.429 -119.387     13.8   1018.4
     1     1    22    12    30    20     0     2    32.0   32.394 -119.268     12.7   1018.4
     1     1    22    12    30    21     0     3    33.0   32.352 -119.133     11.9   1018.3
     1     1    22    12    30    22     0     2    34.0   32.300 -118.989     11.3   1017.5
     1     1    22    12    30    23     0     1    35.0   32.238 -118.848     10.6   1016.7
     1     1    22    12    31     0     0     0    36.0   32.166 -118.719      9.9   1016.0
     1     1    22    12    31     1     0     1    37.0   32.085 -118.606      9.4   1017.2
     1     1    22    12    31     2     0     2    38.0   31.995 -118.509      9.1   1018.6
     1     1    22    12    31     3     0     3    39.0   31.900 -118.422      9.0   1019.9
     1     1    22    12    31     4     0     2    40.0   31.805 -118.342      8.9   1019.9
     1     1    22    12    31     5     0     1    41.0   31.712 -118.267      8.8   1019.9
     1     1    22    12    31     6     0     0    42.0   31.621 -118.198      8.6   1020.0
     1     1    22    12    31     7     0     1    43.0   31.532 -118.138      8.4   1018.7
     1     1    22    12    31     8     0     2    44.0   31.444 -118.085      8.4   1017.5
     1     1    22    12    31     9     0     3    45.0   31.358 -118.036      8.4   1016.3
     1     1    22    12    31    10     0     2    46.0   31.274 -117.989      8.4   1016.3
     1     1    22    12    31    11     0     1    47.0   31.190 -117.942      8.4   1016.3
     1     1    22    12    31    12     0     0    48.0   31.103 -117.892      8.3   1016.3
     1     1    22    12    31    13     0     1    49.0   31.017 -117.837      8.2   1016.2
     1     1    22    12    31    14     0     2    50.0   30.938 -117.775      8.0   1016.1
     1     1    22    12    31    15     0     3    51.0   30.867 -117.703      7.7   1016.0
     1     1    22    12    31    16     0     2    52.0   30.810 -117.616      7.2   1016.0
     1     1    22    12    31    17     0     1    53.0   30.768 -117.507      6.3   1015.9
     1     1    22    12    31    18     0     0    54.0   30.738 -117.378      5.0   1015.9
     1     1    22    12    31    19     0     1    55.0   30.708 -117.232      3.2   1016.0
     1     1    22    12    31    20     0     2    56.0   30.662 -117.072      1.0   1016.2
     1     1    22    12    31    21     0     3    57.0   30.600 -116.901      0.0   1014.2
     1     1    22    12    31    22     0     2    58.0   30.537 -116.736      1.3   1010.4
     1     1    22    12    31    23     0     1    59.0   30.481 -116.592      4.3   1007.7
     1     1    23     1     1     0     0     0    60.0   30.430 -116.470      7.3   1005.9
     1     1    23     1     1     1     0     1    61.0   30.381 -116.362      9.8   1005.6
     1     1    23     1     1     2     0     2    62.0   30.331 -116.262     12.0   1005.4
     1     1    23     1     1     3     0     3    63.0   30.282 -116.167     14.1   1005.5
     1     1    23     1     1     4     0     2    64.0   30.235 -116.081     15.4   1005.7
     1     1    23     1     1     5     0     1    65.0   30.190 -116.008     15.3   1006.7
     1     1    23     1     1     6     0     0    66.0   30.151 -115.942     14.0   1004.3
     1     1    23     1     1     7     0     1    67.0   30.141 -115.877     13.6    999.6
     1     1    23     1     1     8     0     2    68.0   30.176 -115.817     16.5    993.2
     1     1    23     1     1     9     0     3    69.0   30.251 -115.763     25.6    986.2
     1     1    23     1     1    10     0     2    70.0   30.354 -115.700     45.5    978.1
     1     1    23     1     1    11     0     1    71.0   30.476 -115.620     75.6    968.1
     1     1    23     1     1    12     0     0    72.0   30.611 -115.533    113.6    957.8
     1     1    23     1     1    13     0     1    73.0   30.724 -115.435    167.0    949.1
     1     1    23     1     1    14     0     2    74.0   30.793 -115.298    222.6    936.5
     1     1    23     1     1    15     0     3    75.0   30.840 -115.141    217.6    929.2
     1     1    23     1     1    16     0     2    76.0   30.872 -114.992    166.4    936.1
     1     1    23     1     1    17     0     1    77.0   30.920 -114.828    122.8    953.8
     1     1    23     1     1    18     0     0    78.0   31.046 -114.649     95.4    967.7
     1     1    23     1     1    19     0     1    79.0   31.233 -114.440     84.4    979.2
     1     1    23     1     1    20     0     2    80.0   31.421 -114.188    102.6    985.4
     1     1    23     1     1    21     0     3    81.0   31.573 -113.844    211.6    975.1
     1     1    23     1     1    22     0     2    82.0   31.714 -113.373    456.5    935.5
     1     1    23     1     1    23     0     1    83.0   31.897 -112.833    832.7    872.2
     1     1    23     1     2     0     0     0    84.0   32.146 -112.310   1190.7    809.5
     1     1    23     1     2     1     0     1    85.0   32.432 -111.801   1442.7    780.6
     1     1    23     1     2     2     0     2    86.0   32.743 -111.279   1588.6    752.1
     1     1    23     1     2     3     0     3    87.0   33.052 -110.740   1682.6    732.3
     1     1    23     1     2     4     0     2    88.0   33.383 -110.192   1825.8    687.5
     1     1    23     1     2     5     0     1    89.0   33.866 -109.682   1939.0    612.0
     1     1    23     1     2     6     0     0    90.0   34.459 -109.232   1919.7    598.8
     1     1    23     1     2     7     0     1    91.0   34.956 -108.763   1967.3    623.1
     1     1    23     1     2     8     0     2    92.0   35.498 -108.254   2066.2    592.7
     1     1    23     1     2     9     0     3    93.0   36.061 -107.807   2206.7    601.3
     1     1    23     1     2    10     0     2    94.0   36.579 -107.432   2455.3    568.3
     1     1    23     1     2    11     0     1    95.0   37.069 -107.067   2649.5    531.1
     1     1    23     1     2    12     0     0    96.0   37.599 -106.710   2459.2    498.2
     1     1    23     1     2    13     0     1    97.0   38.080 -106.447   2135.1    545.7
     1     1    23     1     2    14     0     2    98.0   38.492 -106.287   1985.7    558.2
     1     1    23     1     2    15     0     3    99.0   38.851 -106.159   1965.4    545.6
     1     1    23     1     2    16     0     2   100.0   39.180 -106.035   1986.1    543.3
     1     1    23     1     2    17     0     1   101.0   39.466 -105.937   2052.8    548.5
     1     1    23     1     2    18     0     0   102.0   39.712 -105.872   2226.5    546.9
     1     1    23     1     2    19     0     1   103.0   39.948 -105.854   2459.4    530.7
     1     1    23     1     2    20     0     2   104.0   40.163 -105.871   2634.0    516.2
     1     1    23     1     2    21     0     3   105.0   40.339 -105.899   2735.4    508.4
     1     1    23     1     2    22     0     2   106.0   40.480 -105.915   2796.8    505.1
     1     1    23     1     2    23     0     1   107.0   40.595 -105.919   2835.7    503.1
     1     1    23     1     3     0     0     0   108.0   40.674 -105.909   2854.2    503.0
     1     1    23     1     3     1     0     1   109.0   40.719 -105.883   2854.0    504.8
     1     1    23     1     3     2     0     2   110.0   40.730 -105.834   2846.0    508.9
     1     1    23     1     3     3     0     3   111.0   40.692 -105.758   2846.7    513.6
     1     1    23     1     3     4     0     2   112.0   40.598 -105.658   2860.8    518.6
     1     1    23     1     3     5     0     1   113.0   40.456 -105.535   2884.0    525.0
     1     1    23     1     3     6     0     0   114.0   40.261 -105.376   2898.1    536.0
     1     1    23     1     3     7     0     1   115.0   40.019 -105.151   2902.4    558.5
     1     1    23     1     3     8     0     2   116.0   39.750 -104.849   2855.7    558.5
     1     1    23     1     3     9     0     3   117.0   39.456 -104.484   2799.7    553.9
     1     1    23     1     3    10     0     2   118.0   39.132 -104.057   2816.1    563.0
     1     1    23     1     3    11     0     1   119.0   38.811 -103.578   2919.0    567.1
     1     1    23     1     3    12     0     0   120.0   38.486 -103.049   2983.3    576.0
