     8     1
    GDAS    22    12    22     0     0
    GDAS    22    12    29     0     0
    GDAS    23     1     1     0     0
    GDAS    23     1     8     0     0
    GDAS    23     1    15     0     0
    GDAS    23     1    22     0     0
    GDAS    23     1    29     0     0
    GDAS    23     2     1     0     0
     1 FORWARD  OMEGA   
    23     1    20    13   44.953 -104.182  1090.2
     1 PRESSURE
     1     1    23     1    20    13     0     1     0.0   44.953 -104.182   1090.2    782.3
     1     1    23     1    20    14     0     2     1.0   44.692 -103.834   1035.4    772.1
     1     1    23     1    20    15     0     3     2.0   44.448 -103.521    944.9    782.3
     1     1    23     1    20    16     0     2     3.0   44.225 -103.232    857.8    806.0
     1     1    23     1    20    17     0     1     4.0   44.023 -102.963    806.7    828.3
     1     1    23     1    20    18     0     0     5.0   43.841 -102.722    766.8    831.7
     1     1    23     1    20    19     0     1     6.0   43.693 -102.515    730.6    835.9
     1     1    23     1    20    20     0     2     7.0   43.583 -102.335    710.0    836.9
     1     1    23     1    20    21     0     3     8.0   43.500 -102.167    707.8    835.9
     1     1    23     1    20    22     0     2     9.0   43.419 -101.997    708.1    832.4
     1     1    23     1    20    23     0     1    10.0   43.317 -101.819    685.4    833.6
     1     1    23     1    21     0     0     0    11.0   43.199 -101.632    629.7    838.8
     1     1    23     1    21     1     0     1    12.0   43.076 -101.446    561.2    847.5
     1     1    23     1    21     2     0     2    13.0   42.950 -101.261    508.6    853.8
     1     1    23     1    21     3     0     3    14.0   42.820 -101.074    483.0    858.8
     1     1    23     1    21     4     0     2    15.0   42.695 -100.886    483.5    860.7
     1     1    23     1    21     5     0     1    16.0   42.586 -100.704    501.0    861.5
     1     1    23     1    21     6     0     0    17.0   42.499 -100.529    531.2    861.2
     1     1    23     1    21     7     0     1    18.0   42.420 -100.358    559.2    859.5
     1     1    23     1    21     8     0     2    19.0   42.336 -100.187    566.7    861.1
     1     1    23     1    21     9     0     3    20.0   42.251 -100.009    541.5    865.7
     1     1    23     1    21    10     0     2    21.0   42.155  -99.817    492.8    873.6
     1     1    23     1    21    11     0     1    22.0   42.041  -99.610    437.9    880.1
     1     1    23     1    21    12     0     0    23.0   41.924  -99.377    378.8    888.0
     1     1    23     1    21    13     0     1    24.0   41.812  -99.151    330.4    896.9
     1     1    23     1    21    14     0     2    25.0   41.705  -98.972    303.7    902.1
     1     1    23     1    21    15     0     3    26.0   41.599  -98.840    294.2    905.5
     1     1    23     1    21    16     0     2    27.0   41.492  -98.733    289.6    906.9
     1     1    23     1    21    17     0     1    28.0   41.386  -98.632    281.4    910.2
     1     1    23     1    21    18     0     0    29.0   41.287  -98.542    273.4    913.2
     1     1    23     1    21    19     0     1    30.0   41.194  -98.457    269.2    915.4
     1     1    23     1    21    20     0     2    31.0   41.100  -98.368    273.0    916.3
     1     1    23     1    21    21     0     3    32.0   41.008  -98.271    288.6    916.1
     1     1    23     1    21    22     0     2    33.0   40.911  -98.178    313.3    914.2
     1     1    23     1    21    23     0     1    34.0   40.790  -98.107    333.7    913.1
     1     1    23     1    22     0     0     0    35.0   40.636  -98.059    343.4    913.5
     1     1    23     1    22     1     0     1    36.0   40.457  -98.020    341.0    915.3
     1     1    23     1    22     2     0     2    37.0   40.263  -97.982    316.9    918.7
     1     1    23     1    22     3     0     3    38.0   40.052  -97.954    260.0    926.7
     1     1    23     1    22     4     0     2    39.0   39.859  -97.916    206.5    937.6
     1     1    23     1    22     5     0     1    40.0   39.700  -97.851    180.8    940.0
     1     1    23     1    22     6     0     0    41.0   39.559  -97.770    170.1    941.3
     1     1    23     1    22     7     0     1    42.0   39.412  -97.683    164.9    942.3
     1     1    23     1    22     8     0     2    43.0   39.248  -97.593    161.0    944.0
     1     1    23     1    22     9     0     3    44.0   39.073  -97.495    161.0    945.7
     1     1    23     1    22    10     0     2    45.0   38.883  -97.398    164.4    945.9
     1     1    23     1    22    11     0     1    46.0   38.676  -97.307    164.9    945.5
     1     1    23     1    22    12     0     0    47.0   38.458  -97.215    158.6    945.9
     1     1    23     1    22    13     0     1    48.0   38.238  -97.127    143.4    947.6
     1     1    23     1    22    14     0     2    49.0   38.022  -97.062    120.8    949.7
     1     1    23     1    22    15     0     3    50.0   37.817  -97.022     98.4    954.1
     1     1    23     1    22    16     0     2    51.0   37.636  -96.981     82.9    958.4
     1     1    23     1    22    17     0     1    52.0   37.476  -96.919     75.2    961.4
     1     1    23     1    22    18     0     0    53.0   37.327  -96.841     72.6    963.7
     1     1    23     1    22    19     0     1    54.0   37.179  -96.756     73.4    965.2
     1     1    23     1    22    20     0     2    55.0   37.033  -96.665     77.0    966.5
     1     1    23     1    22    21     0     3    56.0   36.888  -96.561     81.1    967.6
     1     1    23     1    22    22     0     2    57.0   36.745  -96.461     77.6    969.8
     1     1    23     1    22    23     0     1    58.0   36.605  -96.384     66.1    974.0
     1     1    23     1    23     0     0     0    59.0   36.475  -96.331     53.0    978.1
     1     1    23     1    23     1     0     1    60.0   36.362  -96.296     43.8    981.3
     1     1    23     1    23     2     0     2    61.0   36.269  -96.271     39.8    983.5
     1     1    23     1    23     3     0     3    62.0   36.197  -96.264     40.0    985.0
     1     1    23     1    23     4     0     2    63.0   36.140  -96.263     42.0    985.3
     1     1    23     1    23     5     0     1    64.0   36.092  -96.253     43.6    985.8
     1     1    23     1    23     6     0     0    65.0   36.053  -96.233     44.1    986.4
     1     1    23     1    23     7     0     1    66.0   36.018  -96.207     45.1    987.1
     1     1    23     1    23     8     0     2    67.0   35.981  -96.178     48.0    987.4
     1     1    23     1    23     9     0     3    68.0   35.940  -96.148     53.3    987.5
     1     1    23     1    23    10     0     2    69.0   35.895  -96.125     59.6    987.6
     1     1    23     1    23    11     0     1    70.0   35.850  -96.123     64.8    987.7
     1     1    23     1    23    12     0     0    71.0   35.803  -96.142     68.5    987.7
     1     1    23     1    23    13     0     1    72.0   35.760  -96.174     71.6    987.4
     1     1    23     1    23    14     0     2    73.0   35.725  -96.213     75.2    986.8
     1     1    23     1    23    15     0     3    74.0   35.698  -96.254     79.7    986.3
     1     1    23     1    23    16     0     2    75.0   35.681  -96.285     83.3    985.5
     1     1    23     1    23    17     0     1    76.0   35.674  -96.293     83.9    985.5
     1     1    23     1    23    18     0     0    77.0   35.677  -96.276     81.3    986.2
     1     1    23     1    23    19     0     1    78.0   35.682  -96.250     77.0    986.8
     1     1    23     1    23    20     0     2    79.0   35.679  -96.230     72.3    987.2
     1     1    23     1    23    21     0     3    80.0   35.670  -96.215     67.4    987.6
     1     1    23     1    23    22     0     2    81.0   35.658  -96.217     64.1    987.8
     1     1    23     1    23    23     0     1    82.0   35.648  -96.245     64.1    987.0
     1     1    23     1    24     0     0     0    83.0   35.641  -96.302     66.9    985.6
     1     1    23     1    24     1     0     1    84.0   35.643  -96.380     70.3    984.2
     1     1    23     1    24     2     0     2    85.0   35.661  -96.470     71.8    983.2
     1     1    23     1    24     3     0     3    86.0   35.698  -96.572     71.7    982.5
     1     1    23     1    24     4     0     2    87.0   35.753  -96.673     70.4    981.9
     1     1    23     1    24     5     0     1    88.0   35.824  -96.759     68.2    981.7
     1     1    23     1    24     6     0     0    89.0   35.910  -96.828     65.9    981.9
     1     1    23     1    24     7     0     1    90.0   35.994  -96.894     65.5    981.9
     1     1    23     1    24     8     0     2    91.0   36.058  -96.978     67.8    980.1
     1     1    23     1    24     9     0     3    92.0   36.101  -97.080     72.3    978.0
     1     1    23     1    24    10     0     2    93.0   36.135  -97.190     80.0    975.4
     1     1    23     1    24    11     0     1    94.0   36.176  -97.293     90.2    972.4
     1     1    23     1    24    12     0     0    95.0   36.225  -97.386    100.1    969.8
     1     1    23     1    24    13     0     1    96.0   36.272  -97.461    112.1    968.3
     1     1    23     1    24    14     0     2    97.0   36.310  -97.517    133.2    966.0
     1     1    23     1    24    15     0     3    98.0   36.341  -97.559    170.5    961.5
     1     1    23     1    24    16     0     2    99.0   36.358  -97.624    214.3    952.9
     1     1    23     1    24    17     0     1   100.0   36.349  -97.745    237.5    948.2
     1     1    23     1    24    18     0     0   101.0   36.310  -97.927    234.1    946.7
     1     1    23     1    24    19     0     1   102.0   36.250  -98.132    230.7    945.4
     1     1    23     1    24    20     0     2   103.0   36.170  -98.325    246.2    937.4
     1     1    23     1    24    21     0     3   104.0   36.070  -98.506    269.8    928.3
     1     1    23     1    24    22     0     2   105.0   35.938  -98.660    290.2    921.0
     1     1    23     1    24    23     0     1   106.0   35.762  -98.776    297.5    918.0
     1     1    23     1    25     0     0     0   107.0   35.540  -98.858    283.0    919.9
     1     1    23     1    25     1     0     1   108.0   35.292  -98.915    254.7    926.9
     1     1    23     1    25     2     0     2   109.0   35.050  -98.947    224.3    933.1
     1     1    23     1    25     3     0     3   110.0   34.818  -98.942    196.0    940.2
     1     1    23     1    25     4     0     2   111.0   34.589  -98.895    169.7    946.7
     1     1    23     1    25     5     0     1   112.0   34.365  -98.807    145.4    953.9
     1     1    23     1    25     6     0     0   113.0   34.150  -98.683    125.9    959.8
     1     1    23     1    25     7     0     1   114.0   33.945  -98.525    111.4    964.0
     1     1    23     1    25     8     0     2   115.0   33.755  -98.336     99.2    965.4
     1     1    23     1    25     9     0     3   116.0   33.586  -98.117     86.5    967.2
     1     1    23     1    25    10     0     2   117.0   33.432  -97.892     76.0    970.6
     1     1    23     1    25    11     0     1   118.0   33.284  -97.678     69.3    974.7
     1     1    23     1    25    12     0     0   119.0   33.141  -97.475     63.7    979.5
     1     1    23     1    25    13     0     1   120.0   33.007  -97.285     56.3    985.4
