     8     1
    GDAS    22    12    22     0     0
    GDAS    22    12    29     0     0
    GDAS    23     1     1     0     0
    GDAS    23     1     8     0     0
    GDAS    23     1    15     0     0
    GDAS    23     1    22     0     0
    GDAS    23     1    29     0     0
    GDAS    23     2     1     0     0
     1 FORWARD  OMEGA   
    23     1    14    11   26.634 -126.030     7.8
     1 PRESSURE
     1     1    23     1    14    11     0     1     0.0   26.634 -126.030      7.8   1017.1
     1     1    23     1    14    12     0     0     1.0   26.618 -125.905      8.5   1015.9
     1     1    23     1    14    13     0     1     2.0   26.607 -125.776      8.9   1017.1
     1     1    23     1    14    14     0     2     3.0   26.610 -125.637      8.7   1018.3
     1     1    23     1    14    15     0     3     4.0   26.627 -125.491      8.1   1019.5
     1     1    23     1    14    16     0     2     5.0   26.650 -125.338      7.4   1019.6
     1     1    23     1    14    17     0     1     6.0   26.670 -125.179      7.2   1019.6
     1     1    23     1    14    18     0     0     7.0   26.687 -125.016      7.4   1019.7
     1     1    23     1    14    19     0     1     8.0   26.700 -124.844      7.9   1018.6
     1     1    23     1    14    20     0     2     9.0   26.708 -124.656      8.5   1017.5
     1     1    23     1    14    21     0     3    10.0   26.708 -124.454      8.9   1016.2
     1     1    23     1    14    22     0     2    11.0   26.695 -124.240      9.1   1015.9
     1     1    23     1    14    23     0     1    12.0   26.665 -124.020      9.6   1015.8
     1     1    23     1    15     0     0     0    13.0   26.625 -123.796     10.5   1015.8
     1     1    23     1    15     1     0     1    14.0   26.591 -123.575     11.5   1016.0
     1     1    23     1    15     2     0     2    15.0   26.561 -123.359     12.0   1016.4
     1     1    23     1    15     3     0     3    16.0   26.525 -123.144     11.7   1017.1
     1     1    23     1    15     4     0     2    17.0   26.482 -122.928     11.2   1018.0
     1     1    23     1    15     5     0     1    18.0   26.440 -122.711     10.8   1018.7
     1     1    23     1    15     6     0     0    19.0   26.400 -122.497     11.0   1019.2
     1     1    23     1    15     7     0     1    20.0   26.368 -122.283     11.3   1017.9
     1     1    23     1    15     8     0     2    21.0   26.358 -122.065     11.1   1016.6
     1     1    23     1    15     9     0     3    22.0   26.372 -121.839     10.1   1015.6
     1     1    23     1    15    10     0     2    23.0   26.393 -121.608      9.2   1015.7
     1     1    23     1    15    11     0     1    24.0   26.403 -121.375      8.7   1015.7
     1     1    23     1    15    12     0     0    25.0   26.399 -121.141      8.1   1015.7
     1     1    23     1    15    13     0     1    26.0   26.394 -120.909      7.4   1015.7
     1     1    23     1    15    14     0     2    27.0   26.401 -120.682      6.8   1015.8
     1     1    23     1    15    15     0     3    28.0   26.420 -120.463      6.1   1015.8
     1     1    23     1    15    16     0     2    29.0   26.443 -120.248      5.3   1016.0
     1     1    23     1    15    17     0     1    30.0   26.461 -120.034      4.5   1015.9
     1     1    23     1    15    18     0     0    31.0   26.478 -119.820      3.7   1015.9
     1     1    23     1    15    19     0     1    32.0   26.501 -119.607      3.1   1015.3
     1     1    23     1    15    20     0     2    33.0   26.536 -119.396      2.6   1014.7
     1     1    23     1    15    21     0     3    34.0   26.581 -119.187      1.9   1013.9
     1     1    23     1    15    22     0     2    35.0   26.633 -118.978      1.1   1013.3
     1     1    23     1    15    23     0     1    36.0   26.689 -118.765      0.5   1012.9
     1     1    23     1    16     0     0     0    37.0   26.748 -118.549      0.1   1012.7
     1     1    23     1    16     1     0     1    38.0   26.806 -118.336      0.0   1013.5
     1     1    23     1    16     2     0     2    39.0   26.866 -118.123      0.2   1014.6
     1     1    23     1    16     3     0     3    40.0   26.930 -117.909      1.4   1015.9
     1     1    23     1    16     4     0     2    41.0   27.001 -117.698      3.3   1015.9
     1     1    23     1    16     5     0     1    42.0   27.080 -117.497      5.2   1015.6
     1     1    23     1    16     6     0     0    43.0   27.170 -117.306      7.2   1015.3
     1     1    23     1    16     7     0     1    44.0   27.266 -117.114      8.9   1014.1
     1     1    23     1    16     8     0     2    45.0   27.360 -116.908     10.1   1013.0
     1     1    23     1    16     9     0     3    46.0   27.456 -116.694     10.9   1012.0
     1     1    23     1    16    10     0     2    47.0   27.557 -116.478     11.5   1012.0
     1     1    23     1    16    11     0     1    48.0   27.656 -116.260     12.2   1011.9
     1     1    23     1    16    12     0     0    49.0   27.750 -116.025     13.0   1011.8
     1     1    23     1    16    13     0     1    50.0   27.840 -115.785     13.2   1011.9
     1     1    23     1    16    14     0     2    51.0   27.926 -115.559     12.3   1012.1
     1     1    23     1    16    15     0     3    52.0   28.007 -115.350     10.7   1012.3
     1     1    23     1    16    16     0     2    53.0   28.085 -115.151      9.0   1013.7
     1     1    23     1    16    17     0     1    54.0   28.168 -114.959      7.3   1014.6
     1     1    23     1    16    18     0     0    55.0   28.264 -114.772      6.1   1013.0
     1     1    23     1    16    19     0     1    56.0   28.375 -114.578      5.9   1007.2
     1     1    23     1    16    20     0     2    57.0   28.488 -114.374      7.5    999.4
     1     1    23     1    16    21     0     3    58.0   28.596 -114.174     12.3    990.0
     1     1    23     1    16    22     0     2    59.0   28.712 -114.000     29.3    979.1
     1     1    23     1    16    23     0     1    60.0   28.859 -113.861     80.7    972.5
     1     1    23     1    17     0     0     0    61.0   29.054 -113.747    216.8    962.6
     1     1    23     1    17     1     0     1    62.0   29.299 -113.582    400.4    946.5
     1     1    23     1    17     2     0     2    63.0   29.555 -113.365    525.0    939.7
     1     1    23     1    17     3     0     3    64.0   29.841 -113.150    548.3    939.2
     1     1    23     1    17     4     0     2    65.0   30.211 -112.956    541.8    948.2
     1     1    23     1    17     5     0     1    66.0   30.675 -112.744    660.5    924.3
     1     1    23     1    17     6     0     0    67.0   31.182 -112.459    883.6    872.2
     1     1    23     1    17     7     0     1    68.0   31.720 -112.090   1137.5    819.6
     1     1    23     1    17     8     0     2    69.0   32.266 -111.650   1471.3    779.4
     1     1    23     1    17     9     0     3    70.0   32.765 -111.200   1913.7    731.1
     1     1    23     1    17    10     0     2    71.0   33.283 -110.711   2301.0    651.8
     1     1    23     1    17    11     0     1    72.0   33.877 -110.147   2757.8    585.5
     1     1    23     1    17    12     0     0    73.0   34.494 -109.480   3212.8    507.7
     1     1    23     1    17    13     0     1    74.0   35.043 -108.776   3464.4    505.4
     1     1    23     1    17    14     0     2    75.0   35.590 -108.079   3597.0    476.4
     1     1    23     1    17    15     0     3    76.0   36.143 -107.403   3568.6    488.0
     1     1    23     1    17    16     0     2    77.0   36.645 -106.752   3687.9    479.5
     1     1    23     1    17    17     0     1    78.0   37.189 -106.127   3945.9    440.1
     1     1    23     1    17    18     0     0    79.0   37.809 -105.497   3942.3    426.7
     1     1    23     1    17    19     0     1    80.0   38.353 -104.958   3573.4    463.1
     1     1    23     1    17    20     0     2    81.0   38.784 -104.497   3348.9    507.6
     1     1    23     1    17    21     0     3    82.0   39.130 -104.116   3312.0    525.6
     1     1    23     1    17    22     0     2    83.0   39.455 -103.833   3377.2    539.8
     1     1    23     1    17    23     0     1    84.0   39.788 -103.619   3579.6    532.3
     1     1    23     1    18     0     0     0    85.0   40.092 -103.423   3838.9    516.1
     1     1    23     1    18     1     0     1    86.0   40.366 -103.266   4020.0    498.7
     1     1    23     1    18     2     0     2    87.0   40.640 -103.176   4055.2    498.7
     1     1    23     1    18     3     0     3    88.0   40.911 -103.152   3996.0    506.5
     1     1    23     1    18     4     0     2    89.0   41.191 -103.176   3964.4    515.3
     1     1    23     1    18     5     0     1    90.0   41.482 -103.236   4018.6    511.5
     1     1    23     1    18     6     0     0    91.0   41.754 -103.333   4128.1    504.8
     1     1    23     1    18     7     0     1    92.0   41.995 -103.468   4307.2    496.6
     1     1    23     1    18     8     0     2    93.0   42.203 -103.631   4567.1    479.3
     1     1    23     1    18     9     0     3    94.0   42.381 -103.820   4933.2    457.2
     1     1    23     1    18    10     0     2    95.0   42.537 -104.050   5382.3    422.8
     1     1    23     1    18    11     0     1    96.0   42.676 -104.319   5743.7    394.2
     1     1    23     1    18    12     0     0    97.0   42.805 -104.615   5995.3    379.1
     1     1    23     1    18    13     0     1    98.0   42.918 -104.901   6185.8    365.5
     1     1    23     1    18    14     0     2    99.0   42.995 -105.138   6317.1    356.3
     1     1    23     1    18    15     0     3   100.0   43.025 -105.336   6412.8    349.3
     1     1    23     1    18    16     0     2   101.0   43.031 -105.514   6498.2    343.5
     1     1    23     1    18    17     0     1   102.0   43.058 -105.686   6580.6    337.1
     1     1    23     1    18    18     0     0   103.0   43.127 -105.854   6651.7    332.3
     1     1    23     1    18    19     0     1   104.0   43.244 -105.973   6695.5    329.7
     1     1    23     1    18    20     0     2   105.0   43.391 -105.994   6690.6    331.8
     1     1    23     1    18    21     0     3   106.0   43.541 -105.918   6625.0    337.8
     1     1    23     1    18    22     0     2   107.0   43.679 -105.771   6553.6    346.6
     1     1    23     1    18    23     0     1   108.0   43.831 -105.592   6514.8    350.1
     1     1    23     1    19     0     0     0   109.0   44.004 -105.405   6483.2    352.3
     1     1    23     1    19     1     0     1   110.0   44.201 -105.197   6430.0    355.7
     1     1    23     1    19     2     0     2   111.0   44.429 -104.942   6333.2    363.2
     1     1    23     1    19     3     0     3   112.0   44.701 -104.637   6247.1    373.9
     1     1    23     1    19     4     0     2   113.0   44.966 -104.286   6225.4    385.8
     1     1    23     1    19     5     0     1   114.0   45.222 -103.898   6207.5    391.7
     1     1    23     1    19     6     0     0   115.0   45.492 -103.500   6184.1    395.3
     1     1    23     1    19     7     0     1   116.0   45.763 -103.119   6166.9    399.1
     1     1    23     1    19     8     0     2   117.0   46.052 -102.745   6174.7    401.2
     1     1    23     1    19     9     0     3   118.0   46.353 -102.370   6205.5    402.7
     1     1    23     1    19    10     0     2   119.0   46.666 -102.014   6242.4    403.9
     1     1    23     1    19    11     0     1   120.0   47.000 -101.696   6275.8    403.9
