     8     1
    GDAS    22    12    22     0     0
    GDAS    22    12    29     0     0
    GDAS    23     1     1     0     0
    GDAS    23     1     8     0     0
    GDAS    23     1    15     0     0
    GDAS    23     1    22     0     0
    GDAS    23     1    29     0     0
    GDAS    23     2     1     0     0
     1 FORWARD  OMEGA   
    23     1    18    15   45.327 -117.728  1835.7
     1 PRESSURE
     1     1    23     1    18    15     0     3     0.0   45.327 -117.728   1835.7    688.5
     1     1    23     1    18    16     0     2     1.0   45.381 -117.367   1794.3    694.6
     1     1    23     1    18    17     0     1     2.0   45.456 -117.016   1713.0    706.5
     1     1    23     1    18    18     0     0     3.0   45.556 -116.678   1592.3    716.4
     1     1    23     1    18    19     0     1     4.0   45.678 -116.366   1478.5    730.4
     1     1    23     1    18    20     0     2     5.0   45.821 -116.101   1378.5    746.7
     1     1    23     1    18    21     0     3     6.0   45.982 -115.898   1274.5    764.2
     1     1    23     1    18    22     0     2     7.0   46.154 -115.732   1171.5    763.1
     1     1    23     1    18    23     0     1     8.0   46.318 -115.540   1113.7    753.9
     1     1    23     1    19     0     0     0     9.0   46.464 -115.296   1091.2    738.7
     1     1    23     1    19     1     0     1    10.0   46.592 -114.995   1065.4    722.5
     1     1    23     1    19     2     0     2    11.0   46.709 -114.673   1033.5    728.1
     1     1    23     1    19     3     0     3    12.0   46.807 -114.363   1004.2    734.1
     1     1    23     1    19     4     0     2    13.0   46.878 -114.070    980.0    741.5
     1     1    23     1    19     5     0     1    14.0   46.923 -113.766    969.1    743.8
     1     1    23     1    19     6     0     0    15.0   46.949 -113.405    978.0    742.6
     1     1    23     1    19     7     0     1    16.0   46.951 -112.940   1003.6    739.9
     1     1    23     1    19     8     0     2    17.0   46.962 -112.378    970.0    745.2
     1     1    23     1    19     9     0     3    18.0   47.016 -111.801    823.9    757.3
     1     1    23     1    19    10     0     2    19.0   47.086 -111.227    651.3    758.0
     1     1    23     1    19    11     0     1    20.0   47.121 -110.650    560.0    776.4
     1     1    23     1    19    12     0     0    21.0   47.098 -110.090    564.8    801.3
     1     1    23     1    19    13     0     1    22.0   46.987 -109.532    621.9    792.7
     1     1    23     1    19    14     0     2    23.0   46.816 -108.988    641.3    793.8
     1     1    23     1    19    15     0     3    24.0   46.656 -108.507    642.3    817.4
     1     1    23     1    19    16     0     2    25.0   46.527 -108.092    646.8    831.6
     1     1    23     1    19    17     0     1    26.0   46.396 -107.679    647.2    830.7
     1     1    23     1    19    18     0     0    27.0   46.253 -107.258    651.6    826.1
     1     1    23     1    19    19     0     1    28.0   46.099 -106.852    665.3    824.2
     1     1    23     1    19    20     0     2    29.0   45.945 -106.460    696.9    828.2
     1     1    23     1    19    21     0     3    30.0   45.794 -106.068    760.9    824.5
     1     1    23     1    19    22     0     2    31.0   45.613 -105.667    823.3    809.3
     1     1    23     1    19    23     0     1    32.0   45.390 -105.259    838.9    799.5
     1     1    23     1    20     0     0     0    33.0   45.141 -104.855    810.4    798.9
     1     1    23     1    20     1     0     1    34.0   44.873 -104.466    746.6    802.7
     1     1    23     1    20     2     0     2    35.0   44.577 -104.079    623.5    792.9
     1     1    23     1    20     3     0     3    36.0   44.301 -103.738    478.3    806.6
     1     1    23     1    20     4     0     2    37.0   44.104 -103.487    373.5    828.9
     1     1    23     1    20     5     0     1    38.0   43.967 -103.291    313.0    849.4
     1     1    23     1    20     6     0     0    39.0   43.864 -103.122    280.8    869.4
     1     1    23     1    20     7     0     1    40.0   43.779 -102.960    272.5    881.4
     1     1    23     1    20     8     0     2    41.0   43.695 -102.797    275.7    880.5
     1     1    23     1    20     9     0     3    42.0   43.598 -102.611    274.8    880.8
     1     1    23     1    20    10     0     2    43.0   43.487 -102.392    263.4    880.7
     1     1    23     1    20    11     0     1    44.0   43.361 -102.151    239.8    881.3
     1     1    23     1    20    12     0     0    45.0   43.228 -101.926    218.2    881.6
     1     1    23     1    20    13     0     1    46.0   43.092 -101.721    207.7    882.3
     1     1    23     1    20    14     0     2    47.0   42.938 -101.512    205.4    882.5
     1     1    23     1    20    15     0     3    48.0   42.746 -101.299    207.5    884.0
     1     1    23     1    20    16     0     2    49.0   42.544 -101.106    209.6    885.1
     1     1    23     1    20    17     0     1    50.0   42.380 -100.940    211.3    887.7
     1     1    23     1    20    18     0     0    51.0   42.264 -100.792    214.5    889.9
     1     1    23     1    20    19     0     1    52.0   42.175 -100.652    216.2    891.4
     1     1    23     1    20    20     0     2    53.0   42.094 -100.509    215.0    893.8
     1     1    23     1    20    21     0     3    54.0   42.014 -100.353    213.9    896.5
     1     1    23     1    20    22     0     2    55.0   41.920 -100.194    209.3    899.7
     1     1    23     1    20    23     0     1    56.0   41.812 -100.058    196.9    904.0
     1     1    23     1    21     0     0     0    57.0   41.702  -99.958    180.4    907.6
     1     1    23     1    21     1     0     1    58.0   41.607  -99.879    167.0    910.7
     1     1    23     1    21     2     0     2    59.0   41.535  -99.799    159.6    912.6
     1     1    23     1    21     3     0     3    60.0   41.483  -99.711    157.6    914.0
     1     1    23     1    21     4     0     2    61.0   41.444  -99.613    158.4    914.7
     1     1    23     1    21     5     0     1    62.0   41.409  -99.503    158.8    916.1
     1     1    23     1    21     6     0     0    63.0   41.378  -99.375    158.9    917.7
     1     1    23     1    21     7     0     1    64.0   41.343  -99.239    156.2    919.2
     1     1    23     1    21     8     0     2    65.0   41.304  -99.105    147.8    921.8
     1     1    23     1    21     9     0     3    66.0   41.261  -98.979    133.7    925.3
     1     1    23     1    21    10     0     2    67.0   41.219  -98.856    118.9    929.1
     1     1    23     1    21    11     0     1    68.0   41.177  -98.728    107.7    932.2
     1     1    23     1    21    12     0     0    69.0   41.129  -98.595    100.4    935.0
     1     1    23     1    21    13     0     1    70.0   41.079  -98.469     96.7    937.5
     1     1    23     1    21    14     0     2    71.0   41.029  -98.359     95.2    939.4
     1     1    23     1    21    15     0     3    72.0   40.981  -98.264     94.8    940.9
     1     1    23     1    21    16     0     2    73.0   40.937  -98.181     94.3    942.2
     1     1    23     1    21    17     0     1    74.0   40.902  -98.108     93.6    943.4
     1     1    23     1    21    18     0     0    75.0   40.880  -98.043     93.3    944.4
     1     1    23     1    21    19     0     1    76.0   40.865  -97.979     94.0    944.4
     1     1    23     1    21    20     0     2    77.0   40.847  -97.910     96.0    944.0
     1     1    23     1    21    21     0     3    78.0   40.825  -97.838     98.9    943.6
     1     1    23     1    21    22     0     2    79.0   40.797  -97.766     99.7    943.8
     1     1    23     1    21    23     0     1    80.0   40.761  -97.694     94.5    945.0
     1     1    23     1    22     0     0     0    81.0   40.719  -97.619     83.0    947.0
     1     1    23     1    22     1     0     1    82.0   40.673  -97.538     67.8    949.8
     1     1    23     1    22     2     0     2    83.0   40.627  -97.448     52.0    952.7
     1     1    23     1    22     3     0     3    84.0   40.584  -97.352     36.9    954.9
     1     1    23     1    22     4     0     2    85.0   40.539  -97.258     25.5    957.3
     1     1    23     1    22     5     0     1    86.0   40.489  -97.171     18.4    959.3
     1     1    23     1    22     6     0     0    87.0   40.436  -97.091     14.4    960.9
     1     1    23     1    22     7     0     1    88.0   40.380  -97.019     11.6    961.6
     1     1    23     1    22     8     0     2    89.0   40.319  -96.955      9.4    962.0
     1     1    23     1    22     9     0     3    90.0   40.254  -96.897      7.5    961.8
     1     1    23     1    22    10     0     2    91.0   40.182  -96.838      5.8    962.1
     1     1    23     1    22    11     0     1    92.0   40.100  -96.777      4.6    962.6
     1     1    23     1    22    12     0     0    93.0   40.008  -96.713      4.0    963.2
     1     1    23     1    22    13     0     1    94.0   39.917  -96.653      3.9    965.3
     1     1    23     1    22    14     0     2    95.0   39.836  -96.599      3.9    967.1
     1     1    23     1    22    15     0     3    96.0   39.761  -96.550      4.1    968.7
     1     1    23     1    22    16     0     2    97.0   39.683  -96.498      4.2    969.4
     1     1    23     1    22    17     0     1    98.0   39.599  -96.436      4.2    970.2
     1     1    23     1    22    18     0     0    99.0   39.512  -96.363      4.2    970.9
     1     1    23     1    22    19     0     1   100.0   39.422  -96.282      4.3    971.3
     1     1    23     1    22    20     0     2   101.0   39.325  -96.194      4.5    971.7
     1     1    23     1    22    21     0     3   102.0   39.218  -96.094      4.9    972.1
     1     1    23     1    22    22     0     2   103.0   39.108  -95.991      5.5    972.6
     1     1    23     1    22    23     0     1   104.0   39.007  -95.898      6.4    973.3
     1     1    23     1    23     0     0     0   105.0   38.917  -95.823      7.4    974.2
     1     1    23     1    23     1     0     1   106.0   38.838  -95.755      8.0    975.9
     1     1    23     1    23     2     0     2   107.0   38.766  -95.683      7.8    977.6
     1     1    23     1    23     3     0     3   108.0   38.700  -95.608      6.5    979.1
     1     1    23     1    23     4     0     2   109.0   38.638  -95.530      4.9    979.7
     1     1    23     1    23     5     0     1   110.0   38.582  -95.454      3.4    980.3
     1     1    23     1    23     6     0     0   111.0   38.531  -95.377      2.0    980.9
     1     1    23     1    23     7     0     1   112.0   38.486  -95.298      0.7    982.0
     1     1    23     1    23     8     0     2   113.0   38.444  -95.214      0.0    983.3
     1     1    23     1    23     9     0     3   114.0   38.405  -95.124      0.0    984.6
     1     1    23     1    23    10     0     2   115.0   38.367  -95.037      0.0    985.7
     1     1    23     1    23    11     0     1   116.0   38.329  -94.962      0.0    986.6
     1     1    23     1    23    12     0     0   117.0   38.292  -94.897      0.0    987.4
     1     1    23     1    23    13     0     1   118.0   38.262  -94.828      0.0    987.7
     1     1    23     1    23    14     0     2   119.0   38.247  -94.743      0.0    988.2
     1     1    23     1    23    15     0     3   120.0   38.249  -94.643      0.0    988.7
