     8     1
    GDAS    22    12    22     0     0
    GDAS    22    12    29     0     0
    GDAS    23     1     1     0     0
    GDAS    23     1     8     0     0
    GDAS    23     1    15     0     0
    GDAS    23     1    22     0     0
    GDAS    23     1    29     0     0
    GDAS    23     2     1     0     0
     1 FORWARD  OMEGA   
    22    12    31    12   53.219 -109.901   776.1
     1 PRESSURE
     1     1    22    12    31    12     0     0     0.0   53.219 -109.901    776.1    838.9
     1     1    22    12    31    13     0     1     1.0   53.134 -109.981    771.8    839.4
     1     1    22    12    31    14     0     2     2.0   53.047 -110.016    764.4    840.7
     1     1    22    12    31    15     0     3     3.0   52.957 -110.005    752.9    842.0
     1     1    22    12    31    16     0     2     4.0   52.858 -109.960    729.7    843.3
     1     1    22    12    31    17     0     1     5.0   52.744 -109.896    694.0    847.1
     1     1    22    12    31    18     0     0     6.0   52.614 -109.818    655.7    851.1
     1     1    22    12    31    19     0     1     7.0   52.471 -109.734    628.7    854.3
     1     1    22    12    31    20     0     2     8.0   52.320 -109.647    618.0    853.9
     1     1    22    12    31    21     0     3     9.0   52.163 -109.551    616.2    852.7
     1     1    22    12    31    22     0     2    10.0   52.004 -109.444    617.0    851.4
     1     1    22    12    31    23     0     1    11.0   51.850 -109.321    617.9    853.1
     1     1    23     1     1     0     0     0    12.0   51.701 -109.179    618.4    854.6
     1     1    23     1     1     1     0     1    13.0   51.552 -109.021    618.7    855.9
     1     1    23     1     1     2     0     2    14.0   51.397 -108.849    618.1    856.4
     1     1    23     1     1     3     0     3    15.0   51.239 -108.660    616.3    857.2
     1     1    23     1     1     4     0     2    16.0   51.076 -108.451    623.1    857.9
     1     1    23     1     1     5     0     1    17.0   50.905 -108.217    645.6    853.7
     1     1    23     1     1     6     0     0    18.0   50.719 -107.962    673.7    846.4
     1     1    23     1     1     7     0     1    19.0   50.518 -107.695    697.4    842.7
     1     1    23     1     1     8     0     2    20.0   50.304 -107.424    724.5    840.5
     1     1    23     1     1     9     0     3    21.0   50.081 -107.153    771.2    836.5
     1     1    23     1     1    10     0     2    22.0   49.854 -106.887    830.1    829.9
     1     1    23     1     1    11     0     1    23.0   49.626 -106.617    876.4    823.2
     1     1    23     1     1    12     0     0    24.0   49.393 -106.334    909.1    817.9
     1     1    23     1     1    13     0     1    25.0   49.160 -106.036    937.2    810.5
     1     1    23     1     1    14     0     2    26.0   48.930 -105.727    958.6    809.6
     1     1    23     1     1    15     0     3    27.0   48.699 -105.418    962.5    815.9
     1     1    23     1     1    16     0     2    28.0   48.474 -105.105    944.2    823.6
     1     1    23     1     1    17     0     1    29.0   48.266 -104.781    917.5    831.8
     1     1    23     1     1    18     0     0    30.0   48.073 -104.442    908.9    838.6
     1     1    23     1     1    19     0     1    31.0   47.885 -104.089    931.4    836.1
     1     1    23     1     1    20     0     2    32.0   47.692 -103.726    959.8    825.0
     1     1    23     1     1    21     0     3    33.0   47.492 -103.344    972.4    819.3
     1     1    23     1     1    22     0     2    34.0   47.286 -102.950    977.0    817.7
     1     1    23     1     1    23     0     1    35.0   47.077 -102.565    970.0    819.8
     1     1    23     1     2     0     0     0    36.0   46.867 -102.210    936.0    826.6
     1     1    23     1     2     1     0     1    37.0   46.671 -101.887    889.5    836.4
     1     1    23     1     2     2     0     2    38.0   46.504 -101.580    848.7    842.9
     1     1    23     1     2     3     0     3    39.0   46.365 -101.281    814.5    847.4
     1     1    23     1     2     4     0     2    40.0   46.247 -100.976    781.4    852.0
     1     1    23     1     2     5     0     1    41.0   46.139 -100.658    751.2    856.7
     1     1    23     1     2     6     0     0    42.0   46.036 -100.334    726.7    861.0
     1     1    23     1     2     7     0     1    43.0   45.942 -100.023    717.4    864.9
     1     1    23     1     2     8     0     2    44.0   45.862  -99.739    721.5    864.3
     1     1    23     1     2     9     0     3    45.0   45.795  -99.481    727.7    864.3
     1     1    23     1     2    10     0     2    46.0   45.733  -99.240    730.6    865.2
     1     1    23     1     2    11     0     1    47.0   45.670  -99.007    729.1    867.3
     1     1    23     1     2    12     0     0    48.0   45.603  -98.781    726.1    872.1
     1     1    23     1     2    13     0     1    49.0   45.533  -98.562    710.5    876.6
     1     1    23     1     2    14     0     2    50.0   45.463  -98.353    669.8    884.8
     1     1    23     1     2    15     0     3    51.0   45.396  -98.161    605.3    895.2
     1     1    23     1     2    16     0     2    52.0   45.334  -97.992    532.9    906.3
     1     1    23     1     2    17     0     1    53.0   45.275  -97.851    464.1    912.1
     1     1    23     1     2    18     0     0    54.0   45.212  -97.740    399.6    917.4
     1     1    23     1     2    19     0     1    55.0   45.141  -97.663    351.2    921.9
     1     1    23     1     2    20     0     2    56.0   45.064  -97.618    327.1    922.5
     1     1    23     1     2    21     0     3    57.0   44.983  -97.606    323.6    921.4
     1     1    23     1     2    22     0     2    58.0   44.890  -97.639    313.3    920.1
     1     1    23     1     2    23     0     1    59.0   44.785  -97.737    280.2    926.9
     1     1    23     1     3     0     0     0    60.0   44.678  -97.901    245.0    935.4
     1     1    23     1     3     1     0     1    61.0   44.571  -98.108    228.5    938.7
     1     1    23     1     3     2     0     2    62.0   44.459  -98.341    232.1    934.4
     1     1    23     1     3     3     0     3    63.0   44.337  -98.609    242.2    928.8
     1     1    23     1     3     4     0     2    64.0   44.200  -98.906    258.1    922.5
     1     1    23     1     3     5     0     1    65.0   44.047  -99.208    288.5    916.3
     1     1    23     1     3     6     0     0    66.0   43.870  -99.505    335.9    907.5
     1     1    23     1     3     7     0     1    67.0   43.639  -99.806    395.6    894.9
     1     1    23     1     3     8     0     2    68.0   43.329 -100.118    461.0    876.3
     1     1    23     1     3     9     0     3    69.0   42.931 -100.463    503.4    853.3
     1     1    23     1     3    10     0     2    70.0   42.460 -100.770    520.2    843.4
     1     1    23     1     3    11     0     1    71.0   41.918 -101.009    523.2    834.2
     1     1    23     1     3    12     0     0    72.0   41.317 -101.149    549.4    835.9
     1     1    23     1     3    13     0     1    73.0   40.715 -101.202    627.9    829.3
     1     1    23     1     3    14     0     2    74.0   40.129 -101.197    732.9    816.3
     1     1    23     1     3    15     0     3    75.0   39.540 -101.146    820.5    807.0
     1     1    23     1     3    16     0     2    76.0   38.969 -101.002    869.6    803.9
     1     1    23     1     3    17     0     1    77.0   38.456 -100.752    845.5    806.1
     1     1    23     1     3    18     0     0    78.0   38.007 -100.443    752.4    827.6
     1     1    23     1     3    19     0     1    79.0   37.623 -100.116    667.2    847.3
     1     1    23     1     3    20     0     2    80.0   37.312  -99.801    595.8    864.0
     1     1    23     1     3    21     0     3    81.0   37.062  -99.503    526.1    877.8
     1     1    23     1     3    22     0     2    82.0   36.854  -99.218    455.9    890.8
     1     1    23     1     3    23     0     1    83.0   36.667  -98.942    391.1    901.4
     1     1    23     1     4     0     0     0    84.0   36.494  -98.682    333.3    913.1
     1     1    23     1     4     1     0     1    85.0   36.319  -98.433    280.6    925.0
     1     1    23     1     4     2     0     2    86.0   36.129  -98.199    230.3    937.8
     1     1    23     1     4     3     0     3    87.0   35.923  -98.003    181.6    949.8
     1     1    23     1     4     4     0     2    88.0   35.727  -97.847    147.2    956.6
     1     1    23     1     4     5     0     1    89.0   35.550  -97.703    130.2    957.9
     1     1    23     1     4     6     0     0    90.0   35.389  -97.563    119.4    959.1
     1     1    23     1     4     7     0     1    91.0   35.238  -97.433    109.2    960.1
     1     1    23     1     4     8     0     2    92.0   35.095  -97.323     98.2    961.1
     1     1    23     1     4     9     0     3    93.0   34.962  -97.232     87.1    962.9
     1     1    23     1     4    10     0     2    94.0   34.830  -97.159     78.0    966.8
     1     1    23     1     4    11     0     1    95.0   34.693  -97.100     71.2    970.3
     1     1    23     1     4    12     0     0    96.0   34.550  -97.052     65.2    973.6
     1     1    23     1     4    13     0     1    97.0   34.415  -97.009     58.5    976.7
     1     1    23     1     4    14     0     2    98.0   34.297  -96.964     51.1    980.1
     1     1    23     1     4    15     0     3    99.0   34.193  -96.917     43.9    983.3
     1     1    23     1     4    16     0     2   100.0   34.100  -96.867     37.6    985.5
     1     1    23     1     4    17     0     1   101.0   34.020  -96.809     32.5    987.5
     1     1    23     1     4    18     0     0   102.0   33.951  -96.740     28.0    989.0
     1     1    23     1     4    19     0     1   103.0   33.893  -96.661     24.1    990.2
     1     1    23     1     4    20     0     2   104.0   33.851  -96.569     20.9    991.2
     1     1    23     1     4    21     0     3   105.0   33.827  -96.465     18.6    992.2
     1     1    23     1     4    22     0     2   106.0   33.809  -96.359     16.5    993.2
     1     1    23     1     4    23     0     1   107.0   33.785  -96.260     14.0    994.5
     1     1    23     1     5     0     0     0   108.0   33.753  -96.166     11.3    995.9
     1     1    23     1     5     1     0     1   109.0   33.713  -96.079      8.1    997.9
     1     1    23     1     5     2     0     2   110.0   33.660  -96.003      3.9    999.5
     1     1    23     1     5     3     0     3   111.0   33.595  -95.939      0.0   1000.5
     1     1    23     1     5     4     0     2   112.0   33.529  -95.881      0.0   1001.1
     1     1    23     1     5     5     0     1   113.0   33.476  -95.815      0.0   1001.7
     1     1    23     1     5     6     0     0   114.0   33.434  -95.743      0.0   1002.5
     1     1    23     1     5     7     0     1   115.0   33.396  -95.662      0.0   1002.8
     1     1    23     1     5     8     0     2   116.0   33.353  -95.571      0.0   1003.2
     1     1    23     1     5     9     0     3   117.0   33.309  -95.468      0.0   1003.7
     1     1    23     1     5    10     0     2   118.0   33.263  -95.359      0.0   1004.4
     1     1    23     1     5    11     0     1   119.0   33.216  -95.251      0.0   1005.0
     1     1    23     1     5    12     0     0   120.0   33.166  -95.142      0.0   1005.5
