     8     1
    GDAS    22    12    22     0     0
    GDAS    22    12    29     0     0
    GDAS    23     1     1     0     0
    GDAS    23     1     8     0     0
    GDAS    23     1    15     0     0
    GDAS    23     1    22     0     0
    GDAS    23     1    29     0     0
    GDAS    23     2     1     0     0
     1 FORWARD  OMEGA   
    23     1     2    13   30.330 -114.681  1993.9
     1 PRESSURE
     1     1    23     1     2    13     0     1     0.0   30.330 -114.681   1993.9    756.8
     1     1    23     1     2    14     0     2     1.0   30.114 -114.196   1950.4    788.6
     1     1    23     1     2    15     0     3     2.0   29.972 -113.841   1945.7    803.0
     1     1    23     1     2    16     0     2     3.0   29.888 -113.547   1963.2    796.8
     1     1    23     1     2    17     0     1     4.0   29.849 -113.241   1976.6    796.5
     1     1    23     1     2    18     0     0     5.0   29.830 -112.908   1974.7    793.3
     1     1    23     1     2    19     0     1     6.0   29.819 -112.528   1960.2    775.2
     1     1    23     1     2    20     0     2     7.0   29.795 -112.083   1948.2    752.9
     1     1    23     1     2    21     0     3     8.0   29.787 -111.592   2002.7    746.0
     1     1    23     1     2    22     0     2     9.0   29.836 -111.069   2148.4    725.0
     1     1    23     1     2    23     0     1    10.0   29.925 -110.489   2247.6    685.3
     1     1    23     1     3     0     0     0    11.0   30.063 -109.849   2235.4    661.8
     1     1    23     1     3     1     0     1    12.0   30.285 -109.137   2083.1    647.4
     1     1    23     1     3     2     0     2    13.0   30.532 -108.312   1903.0    658.2
     1     1    23     1     3     3     0     3    14.0   30.682 -107.397   1979.4    668.3
     1     1    23     1     3     4     0     2    15.0   30.868 -106.521   2055.0    664.0
     1     1    23     1     3     5     0     1    16.0   31.110 -105.629   1993.9    660.7
     1     1    23     1     3     6     0     0    17.0   31.355 -104.707   1946.2    679.1
     1     1    23     1     3     7     0     1    18.0   31.515 -103.802   1787.4    711.6
     1     1    23     1     3     8     0     2    19.0   31.582 -102.929   1500.1    760.5
     1     1    23     1     3     9     0     3    20.0   31.598 -102.044   1198.1    788.3
     1     1    23     1     3    10     0     2    21.0   31.519 -101.178    921.9    828.3
     1     1    23     1     3    11     0     1    22.0   31.379 -100.401    793.2    846.6
     1     1    23     1     3    12     0     0    23.0   31.213  -99.721    670.5    868.5
     1     1    23     1     3    13     0     1    24.0   31.014  -99.113    630.7    885.6
     1     1    23     1     3    14     0     2    25.0   30.788  -98.562    610.3    888.7
     1     1    23     1     3    15     0     3    26.0   30.523  -98.083    508.4    912.2
     1     1    23     1     3    16     0     2    27.0   30.237  -97.734    382.0    942.3
     1     1    23     1     3    17     0     1    28.0   29.975  -97.522    289.1    960.3
     1     1    23     1     3    18     0     0    29.0   29.760  -97.406    233.2    971.3
     1     1    23     1     3    19     0     1    30.0   29.580  -97.339    199.9    976.7
     1     1    23     1     3    20     0     2    31.0   29.416  -97.292    177.0    981.4
     1     1    23     1     3    21     0     3    32.0   29.263  -97.262    161.6    984.8
     1     1    23     1     3    22     0     2    33.0   29.123  -97.253    146.1    988.3
     1     1    23     1     3    23     0     1    34.0   29.001  -97.266    125.0    992.4
     1     1    23     1     4     0     0     0    35.0   28.901  -97.289    102.6    994.9
     1     1    23     1     4     1     0     1    36.0   28.821  -97.316     86.9    997.6
     1     1    23     1     4     2     0     2    37.0   28.759  -97.353     80.6    998.5
     1     1    23     1     4     3     0     3    38.0   28.712  -97.403     80.9    998.8
     1     1    23     1     4     4     0     2    39.0   28.676  -97.443     83.8    998.0
     1     1    23     1     4     5     0     1    40.0   28.644  -97.452     84.7    998.1
     1     1    23     1     4     6     0     0    41.0   28.615  -97.429     83.4    998.8
     1     1    23     1     4     7     0     1    42.0   28.581  -97.384     80.2   1000.0
     1     1    23     1     4     8     0     2    43.0   28.535  -97.327     76.0   1001.4
     1     1    23     1     4     9     0     3    44.0   28.485  -97.256     71.6   1003.1
     1     1    23     1     4    10     0     2    45.0   28.429  -97.175     65.9   1005.0
     1     1    23     1     4    11     0     1    46.0   28.360  -97.085     57.7   1007.7
     1     1    23     1     4    12     0     0    47.0   28.271  -96.980     48.0   1010.7
     1     1    23     1     4    13     0     1    48.0   28.165  -96.872     38.8   1012.4
     1     1    23     1     4    14     0     2    49.0   28.049  -96.776     31.0   1013.8
     1     1    23     1     4    15     0     3    50.0   27.925  -96.694     24.4   1015.0
     1     1    23     1     4    16     0     2    51.0   27.792  -96.618     20.0   1015.8
     1     1    23     1     4    17     0     1    52.0   27.650  -96.539     17.7   1016.3
     1     1    23     1     4    18     0     0    53.0   27.503  -96.462     16.2   1016.8
     1     1    23     1     4    19     0     1    54.0   27.357  -96.401     14.7   1016.6
     1     1    23     1     4    20     0     2    55.0   27.212  -96.368     13.1   1016.5
     1     1    23     1     4    21     0     3    56.0   27.058  -96.364     11.7   1016.2
     1     1    23     1     4    22     0     2    57.0   26.900  -96.386     10.5   1016.4
     1     1    23     1     4    23     0     1    58.0   26.748  -96.430      9.2   1016.4
     1     1    23     1     5     0     0     0    59.0   26.606  -96.494      8.1   1016.3
     1     1    23     1     5     1     0     1    60.0   26.486  -96.577      7.5   1017.4
     1     1    23     1     5     2     0     2    61.0   26.399  -96.674      7.6   1018.5
     1     1    23     1     5     3     0     3    62.0   26.345  -96.780      8.1   1019.7
     1     1    23     1     5     4     0     2    63.0   26.317  -96.886      8.6   1019.6
     1     1    23     1     5     5     0     1    64.0   26.304  -96.986      8.5   1019.5
     1     1    23     1     5     6     0     0    65.0   26.308  -97.078      7.8   1019.2
     1     1    23     1     5     7     0     1    66.0   26.325  -97.161      7.3   1018.8
     1     1    23     1     5     8     0     2    67.0   26.351  -97.232      7.3   1018.4
     1     1    23     1     5     9     0     3    68.0   26.386  -97.288      7.7   1018.1
     1     1    23     1     5    10     0     2    69.0   26.424  -97.328      8.3   1018.3
     1     1    23     1     5    11     0     1    70.0   26.456  -97.350      8.9   1018.7
     1     1    23     1     5    12     0     0    71.0   26.483  -97.355      9.4   1019.2
     1     1    23     1     5    13     0     1    72.0   26.499  -97.345     10.0   1019.9
     1     1    23     1     5    14     0     2    73.0   26.499  -97.322     10.6   1020.6
     1     1    23     1     5    15     0     3    74.0   26.481  -97.285     11.3   1021.3
     1     1    23     1     5    16     0     2    75.0   26.446  -97.250     12.0   1021.3
     1     1    23     1     5    17     0     1    76.0   26.401  -97.233     12.2   1021.2
     1     1    23     1     5    18     0     0    77.0   26.349  -97.234     12.0   1021.2
     1     1    23     1     5    19     0     1    78.0   26.296  -97.256     11.3   1021.1
     1     1    23     1     5    20     0     2    79.0   26.250  -97.302     10.5   1021.1
     1     1    23     1     5    21     0     3    80.0   26.212  -97.372      9.7   1020.8
     1     1    23     1     5    22     0     2    81.0   26.184  -97.470      9.4   1020.4
     1     1    23     1     5    23     0     1    82.0   26.167  -97.602     10.4   1019.8
     1     1    23     1     6     0     0     0    83.0   26.163  -97.772     13.9   1018.6
     1     1    23     1     6     1     0     1    84.0   26.182  -97.962     21.4   1016.7
     1     1    23     1     6     2     0     2    85.0   26.232  -98.145     28.7   1013.8
     1     1    23     1     6     3     0     3    86.0   26.312  -98.324     30.2   1011.6
     1     1    23     1     6     4     0     2    87.0   26.412  -98.500     26.4   1009.9
     1     1    23     1     6     5     0     1    88.0   26.525  -98.672     20.3   1008.0
     1     1    23     1     6     6     0     0    89.0   26.648  -98.837     14.0   1006.2
     1     1    23     1     6     7     0     1    90.0   26.775  -98.996      8.1   1003.4
     1     1    23     1     6     8     0     2    91.0   26.898  -99.144      3.0   1001.2
     1     1    23     1     6     9     0     3    92.0   27.023  -99.277      0.4   1001.2
     1     1    23     1     6    10     0     2    93.0   27.150  -99.401      0.0   1001.1
     1     1    23     1     6    11     0     1    94.0   27.277  -99.521      0.0   1000.5
     1     1    23     1     6    12     0     0    95.0   27.405  -99.635      0.0    999.5
     1     1    23     1     6    13     0     1    96.0   27.546  -99.741      0.0    998.9
     1     1    23     1     6    14     0     2    97.0   27.711  -99.837      0.0    998.4
     1     1    23     1     6    15     0     3    98.0   27.902  -99.924      1.1    998.3
     1     1    23     1     6    16     0     2    99.0   28.117 -100.004      3.2    995.9
     1     1    23     1     6    17     0     1   100.0   28.347 -100.077      5.9    992.1
     1     1    23     1     6    18     0     0   101.0   28.600 -100.145      9.0    989.0
     1     1    23     1     6    19     0     1   102.0   28.871 -100.210     13.5    985.9
     1     1    23     1     6    20     0     2   103.0   29.155 -100.273     23.3    976.4
     1     1    23     1     6    21     0     3   104.0   29.464 -100.322     45.7    960.8
     1     1    23     1     6    22     0     2   105.0   29.803 -100.358     84.8    943.5
     1     1    23     1     6    23     0     1   106.0   30.170 -100.378    124.5    929.1
     1     1    23     1     7     0     0     0   107.0   30.542 -100.350    138.5    922.2
     1     1    23     1     7     1     0     1   108.0   30.905 -100.257    131.3    922.1
     1     1    23     1     7     2     0     2   109.0   31.248 -100.119    123.4    927.3
     1     1    23     1     7     3     0     3   110.0   31.561  -99.960    136.7    932.0
     1     1    23     1     7     4     0     2   111.0   31.848  -99.768    172.1    931.7
     1     1    23     1     7     5     0     1   112.0   32.102  -99.530    206.5    931.9
     1     1    23     1     7     6     0     0   113.0   32.303  -99.243    225.1    935.3
     1     1    23     1     7     7     0     1   114.0   32.437  -98.925    235.5    940.1
     1     1    23     1     7     8     0     2   115.0   32.521  -98.619    242.9    942.6
     1     1    23     1     7     9     0     3   116.0   32.554  -98.343    248.2    945.6
     1     1    23     1     7    10     0     2   117.0   32.540  -98.089    248.6    947.8
     1     1    23     1     7    11     0     1   118.0   32.492  -97.862    242.1    952.8
     1     1    23     1     7    12     0     0   119.0   32.417  -97.652    232.8    957.7
     1     1    23     1     7    13     0     1   120.0   32.336  -97.459    218.3    962.8
