     8     1
    GDAS    22    12    22     0     0
    GDAS    22    12    29     0     0
    GDAS    23     1     1     0     0
    GDAS    23     1     8     0     0
    GDAS    23     1    15     0     0
    GDAS    23     1    22     0     0
    GDAS    23     1    29     0     0
    GDAS    23     2     1     0     0
     1 FORWARD  OMEGA   
    23     1    18    23   45.303 -136.001  1546.5
     1 PRESSURE
     1     1    23     1    18    23     0     1     0.0   45.303 -136.001   1546.5    840.0
     1     1    23     1    19     0     0     0     1.0   45.302 -135.583   1525.4    842.2
     1     1    23     1    19     1     0     1     2.0   45.310 -135.178   1501.4    845.9
     1     1    23     1    19     2     0     2     3.0   45.330 -134.787   1477.9    848.8
     1     1    23     1    19     3     0     3     4.0   45.358 -134.412   1451.5    851.9
     1     1    23     1    19     4     0     2     5.0   45.397 -134.053   1425.9    855.4
     1     1    23     1    19     5     0     1     6.0   45.452 -133.705   1407.8    857.8
     1     1    23     1    19     6     0     0     7.0   45.525 -133.371   1397.0    858.9
     1     1    23     1    19     7     0     1     8.0   45.613 -133.041   1391.1    859.9
     1     1    23     1    19     8     0     2     9.0   45.717 -132.707   1384.7    860.3
     1     1    23     1    19     9     0     3    10.0   45.842 -132.371   1352.9    862.0
     1     1    23     1    19    10     0     2    11.0   45.985 -132.032   1273.0    870.4
     1     1    23     1    19    11     0     1    12.0   46.149 -131.695   1186.7    885.3
     1     1    23     1    19    12     0     0    13.0   46.339 -131.362   1140.5    890.1
     1     1    23     1    19    13     0     1    14.0   46.559 -131.041   1127.4    891.1
     1     1    23     1    19    14     0     2    15.0   46.806 -130.739   1132.9    889.0
     1     1    23     1    19    15     0     3    16.0   47.080 -130.468   1139.8    887.8
     1     1    23     1    19    16     0     2    17.0   47.377 -130.193   1131.2    887.7
     1     1    23     1    19    17     0     1    18.0   47.706 -129.923   1071.0    892.3
     1     1    23     1    19    18     0     0    19.0   48.085 -129.733    958.7    907.5
     1     1    23     1    19    19     0     1    20.0   48.508 -129.587    886.7    922.7
     1     1    23     1    19    20     0     2    21.0   48.962 -129.420    896.0    918.4
     1     1    23     1    19    21     0     3    22.0   49.475 -129.291    918.7    910.5
     1     1    23     1    19    22     0     2    23.0   50.048 -129.222    954.1    910.8
     1     1    23     1    19    23     0     1    24.0   50.643 -129.147   1037.5    898.9
     1     1    23     1    20     0     0     0    25.0   51.293 -129.092   1164.7    887.1
     1     1    23     1    20     1     0     1    26.0   51.986 -129.022   1302.1    864.3
     1     1    23     1    20     2     0     2    27.0   52.695 -128.950   1405.5    837.1
     1     1    23     1    20     3     0     3    28.0   53.317 -128.674   1533.1    781.9
     1     1    23     1    20     4     0     2    29.0   53.772 -128.032   1447.8    716.9
     1     1    23     1    20     5     0     1    30.0   54.025 -127.329   1284.1    757.3
     1     1    23     1    20     6     0     0    31.0   54.210 -126.675   1200.9    774.9
     1     1    23     1    20     7     0     1    32.0   54.374 -126.088   1181.4    783.3
     1     1    23     1    20     8     0     2    33.0   54.530 -125.514   1178.6    781.4
     1     1    23     1    20     9     0     3    34.0   54.694 -124.945   1187.5    785.3
     1     1    23     1    20    10     0     2    35.0   54.835 -124.319   1196.6    772.4
     1     1    23     1    20    11     0     1    36.0   54.948 -123.638   1252.2    777.5
     1     1    23     1    20    12     0     0    37.0   55.050 -122.911   1485.8    772.4
     1     1    23     1    20    13     0     1    38.0   55.076 -121.947   1506.3    719.4
     1     1    23     1    20    14     0     2    39.0   55.009 -120.769   1189.0    766.9
     1     1    23     1    20    15     0     3    40.0   54.898 -119.578    828.6    823.7
     1     1    23     1    20    16     0     2    41.0   54.886 -118.512    642.8    862.2
     1     1    23     1    20    17     0     1    42.0   54.790 -117.506    712.7    845.9
     1     1    23     1    20    18     0     0    43.0   54.549 -116.554    879.9    817.7
     1     1    23     1    20    19     0     1    44.0   54.214 -115.682    992.7    805.2
     1     1    23     1    20    20     0     2    45.0   53.846 -114.871    970.4    822.0
     1     1    23     1    20    21     0     3    46.0   53.484 -114.159    922.6    824.5
     1     1    23     1    20    22     0     2    47.0   53.114 -113.517    872.0    830.8
     1     1    23     1    20    23     0     1    48.0   52.752 -112.930    845.3    837.6
     1     1    23     1    21     0     0     0    49.0   52.402 -112.405    839.8    833.4
     1     1    23     1    21     1     0     1    50.0   52.052 -111.896    853.0    828.3
     1     1    23     1    21     2     0     2    51.0   51.717 -111.387    862.0    827.8
     1     1    23     1    21     3     0     3    52.0   51.413 -110.928    841.7    836.7
     1     1    23     1    21     4     0     2    53.0   51.120 -110.475    855.8    845.0
     1     1    23     1    21     5     0     1    54.0   50.832 -109.984    934.3    835.9
     1     1    23     1    21     6     0     0    55.0   50.521 -109.497    995.6    819.7
     1     1    23     1    21     7     0     1    56.0   50.174 -109.005   1066.1    814.6
     1     1    23     1    21     8     0     2    57.0   49.802 -108.501   1127.9    794.0
     1     1    23     1    21     9     0     3    58.0   49.412 -108.026   1112.3    793.0
     1     1    23     1    21    10     0     2    59.0   49.018 -107.584   1110.6    805.6
     1     1    23     1    21    11     0     1    60.0   48.637 -107.151   1201.8    800.1
     1     1    23     1    21    12     0     0    61.0   48.253 -106.721   1300.9    787.5
     1     1    23     1    21    13     0     1    62.0   47.861 -106.287   1372.0    785.8
     1     1    23     1    21    14     0     2    63.0   47.465 -105.841   1455.4    774.1
     1     1    23     1    21    15     0     3    64.0   47.043 -105.396   1596.5    757.4
     1     1    23     1    21    16     0     2    65.0   46.585 -104.966   1772.0    732.0
     1     1    23     1    21    17     0     1    66.0   46.114 -104.548   1867.9    712.5
     1     1    23     1    21    18     0     0    67.0   45.630 -104.163   1886.9    710.3
     1     1    23     1    21    19     0     1    68.0   45.141 -103.818   1906.0    711.6
     1     1    23     1    21    20     0     2    69.0   44.661 -103.502   1917.0    696.3
     1     1    23     1    21    21     0     3    70.0   44.189 -103.213   1932.3    696.6
     1     1    23     1    21    22     0     2    71.0   43.737 -102.965   2001.7    706.1
     1     1    23     1    21    23     0     1    72.0   43.301 -102.763   2102.3    690.7
     1     1    23     1    22     0     0     0    73.0   42.857 -102.575   2193.3    674.9
     1     1    23     1    22     1     0     1    74.0   42.404 -102.400   2237.2    660.3
     1     1    23     1    22     2     0     2    75.0   41.959 -102.245   2232.9    656.5
     1     1    23     1    22     3     0     3    76.0   41.549 -102.091   2247.8    661.7
     1     1    23     1    22     4     0     2    77.0   41.181 -101.931   2292.5    660.4
     1     1    23     1    22     5     0     1    78.0   40.822 -101.762   2322.0    659.3
     1     1    23     1    22     6     0     0    79.0   40.452 -101.582   2298.4    664.5
     1     1    23     1    22     7     0     1    80.0   40.077 -101.392   2236.2    675.3
     1     1    23     1    22     8     0     2    81.0   39.705 -101.187   2169.0    684.4
     1     1    23     1    22     9     0     3    82.0   39.349 -100.982   2123.8    691.9
     1     1    23     1    22    10     0     2    83.0   38.998 -100.797   2103.5    696.4
     1     1    23     1    22    11     0     1    84.0   38.635 -100.626   2090.3    698.4
     1     1    23     1    22    12     0     0    85.0   38.265 -100.445   2071.6    701.6
     1     1    23     1    22    13     0     1    86.0   37.907 -100.254   2036.4    706.0
     1     1    23     1    22    14     0     2    87.0   37.571 -100.062   1995.9    718.3
     1     1    23     1    22    15     0     3    88.0   37.257  -99.871   1973.6    727.8
     1     1    23     1    22    16     0     2    89.0   36.958  -99.685   1966.8    733.0
     1     1    23     1    22    17     0     1    90.0   36.670  -99.495   1955.5    734.0
     1     1    23     1    22    18     0     0    91.0   36.397  -99.286   1944.8    737.3
     1     1    23     1    22    19     0     1    92.0   36.142  -99.059   1946.1    738.4
     1     1    23     1    22    20     0     2    93.0   35.890  -98.816   1958.1    742.1
     1     1    23     1    22    21     0     3    94.0   35.634  -98.549   1956.9    748.5
     1     1    23     1    22    22     0     2    95.0   35.380  -98.271   1926.7    758.9
     1     1    23     1    22    23     0     1    96.0   35.127  -97.997   1890.1    769.5
     1     1    23     1    23     0     0     0    97.0   34.862  -97.732   1860.7    773.9
     1     1    23     1    23     1     0     1    98.0   34.595  -97.481   1820.0    779.5
     1     1    23     1    23     2     0     2    99.0   34.349  -97.253   1759.0    790.4
     1     1    23     1    23     3     0     3   100.0   34.129  -97.047   1692.3    802.0
     1     1    23     1    23     4     0     2   101.0   33.929  -96.855   1651.6    812.7
     1     1    23     1    23     5     0     1   102.0   33.739  -96.675   1653.1    814.2
     1     1    23     1    23     6     0     0   103.0   33.566  -96.515   1687.1    812.2
     1     1    23     1    23     7     0     1   104.0   33.407  -96.360   1714.3    807.0
     1     1    23     1    23     8     0     2   105.0   33.256  -96.206   1704.7    809.5
     1     1    23     1    23     9     0     3   106.0   33.111  -96.058   1671.3    814.4
     1     1    23     1    23    10     0     2   107.0   32.966  -95.928   1613.0    820.2
     1     1    23     1    23    11     0     1   108.0   32.814  -95.830   1522.4    830.8
     1     1    23     1    23    12     0     0   109.0   32.654  -95.782   1416.6    844.7
     1     1    23     1    23    13     0     1   110.0   32.502  -95.776   1342.7    857.0
     1     1    23     1    23    14     0     2   111.0   32.382  -95.788   1317.0    860.2
     1     1    23     1    23    15     0     3   112.0   32.295  -95.807   1323.8    860.0
     1     1    23     1    23    16     0     2   113.0   32.240  -95.833   1332.2    857.2
     1     1    23     1    23    17     0     1   114.0   32.213  -95.872   1317.7    859.2
     1     1    23     1    23    18     0     0   115.0   32.212  -95.930   1279.5    863.7
     1     1    23     1    23    19     0     1   116.0   32.228  -96.010   1218.4    870.0
     1     1    23     1    23    20     0     2   117.0   32.245  -96.117   1143.8    877.2
     1     1    23     1    23    21     0     3   118.0   32.262  -96.252   1072.2    883.3
     1     1    23     1    23    22     0     2   119.0   32.288  -96.410   1026.8    888.5
     1     1    23     1    23    23     0     1   120.0   32.338  -96.582   1016.8    887.4
