     8     1
    GDAS    22    12    22     0     0
    GDAS    22    12    29     0     0
    GDAS    23     1     1     0     0
    GDAS    23     1     8     0     0
    GDAS    23     1    15     0     0
    GDAS    23     1    22     0     0
    GDAS    23     1    29     0     0
    GDAS    23     2     1     0     0
     1 FORWARD  OMEGA   
    22    12    27    14   30.921 -121.451  1013.6
     1 PRESSURE
     1     1    22    12    27    14     0     2     0.0   30.921 -121.451   1013.6    904.2
     1     1    22    12    27    15     0     3     1.0   30.889 -121.219   1000.4    905.5
     1     1    22    12    27    16     0     2     2.0   30.855 -120.991    981.3    907.4
     1     1    22    12    27    17     0     1     3.0   30.817 -120.769    960.7    910.5
     1     1    22    12    27    18     0     0     4.0   30.770 -120.549    944.8    912.3
     1     1    22    12    27    19     0     1     5.0   30.713 -120.323    934.6    912.9
     1     1    22    12    27    20     0     2     6.0   30.654 -120.088    918.0    912.4
     1     1    22    12    27    21     0     3     7.0   30.601 -119.852    877.6    915.8
     1     1    22    12    27    22     0     2     8.0   30.540 -119.615    834.9    922.5
     1     1    22    12    27    23     0     1     9.0   30.458 -119.368    804.0    924.3
     1     1    22    12    28     0     0     0    10.0   30.356 -119.106    754.8    927.4
     1     1    22    12    28     1     0     1    11.0   30.247 -118.846    701.3    936.7
     1     1    22    12    28     2     0     2    12.0   30.143 -118.604    681.8    939.4
     1     1    22    12    28     3     0     3    13.0   30.047 -118.377    694.6    936.6
     1     1    22    12    28     4     0     2    14.0   29.953 -118.146    716.3    932.5
     1     1    22    12    28     5     0     1    15.0   29.856 -117.898    725.5    930.9
     1     1    22    12    28     6     0     0    16.0   29.767 -117.646    719.5    931.8
     1     1    22    12    28     7     0     1    17.0   29.692 -117.395    713.3    933.4
     1     1    22    12    28     8     0     2    18.0   29.631 -117.131    712.0    932.2
     1     1    22    12    28     9     0     3    19.0   29.576 -116.848    715.3    932.4
     1     1    22    12    28    10     0     2    20.0   29.518 -116.560    730.1    930.1
     1     1    22    12    28    11     0     1    21.0   29.448 -116.277    750.7    927.4
     1     1    22    12    28    12     0     0    22.0   29.366 -115.992    783.8    924.2
     1     1    22    12    28    13     0     1    23.0   29.300 -115.680    843.2    912.0
     1     1    22    12    28    14     0     2    24.0   29.277 -115.314    929.2    895.3
     1     1    22    12    28    15     0     3    25.0   29.291 -114.885   1007.8    876.4
     1     1    22    12    28    16     0     2    26.0   29.341 -114.415   1001.9    869.8
     1     1    22    12    28    17     0     1    27.0   29.435 -113.946    924.4    886.6
     1     1    22    12    28    18     0     0    28.0   29.563 -113.556    893.8    909.7
     1     1    22    12    28    19     0     1    29.0   29.706 -113.232    973.1    907.1
     1     1    22    12    28    20     0     2    30.0   29.861 -112.896   1171.8    881.2
     1     1    22    12    28    21     0     3    31.0   30.036 -112.454   1418.0    818.3
     1     1    22    12    28    22     0     2    32.0   30.200 -111.953   1595.0    768.9
     1     1    22    12    28    23     0     1    33.0   30.332 -111.481   1667.3    747.5
     1     1    22    12    29     0     0     0    34.0   30.464 -111.051   1572.7    739.3
     1     1    22    12    29     1     0     1    35.0   30.600 -110.662   1420.4    744.7
     1     1    22    12    29     2     0     2    36.0   30.717 -110.273   1310.0    733.8
     1     1    22    12    29     3     0     3    37.0   30.827 -109.876   1218.3    726.0
     1     1    22    12    29     4     0     2    38.0   30.960 -109.430   1088.5    720.9
     1     1    22    12    29     5     0     1    39.0   31.162 -108.906   1018.9    742.7
     1     1    22    12    29     6     0     0    40.0   31.320 -108.332   1084.9    752.6
     1     1    22    12    29     7     0     1    41.0   31.391 -107.717   1223.9    743.4
     1     1    22    12    29     8     0     2    42.0   31.392 -107.113   1380.4    735.5
     1     1    22    12    29     9     0     3    43.0   31.380 -106.539   1437.5    712.0
     1     1    22    12    29    10     0     2    44.0   31.368 -105.949   1348.4    711.4
     1     1    22    12    29    11     0     1    45.0   31.323 -105.317   1311.8    736.4
     1     1    22    12    29    12     0     0    46.0   31.275 -104.679   1306.4    732.7
     1     1    22    12    29    13     0     1    47.0   31.208 -104.058   1160.1    750.6
     1     1    22    12    29    14     0     2    48.0   31.121 -103.484    916.6    804.3
     1     1    22    12    29    15     0     3    49.0   31.028 -102.977    752.1    843.6
     1     1    22    12    29    16     0     2    50.0   30.933 -102.518    635.9    853.1
     1     1    22    12    29    17     0     1    51.0   30.837 -102.084    565.4    870.5
     1     1    22    12    29    18     0     0    52.0   30.717 -101.683    551.7    873.5
     1     1    22    12    29    19     0     1    53.0   30.571 -101.352    546.8    874.7
     1     1    22    12    29    20     0     2    54.0   30.399 -101.092    523.9    882.5
     1     1    22    12    29    21     0     3    55.0   30.196 -100.876    483.2    891.1
     1     1    22    12    29    22     0     2    56.0   29.985 -100.704    409.4    900.6
     1     1    22    12    29    23     0     1    57.0   29.796 -100.593    314.7    917.7
     1     1    22    12    30     0     0     0    58.0   29.634 -100.535    229.9    933.1
     1     1    22    12    30     1     0     1    59.0   29.494 -100.510    172.2    945.4
     1     1    22    12    30     2     0     2    60.0   29.371 -100.498    140.1    952.2
     1     1    22    12    30     3     0     3    61.0   29.260 -100.498    121.6    957.6
     1     1    22    12    30     4     0     2    62.0   29.165 -100.495    110.2    961.9
     1     1    22    12    30     5     0     1    63.0   29.088 -100.475    101.3    965.6
     1     1    22    12    30     6     0     0    64.0   29.033 -100.430     94.1    969.0
     1     1    22    12    30     7     0     1    65.0   28.996 -100.365     88.3    971.9
     1     1    22    12    30     8     0     2    66.0   28.970 -100.283     83.6    973.8
     1     1    22    12    30     9     0     3    67.0   28.952 -100.181     80.1    975.9
     1     1    22    12    30    10     0     2    68.0   28.925 -100.073     75.4    978.1
     1     1    22    12    30    11     0     1    69.0   28.880  -99.986     66.0    980.7
     1     1    22    12    30    12     0     0    70.0   28.823  -99.921     53.8    983.1
     1     1    22    12    30    13     0     1    71.0   28.764  -99.876     43.6    984.7
     1     1    22    12    30    14     0     2    72.0   28.711  -99.851     37.6    985.6
     1     1    22    12    30    15     0     3    73.0   28.664  -99.847     36.1    986.0
     1     1    22    12    30    16     0     2    74.0   28.613  -99.853     38.4    986.0
     1     1    22    12    30    17     0     1    75.0   28.549  -99.855     43.5    985.7
     1     1    22    12    30    18     0     0    76.0   28.471  -99.845     49.3    985.5
     1     1    22    12    30    19     0     1    77.0   28.386  -99.809     52.2    984.8
     1     1    22    12    30    20     0     2    78.0   28.300  -99.735     50.9    985.2
     1     1    22    12    30    21     0     3    79.0   28.214  -99.624     47.4    986.3
     1     1    22    12    30    22     0     2    80.0   28.115  -99.509     44.7    989.0
     1     1    22    12    30    23     0     1    81.0   27.988  -99.418     44.6    991.3
     1     1    22    12    31     0     0     0    82.0   27.843  -99.360     46.5    991.6
     1     1    22    12    31     1     0     1    83.0   27.700  -99.336     49.6    991.7
     1     1    22    12    31     2     0     2    84.0   27.571  -99.341     54.1    991.6
     1     1    22    12    31     3     0     3    85.0   27.456  -99.374     61.7    990.8
     1     1    22    12    31     4     0     2    86.0   27.360  -99.425     74.9    988.6
     1     1    22    12    31     5     0     1    87.0   27.284  -99.480     95.6    985.9
     1     1    22    12    31     6     0     0    88.0   27.224  -99.535    126.9    982.7
     1     1    22    12    31     7     0     1    89.0   27.179  -99.584    163.8    977.6
     1     1    22    12    31     8     0     2    90.0   27.150  -99.622    191.7    973.6
     1     1    22    12    31     9     0     3    91.0   27.140  -99.649    199.8    972.1
     1     1    22    12    31    10     0     2    92.0   27.151  -99.668    193.3    973.8
     1     1    22    12    31    11     0     1    93.0   27.185  -99.687    181.5    975.2
     1     1    22    12    31    12     0     0    94.0   27.243  -99.702    166.1    977.0
     1     1    22    12    31    13     0     1    95.0   27.331  -99.713    151.0    979.3
     1     1    22    12    31    14     0     2    96.0   27.455  -99.720    137.3    980.8
     1     1    22    12    31    15     0     3    97.0   27.609  -99.723    122.7    982.1
     1     1    22    12    31    16     0     2    98.0   27.785  -99.717    109.1    983.0
     1     1    22    12    31    17     0     1    99.0   27.986  -99.697    100.8    983.6
     1     1    22    12    31    18     0     0   100.0   28.218  -99.655    102.6    982.6
     1     1    22    12    31    19     0     1   101.0   28.455  -99.590    116.4    979.0
     1     1    22    12    31    20     0     2   102.0   28.678  -99.501    138.1    974.8
     1     1    22    12    31    21     0     3   103.0   28.891  -99.384    163.5    969.1
     1     1    22    12    31    22     0     2   104.0   29.106  -99.250    183.6    960.9
     1     1    22    12    31    23     0     1   105.0   29.333  -99.101    188.5    951.5
     1     1    23     1     1     0     0     0   106.0   29.570  -98.934    174.7    946.5
     1     1    23     1     1     1     0     1   107.0   29.807  -98.764    158.2    946.4
     1     1    23     1     1     2     0     2   108.0   30.043  -98.586    145.8    946.3
     1     1    23     1     1     3     0     3   109.0   30.278  -98.390    129.9    952.4
     1     1    23     1     1     4     0     2   110.0   30.523  -98.169    101.3    959.2
     1     1    23     1     1     5     0     1   111.0   30.768  -97.950     68.6    968.7
     1     1    23     1     1     6     0     0   112.0   30.999  -97.762     45.6    975.0
     1     1    23     1     1     7     0     1   113.0   31.208  -97.608     32.5    977.5
     1     1    23     1     1     8     0     2   114.0   31.392  -97.479     24.2    979.3
     1     1    23     1     1     9     0     3   115.0   31.559  -97.368     17.7    981.1
     1     1    23     1     1    10     0     2   116.0   31.716  -97.275     13.3    983.3
     1     1    23     1     1    11     0     1   117.0   31.871  -97.192     10.9    984.4
     1     1    23     1     1    12     0     0   118.0   32.029  -97.114      9.9    985.0
     1     1    23     1     1    13     0     1   119.0   32.194  -97.045      9.6    987.4
     1     1    23     1     1    14     0     2   120.0   32.366  -96.991      9.5    989.7
