     8     1
    GDAS    22    12    22     0     0
    GDAS    22    12    29     0     0
    GDAS    23     1     1     0     0
    GDAS    23     1     8     0     0
    GDAS    23     1    15     0     0
    GDAS    23     1    22     0     0
    GDAS    23     1    29     0     0
    GDAS    23     2     1     0     0
     1 FORWARD  OMEGA   
    23     1    26    16   53.439  -99.405     0.5
     1 PRESSURE
     1     1    23     1    26    16     0     2     0.0   53.439  -99.405      0.5    974.5
     1     1    23     1    26    17     0     1     1.0   53.586  -99.590      0.0    972.1
     1     1    23     1    26    18     0     0     2.0   53.733  -99.806      0.7    969.3
     1     1    23     1    26    19     0     1     3.0   53.854 -100.054      2.0    967.8
     1     1    23     1    26    20     0     2     4.0   53.923 -100.315      3.2    967.7
     1     1    23     1    26    21     0     3     5.0   53.935 -100.574      4.5    967.6
     1     1    23     1    26    22     0     2     6.0   53.895 -100.799      6.4    968.5
     1     1    23     1    26    23     0     1     7.0   53.813 -100.961      8.6    969.4
     1     1    23     1    27     0     0     0     8.0   53.689 -101.061     10.8    969.7
     1     1    23     1    27     1     0     1     9.0   53.544 -101.100     13.1    970.0
     1     1    23     1    27     2     0     2    10.0   53.399 -101.069     15.2    970.9
     1     1    23     1    27     3     0     3    11.0   53.247 -100.949     16.7    972.5
     1     1    23     1    27     4     0     2    12.0   53.086 -100.785     17.1    972.1
     1     1    23     1    27     5     0     1    13.0   52.918 -100.617     17.9    970.6
     1     1    23     1    27     6     0     0    14.0   52.740 -100.437     20.4    968.6
     1     1    23     1    27     7     0     1    15.0   52.541 -100.248     24.4    968.1
     1     1    23     1    27     8     0     2    16.0   52.309 -100.045     27.9    969.9
     1     1    23     1    27     9     0     3    17.0   52.064  -99.822     28.9    970.3
     1     1    23     1    27    10     0     2    18.0   51.834  -99.608     33.4    968.8
     1     1    23     1    27    11     0     1    19.0   51.608  -99.409     47.7    966.5
     1     1    23     1    27    12     0     0    20.0   51.360  -99.198     68.5    964.0
     1     1    23     1    27    13     0     1    21.0   51.071  -98.956     80.1    963.2
     1     1    23     1    27    14     0     2    22.0   50.764  -98.714     84.2    963.1
     1     1    23     1    27    15     0     3    23.0   50.451  -98.492     89.8    962.5
     1     1    23     1    27    16     0     2    24.0   50.128  -98.263     94.0    962.7
     1     1    23     1    27    17     0     1    25.0   49.800  -98.009     91.0    962.4
     1     1    23     1    27    18     0     0    26.0   49.491  -97.755     83.4    963.8
     1     1    23     1    27    19     0     1    27.0   49.211  -97.517     80.5    964.9
     1     1    23     1    27    20     0     2    28.0   48.943  -97.286     84.5    964.6
     1     1    23     1    27    21     0     3    29.0   48.665  -97.059     93.1    964.9
     1     1    23     1    27    22     0     2    30.0   48.386  -96.837     99.9    964.1
     1     1    23     1    27    23     0     1    31.0   48.130  -96.612    102.7    963.2
     1     1    23     1    28     0     0     0    32.0   47.902  -96.379    106.8    962.1
     1     1    23     1    28     1     0     1    33.0   47.683  -96.150    116.4    957.9
     1     1    23     1    28     2     0     2    34.0   47.447  -95.944    130.8    952.8
     1     1    23     1    28     3     0     3    35.0   47.181  -95.773    143.8    947.5
     1     1    23     1    28     4     0     2    36.0   46.903  -95.637    145.6    945.3
     1     1    23     1    28     5     0     1    37.0   46.638  -95.516    133.2    949.5
     1     1    23     1    28     6     0     0    38.0   46.396  -95.409    113.5    954.3
     1     1    23     1    28     7     0     1    39.0   46.173  -95.321     93.7    958.7
     1     1    23     1    28     8     0     2    40.0   45.973  -95.255     76.4    962.9
     1     1    23     1    28     9     0     3    41.0   45.795  -95.213     63.4    966.8
     1     1    23     1    28    10     0     2    42.0   45.631  -95.186     54.3    969.2
     1     1    23     1    28    11     0     1    43.0   45.475  -95.173     46.9    971.0
     1     1    23     1    28    12     0     0    44.0   45.326  -95.173     39.4    972.9
     1     1    23     1    28    13     0     1    45.0   45.185  -95.185     32.6    976.1
     1     1    23     1    28    14     0     2    46.0   45.050  -95.204     27.4    979.0
     1     1    23     1    28    15     0     3    47.0   44.921  -95.229     24.2    980.3
     1     1    23     1    28    16     0     2    48.0   44.789  -95.258     22.7    979.0
     1     1    23     1    28    17     0     1    49.0   44.649  -95.286     22.1    977.4
     1     1    23     1    28    18     0     0    50.0   44.496  -95.318     21.5    975.3
     1     1    23     1    28    19     0     1    51.0   44.326  -95.351     21.2    972.7
     1     1    23     1    28    20     0     2    52.0   44.134  -95.386     21.6    969.3
     1     1    23     1    28    21     0     3    53.0   43.926  -95.428     22.4    966.6
     1     1    23     1    28    22     0     2    54.0   43.713  -95.473     23.6    966.9
     1     1    23     1    28    23     0     1    55.0   43.508  -95.518     24.2    967.6
     1     1    23     1    29     0     0     0    56.0   43.311  -95.561     21.8    969.2
     1     1    23     1    29     1     0     1    57.0   43.125  -95.598     17.2    972.2
     1     1    23     1    29     2     0     2    58.0   42.943  -95.625     13.4    975.0
     1     1    23     1    29     3     0     3    59.0   42.758  -95.636     12.0    976.7
     1     1    23     1    29     4     0     2    60.0   42.565  -95.631     12.5    977.6
     1     1    23     1    29     5     0     1    61.0   42.367  -95.609     14.1    978.9
     1     1    23     1    29     6     0     0    62.0   42.162  -95.571     18.1    979.9
     1     1    23     1    29     7     0     1    63.0   41.949  -95.527     24.2    979.3
     1     1    23     1    29     8     0     2    64.0   41.723  -95.490     29.6    978.6
     1     1    23     1    29     9     0     3    65.0   41.482  -95.460     32.1    978.8
     1     1    23     1    29    10     0     2    66.0   41.235  -95.442     31.5    979.9
     1     1    23     1    29    11     0     1    67.0   40.992  -95.445     29.1    981.5
     1     1    23     1    29    12     0     0    68.0   40.759  -95.468     28.1    983.1
     1     1    23     1    29    13     0     1    69.0   40.528  -95.505     30.3    983.9
     1     1    23     1    29    14     0     2    70.0   40.290  -95.550     35.8    984.2
     1     1    23     1    29    15     0     3    71.0   40.048  -95.607     45.5    984.1
     1     1    23     1    29    16     0     2    72.0   39.803  -95.674     61.1    982.0
     1     1    23     1    29    17     0     1    73.0   39.555  -95.749     85.7    978.2
     1     1    23     1    29    18     0     0    74.0   39.299  -95.837    126.7    973.0
     1     1    23     1    29    19     0     1    75.0   39.033  -95.941    189.5    963.1
     1     1    23     1    29    20     0     2    76.0   38.765  -96.059    251.7    952.2
     1     1    23     1    29    21     0     3    77.0   38.494  -96.185    294.6    944.8
     1     1    23     1    29    22     0     2    78.0   38.216  -96.318    317.9    940.9
     1     1    23     1    29    23     0     1    79.0   37.929  -96.463    321.3    939.4
     1     1    23     1    30     0     0     0    80.0   37.645  -96.621    317.0    942.6
     1     1    23     1    30     1     0     1    81.0   37.362  -96.781    319.8    943.9
     1     1    23     1    30     2     0     2    82.0   37.069  -96.926    330.4    943.9
     1     1    23     1    30     3     0     3    83.0   36.760  -97.047    335.2    943.8
     1     1    23     1    30     4     0     2    84.0   36.437  -97.139    330.0    947.2
     1     1    23     1    30     5     0     1    85.0   36.107  -97.208    327.8    950.3
     1     1    23     1    30     6     0     0    86.0   35.765  -97.263    331.5    948.3
     1     1    23     1    30     7     0     1    87.0   35.407  -97.322    336.1    945.1
     1     1    23     1    30     8     0     2    88.0   35.029  -97.389    345.8    942.3
     1     1    23     1    30     9     0     3    89.0   34.640  -97.449    362.5    944.0
     1     1    23     1    30    10     0     2    90.0   34.262  -97.491    376.5    946.1
     1     1    23     1    30    11     0     1    91.0   33.900  -97.522    384.5    948.3
     1     1    23     1    30    12     0     0    92.0   33.550  -97.541    384.4    947.5
     1     1    23     1    30    13     0     1    93.0   33.217  -97.539    370.6    949.0
     1     1    23     1    30    14     0     2    94.0   32.897  -97.510    349.8    952.7
     1     1    23     1    30    15     0     3    95.0   32.586  -97.467    335.8    955.2
     1     1    23     1    30    16     0     2    96.0   32.287  -97.420    330.1    954.5
     1     1    23     1    30    17     0     1    97.0   31.999  -97.374    321.5    954.2
     1     1    23     1    30    18     0     0    98.0   31.720  -97.336    304.3    958.1
     1     1    23     1    30    19     0     1    99.0   31.441  -97.307    281.5    962.6
     1     1    23     1    30    20     0     2   100.0   31.147  -97.280    255.6    967.0
     1     1    23     1    30    21     0     3   101.0   30.831  -97.254    226.6    972.0
     1     1    23     1    30    22     0     2   102.0   30.507  -97.239    199.2    978.3
     1     1    23     1    30    23     0     1   103.0   30.184  -97.245    172.0    983.4
     1     1    23     1    31     0     0     0   104.0   29.863  -97.270    139.4    990.2
     1     1    23     1    31     1     0     1   105.0   29.561  -97.302    109.9    997.3
     1     1    23     1    31     2     0     2   106.0   29.286  -97.336     90.6   1002.4
     1     1    23     1    31     3     0     3   107.0   29.034  -97.379     78.5   1007.0
     1     1    23     1    31     4     0     2   108.0   28.795  -97.430     71.2   1007.4
     1     1    23     1    31     5     0     1   109.0   28.563  -97.487     67.3   1007.4
     1     1    23     1    31     6     0     0   110.0   28.343  -97.545     66.5   1007.4
     1     1    23     1    31     7     0     1   111.0   28.134  -97.596     68.2   1006.7
     1     1    23     1    31     8     0     2   112.0   27.932  -97.631     71.2   1005.7
     1     1    23     1    31     9     0     3   113.0   27.735  -97.652     74.9   1005.3
     1     1    23     1    31    10     0     2   114.0   27.538  -97.665     77.9   1005.8
     1     1    23     1    31    11     0     1   115.0   27.336  -97.671     79.2   1006.8
     1     1    23     1    31    12     0     0   116.0   27.126  -97.671     79.3   1008.0
     1     1    23     1    31    13     0     1   117.0   26.913  -97.665     79.3   1009.5
     1     1    23     1    31    14     0     2   118.0   26.702  -97.653     79.6   1009.9
     1     1    23     1    31    15     0     3   119.0   26.490  -97.633     79.8   1010.3
     1     1    23     1    31    16     0     2   120.0   26.274  -97.606     79.2   1010.1
