     8     1
    GDAS    22    12    22     0     0
    GDAS    22    12    29     0     0
    GDAS    23     1     1     0     0
    GDAS    23     1     8     0     0
    GDAS    23     1    15     0     0
    GDAS    23     1    22     0     0
    GDAS    23     1    29     0     0
    GDAS    23     2     1     0     0
     1 FORWARD  OMEGA   
    23     1    22    16   46.246 -140.876    43.8
     1 PRESSURE
     1     1    23     1    22    16     0     2     0.0   46.246 -140.876     43.8   1012.8
     1     1    23     1    22    17     0     1     1.0   46.613 -140.566     48.8   1012.6
     1     1    23     1    22    18     0     0     2.0   46.985 -140.242     57.0   1011.2
     1     1    23     1    22    19     0     1     3.0   47.356 -139.870     65.6   1010.4
     1     1    23     1    22    20     0     2     4.0   47.725 -139.437     70.8   1009.5
     1     1    23     1    22    21     0     3     5.0   48.083 -138.948     71.6   1009.0
     1     1    23     1    22    22     0     2     6.0   48.422 -138.426     69.2   1010.2
     1     1    23     1    22    23     0     1     7.0   48.731 -137.871     66.7   1010.6
     1     1    23     1    23     0     0     0     8.0   48.998 -137.225     63.2   1010.1
     1     1    23     1    23     1     0     1     9.0   49.224 -136.537     60.8   1012.7
     1     1    23     1    23     2     0     2    10.0   49.427 -135.864     62.2   1013.1
     1     1    23     1    23     3     0     3    11.0   49.606 -135.197     62.7   1013.2
     1     1    23     1    23     4     0     2    12.0   49.758 -134.552     59.2   1014.3
     1     1    23     1    23     5     0     1    13.0   49.882 -133.923     51.3   1015.7
     1     1    23     1    23     6     0     0    14.0   49.986 -133.303     45.7   1017.0
     1     1    23     1    23     7     0     1    15.0   50.085 -132.720     46.6   1017.7
     1     1    23     1    23     8     0     2    16.0   50.175 -132.196     49.2   1018.3
     1     1    23     1    23     9     0     3    17.0   50.228 -131.718     50.1   1019.2
     1     1    23     1    23    10     0     2    18.0   50.257 -131.296     47.5   1019.9
     1     1    23     1    23    11     0     1    19.0   50.293 -130.943     44.2   1020.9
     1     1    23     1    23    12     0     0    20.0   50.344 -130.660     43.2   1021.2
     1     1    23     1    23    13     0     1    21.0   50.423 -130.425     43.7   1021.0
     1     1    23     1    23    14     0     2    22.0   50.544 -130.216     45.0   1020.9
     1     1    23     1    23    15     0     3    23.0   50.722 -130.037     48.3   1020.5
     1     1    23     1    23    16     0     2    24.0   50.962 -129.880     54.8   1020.0
     1     1    23     1    23    17     0     1    25.0   51.261 -129.742     65.1   1017.9
     1     1    23     1    23    18     0     0    26.0   51.620 -129.606     78.7   1015.4
     1     1    23     1    23    19     0     1    27.0   52.029 -129.451     99.6   1012.5
     1     1    23     1    23    20     0     2    28.0   52.432 -129.303    161.5    998.5
     1     1    23     1    23    21     0     3    29.0   52.826 -129.149    357.2    967.0
     1     1    23     1    23    22     0     2    30.0   53.214 -128.904    847.2    890.5
     1     1    23     1    23    23     0     1    31.0   53.573 -128.296   1312.3    754.5
     1     1    23     1    24     0     0     0    32.0   53.932 -127.237   1174.7    763.9
     1     1    23     1    24     1     0     1    33.0   54.211 -126.105   1101.2    793.1
     1     1    23     1    24     2     0     2    34.0   54.392 -124.934   1069.0    792.5
     1     1    23     1    24     3     0     3    35.0   54.523 -123.784   1103.4    796.6
     1     1    23     1    24     4     0     2    36.0   54.590 -122.634   1417.4    764.7
     1     1    23     1    24     5     0     1    37.0   54.582 -121.421   1516.1    729.0
     1     1    23     1    24     6     0     0    38.0   54.525 -120.215   1320.9    725.9
     1     1    23     1    24     7     0     1    39.0   54.489 -119.010    973.4    798.5
     1     1    23     1    24     8     0     2    40.0   54.409 -117.799    932.9    800.2
     1     1    23     1    24     9     0     3    41.0   54.201 -116.647   1164.4    777.6
     1     1    23     1    24    10     0     2    42.0   53.896 -115.551   1155.3    790.5
     1     1    23     1    24    11     0     1    43.0   53.539 -114.577   1161.4    794.7
     1     1    23     1    24    12     0     0    44.0   53.166 -113.657   1111.3    802.9
     1     1    23     1    24    13     0     1    45.0   52.781 -112.878   1351.8    779.2
     1     1    23     1    24    14     0     2    46.0   52.352 -112.285   1481.4    761.0
     1     1    23     1    24    15     0     3    47.0   51.899 -111.790   1498.1    758.6
     1     1    23     1    24    16     0     2    48.0   51.428 -111.308   1537.5    762.8
     1     1    23     1    24    17     0     1    49.0   50.975 -110.835   1623.5    760.9
     1     1    23     1    24    18     0     0    50.0   50.556 -110.393   1759.4    744.9
     1     1    23     1    24    19     0     1    51.0   50.142 -109.944   1896.8    725.9
     1     1    23     1    24    20     0     2    52.0   49.730 -109.472   2015.8    710.5
     1     1    23     1    24    21     0     3    53.0   49.333 -108.977   2059.5    696.2
     1     1    23     1    24    22     0     2    54.0   48.937 -108.507   2057.6    702.9
     1     1    23     1    24    23     0     1    55.0   48.517 -108.065   2145.1    705.1
     1     1    23     1    25     0     0     0    56.0   48.087 -107.635   2309.8    690.2
     1     1    23     1    25     1     0     1    57.0   47.662 -107.237   2407.3    671.7
     1     1    23     1    25     2     0     2    58.0   47.218 -106.878   2405.8    666.4
     1     1    23     1    25     3     0     3    59.0   46.763 -106.544   2381.1    669.0
     1     1    23     1    25     4     0     2    60.0   46.321 -106.199   2393.9    675.7
     1     1    23     1    25     5     0     1    61.0   45.889 -105.848   2439.9    668.3
     1     1    23     1    25     6     0     0    62.0   45.445 -105.490   2430.8    650.8
     1     1    23     1    25     7     0     1    63.0   44.993 -105.109   2339.0    649.1
     1     1    23     1    25     8     0     2    64.0   44.525 -104.729   2200.1    649.7
     1     1    23     1    25     9     0     3    65.0   44.003 -104.356   1965.4    632.3
     1     1    23     1    25    10     0     2    66.0   43.462 -103.990   1762.7    676.3
     1     1    23     1    25    11     0     1    67.0   42.944 -103.661   1682.5    718.5
     1     1    23     1    25    12     0     0    68.0   42.422 -103.382   1664.2    715.2
     1     1    23     1    25    13     0     1    69.0   41.887 -103.141   1673.5    705.5
     1     1    23     1    25    14     0     2    70.0   41.351 -102.916   1663.5    701.4
     1     1    23     1    25    15     0     3    71.0   40.810 -102.722   1646.2    709.7
     1     1    23     1    25    16     0     2    72.0   40.294 -102.560   1669.9    709.9
     1     1    23     1    25    17     0     1    73.0   39.828 -102.404   1704.4    708.4
     1     1    23     1    25    18     0     0    74.0   39.408 -102.243   1738.5    705.3
     1     1    23     1    25    19     0     1    75.0   39.019 -102.073   1765.8    702.6
     1     1    23     1    25    20     0     2    76.0   38.646 -101.883   1796.4    708.7
     1     1    23     1    25    21     0     3    77.0   38.281 -101.676   1834.1    712.3
     1     1    23     1    25    22     0     2    78.0   37.922 -101.462   1872.5    712.9
     1     1    23     1    25    23     0     1    79.0   37.560 -101.236   1877.2    714.6
     1     1    23     1    26     0     0     0    80.0   37.193 -101.015   1822.9    725.9
     1     1    23     1    26     1     0     1    81.0   36.825 -100.798   1752.8    742.6
     1     1    23     1    26     2     0     2    82.0   36.457 -100.575   1704.7    750.0
     1     1    23     1    26     3     0     3    83.0   36.101 -100.382   1666.9    755.2
     1     1    23     1    26     4     0     2    84.0   35.760 -100.197   1632.1    762.9
     1     1    23     1    26     5     0     1    85.0   35.441  -99.985   1588.2    773.8
     1     1    23     1    26     6     0     0    86.0   35.155  -99.781   1516.3    787.1
     1     1    23     1    26     7     0     1    87.0   34.885  -99.586   1437.9    803.8
     1     1    23     1    26     8     0     2    88.0   34.612  -99.371   1373.6    815.7
     1     1    23     1    26     9     0     3    89.0   34.352  -99.138   1304.6    828.5
     1     1    23     1    26    10     0     2    90.0   34.104  -98.905   1246.9    844.3
     1     1    23     1    26    11     0     1    91.0   33.848  -98.675   1221.8    849.3
     1     1    23     1    26    12     0     0    92.0   33.583  -98.439   1226.0    848.3
     1     1    23     1    26    13     0     1    93.0   33.320  -98.199   1223.9    845.4
     1     1    23     1    26    14     0     2    94.0   33.070  -97.969   1193.0    850.4
     1     1    23     1    26    15     0     3    95.0   32.833  -97.753   1152.6    860.7
     1     1    23     1    26    16     0     2    96.0   32.613  -97.546   1111.9    868.7
     1     1    23     1    26    17     0     1    97.0   32.412  -97.345   1068.6    876.0
     1     1    23     1    26    18     0     0    98.0   32.231  -97.154   1016.2    883.5
     1     1    23     1    26    19     0     1    99.0   32.075  -96.977    961.2    891.8
     1     1    23     1    26    20     0     2   100.0   31.946  -96.809    914.0    898.9
     1     1    23     1    26    21     0     3   101.0   31.839  -96.650    874.2    905.5
     1     1    23     1    26    22     0     2   102.0   31.751  -96.495    829.2    911.5
     1     1    23     1    26    23     0     1   103.0   31.676  -96.343    771.4    920.2
     1     1    23     1    27     0     0     0   104.0   31.616  -96.195    705.5    929.9
     1     1    23     1    27     1     0     1   105.0   31.573  -96.047    640.2    940.7
     1     1    23     1    27     2     0     2   106.0   31.553  -95.892    578.4    947.4
     1     1    23     1    27     3     0     3   107.0   31.557  -95.731    516.9    953.8
     1     1    23     1    27     4     0     2   108.0   31.580  -95.560    469.7    960.4
     1     1    23     1    27     5     0     1   109.0   31.613  -95.369    444.5    961.9
     1     1    23     1    27     6     0     0   110.0   31.664  -95.148    433.7    961.2
     1     1    23     1    27     7     0     1   111.0   31.721  -94.903    424.6    960.4
     1     1    23     1    27     8     0     2   112.0   31.771  -94.650    411.1    962.9
     1     1    23     1    27     9     0     3   113.0   31.813  -94.387    393.3    965.8
     1     1    23     1    27    10     0     2   114.0   31.855  -94.125    373.6    969.8
     1     1    23     1    27    11     0     1   115.0   31.896  -93.873    359.0    972.6
     1     1    23     1    27    12     0     0   116.0   31.936  -93.634    353.5    973.2
     1     1    23     1    27    13     0     1   117.0   31.987  -93.407    350.7    973.1
     1     1    23     1    27    14     0     2   118.0   32.058  -93.194    342.8    974.3
     1     1    23     1    27    15     0     3   119.0   32.145  -92.994    329.0    976.5
     1     1    23     1    27    16     0     2   120.0   32.244  -92.805    313.4    980.5
