     8     1
    GDAS    22    12    22     0     0
    GDAS    22    12    29     0     0
    GDAS    23     1     1     0     0
    GDAS    23     1     8     0     0
    GDAS    23     1    15     0     0
    GDAS    23     1    22     0     0
    GDAS    23     1    29     0     0
    GDAS    23     2     1     0     0
     1 FORWARD  OMEGA   
    23     1     2    12   32.709 -116.119  2531.0
     1 PRESSURE
     1     1    23     1     2    12     0     0     0.0   32.709 -116.119   2531.0    701.2
     1     1    23     1     2    13     0     1     1.0   32.356 -115.624   2591.8    680.8
     1     1    23     1     2    14     0     2     2.0   32.097 -115.184   2672.5    704.6
     1     1    23     1     2    15     0     3     3.0   31.955 -114.814   2714.1    719.8
     1     1    23     1     2    16     0     2     4.0   31.862 -114.452   2699.1    718.5
     1     1    23     1     2    17     0     1     5.0   31.744 -114.037   2709.2    717.9
     1     1    23     1     2    18     0     0     6.0   31.610 -113.581   2732.8    710.5
     1     1    23     1     2    19     0     1     7.0   31.476 -113.114   2762.6    706.2
     1     1    23     1     2    20     0     2     8.0   31.337 -112.634   2788.4    691.9
     1     1    23     1     2    21     0     3     9.0   31.179 -112.105   2832.4    668.8
     1     1    23     1     2    22     0     2    10.0   30.986 -111.444   2877.6    629.9
     1     1    23     1     2    23     0     1    11.0   30.801 -110.638   2886.5    603.8
     1     1    23     1     3     0     0     0    12.0   30.713 -109.769   2767.9    591.4
     1     1    23     1     3     1     0     1    13.0   30.796 -108.867   2233.8    626.1
     1     1    23     1     3     2     0     2    14.0   31.012 -107.974   2022.5    675.2
     1     1    23     1     3     3     0     3    15.0   31.208 -107.093   2091.1    671.4
     1     1    23     1     3     4     0     2    16.0   31.388 -106.243   2026.5    658.5
     1     1    23     1     3     5     0     1    17.0   31.566 -105.368   1893.8    679.6
     1     1    23     1     3     6     0     0    18.0   31.726 -104.448   1958.6    684.3
     1     1    23     1     3     7     0     1    19.0   31.799 -103.549   1588.8    745.0
     1     1    23     1     3     8     0     2    20.0   31.826 -102.653   1314.6    774.3
     1     1    23     1     3     9     0     3    21.0   31.803 -101.722    934.9    821.3
     1     1    23     1     3    10     0     2    22.0   31.687 -100.857    748.7    848.8
     1     1    23     1     3    11     0     1    23.0   31.531 -100.116    666.0    864.0
     1     1    23     1     3    12     0     0    24.0   31.360  -99.472    581.5    881.7
     1     1    23     1     3    13     0     1    25.0   31.156  -98.884    544.1    895.9
     1     1    23     1     3    14     0     2    26.0   30.910  -98.329    499.9    904.4
     1     1    23     1     3    15     0     3    27.0   30.622  -97.849    388.7    932.0
     1     1    23     1     3    16     0     2    28.0   30.345  -97.524    278.9    959.0
     1     1    23     1     3    17     0     1    29.0   30.112  -97.335    208.1    971.6
     1     1    23     1     3    18     0     0    30.0   29.919  -97.227    165.4    980.1
     1     1    23     1     3    19     0     1    31.0   29.751  -97.158    139.3    984.9
     1     1    23     1     3    20     0     2    32.0   29.592  -97.106    122.4    988.2
     1     1    23     1     3    21     0     3    33.0   29.441  -97.066    111.7    990.6
     1     1    23     1     3    22     0     2    34.0   29.298  -97.047    100.0    993.3
     1     1    23     1     3    23     0     1    35.0   29.169  -97.050     82.8    996.7
     1     1    23     1     4     0     0     0    36.0   29.057  -97.066     64.1   1000.3
     1     1    23     1     4     1     0     1    37.0   28.969  -97.089     50.6   1002.6
     1     1    23     1     4     2     0     2    38.0   28.905  -97.121     44.3   1003.1
     1     1    23     1     4     3     0     3    39.0   28.862  -97.163     42.5   1003.5
     1     1    23     1     4     4     0     2    40.0   28.831  -97.195     42.4   1003.5
     1     1    23     1     4     5     0     1    41.0   28.804  -97.198     41.1   1003.8
     1     1    23     1     4     6     0     0    42.0   28.780  -97.172     38.9   1004.4
     1     1    23     1     4     7     0     1    43.0   28.748  -97.128     36.4   1005.8
     1     1    23     1     4     8     0     2    44.0   28.696  -97.074     34.6   1007.2
     1     1    23     1     4     9     0     3    45.0   28.633  -97.011     33.8   1008.6
     1     1    23     1     4    10     0     2    46.0   28.566  -96.940     32.5   1009.4
     1     1    23     1     4    11     0     1    47.0   28.499  -96.862     29.1   1010.5
     1     1    23     1     4    12     0     0    48.0   28.422  -96.772     24.6   1012.0
     1     1    23     1     4    13     0     1    49.0   28.335  -96.676     20.4   1013.6
     1     1    23     1     4    14     0     2    50.0   28.243  -96.582     17.0   1014.9
     1     1    23     1     4    15     0     3    51.0   28.147  -96.491     14.2   1016.1
     1     1    23     1     4    16     0     2    52.0   28.041  -96.394     12.2   1016.7
     1     1    23     1     4    17     0     1    53.0   27.922  -96.280     11.3   1016.9
     1     1    23     1     4    18     0     0    54.0   27.797  -96.154     11.1   1016.9
     1     1    23     1     4    19     0     1    55.0   27.680  -96.037     10.8   1016.6
     1     1    23     1     4    20     0     2    56.0   27.577  -95.950     10.3   1016.6
     1     1    23     1     4    21     0     3    57.0   27.482  -95.891      9.8   1016.5
     1     1    23     1     4    22     0     2    58.0   27.385  -95.852      9.2   1016.4
     1     1    23     1     4    23     0     1    59.0   27.276  -95.828      8.3   1016.4
     1     1    23     1     5     0     0     0    60.0   27.154  -95.819      7.2   1016.3
     1     1    23     1     5     1     0     1    61.0   27.034  -95.829      6.4   1017.4
     1     1    23     1     5     2     0     2    62.0   26.939  -95.867      6.5   1018.5
     1     1    23     1     5     3     0     3    63.0   26.875  -95.929      7.5   1019.7
     1     1    23     1     5     4     0     2    64.0   26.838  -96.002      8.3   1019.6
     1     1    23     1     5     5     0     1    65.0   26.818  -96.073      8.0   1019.5
     1     1    23     1     5     6     0     0    66.0   26.818  -96.141      6.5   1019.5
     1     1    23     1     5     7     0     1    67.0   26.829  -96.205      5.0   1019.4
     1     1    23     1     5     8     0     2    68.0   26.845  -96.267      4.3   1019.3
     1     1    23     1     5     9     0     3    69.0   26.865  -96.323      4.5   1019.2
     1     1    23     1     5    10     0     2    70.0   26.887  -96.371      4.9   1019.2
     1     1    23     1     5    11     0     1    71.0   26.909  -96.408      5.1   1019.2
     1     1    23     1     5    12     0     0    72.0   26.930  -96.434      5.0   1019.2
     1     1    23     1     5    13     0     1    73.0   26.944  -96.443      5.1   1020.3
     1     1    23     1     5    14     0     2    74.0   26.942  -96.429      6.0   1021.5
     1     1    23     1     5    15     0     3    75.0   26.923  -96.395      7.6   1022.7
     1     1    23     1     5    16     0     2    76.0   26.887  -96.365      9.3   1022.6
     1     1    23     1     5    17     0     1    77.0   26.832  -96.357     10.6   1022.4
     1     1    23     1     5    18     0     0    78.0   26.762  -96.367     11.3   1022.2
     1     1    23     1     5    19     0     1    79.0   26.691  -96.390     11.8   1022.0
     1     1    23     1     5    20     0     2    80.0   26.630  -96.424     11.9   1021.9
     1     1    23     1     5    21     0     3    81.0   26.578  -96.469     11.6   1021.9
     1     1    23     1     5    22     0     2    82.0   26.532  -96.534     11.0   1022.0
     1     1    23     1     5    23     0     1    83.0   26.492  -96.625     10.4   1022.0
     1     1    23     1     6     0     0     0    84.0   26.458  -96.746      9.9   1022.0
     1     1    23     1     6     1     0     1    85.0   26.435  -96.891      9.3   1021.9
     1     1    23     1     6     2     0     2    86.0   26.433  -97.048      8.7   1021.6
     1     1    23     1     6     3     0     3    87.0   26.454  -97.209      8.4   1020.9
     1     1    23     1     6     4     0     2    88.0   26.502  -97.363      8.5   1020.3
     1     1    23     1     6     5     0     1    89.0   26.572  -97.502      9.0   1019.7
     1     1    23     1     6     6     0     0    90.0   26.661  -97.622      9.8   1019.2
     1     1    23     1     6     7     0     1    91.0   26.758  -97.727     10.8   1018.7
     1     1    23     1     6     8     0     2    92.0   26.854  -97.823     12.1   1018.1
     1     1    23     1     6     9     0     3    93.0   26.949  -97.914     14.1   1017.5
     1     1    23     1     6    10     0     2    94.0   27.044  -98.000     16.4   1016.6
     1     1    23     1     6    11     0     1    95.0   27.145  -98.079     17.7   1014.6
     1     1    23     1     6    12     0     0    96.0   27.254  -98.155     17.0   1013.1
     1     1    23     1     6    13     0     1    97.0   27.375  -98.231     15.3   1012.2
     1     1    23     1     6    14     0     2    98.0   27.519  -98.307     13.5   1011.3
     1     1    23     1     6    15     0     3    99.0   27.686  -98.380     11.8   1010.6
     1     1    23     1     6    16     0     2   100.0   27.880  -98.444     10.5   1009.7
     1     1    23     1     6    17     0     1   101.0   28.102  -98.498      9.5   1008.2
     1     1    23     1     6    18     0     0   102.0   28.348  -98.538      9.0   1006.1
     1     1    23     1     6    19     0     1   103.0   28.604  -98.568      9.3   1002.8
     1     1    23     1     6    20     0     2   104.0   28.859  -98.598     10.4    999.0
     1     1    23     1     6    21     0     3   105.0   29.123  -98.627     13.4    991.7
     1     1    23     1     6    22     0     2   106.0   29.396  -98.653     23.8    982.1
     1     1    23     1     6    23     0     1   107.0   29.677  -98.677     57.2    969.9
     1     1    23     1     7     0     0     0   108.0   29.998  -98.699    131.2    950.8
     1     1    23     1     7     1     0     1   109.0   30.390  -98.696    213.8    937.6
     1     1    23     1     7     2     0     2   110.0   30.820  -98.642    245.4    932.7
     1     1    23     1     7     3     0     3   111.0   31.239  -98.542    232.2    938.6
     1     1    23     1     7     4     0     2   112.0   31.634  -98.396    209.5    946.5
     1     1    23     1     7     5     0     1   113.0   32.020  -98.196    182.9    952.2
     1     1    23     1     7     6     0     0   114.0   32.378  -97.975    143.1    959.8
     1     1    23     1     7     7     0     1   115.0   32.653  -97.777    110.9    969.0
     1     1    23     1     7     8     0     2   116.0   32.839  -97.590     96.3    974.2
     1     1    23     1     7     9     0     3   117.0   32.961  -97.405     93.8    978.5
     1     1    23     1     7    10     0     2   118.0   33.029  -97.222     98.0    981.8
     1     1    23     1     7    11     0     1   119.0   33.030  -97.048    107.3    984.8
     1     1    23     1     7    12     0     0   120.0   32.959  -96.872    124.4    984.9
