     8     1
    GDAS    22    12    22     0     0
    GDAS    22    12    29     0     0
    GDAS    23     1     1     0     0
    GDAS    23     1     8     0     0
    GDAS    23     1    15     0     0
    GDAS    23     1    22     0     0
    GDAS    23     1    29     0     0
    GDAS    23     2     1     0     0
     1 FORWARD  OMEGA   
    22    12    29    15   38.747 -171.739  5041.5
     1 PRESSURE
     1     1    22    12    29    15     0     3     0.0   38.747 -171.739   5041.5    521.1
     1     1    22    12    29    16     0     2     1.0   38.707 -170.639   5014.0    523.1
     1     1    22    12    29    17     0     1     2.0   38.714 -169.561   4986.4    526.0
     1     1    22    12    29    18     0     0     3.0   38.729 -168.499   4993.2    525.5
     1     1    22    12    29    19     0     1     4.0   38.787 -167.434   5025.7    523.0
     1     1    22    12    29    20     0     2     5.0   38.899 -166.378   5046.5    521.8
     1     1    22    12    29    21     0     3     6.0   39.025 -165.320   5053.1    520.9
     1     1    22    12    29    22     0     2     7.0   39.183 -164.265   5016.5    523.9
     1     1    22    12    29    23     0     1     8.0   39.366 -163.237   4976.4    526.6
     1     1    22    12    30     0     0     0     9.0   39.548 -162.216   4947.4    528.3
     1     1    22    12    30     1     0     1    10.0   39.754 -161.180   4918.2    530.4
     1     1    22    12    30     2     0     2    11.0   40.003 -160.136   4869.5    533.8
     1     1    22    12    30     3     0     3    12.0   40.258 -159.120   4815.0    538.5
     1     1    22    12    30     4     0     2    13.0   40.506 -158.093   4794.3    540.0
     1     1    22    12    30     5     0     1    14.0   40.761 -157.038   4775.5    541.3
     1     1    22    12    30     6     0     0    15.0   41.034 -155.970   4751.4    544.5
     1     1    22    12    30     7     0     1    16.0   41.310 -154.921   4749.4    543.8
     1     1    22    12    30     8     0     2    17.0   41.543 -153.867   4776.3    542.6
     1     1    22    12    30     9     0     3    18.0   41.763 -152.795   4814.1    539.1
     1     1    22    12    30    10     0     2    19.0   42.006 -151.727   4821.2    539.3
     1     1    22    12    30    11     0     1    20.0   42.213 -150.699   4826.7    538.9
     1     1    22    12    30    12     0     0    21.0   42.399 -149.693   4829.2    539.1
     1     1    22    12    30    13     0     1    22.0   42.604 -148.679   4828.6    538.6
     1     1    22    12    30    14     0     2    23.0   42.795 -147.674   4775.2    542.8
     1     1    22    12    30    15     0     3    24.0   42.980 -146.698   4691.8    550.0
     1     1    22    12    30    16     0     2    25.0   43.169 -145.749   4659.1    552.6
     1     1    22    12    30    17     0     1    26.0   43.322 -144.770   4633.3    554.6
     1     1    22    12    30    18     0     0    27.0   43.475 -143.761   4620.7    556.0
     1     1    22    12    30    19     0     1    28.0   43.636 -142.747   4603.8    557.1
     1     1    22    12    30    20     0     2    29.0   43.750 -141.743   4541.8    562.0
     1     1    22    12    30    21     0     3    30.0   43.820 -140.698   4472.1    568.5
     1     1    22    12    30    22     0     2    31.0   43.886 -139.654   4436.2    571.0
     1     1    22    12    30    23     0     1    32.0   43.931 -138.627   4376.4    575.0
     1     1    22    12    31     0     0     0    33.0   43.899 -137.602   4242.6    587.0
     1     1    22    12    31     1     0     1    34.0   43.854 -136.610   4174.1    592.4
     1     1    22    12    31     2     0     2    35.0   43.793 -135.651   4160.0    594.7
     1     1    22    12    31     3     0     3    36.0   43.672 -134.710   4206.9    590.7
     1     1    22    12    31     4     0     2    37.0   43.540 -133.788   4242.6    588.0
     1     1    22    12    31     5     0     1    38.0   43.418 -132.929   4221.1    589.3
     1     1    22    12    31     6     0     0    39.0   43.296 -132.145   4122.8    599.2
     1     1    22    12    31     7     0     1    40.0   43.203 -131.401   4038.6    605.4
     1     1    22    12    31     8     0     2    41.0   43.146 -130.669   3893.4    614.5
     1     1    22    12    31     9     0     3    42.0   43.120 -129.966   3648.9    634.0
     1     1    22    12    31    10     0     2    43.0   43.094 -129.291   3439.8    663.7
     1     1    22    12    31    11     0     1    44.0   43.038 -128.623   3302.4    668.1
     1     1    22    12    31    12     0     0    45.0   42.953 -127.983   3148.7    681.1
     1     1    22    12    31    13     0     1    46.0   42.831 -127.414   3083.5    697.1
     1     1    22    12    31    14     0     2    47.0   42.665 -126.897   3166.0    686.1
     1     1    22    12    31    15     0     3    48.0   42.460 -126.424   3237.4    668.2
     1     1    22    12    31    16     0     2    49.0   42.230 -126.033   3098.5    675.2
     1     1    22    12    31    17     0     1    50.0   42.003 -125.760   2815.2    711.7
     1     1    22    12    31    18     0     0    51.0   41.781 -125.576   2572.2    742.8
     1     1    22    12    31    19     0     1    52.0   41.548 -125.439   2458.2    753.1
     1     1    22    12    31    20     0     2    53.0   41.290 -125.326   2438.9    751.1
     1     1    22    12    31    21     0     3    54.0   41.003 -125.241   2446.5    747.3
     1     1    22    12    31    22     0     2    55.0   40.685 -125.166   2420.3    746.9
     1     1    22    12    31    23     0     1    56.0   40.323 -125.086   2332.9    755.5
     1     1    23     1     1     0     0     0    57.0   39.897 -124.999   2218.6    769.3
     1     1    23     1     1     1     0     1    58.0   39.416 -124.909   2128.7    778.9
     1     1    23     1     1     2     0     2    59.0   38.896 -124.800   2043.1    785.2
     1     1    23     1     1     3     0     3    60.0   38.337 -124.654   1946.0    796.2
     1     1    23     1     1     4     0     2    61.0   37.758 -124.464   1852.7    806.8
     1     1    23     1     1     5     0     1    62.0   37.175 -124.223   1828.2    815.1
     1     1    23     1     1     6     0     0    63.0   36.605 -123.942   1867.3    805.7
     1     1    23     1     1     7     0     1    64.0   36.050 -123.626   1878.6    801.5
     1     1    23     1     1     8     0     2    65.0   35.513 -123.276   1846.4    805.9
     1     1    23     1     1     9     0     3    66.0   35.003 -122.895   1752.6    812.4
     1     1    23     1     1    10     0     2    67.0   34.489 -122.477   1630.9    830.9
     1     1    23     1     1    11     0     1    68.0   33.977 -122.016   1515.4    840.9
     1     1    23     1     1    12     0     0    69.0   33.472 -121.528   1410.4    854.0
     1     1    23     1     1    13     0     1    70.0   32.984 -121.039   1363.3    861.9
     1     1    23     1     1    14     0     2    71.0   32.538 -120.553   1381.8    858.8
     1     1    23     1     1    15     0     3    72.0   32.135 -120.060   1442.9    851.9
     1     1    23     1     1    16     0     2    73.0   31.759 -119.563   1461.4    842.9
     1     1    23     1     1    17     0     1    74.0   31.422 -119.068   1409.2    853.0
     1     1    23     1     1    18     0     0    75.0   31.144 -118.571   1325.4    862.0
     1     1    23     1     1    19     0     1    76.0   30.913 -118.063   1237.5    874.0
     1     1    23     1     1    20     0     2    77.0   30.713 -117.551   1189.6    880.9
     1     1    23     1     1    21     0     3    78.0   30.548 -117.052   1176.4    879.2
     1     1    23     1     1    22     0     2    79.0   30.403 -116.570   1212.8    874.3
     1     1    23     1     1    23     0     1    80.0   30.269 -116.100   1324.5    858.5
     1     1    23     1     2     0     0     0    81.0   30.164 -115.558   1196.9    817.3
     1     1    23     1     2     1     0     1    82.0   30.115 -114.879    721.5    857.7
     1     1    23     1     2     2     0     2    83.0   30.117 -114.228    502.0    958.5
     1     1    23     1     2     3     0     3    84.0   30.169 -113.677    512.9    960.0
     1     1    23     1     2     4     0     2    85.0   30.263 -113.211    628.5    942.3
     1     1    23     1     2     5     0     1    86.0   30.368 -112.808    739.7    909.6
     1     1    23     1     2     6     0     0    87.0   30.481 -112.431    789.9    879.8
     1     1    23     1     2     7     0     1    88.0   30.638 -112.055    828.4    854.2
     1     1    23     1     2     8     0     2    89.0   30.818 -111.696    877.5    829.1
     1     1    23     1     2     9     0     3    90.0   30.998 -111.368    933.2    801.0
     1     1    23     1     2    10     0     2    91.0   31.207 -111.026    994.4    777.5
     1     1    23     1     2    11     0     1    92.0   31.454 -110.613   1008.6    761.9
     1     1    23     1     2    12     0     0    93.0   31.692 -110.122    901.2    752.7
     1     1    23     1     2    13     0     1    94.0   31.897 -109.634    765.4    775.1
     1     1    23     1     2    14     0     2    95.0   32.063 -109.218    737.6    788.2
     1     1    23     1     2    15     0     3    96.0   32.189 -108.794    810.9    770.3
     1     1    23     1     2    16     0     2    97.0   32.285 -108.290    823.2    746.4
     1     1    23     1     2    17     0     1    98.0   32.365 -107.734    710.2    759.8
     1     1    23     1     2    18     0     0    99.0   32.410 -107.193    573.3    793.9
     1     1    23     1     2    19     0     1   100.0   32.439 -106.656    604.0    809.7
     1     1    23     1     2    20     0     2   101.0   32.477 -106.089   1056.4    762.2
     1     1    23     1     2    21     0     3   102.0   32.518 -105.397   1492.5    686.5
     1     1    23     1     2    22     0     2   103.0   32.555 -104.574   1555.0    711.9
     1     1    23     1     2    23     0     1   104.0   32.556 -103.880   1395.2    747.4
     1     1    23     1     3     0     0     0   105.0   32.552 -103.231   1200.8    773.7
     1     1    23     1     3     1     0     1   106.0   32.550 -102.540    964.1    792.1
     1     1    23     1     3     2     0     2   107.0   32.520 -101.835    673.7    839.6
     1     1    23     1     3     3     0     3   108.0   32.464 -101.189    452.4    879.7
     1     1    23     1     3     4     0     2   109.0   32.417 -100.612    301.2    902.7
     1     1    23     1     3     5     0     1   110.0   32.409 -100.119    206.2    924.5
     1     1    23     1     3     6     0     0   111.0   32.434  -99.693    165.3    934.8
     1     1    23     1     3     7     0     1   112.0   32.471  -99.291    153.4    937.9
     1     1    23     1     3     8     0     2   113.0   32.509  -98.895    142.3    942.5
     1     1    23     1     3     9     0     3   114.0   32.544  -98.509    115.3    948.8
     1     1    23     1     3    10     0     2   115.0   32.570  -98.165     81.4    957.7
     1     1    23     1     3    11     0     1   116.0   32.592  -97.878     55.3    965.8
     1     1    23     1     3    12     0     0   117.0   32.613  -97.635     37.6    972.3
     1     1    23     1     3    13     0     1   118.0   32.632  -97.422     25.8    977.8
     1     1    23     1     3    14     0     2   119.0   32.652  -97.228     18.3    982.8
     1     1    23     1     3    15     0     3   120.0   32.675  -97.050     13.9    987.3
