     8     1
    GDAS    22    12    22     0     0
    GDAS    22    12    29     0     0
    GDAS    23     1     1     0     0
    GDAS    23     1     8     0     0
    GDAS    23     1    15     0     0
    GDAS    23     1    22     0     0
    GDAS    23     1    29     0     0
    GDAS    23     2     1     0     0
     1 FORWARD  OMEGA   
    23     1     2    14   29.468 -114.280  1721.0
     1 PRESSURE
     1     1    23     1     2    14     0     2     0.0   29.468 -114.280   1721.0    801.5
     1     1    23     1     2    15     0     3     1.0   29.333 -113.755   1662.0    815.1
     1     1    23     1     2    16     0     2     2.0   29.255 -113.290   1651.2    825.5
     1     1    23     1     2    17     0     1     3.0   29.228 -112.889   1677.4    829.5
     1     1    23     1     2    18     0     0     4.0   29.248 -112.521   1719.8    813.9
     1     1    23     1     2    19     0     1     5.0   29.295 -112.155   1743.9    799.8
     1     1    23     1     2    20     0     2     6.0   29.356 -111.786   1783.2    790.2
     1     1    23     1     2    21     0     3     7.0   29.443 -111.387   1901.9    771.8
     1     1    23     1     2    22     0     2     8.0   29.561 -110.930   2060.3    739.0
     1     1    23     1     2    23     0     1     9.0   29.704 -110.400   2132.5    701.5
     1     1    23     1     3     0     0     0    10.0   29.890 -109.805   2092.8    679.1
     1     1    23     1     3     1     0     1    11.0   30.157 -109.149   2006.9    664.4
     1     1    23     1     3     2     0     2    12.0   30.415 -108.354   1903.3    653.8
     1     1    23     1     3     3     0     3    13.0   30.546 -107.426   1986.8    662.5
     1     1    23     1     3     4     0     2    14.0   30.709 -106.546   2067.2    662.3
     1     1    23     1     3     5     0     1    15.0   30.935 -105.666   2008.5    660.1
     1     1    23     1     3     6     0     0    16.0   31.207 -104.745   1926.8    678.7
     1     1    23     1     3     7     0     1    17.0   31.399 -103.843   1803.0    706.4
     1     1    23     1     3     8     0     2    18.0   31.481 -102.982   1535.1    757.3
     1     1    23     1     3     9     0     3    19.0   31.503 -102.119   1261.5    783.4
     1     1    23     1     3    10     0     2    20.0   31.435 -101.266    990.0    820.2
     1     1    23     1     3    11     0     1    21.0   31.312 -100.490    842.7    840.4
     1     1    23     1     3    12     0     0    22.0   31.151  -99.801    706.8    862.9
     1     1    23     1     3    13     0     1    23.0   30.955  -99.188    651.4    882.7
     1     1    23     1     3    14     0     2    24.0   30.737  -98.646    623.1    886.9
     1     1    23     1     3    15     0     3    25.0   30.479  -98.180    527.8    908.3
     1     1    23     1     3    16     0     2    26.0   30.197  -97.831    400.2    937.5
     1     1    23     1     3    17     0     1    27.0   29.934  -97.615    300.5    958.0
     1     1    23     1     3    18     0     0    28.0   29.719  -97.496    242.2    969.4
     1     1    23     1     3    19     0     1    29.0   29.542  -97.428    207.5    975.0
     1     1    23     1     3    20     0     2    30.0   29.380  -97.381    182.9    979.9
     1     1    23     1     3    21     0     3    31.0   29.232  -97.351    165.9    983.6
     1     1    23     1     3    22     0     2    32.0   29.099  -97.342    149.7    987.2
     1     1    23     1     3    23     0     1    33.0   28.987  -97.356    129.5    991.2
     1     1    23     1     4     0     0     0    34.0   28.900  -97.381    108.3    993.4
     1     1    23     1     4     1     0     1    35.0   28.833  -97.411     93.5    995.9
     1     1    23     1     4     2     0     2    36.0   28.781  -97.449     88.4    996.8
     1     1    23     1     4     3     0     3    37.0   28.742  -97.498     90.8    996.9
     1     1    23     1     4     4     0     2    38.0   28.713  -97.536     96.1    995.9
     1     1    23     1     4     5     0     1    39.0   28.689  -97.542     98.6    995.8
     1     1    23     1     4     6     0     0    40.0   28.667  -97.514     97.9    996.4
     1     1    23     1     4     7     0     1    41.0   28.636  -97.465     94.3    997.7
     1     1    23     1     4     8     0     2    42.0   28.589  -97.403     88.9    999.3
     1     1    23     1     4     9     0     3    43.0   28.534  -97.328     83.1   1001.0
     1     1    23     1     4    10     0     2    44.0   28.472  -97.244     75.8   1003.1
     1     1    23     1     4    11     0     1    45.0   28.400  -97.153     65.9   1005.9
     1     1    23     1     4    12     0     0    46.0   28.311  -97.049     54.4   1009.6
     1     1    23     1     4    13     0     1    47.0   28.208  -96.941     43.7   1011.9
     1     1    23     1     4    14     0     2    48.0   28.096  -96.845     34.8   1013.4
     1     1    23     1     4    15     0     3    49.0   27.975  -96.764     27.1   1014.7
     1     1    23     1     4    16     0     2    50.0   27.843  -96.688     21.8   1015.6
     1     1    23     1     4    17     0     1    51.0   27.701  -96.608     19.1   1016.1
     1     1    23     1     4    18     0     0    52.0   27.554  -96.530     17.5   1016.7
     1     1    23     1     4    19     0     1    53.0   27.409  -96.468     16.1   1016.4
     1     1    23     1     4    20     0     2    54.0   27.266  -96.433     14.4   1016.3
     1     1    23     1     4    21     0     3    55.0   27.117  -96.427     12.8   1016.0
     1     1    23     1     4    22     0     2    56.0   26.963  -96.447     11.2   1016.2
     1     1    23     1     4    23     0     1    57.0   26.815  -96.490      9.7   1016.4
     1     1    23     1     5     0     0     0    58.0   26.678  -96.552      8.5   1016.3
     1     1    23     1     5     1     0     1    59.0   26.563  -96.632      7.8   1017.4
     1     1    23     1     5     2     0     2    60.0   26.482  -96.726      7.8   1018.5
     1     1    23     1     5     3     0     3    61.0   26.437  -96.828      8.4   1019.7
     1     1    23     1     5     4     0     2    62.0   26.418  -96.929      8.8   1019.6
     1     1    23     1     5     5     0     1    63.0   26.414  -97.024      8.7   1019.5
     1     1    23     1     5     6     0     0    64.0   26.426  -97.111      8.1   1019.1
     1     1    23     1     5     7     0     1    65.0   26.451  -97.188      7.6   1018.7
     1     1    23     1     5     8     0     2    66.0   26.483  -97.251      7.6   1018.3
     1     1    23     1     5     9     0     3    67.0   26.523  -97.298      8.1   1018.0
     1     1    23     1     5    10     0     2    68.0   26.563  -97.329      8.7   1018.3
     1     1    23     1     5    11     0     1    69.0   26.598  -97.343      9.2   1018.7
     1     1    23     1     5    12     0     0    70.0   26.628  -97.342      9.6   1019.2
     1     1    23     1     5    13     0     1    71.0   26.648  -97.326     10.1   1019.9
     1     1    23     1     5    14     0     2    72.0   26.651  -97.295     10.7   1020.6
     1     1    23     1     5    15     0     3    73.0   26.636  -97.248     11.6   1021.4
     1     1    23     1     5    16     0     2    74.0   26.603  -97.202     12.5   1021.4
     1     1    23     1     5    17     0     1    75.0   26.554  -97.178     12.9   1021.3
     1     1    23     1     5    18     0     0    76.0   26.493  -97.176     12.7   1021.3
     1     1    23     1     5    19     0     1    77.0   26.431  -97.195     12.0   1021.2
     1     1    23     1     5    20     0     2    78.0   26.378  -97.238     11.1   1021.2
     1     1    23     1     5    21     0     3    79.0   26.335  -97.305     10.1   1021.1
     1     1    23     1     5    22     0     2    80.0   26.302  -97.400      9.5   1020.6
     1     1    23     1     5    23     0     1    81.0   26.283  -97.527      9.9   1020.1
     1     1    23     1     6     0     0     0    82.0   26.277  -97.692     12.0   1019.2
     1     1    23     1     6     1     0     1    83.0   26.293  -97.875     16.3   1017.6
     1     1    23     1     6     2     0     2    84.0   26.337  -98.051     20.9   1015.8
     1     1    23     1     6     3     0     3    85.0   26.404  -98.221     22.5   1013.4
     1     1    23     1     6     4     0     2    86.0   26.491  -98.387     20.1   1011.6
     1     1    23     1     6     5     0     1    87.0   26.591  -98.547     15.9   1009.9
     1     1    23     1     6     6     0     0    88.0   26.703  -98.700     11.4   1008.1
     1     1    23     1     6     7     0     1    89.0   26.820  -98.847      6.7   1005.3
     1     1    23     1     6     8     0     2    90.0   26.937  -98.990      1.1   1002.3
     1     1    23     1     6     9     0     3    91.0   27.057  -99.120      0.0   1001.7
     1     1    23     1     6    10     0     2    92.0   27.179  -99.240      0.0   1001.7
     1     1    23     1     6    11     0     1    93.0   27.302  -99.357      0.0   1001.3
     1     1    23     1     6    12     0     0    94.0   27.426  -99.470      0.0   1000.5
     1     1    23     1     6    13     0     1    95.0   27.563  -99.574      0.0   1000.0
     1     1    23     1     6    14     0     2    96.0   27.726  -99.669      0.0    999.7
     1     1    23     1     6    15     0     3    97.0   27.916  -99.754      0.3    999.7
     1     1    23     1     6    16     0     2    98.0   28.130  -99.830      1.8    997.5
     1     1    23     1     6    17     0     1    99.0   28.360  -99.901      4.1    994.9
     1     1    23     1     6    18     0     0   100.0   28.618  -99.966      7.4    992.2
     1     1    23     1     6    19     0     1   101.0   28.895 -100.030     12.5    989.1
     1     1    23     1     6    20     0     2   102.0   29.185 -100.089     23.2    977.1
     1     1    23     1     6    21     0     3   103.0   29.505 -100.132     44.9    959.4
     1     1    23     1     6    22     0     2   104.0   29.860 -100.155     77.6    940.0
     1     1    23     1     6    23     0     1   105.0   30.241 -100.149    109.2    928.2
     1     1    23     1     7     0     0     0   106.0   30.621 -100.087    121.6    924.9
     1     1    23     1     7     1     0     1   107.0   30.982  -99.964    112.1    926.7
     1     1    23     1     7     2     0     2   108.0   31.305  -99.823    104.2    933.9
     1     1    23     1     7     3     0     3   109.0   31.600  -99.679    111.9    937.7
     1     1    23     1     7     4     0     2   110.0   31.872  -99.513    130.1    939.9
     1     1    23     1     7     5     0     1   111.0   32.118  -99.309    147.2    941.8
     1     1    23     1     7     6     0     0   112.0   32.315  -99.052    153.8    945.8
     1     1    23     1     7     7     0     1   113.0   32.455  -98.776    149.7    950.7
     1     1    23     1     7     8     0     2   114.0   32.542  -98.530    139.7    955.6
     1     1    23     1     7     9     0     3   115.0   32.577  -98.312    131.7    959.3
     1     1    23     1     7    10     0     2   116.0   32.565  -98.118    124.7    961.9
     1     1    23     1     7    11     0     1   117.0   32.517  -97.947    115.4    965.6
     1     1    23     1     7    12     0     0   118.0   32.442  -97.789    105.5    969.9
     1     1    23     1     7    13     0     1   119.0   32.354  -97.644     93.7    974.3
     1     1    23     1     7    14     0     2   120.0   32.253  -97.516     81.4    978.8
