     8     1
    GDAS    22    12    22     0     0
    GDAS    22    12    29     0     0
    GDAS    23     1     1     0     0
    GDAS    23     1     8     0     0
    GDAS    23     1    15     0     0
    GDAS    23     1    22     0     0
    GDAS    23     1    29     0     0
    GDAS    23     2     1     0     0
     1 FORWARD  OMEGA   
    23     1     8    16   41.267 -149.758  3498.4
     1 PRESSURE
     1     1    23     1     8    16     0     2     0.0   41.267 -149.758   3498.4    633.7
     1     1    23     1     8    17     0     1     1.0   41.168 -148.738   3469.0    636.5
     1     1    23     1     8    18     0     0     2.0   41.116 -147.730   3445.3    638.4
     1     1    23     1     8    19     0     1     3.0   41.085 -146.737   3423.0    640.3
     1     1    23     1     8    20     0     2     4.0   41.070 -145.743   3413.5    640.8
     1     1    23     1     8    21     0     3     5.0   41.112 -144.758   3313.7    649.0
     1     1    23     1     8    22     0     2     6.0   41.174 -143.813   3241.1    656.5
     1     1    23     1     8    23     0     1     7.0   41.239 -142.896   3153.0    662.1
     1     1    23     1     9     0     0     0     8.0   41.327 -141.999   3005.9    675.8
     1     1    23     1     9     1     0     1     9.0   41.406 -141.121   2865.3    689.8
     1     1    23     1     9     2     0     2    10.0   41.476 -140.294   2767.0    698.4
     1     1    23     1     9     3     0     3    11.0   41.551 -139.526   2705.4    704.7
     1     1    23     1     9     4     0     2    12.0   41.598 -138.785   2658.0    708.5
     1     1    23     1     9     5     0     1    13.0   41.650 -138.032   2601.6    713.0
     1     1    23     1     9     6     0     0    14.0   41.710 -137.249   2491.9    721.9
     1     1    23     1     9     7     0     1    15.0   41.745 -136.381   2397.3    734.2
     1     1    23     1     9     8     0     2    16.0   41.734 -135.397   2405.4    729.0
     1     1    23     1     9     9     0     3    17.0   41.701 -134.266   2420.0    729.8
     1     1    23     1     9    10     0     2    18.0   41.758 -132.928   2385.4    727.8
     1     1    23     1     9    11     0     1    19.0   41.945 -131.584   2278.3    745.5
     1     1    23     1     9    12     0     0    20.0   42.226 -130.414   2234.7    746.5
     1     1    23     1     9    13     0     1    21.0   42.524 -129.281   2222.1    751.4
     1     1    23     1     9    14     0     2    22.0   42.835 -128.312   2273.0    744.3
     1     1    23     1     9    15     0     3    23.0   43.191 -127.501   2215.0    755.6
     1     1    23     1     9    16     0     2    24.0   43.544 -126.743   2361.1    739.9
     1     1    23     1     9    17     0     1    25.0   43.956 -125.958   2510.7    725.3
     1     1    23     1     9    18     0     0    26.0   44.518 -125.240   2513.9    725.4
     1     1    23     1     9    19     0     1    27.0   45.153 -124.540   2449.6    730.5
     1     1    23     1     9    20     0     2    28.0   45.838 -123.871   2380.8    733.1
     1     1    23     1     9    21     0     3    29.0   46.538 -123.267   2330.7    742.4
     1     1    23     1     9    22     0     2    30.0   47.186 -122.704   2247.8    712.7
     1     1    23     1     9    23     0     1    31.0   47.792 -122.235   2266.6    747.1
     1     1    23     1    10     0     0     0    32.0   48.344 -121.785   2542.0    693.8
     1     1    23     1    10     1     0     1    33.0   48.815 -121.255   2744.9    599.0
     1     1    23     1    10     2     0     2    34.0   49.213 -120.661   2708.3    580.0
     1     1    23     1    10     3     0     3    35.0   49.520 -120.039   2731.5    584.2
     1     1    23     1    10     4     0     2    36.0   49.746 -119.461   2830.8    575.7
     1     1    23     1    10     5     0     1    37.0   49.938 -118.959   2772.1    580.5
     1     1    23     1    10     6     0     0    38.0   50.104 -118.508   2659.3    607.6
     1     1    23     1    10     7     0     1    39.0   50.246 -118.039   2703.8    613.7
     1     1    23     1    10     8     0     2    40.0   50.383 -117.507   2792.4    579.3
     1     1    23     1    10     9     0     3    41.0   50.508 -116.867   2843.1    557.5
     1     1    23     1    10    10     0     2    42.0   50.570 -116.183   2680.5    551.1
     1     1    23     1    10    11     0     1    43.0   50.539 -115.505   2281.6    592.9
     1     1    23     1    10    12     0     0    44.0   50.440 -114.814   1776.1    644.7
     1     1    23     1    10    13     0     1    45.0   50.267 -114.235   1468.0    723.1
     1     1    23     1    10    14     0     2    46.0   50.028 -113.790   1462.3    719.7
     1     1    23     1    10    15     0     3    47.0   49.775 -113.405   1514.9    712.1
     1     1    23     1    10    16     0     2    48.0   49.555 -113.075   1549.4    718.7
     1     1    23     1    10    17     0     1    49.0   49.369 -112.775   1594.9    717.0
     1     1    23     1    10    18     0     0    50.0   49.233 -112.469   1654.4    712.6
     1     1    23     1    10    19     0     1    51.0   49.136 -112.137   1714.1    709.9
     1     1    23     1    10    20     0     2    52.0   49.050 -111.763   1762.0    705.8
     1     1    23     1    10    21     0     3    53.0   48.962 -111.328   1745.0    704.9
     1     1    23     1    10    22     0     2    54.0   48.859 -110.865   1668.5    720.4
     1     1    23     1    10    23     0     1    55.0   48.732 -110.431   1604.9    736.4
     1     1    23     1    11     0     0     0    56.0   48.573 -110.029   1562.0    743.9
     1     1    23     1    11     1     0     1    57.0   48.396 -109.654   1527.6    745.8
     1     1    23     1    11     2     0     2    58.0   48.223 -109.307   1533.1    743.6
     1     1    23     1    11     3     0     3    59.0   48.052 -108.978   1592.1    736.0
     1     1    23     1    11     4     0     2    60.0   47.889 -108.676   1628.6    727.8
     1     1    23     1    11     5     0     1    61.0   47.743 -108.428   1620.4    735.8
     1     1    23     1    11     6     0     0    62.0   47.618 -108.230   1639.6    740.4
     1     1    23     1    11     7     0     1    63.0   47.512 -108.053   1683.8    737.4
     1     1    23     1    11     8     0     2    64.0   47.426 -107.877   1703.2    734.7
     1     1    23     1    11     9     0     3    65.0   47.362 -107.700   1672.8    735.2
     1     1    23     1    11    10     0     2    66.0   47.300 -107.516   1629.2    741.5
     1     1    23     1    11    11     0     1    67.0   47.210 -107.315   1615.9    740.7
     1     1    23     1    11    12     0     0    68.0   47.088 -107.096   1659.1    733.9
     1     1    23     1    11    13     0     1    69.0   46.943 -106.877   1757.5    720.7
     1     1    23     1    11    14     0     2    70.0   46.785 -106.681   1858.3    711.7
     1     1    23     1    11    15     0     3    71.0   46.613 -106.509   1953.5    706.0
     1     1    23     1    11    16     0     2    72.0   46.432 -106.350   2042.9    699.4
     1     1    23     1    11    17     0     1    73.0   46.252 -106.198   2118.3    696.0
     1     1    23     1    11    18     0     0    74.0   46.077 -106.046   2189.5    693.3
     1     1    23     1    11    19     0     1    75.0   45.901 -105.887   2231.1    685.0
     1     1    23     1    11    20     0     2    76.0   45.716 -105.727   2222.1    680.7
     1     1    23     1    11    21     0     3    77.0   45.523 -105.559   2182.5    680.0
     1     1    23     1    11    22     0     2    78.0   45.322 -105.379   2134.2    680.2
     1     1    23     1    11    23     0     1    79.0   45.114 -105.186   2081.7    679.7
     1     1    23     1    12     0     0     0    80.0   44.897 -104.986   2023.9    680.9
     1     1    23     1    12     1     0     1    81.0   44.684 -104.797   2000.6    681.8
     1     1    23     1    12     2     0     2    82.0   44.475 -104.612   2039.7    669.2
     1     1    23     1    12     3     0     3    83.0   44.259 -104.417   2130.4    647.8
     1     1    23     1    12     4     0     2    84.0   44.038 -104.195   2215.6    617.2
     1     1    23     1    12     5     0     1    85.0   43.815 -103.941   2257.2    616.6
     1     1    23     1    12     6     0     0    86.0   43.591 -103.660   2274.5    645.5
     1     1    23     1    12     7     0     1    87.0   43.359 -103.365   2284.9    666.9
     1     1    23     1    12     8     0     2    88.0   43.108 -103.057   2297.2    678.5
     1     1    23     1    12     9     0     3    89.0   42.839 -102.739   2289.1    675.2
     1     1    23     1    12    10     0     2    90.0   42.556 -102.425   2276.9    671.5
     1     1    23     1    12    11     0     1    91.0   42.249 -102.104   2291.3    668.2
     1     1    23     1    12    12     0     0    92.0   41.909 -101.758   2347.3    664.7
     1     1    23     1    12    13     0     1    93.0   41.543 -101.425   2382.3    665.4
     1     1    23     1    12    14     0     2    94.0   41.153 -101.122   2352.7    676.2
     1     1    23     1    12    15     0     3    95.0   40.731 -100.826   2273.7    690.3
     1     1    23     1    12    16     0     2    96.0   40.292 -100.540   2188.2    705.6
     1     1    23     1    12    17     0     1    97.0   39.849 -100.285   2098.4    717.3
     1     1    23     1    12    18     0     0    98.0   39.404 -100.067   2007.4    732.3
     1     1    23     1    12    19     0     1    99.0   38.954  -99.871   1939.3    741.7
     1     1    23     1    12    20     0     2   100.0   38.507  -99.684   1857.4    747.1
     1     1    23     1    12    21     0     3   101.0   38.069  -99.505   1728.2    759.6
     1     1    23     1    12    22     0     2   102.0   37.645  -99.335   1603.1    783.0
     1     1    23     1    12    23     0     1   103.0   37.233  -99.164   1542.2    796.8
     1     1    23     1    13     0     0     0   104.0   36.824  -98.982   1533.8    798.7
     1     1    23     1    13     1     0     1   105.0   36.411  -98.788   1497.2    797.9
     1     1    23     1    13     2     0     2   106.0   35.994  -98.606   1424.8    813.7
     1     1    23     1    13     3     0     3   107.0   35.583  -98.444   1359.5    826.7
     1     1    23     1    13     4     0     2   108.0   35.181  -98.296   1289.1    838.1
     1     1    23     1    13     5     0     1   109.0   34.786  -98.159   1234.5    851.1
     1     1    23     1    13     6     0     0   110.0   34.407  -98.016   1234.7    857.1
     1     1    23     1    13     7     0     1   111.0   34.039  -97.858   1297.2    852.7
     1     1    23     1    13     8     0     2   112.0   33.657  -97.690   1361.0    841.3
     1     1    23     1    13     9     0     3   113.0   33.256  -97.504   1405.6    841.5
     1     1    23     1    13    10     0     2   114.0   32.835  -97.313   1447.8    838.7
     1     1    23     1    13    11     0     1   115.0   32.404  -97.149   1428.2    837.2
     1     1    23     1    13    12     0     0   116.0   31.974  -97.028   1325.5    848.3
     1     1    23     1    13    13     0     1   117.0   31.549  -96.960   1221.0    870.1
     1     1    23     1    13    14     0     2   118.0   31.140  -96.945   1186.5    878.7
     1     1    23     1    13    15     0     3   119.0   30.756  -96.966   1229.0    876.0
     1     1    23     1    13    16     0     2   120.0   30.394  -96.993   1274.7    866.4
