     8     1
    GDAS    22    12    22     0     0
    GDAS    22    12    29     0     0
    GDAS    23     1     1     0     0
    GDAS    23     1     8     0     0
    GDAS    23     1    15     0     0
    GDAS    23     1    22     0     0
    GDAS    23     1    29     0     0
    GDAS    23     2     1     0     0
     1 FORWARD  OMEGA   
    23     1    12    11   32.542 -118.605    52.5
     1 PRESSURE
     1     1    23     1    12    11     0     1     0.0   32.542 -118.605     52.5   1015.6
     1     1    23     1    12    12     0     0     1.0   32.425 -118.591     49.4   1015.8
     1     1    23     1    12    13     0     1     2.0   32.314 -118.580     46.7   1016.1
     1     1    23     1    12    14     0     2     3.0   32.210 -118.579     44.4   1016.2
     1     1    23     1    12    15     0     3     4.0   32.114 -118.586     42.5   1016.4
     1     1    23     1    12    16     0     2     5.0   32.028 -118.605     40.8   1016.5
     1     1    23     1    12    17     0     1     6.0   31.958 -118.640     39.5   1016.6
     1     1    23     1    12    18     0     0     7.0   31.906 -118.689     38.7   1016.7
     1     1    23     1    12    19     0     1     8.0   31.869 -118.733     38.0   1016.5
     1     1    23     1    12    20     0     2     9.0   31.842 -118.754     37.4   1016.4
     1     1    23     1    12    21     0     3    10.0   31.823 -118.754     36.6   1016.3
     1     1    23     1    12    22     0     2    11.0   31.810 -118.756     35.4   1016.2
     1     1    23     1    12    23     0     1    12.0   31.801 -118.779     33.3   1016.4
     1     1    23     1    13     0     0     0    13.0   31.794 -118.823     30.4   1016.6
     1     1    23     1    13     1     0     1    14.0   31.798 -118.868     28.1   1016.9
     1     1    23     1    13     2     0     2    15.0   31.819 -118.897     27.5   1016.9
     1     1    23     1    13     3     0     3    16.0   31.861 -118.913     29.0   1016.6
     1     1    23     1    13     4     0     2    17.0   31.909 -118.911     31.5   1016.2
     1     1    23     1    13     5     0     1    18.0   31.952 -118.886     33.2   1016.0
     1     1    23     1    13     6     0     0    19.0   31.988 -118.839     33.9   1016.0
     1     1    23     1    13     7     0     1    20.0   32.014 -118.768     35.0   1015.9
     1     1    23     1    13     8     0     2    21.0   32.025 -118.676     37.4   1015.6
     1     1    23     1    13     9     0     3    22.0   32.019 -118.568     41.1   1015.2
     1     1    23     1    13    10     0     2    23.0   32.003 -118.453     42.5   1014.7
     1     1    23     1    13    11     0     1    24.0   31.980 -118.334     38.7   1015.0
     1     1    23     1    13    12     0     0    25.0   31.948 -118.208     30.7   1015.9
     1     1    23     1    13    13     0     1    26.0   31.907 -118.088     21.2   1017.2
     1     1    23     1    13    14     0     2    27.0   31.854 -117.992     13.2   1018.8
     1     1    23     1    13    15     0     3    28.0   31.790 -117.919      6.6   1019.0
     1     1    23     1    13    16     0     2    29.0   31.728 -117.854      2.2   1019.4
     1     1    23     1    13    17     0     1    30.0   31.682 -117.787      0.0   1019.8
     1     1    23     1    13    18     0     0    31.0   31.654 -117.721      0.0   1020.2
     1     1    23     1    13    19     0     1    32.0   31.634 -117.651      0.6   1019.9
     1     1    23     1    13    20     0     2    33.0   31.608 -117.567      1.0   1019.6
     1     1    23     1    13    21     0     3    34.0   31.575 -117.465      1.4   1019.4
     1     1    23     1    13    22     0     2    35.0   31.526 -117.359      1.7   1018.6
     1     1    23     1    13    23     0     1    36.0   31.454 -117.260      2.0   1017.6
     1     1    23     1    14     0     0     0    37.0   31.353 -117.160      2.2   1016.3
     1     1    23     1    14     1     0     1    38.0   31.230 -117.051      2.3   1017.0
     1     1    23     1    14     2     0     2    39.0   31.100 -116.935      2.6   1015.1
     1     1    23     1    14     3     0     3    40.0   30.976 -116.825      3.0   1013.2
     1     1    23     1    14     4     0     2    41.0   30.862 -116.724      3.6   1010.7
     1     1    23     1    14     5     0     1    42.0   30.756 -116.626      4.3   1009.0
     1     1    23     1    14     6     0     0    43.0   30.654 -116.529      5.1   1007.8
     1     1    23     1    14     7     0     1    44.0   30.554 -116.435      5.9   1006.8
     1     1    23     1    14     8     0     2    45.0   30.448 -116.347      7.1   1006.8
     1     1    23     1    14     9     0     3    46.0   30.332 -116.264      8.5   1008.0
     1     1    23     1    14    10     0     2    47.0   30.200 -116.183      9.2   1010.5
     1     1    23     1    14    11     0     1    48.0   30.046 -116.099      8.7   1014.4
     1     1    23     1    14    12     0     0    49.0   29.868 -116.010      7.6   1015.7
     1     1    23     1    14    13     0     1    50.0   29.694 -115.915      7.0   1011.2
     1     1    23     1    14    14     0     2    51.0   29.547 -115.809      7.0   1007.7
     1     1    23     1    14    15     0     3    52.0   29.420 -115.686      6.6   1005.6
     1     1    23     1    14    16     0     2    53.0   29.315 -115.543      6.0   1004.8
     1     1    23     1    14    17     0     1    54.0   29.238 -115.394      5.6   1004.8
     1     1    23     1    14    18     0     0    55.0   29.189 -115.248      5.7   1004.9
     1     1    23     1    14    19     0     1    56.0   29.162 -115.097      6.3   1004.5
     1     1    23     1    14    20     0     2    57.0   29.154 -114.929      7.9   1002.0
     1     1    23     1    14    21     0     3    58.0   29.176 -114.754     10.9    996.2
     1     1    23     1    14    22     0     2    59.0   29.224 -114.568     16.2    989.9
     1     1    23     1    14    23     0     1    60.0   29.288 -114.363     25.4    984.9
     1     1    23     1    15     0     0     0    61.0   29.380 -114.117     39.4    983.3
     1     1    23     1    15     1     0     1    62.0   29.500 -113.871     55.1    988.9
     1     1    23     1    15     2     0     2    63.0   29.628 -113.669     68.0    994.4
     1     1    23     1    15     3     0     3    64.0   29.750 -113.484     79.3    998.4
     1     1    23     1    15     4     0     2    65.0   29.871 -113.273     90.3   1000.3
     1     1    23     1    15     5     0     1    66.0   30.009 -113.005    103.4   1000.8
     1     1    23     1    15     6     0     0    67.0   30.177 -112.706    132.6    976.9
     1     1    23     1    15     7     0     1    68.0   30.381 -112.439    191.8    950.9
     1     1    23     1    15     8     0     2    69.0   30.617 -112.185    276.0    923.4
     1     1    23     1    15     9     0     3    70.0   30.896 -111.886    371.3    894.3
     1     1    23     1    15    10     0     2    71.0   31.214 -111.551    521.5    861.6
     1     1    23     1    15    11     0     1    72.0   31.585 -111.173    648.0    824.8
     1     1    23     1    15    12     0     0    73.0   31.979 -110.766    564.1    820.2
     1     1    23     1    15    13     0     1    74.0   32.288 -110.402    399.8    845.0
     1     1    23     1    15    14     0     2    75.0   32.507 -110.085    337.2    844.6
     1     1    23     1    15    15     0     3    76.0   32.675 -109.832    335.4    837.3
     1     1    23     1    15    16     0     2    77.0   32.813 -109.625    362.3    827.1
     1     1    23     1    15    17     0     1    78.0   32.952 -109.415    438.6    812.0
     1     1    23     1    15    18     0     0    79.0   33.149 -109.111    610.3    765.4
     1     1    23     1    15    19     0     1    80.0   33.426 -108.554    773.8    704.9
     1     1    23     1    15    20     0     2    81.0   33.698 -107.757    848.5    697.2
     1     1    23     1    15    21     0     3    82.0   33.869 -106.895    172.1    785.9
     1     1    23     1    15    22     0     2    83.0   34.003 -106.322      0.0    803.4
     1     1    23     1    15    23     0     1    84.0   34.160 -105.849     20.6    804.2
     1     1    23     1    16     0     0     0    85.0   34.278 -105.354     14.1    815.7
     1     1    23     1    16     1     0     1    86.0   34.331 -104.883      5.4    834.3
     1     1    23     1    16     2     0     2    87.0   34.355 -104.448      1.0    844.2
     1     1    23     1    16     3     0     3    88.0   34.381 -104.025      7.3    853.5
     1     1    23     1    16     4     0     2    89.0   34.414 -103.610     16.5    856.5
     1     1    23     1    16     5     0     1    90.0   34.447 -103.211     14.2    859.6
     1     1    23     1    16     6     0     0    91.0   34.472 -102.835      7.1    866.9
     1     1    23     1    16     7     0     1    92.0   34.508 -102.475      0.7    872.5
     1     1    23     1    16     8     0     2    93.0   34.571 -102.128      0.0    877.7
     1     1    23     1    16     9     0     3    94.0   34.650 -101.778      0.0    884.7
     1     1    23     1    16    10     0     2    95.0   34.730 -101.415      0.0    893.7
     1     1    23     1    16    11     0     1    96.0   34.795 -101.059      0.0    903.0
     1     1    23     1    16    12     0     0    97.0   34.843 -100.727      0.0    912.7
     1     1    23     1    16    13     0     1    98.0   34.885 -100.412      0.0    922.5
     1     1    23     1    16    14     0     2    99.0   34.924 -100.107      0.0    932.4
     1     1    23     1    16    15     0     3   100.0   34.960  -99.821      0.0    938.8
     1     1    23     1    16    16     0     2   101.0   34.985  -99.551      0.0    941.9
     1     1    23     1    16    17     0     1   102.0   34.995  -99.289      0.0    945.0
     1     1    23     1    16    18     0     0   103.0   34.987  -99.035      0.0    948.2
     1     1    23     1    16    19     0     1   104.0   34.974  -98.789      0.3    951.3
     1     1    23     1    16    20     0     2   105.0   34.966  -98.547      0.0    953.6
     1     1    23     1    16    21     0     3   106.0   34.962  -98.305      0.0    955.3
     1     1    23     1    16    22     0     2   107.0   34.948  -98.093      0.0    958.3
     1     1    23     1    16    23     0     1   108.0   34.911  -97.946      0.0    961.0
     1     1    23     1    17     0     0     0   109.0   34.855  -97.863      0.0    962.9
     1     1    23     1    17     1     0     1   110.0   34.806  -97.821      0.6    964.0
     1     1    23     1    17     2     0     2   111.0   34.779  -97.800      1.5    964.8
     1     1    23     1    17     3     0     3   112.0   34.772  -97.802      2.6    965.3
     1     1    23     1    17     4     0     2   113.0   34.778  -97.818      3.8    965.2
     1     1    23     1    17     5     0     1   114.0   34.795  -97.842      4.8    964.8
     1     1    23     1    17     6     0     0   115.0   34.824  -97.873      5.6    964.3
     1     1    23     1    17     7     0     1   116.0   34.865  -97.904      6.1    963.7
     1     1    23     1    17     8     0     2   117.0   34.920  -97.923      6.3    963.0
     1     1    23     1    17     9     0     3   118.0   34.991  -97.931      6.4    962.2
     1     1    23     1    17    10     0     2   119.0   35.054  -97.928      6.8    962.4
     1     1    23     1    17    11     0     1   120.0   35.086  -97.913      7.9    962.7
