     8     1
    GDAS    22    12    22     0     0
    GDAS    22    12    29     0     0
    GDAS    23     1     1     0     0
    GDAS    23     1     8     0     0
    GDAS    23     1    15     0     0
    GDAS    23     1    22     0     0
    GDAS    23     1    29     0     0
    GDAS    23     2     1     0     0
     1 FORWARD  OMEGA   
    23     1     4    12   47.218 -100.256   984.3
     1 PRESSURE
     1     1    23     1     4    12     0     0     0.0   47.218 -100.256    984.3    837.8
     1     1    23     1     4    13     0     1     1.0   47.091 -100.349    984.1    837.0
     1     1    23     1     4    14     0     2     2.0   46.956 -100.435    986.8    835.1
     1     1    23     1     4    15     0     3     3.0   46.812 -100.511    984.5    833.8
     1     1    23     1     4    16     0     2     4.0   46.660 -100.577    975.2    833.8
     1     1    23     1     4    17     0     1     5.0   46.502 -100.631    961.9    834.3
     1     1    23     1     4    18     0     0     6.0   46.333 -100.675    946.9    834.9
     1     1    23     1     4    19     0     1     7.0   46.148 -100.707    932.0    835.1
     1     1    23     1     4    20     0     2     8.0   45.945 -100.725    917.4    835.3
     1     1    23     1     4    21     0     3     9.0   45.722 -100.725    895.4    836.9
     1     1    23     1     4    22     0     2    10.0   45.470 -100.703    859.6    841.4
     1     1    23     1     4    23     0     1    11.0   45.187 -100.665    806.8    847.1
     1     1    23     1     5     0     0     0    12.0   44.872 -100.613    741.5    855.9
     1     1    23     1     5     1     0     1    13.0   44.536 -100.529    698.7    865.3
     1     1    23     1     5     2     0     2    14.0   44.187 -100.416    694.9    868.1
     1     1    23     1     5     3     0     3    15.0   43.823 -100.289    709.5    863.8
     1     1    23     1     5     4     0     2    16.0   43.440 -100.138    713.0    855.7
     1     1    23     1     5     5     0     1    17.0   43.035  -99.955    699.7    852.6
     1     1    23     1     5     6     0     0    18.0   42.602  -99.764    684.1    853.5
     1     1    23     1     5     7     0     1    19.0   42.143  -99.554    654.8    853.1
     1     1    23     1     5     8     0     2    20.0   41.668  -99.299    598.1    861.9
     1     1    23     1     5     9     0     3    21.0   41.191  -99.014    569.7    876.3
     1     1    23     1     5    10     0     2    22.0   40.718  -98.730    567.3    878.5
     1     1    23     1     5    11     0     1    23.0   40.251  -98.443    533.9    889.8
     1     1    23     1     5    12     0     0    24.0   39.798  -98.149    497.2    903.8
     1     1    23     1     5    13     0     1    25.0   39.374  -97.840    485.7    909.6
     1     1    23     1     5    14     0     2    26.0   38.990  -97.510    494.4    913.7
     1     1    23     1     5    15     0     3    27.0   38.628  -97.162    504.6    914.1
     1     1    23     1     5    16     0     2    28.0   38.294  -96.799    495.6    915.7
     1     1    23     1     5    17     0     1    29.0   38.006  -96.428    473.6    920.5
     1     1    23     1     5    18     0     0    30.0   37.760  -96.070    448.3    928.7
     1     1    23     1     5    19     0     1    31.0   37.551  -95.723    419.0    935.1
     1     1    23     1     5    20     0     2    32.0   37.369  -95.372    384.7    940.6
     1     1    23     1     5    21     0     3    33.0   37.214  -95.015    348.2    945.8
     1     1    23     1     5    22     0     2    34.0   37.074  -94.654    333.2    945.9
     1     1    23     1     5    23     0     1    35.0   36.936  -94.292    353.8    936.4
     1     1    23     1     6     0     0     0    36.0   36.789  -93.924    380.8    926.1
     1     1    23     1     6     1     0     1    37.0   36.631  -93.553    385.1    925.8
     1     1    23     1     6     2     0     2    38.0   36.464  -93.184    363.1    931.7
     1     1    23     1     6     3     0     3    39.0   36.293  -92.824    331.6    941.5
     1     1    23     1     6     4     0     2    40.0   36.134  -92.486    302.1    951.2
     1     1    23     1     6     5     0     1    41.0   35.998  -92.184    275.3    961.5
     1     1    23     1     6     6     0     0    42.0   35.877  -91.918    250.6    970.1
     1     1    23     1     6     7     0     1    43.0   35.763  -91.686    227.1    977.1
     1     1    23     1     6     8     0     2    44.0   35.657  -91.489    207.4    982.8
     1     1    23     1     6     9     0     3    45.0   35.558  -91.327    193.2    986.7
     1     1    23     1     6    10     0     2    46.0   35.466  -91.195    182.3    989.5
     1     1    23     1     6    11     0     1    47.0   35.382  -91.088    172.8    991.9
     1     1    23     1     6    12     0     0    48.0   35.309  -91.003    164.7    993.8
     1     1    23     1     6    13     0     1    49.0   35.254  -90.943    156.9    995.0
     1     1    23     1     6    14     0     2    50.0   35.224  -90.911    147.1    996.6
     1     1    23     1     6    15     0     3    51.0   35.218  -90.905    134.4    998.5
     1     1    23     1     6    16     0     2    52.0   35.240  -90.908    122.6   1000.0
     1     1    23     1     6    17     0     1    53.0   35.292  -90.901    114.1   1000.6
     1     1    23     1     6    18     0     0    54.0   35.371  -90.883    107.6   1000.9
     1     1    23     1     6    19     0     1    55.0   35.470  -90.863    101.5   1000.9
     1     1    23     1     6    20     0     2    56.0   35.579  -90.850     94.7   1001.0
     1     1    23     1     6    21     0     3    57.0   35.697  -90.844     87.0   1001.2
     1     1    23     1     6    22     0     2    58.0   35.824  -90.851     79.4   1002.3
     1     1    23     1     6    23     0     1    59.0   35.963  -90.879     74.0   1003.1
     1     1    23     1     7     0     0     0    60.0   36.117  -90.930     72.7   1001.4
     1     1    23     1     7     1     0     1    61.0   36.277  -90.991     77.8    997.9
     1     1    23     1     7     2     0     2    62.0   36.436  -91.053     89.0    992.7
     1     1    23     1     7     3     0     3    63.0   36.599  -91.112    104.8    986.9
     1     1    23     1     7     4     0     2    64.0   36.765  -91.174    125.5    980.7
     1     1    23     1     7     5     0     1    65.0   36.939  -91.242    154.4    973.2
     1     1    23     1     7     6     0     0    66.0   37.125  -91.310    192.6    965.6
     1     1    23     1     7     7     0     1    67.0   37.309  -91.384    228.5    958.9
     1     1    23     1     7     8     0     2    68.0   37.473  -91.479    253.9    955.3
     1     1    23     1     7     9     0     3    69.0   37.620  -91.597    277.3    952.1
     1     1    23     1     7    10     0     2    70.0   37.751  -91.753    313.8    948.7
     1     1    23     1     7    11     0     1    71.0   37.862  -91.970    380.7    941.8
     1     1    23     1     7    12     0     0    72.0   37.946  -92.268    479.6    931.0
     1     1    23     1     7    13     0     1    73.0   38.017  -92.633    569.9    918.7
     1     1    23     1     7    14     0     2    74.0   38.095  -93.056    628.7    914.0
     1     1    23     1     7    15     0     3    75.0   38.167  -93.522    689.6    912.8
     1     1    23     1     7    16     0     2    76.0   38.225  -93.974    773.2    904.5
     1     1    23     1     7    17     0     1    77.0   38.264  -94.371    843.2    892.4
     1     1    23     1     7    18     0     0    78.0   38.268  -94.710    872.4    887.5
     1     1    23     1     7    19     0     1    79.0   38.222  -95.002    880.5    887.6
     1     1    23     1     7    20     0     2    80.0   38.120  -95.249    894.6    884.9
     1     1    23     1     7    21     0     3    81.0   37.976  -95.452    914.3    880.7
     1     1    23     1     7    22     0     2    82.0   37.807  -95.591    924.5    878.7
     1     1    23     1     7    23     0     1    83.0   37.621  -95.673    919.6    880.5
     1     1    23     1     8     0     0     0    84.0   37.417  -95.717    903.8    883.7
     1     1    23     1     8     1     0     1    85.0   37.204  -95.738    877.7    887.8
     1     1    23     1     8     2     0     2    86.0   36.990  -95.744    838.8    893.1
     1     1    23     1     8     3     0     3    87.0   36.778  -95.741    779.7    900.2
     1     1    23     1     8     4     0     2    88.0   36.572  -95.729    701.8    911.0
     1     1    23     1     8     5     0     1    89.0   36.367  -95.703    615.9    922.5
     1     1    23     1     8     6     0     0    90.0   36.165  -95.667    531.7    933.4
     1     1    23     1     8     7     0     1    91.0   35.961  -95.626    460.6    943.1
     1     1    23     1     8     8     0     2    92.0   35.739  -95.587    405.0    949.4
     1     1    23     1     8     9     0     3    93.0   35.496  -95.550    361.0    954.5
     1     1    23     1     8    10     0     2    94.0   35.236  -95.518    331.6    959.3
     1     1    23     1     8    11     0     1    95.0   34.963  -95.501    321.0    961.5
     1     1    23     1     8    12     0     0    96.0   34.671  -95.500    313.1    962.6
     1     1    23     1     8    13     0     1    97.0   34.372  -95.518    289.5    967.6
     1     1    23     1     8    14     0     2    98.0   34.074  -95.556    253.8    975.2
     1     1    23     1     8    15     0     3    99.0   33.782  -95.613    219.8    980.8
     1     1    23     1     8    16     0     2   100.0   33.526  -95.674    193.0    984.0
     1     1    23     1     8    17     0     1   101.0   33.321  -95.720    172.5    987.0
     1     1    23     1     8    18     0     0   102.0   33.157  -95.752    159.9    988.8
     1     1    23     1     8    19     0     1   103.0   33.017  -95.776    150.8    988.7
     1     1    23     1     8    20     0     2   104.0   32.885  -95.797    139.8    990.1
     1     1    23     1     8    21     0     3   105.0   32.759  -95.813    127.0    991.5
     1     1    23     1     8    22     0     2   106.0   32.638  -95.838    113.4    993.7
     1     1    23     1     8    23     0     1   107.0   32.524  -95.883    100.3    996.0
     1     1    23     1     9     0     0     0   108.0   32.418  -95.945     88.1    998.3
     1     1    23     1     9     1     0     1   109.0   32.327  -96.024     78.8   1000.4
     1     1    23     1     9     2     0     2   110.0   32.256  -96.115     73.5   1000.7
     1     1    23     1     9     3     0     3   111.0   32.206  -96.217     71.7   1000.3
     1     1    23     1     9     4     0     2   112.0   32.182  -96.315     71.2    999.6
     1     1    23     1     9     5     0     1   113.0   32.190  -96.395     70.2    999.1
     1     1    23     1     9     6     0     0   114.0   32.229  -96.461     68.6    998.7
     1     1    23     1     9     7     0     1   115.0   32.284  -96.520     67.8    997.8
     1     1    23     1     9     8     0     2   116.0   32.342  -96.583     69.6    996.4
     1     1    23     1     9     9     0     3   117.0   32.405  -96.644     74.1    994.9
     1     1    23     1     9    10     0     2   118.0   32.479  -96.700     79.7    993.5
     1     1    23     1     9    11     0     1   119.0   32.568  -96.745     85.1    992.6
     1     1    23     1     9    12     0     0   120.0   32.671  -96.778     91.8    991.8
