     8     1
    GDAS    22    12    22     0     0
    GDAS    22    12    29     0     0
    GDAS    23     1     1     0     0
    GDAS    23     1     8     0     0
    GDAS    23     1    15     0     0
    GDAS    23     1    22     0     0
    GDAS    23     1    29     0     0
    GDAS    23     2     1     0     0
     1 FORWARD  OMEGA   
    23     1     8    12   41.598 -155.003  5150.7
     1 PRESSURE
     1     1    23     1     8    12     0     0     0.0   41.598 -155.003   5150.7    505.7
     1     1    23     1     8    13     0     1     1.0   41.432 -153.893   5076.7    511.0
     1     1    23     1     8    14     0     2     2.0   41.256 -152.757   5021.5    515.2
     1     1    23     1     8    15     0     3     3.0   41.081 -151.614   4960.5    518.8
     1     1    23     1     8    16     0     2     4.0   40.958 -150.457   4883.9    525.7
     1     1    23     1     8    17     0     1     5.0   40.884 -149.306   4851.7    526.0
     1     1    23     1     8    18     0     0     6.0   40.817 -148.201   4802.1    531.5
     1     1    23     1     8    19     0     1     7.0   40.761 -147.120   4750.2    534.6
     1     1    23     1     8    20     0     2     8.0   40.723 -146.046   4693.0    539.9
     1     1    23     1     8    21     0     3     9.0   40.759 -145.027   4644.3    542.7
     1     1    23     1     8    22     0     2    10.0   40.841 -144.052   4588.5    547.3
     1     1    23     1     8    23     0     1    11.0   40.916 -143.114   4493.5    553.3
     1     1    23     1     9     0     0     0    12.0   41.029 -142.259   4342.6    564.9
     1     1    23     1     9     1     0     1    13.0   41.166 -141.446   4203.5    577.9
     1     1    23     1     9     2     0     2    14.0   41.283 -140.640   4153.2    580.2
     1     1    23     1     9     3     0     3    15.0   41.414 -139.917   4058.5    587.7
     1     1    23     1     9     4     0     2    16.0   41.533 -139.224   3934.5    598.9
     1     1    23     1     9     5     0     1    17.0   41.620 -138.511   3800.1    607.3
     1     1    23     1     9     6     0     0    18.0   41.722 -137.806   3595.0    622.4
     1     1    23     1     9     7     0     1    19.0   41.820 -137.077   3374.6    646.8
     1     1    23     1     9     8     0     2    20.0   41.869 -136.260   3279.2    653.8
     1     1    23     1     9     9     0     3    21.0   41.896 -135.265   3235.9    654.8
     1     1    23     1     9    10     0     2    22.0   41.946 -134.053   3129.9    664.2
     1     1    23     1     9    11     0     1    23.0   42.049 -132.659   3080.4    668.7
     1     1    23     1     9    12     0     0    24.0   42.269 -131.380   3076.2    666.2
     1     1    23     1     9    13     0     1    25.0   42.631 -130.167   3008.1    681.1
     1     1    23     1     9    14     0     2    26.0   43.040 -129.056   3179.5    662.2
     1     1    23     1     9    15     0     3    27.0   43.496 -128.189   3286.1    652.6
     1     1    23     1     9    16     0     2    28.0   43.952 -127.419   3384.6    648.2
     1     1    23     1     9    17     0     1    29.0   44.378 -126.578   3569.5    629.0
     1     1    23     1     9    18     0     0    30.0   44.949 -125.908   3629.8    625.6
     1     1    23     1     9    19     0     1    31.0   45.580 -125.283   3644.4    626.8
     1     1    23     1     9    20     0     2    32.0   46.201 -124.659   3682.0    624.9
     1     1    23     1     9    21     0     3    33.0   46.857 -124.173   3801.4    619.0
     1     1    23     1     9    22     0     2    34.0   47.509 -123.744   3826.8    581.9
     1     1    23     1     9    23     0     1    35.0   48.133 -123.339   3665.5    584.5
     1     1    23     1    10     0     0     0    36.0   48.707 -122.972   3638.1    639.9
     1     1    23     1    10     1     0     1    37.0   49.213 -122.568   3766.3    582.0
     1     1    23     1    10     2     0     2    38.0   49.680 -122.111   3660.6    522.1
     1     1    23     1    10     3     0     3    39.0   50.114 -121.578   3347.3    539.3
     1     1    23     1    10     4     0     2    40.0   50.481 -120.967   3060.3    590.2
     1     1    23     1    10     5     0     1    41.0   50.767 -120.363   2898.3    599.0
     1     1    23     1    10     6     0     0    42.0   51.006 -119.823   2795.2    606.3
     1     1    23     1    10     7     0     1    43.0   51.225 -119.312   2772.0    617.4
     1     1    23     1    10     8     0     2    44.0   51.397 -118.793   2866.5    590.2
     1     1    23     1    10     9     0     3    45.0   51.535 -118.234   2926.6    563.7
     1     1    23     1    10    10     0     2    46.0   51.652 -117.619   2850.6    547.1
     1     1    23     1    10    11     0     1    47.0   51.727 -116.993   2576.6    539.4
     1     1    23     1    10    12     0     0    48.0   51.732 -116.377   2378.0    580.6
     1     1    23     1    10    13     0     1    49.0   51.662 -115.815   2410.4    585.6
     1     1    23     1    10    14     0     2    50.0   51.531 -115.332   2477.9    592.3
     1     1    23     1    10    15     0     3    51.0   51.349 -114.914   2504.2    605.0
     1     1    23     1    10    16     0     2    52.0   51.146 -114.540   2621.0    609.3
     1     1    23     1    10    17     0     1    53.0   50.969 -114.189   2770.1    606.5
     1     1    23     1    10    18     0     0    54.0   50.822 -113.860   2832.8    609.6
     1     1    23     1    10    19     0     1    55.0   50.697 -113.546   2831.1    614.8
     1     1    23     1    10    20     0     2    56.0   50.582 -113.218   2800.6    621.6
     1     1    23     1    10    21     0     3    57.0   50.468 -112.860   2742.8    633.0
     1     1    23     1    10    22     0     2    58.0   50.355 -112.478   2708.2    645.5
     1     1    23     1    10    23     0     1    59.0   50.236 -112.079   2692.2    648.4
     1     1    23     1    11     0     0     0    60.0   50.092 -111.678   2615.3    654.5
     1     1    23     1    11     1     0     1    61.0   49.945 -111.319   2548.6    665.5
     1     1    23     1    11     2     0     2    62.0   49.819 -111.002   2560.6    661.0
     1     1    23     1    11     3     0     3    63.0   49.702 -110.699   2634.2    652.7
     1     1    23     1    11     4     0     2    64.0   49.578 -110.379   2714.8    642.3
     1     1    23     1    11     5     0     1    65.0   49.445 -110.050   2746.0    639.9
     1     1    23     1    11     6     0     0    66.0   49.310 -109.731   2712.6    641.8
     1     1    23     1    11     7     0     1    67.0   49.180 -109.416   2652.9    647.5
     1     1    23     1    11     8     0     2    68.0   49.047 -109.093   2614.2    649.5
     1     1    23     1    11     9     0     3    69.0   48.903 -108.766   2612.7    649.6
     1     1    23     1    11    10     0     2    70.0   48.746 -108.430   2614.0    649.3
     1     1    23     1    11    11     0     1    71.0   48.581 -108.092   2590.0    655.4
     1     1    23     1    11    12     0     0    72.0   48.414 -107.762   2534.9    663.0
     1     1    23     1    11    13     0     1    73.0   48.241 -107.450   2475.2    673.9
     1     1    23     1    11    14     0     2    74.0   48.052 -107.162   2446.9    679.7
     1     1    23     1    11    15     0     3    75.0   47.844 -106.885   2448.3    678.3
     1     1    23     1    11    16     0     2    76.0   47.625 -106.594   2463.7    673.5
     1     1    23     1    11    17     0     1    77.0   47.406 -106.300   2477.8    671.0
     1     1    23     1    11    18     0     0    78.0   47.194 -106.033   2476.5    669.4
     1     1    23     1    11    19     0     1    79.0   46.985 -105.783   2454.3    670.7
     1     1    23     1    11    20     0     2    80.0   46.769 -105.516   2426.8    674.3
     1     1    23     1    11    21     0     3    81.0   46.539 -105.233   2384.3    676.3
     1     1    23     1    11    22     0     2    82.0   46.303 -104.959   2325.9    680.3
     1     1    23     1    11    23     0     1    83.0   46.064 -104.706   2271.4    683.8
     1     1    23     1    12     0     0     0    84.0   45.816 -104.461   2234.3    685.2
     1     1    23     1    12     1     0     1    85.0   45.562 -104.208   2216.4    685.3
     1     1    23     1    12     2     0     2    86.0   45.309 -103.948   2202.8    686.7
     1     1    23     1    12     3     0     3    87.0   45.052 -103.700   2180.1    690.5
     1     1    23     1    12     4     0     2    88.0   44.791 -103.451   2144.6    689.2
     1     1    23     1    12     5     0     1    89.0   44.533 -103.178   2122.3    694.6
     1     1    23     1    12     6     0     0    90.0   44.281 -102.885   2130.9    703.1
     1     1    23     1    12     7     0     1    91.0   44.018 -102.583   2157.6    701.7
     1     1    23     1    12     8     0     2    92.0   43.731 -102.271   2174.0    697.6
     1     1    23     1    12     9     0     3    93.0   43.421 -101.938   2155.1    694.2
     1     1    23     1    12    10     0     2    94.0   43.084 -101.601   2112.8    695.8
     1     1    23     1    12    11     0     1    95.0   42.713 -101.264   2066.1    699.9
     1     1    23     1    12    12     0     0    96.0   42.310 -100.931   1999.3    707.4
     1     1    23     1    12    13     0     1    97.0   41.885 -100.617   1930.1    721.1
     1     1    23     1    12    14     0     2    98.0   41.444 -100.317   1895.2    731.4
     1     1    23     1    12    15     0     3    99.0   40.992 -100.003   1929.4    736.3
     1     1    23     1    12    16     0     2   100.0   40.515  -99.697   1979.0    729.2
     1     1    23     1    12    17     0     1   101.0   40.017  -99.439   1933.4    740.0
     1     1    23     1    12    18     0     0   102.0   39.502  -99.221   1876.2    759.0
     1     1    23     1    12    19     0     1   103.0   38.979  -99.036   1859.5    763.7
     1     1    23     1    12    20     0     2   104.0   38.461  -98.869   1788.3    763.0
     1     1    23     1    12    21     0     3   105.0   37.947  -98.715   1650.2    780.3
     1     1    23     1    12    22     0     2   106.0   37.444  -98.565   1544.6    802.4
     1     1    23     1    12    23     0     1   107.0   36.954  -98.401   1498.7    810.3
     1     1    23     1    13     0     0     0   108.0   36.469  -98.218   1436.6    815.8
     1     1    23     1    13     1     0     1   109.0   35.994  -98.033   1319.9    836.0
     1     1    23     1    13     2     0     2   110.0   35.537  -97.871   1215.1    854.5
     1     1    23     1    13     3     0     3   111.0   35.083  -97.741   1139.5    859.1
     1     1    23     1    13     4     0     2   112.0   34.631  -97.634   1061.6    870.4
     1     1    23     1    13     5     0     1   113.0   34.190  -97.540    989.0    883.8
     1     1    23     1    13     6     0     0   114.0   33.764  -97.456    947.2    893.5
     1     1    23     1    13     7     0     1   115.0   33.343  -97.375    942.3    894.0
     1     1    23     1    13     8     0     2   116.0   32.913  -97.291    988.6    893.8
     1     1    23     1    13     9     0     3   117.0   32.465  -97.194   1039.8    879.8
     1     1    23     1    13    10     0     2   118.0   32.012  -97.112    984.6    879.6
     1     1    23     1    13    11     0     1   119.0   31.565  -97.084    868.0    904.8
     1     1    23     1    13    12     0     0   120.0   31.116  -97.106    759.0    917.5
