     8     1
    GDAS    22    12    22     0     0
    GDAS    22    12    29     0     0
    GDAS    23     1     1     0     0
    GDAS    23     1     8     0     0
    GDAS    23     1    15     0     0
    GDAS    23     1    22     0     0
    GDAS    23     1    29     0     0
    GDAS    23     2     1     0     0
     1 FORWARD  OMEGA   
    23     1     2    16   25.417 -108.931   344.2
     1 PRESSURE
     1     1    23     1     2    16     0     2     0.0   25.417 -108.931    344.2    974.6
     1     1    23     1     2    17     0     1     1.0   25.500 -108.933    369.2    973.1
     1     1    23     1     2    18     0     0     2.0   25.614 -108.926    425.8    967.4
     1     1    23     1     2    19     0     1     3.0   25.746 -108.899    516.2    954.0
     1     1    23     1     2    20     0     2     4.0   25.886 -108.847    645.1    937.8
     1     1    23     1     2    21     0     3     5.0   26.034 -108.777    835.4    910.8
     1     1    23     1     2    22     0     2     6.0   26.191 -108.709   1012.7    872.0
     1     1    23     1     2    23     0     1     7.0   26.357 -108.651   1115.7    851.8
     1     1    23     1     3     0     0     0     8.0   26.540 -108.590   1183.3    834.2
     1     1    23     1     3     1     0     1     9.0   26.737 -108.504   1266.8    814.0
     1     1    23     1     3     2     0     2    10.0   26.944 -108.364   1412.8    782.9
     1     1    23     1     3     3     0     3    11.0   27.161 -108.108   1564.6    730.4
     1     1    23     1     3     4     0     2    12.0   27.373 -107.646   1585.5    672.1
     1     1    23     1     3     5     0     1    13.0   27.550 -106.897   1465.6    645.7
     1     1    23     1     3     6     0     0    14.0   27.725 -106.119   1276.6    708.9
     1     1    23     1     3     7     0     1    15.0   27.912 -105.501   1084.8    753.3
     1     1    23     1     3     8     0     2    16.0   28.108 -104.959   1050.3    774.8
     1     1    23     1     3     9     0     3    17.0   28.294 -104.439   1095.4    760.9
     1     1    23     1     3    10     0     2    18.0   28.439 -103.904   1085.6    752.4
     1     1    23     1     3    11     0     1    19.0   28.549 -103.347   1050.8    781.0
     1     1    23     1     3    12     0     0    20.0   28.662 -102.736   1094.1    783.0
     1     1    23     1     3    13     0     1    21.0   28.792 -102.027    966.4    748.5
     1     1    23     1     3    14     0     2    22.0   28.833 -101.520    734.4    844.4
     1     1    23     1     3    15     0     3    23.0   28.809 -101.238    595.4    889.7
     1     1    23     1     3    16     0     2    24.0   28.784 -101.070    535.0    908.8
     1     1    23     1     3    17     0     1    25.0   28.782 -100.966    505.0    915.2
     1     1    23     1     3    18     0     0    26.0   28.817 -100.894    472.0    919.0
     1     1    23     1     3    19     0     1    27.0   28.864 -100.823    504.2    925.6
     1     1    23     1     3    20     0     2    28.0   28.901 -100.718    731.6    905.4
     1     1    23     1     3    21     0     3    29.0   28.939 -100.520   1208.6    859.6
     1     1    23     1     3    22     0     2    30.0   28.969 -100.182   1569.2    796.0
     1     1    23     1     3    23     0     1    31.0   28.970  -99.826   1577.8    810.4
     1     1    23     1     4     0     0     0    32.0   28.949  -99.492   1529.8    827.4
     1     1    23     1     4     1     0     1    33.0   28.899  -99.141   1547.1    827.4
     1     1    23     1     4     2     0     2    34.0   28.823  -98.760   1583.4    822.5
     1     1    23     1     4     3     0     3    35.0   28.726  -98.383   1577.7    827.3
     1     1    23     1     4     4     0     2    36.0   28.597  -98.014   1543.6    836.3
     1     1    23     1     4     5     0     1    37.0   28.429  -97.648   1500.2    845.0
     1     1    23     1     4     6     0     0    38.0   28.234  -97.306   1474.6    852.5
     1     1    23     1     4     7     0     1    39.0   28.018  -97.005   1506.7    854.3
     1     1    23     1     4     8     0     2    40.0   27.792  -96.721   1552.0    842.9
     1     1    23     1     4     9     0     3    41.0   27.570  -96.465   1551.5    844.1
     1     1    23     1     4    10     0     2    42.0   27.356  -96.251   1511.6    848.3
     1     1    23     1     4    11     0     1    43.0   27.142  -96.089   1440.9    857.0
     1     1    23     1     4    12     0     0    44.0   26.924  -95.979   1368.0    866.4
     1     1    23     1     4    13     0     1    45.0   26.713  -95.913   1325.2    873.1
     1     1    23     1     4    14     0     2    46.0   26.515  -95.879   1328.7    873.4
     1     1    23     1     4    15     0     3    47.0   26.322  -95.870   1381.9    868.9
     1     1    23     1     4    16     0     2    48.0   26.144  -95.872   1434.0    858.5
     1     1    23     1     4    17     0     1    49.0   25.991  -95.884   1415.4    859.3
     1     1    23     1     4    18     0     0    50.0   25.862  -95.918   1315.4    869.5
     1     1    23     1     4    19     0     1    51.0   25.740  -95.976   1195.4    888.1
     1     1    23     1     4    20     0     2    52.0   25.616  -96.041   1115.5    895.5
     1     1    23     1     4    21     0     3    53.0   25.490  -96.109   1060.3    899.5
     1     1    23     1     4    22     0     2    54.0   25.368  -96.193   1018.2    904.2
     1     1    23     1     4    23     0     1    55.0   25.260  -96.305    996.6    907.5
     1     1    23     1     5     0     0     0    56.0   25.173  -96.438   1010.4    907.0
     1     1    23     1     5     1     0     1    57.0   25.108  -96.574   1038.8    901.6
     1     1    23     1     5     2     0     2    58.0   25.055  -96.707   1045.3    900.7
     1     1    23     1     5     3     0     3    59.0   25.010  -96.845   1014.6    903.8
     1     1    23     1     5     4     0     2    60.0   24.981  -96.980    966.7    911.9
     1     1    23     1     5     5     0     1    61.0   24.985  -97.092    932.1    916.2
     1     1    23     1     5     6     0     0    62.0   25.026  -97.178    915.0    918.3
     1     1    23     1     5     7     0     1    63.0   25.081  -97.249    903.3    918.2
     1     1    23     1     5     8     0     2    64.0   25.125  -97.329    885.3    920.2
     1     1    23     1     5     9     0     3    65.0   25.162  -97.418    862.0    922.7
     1     1    23     1     5    10     0     2    66.0   25.197  -97.513    839.7    925.9
     1     1    23     1     5    11     0     1    67.0   25.233  -97.610    823.5    927.9
     1     1    23     1     5    12     0     0    68.0   25.270  -97.705    813.3    929.4
     1     1    23     1     5    13     0     1    69.0   25.314  -97.796    812.6    930.5
     1     1    23     1     5    14     0     2    70.0   25.370  -97.878    825.8    929.9
     1     1    23     1     5    15     0     3    71.0   25.438  -97.953    856.0    927.6
     1     1    23     1     5    16     0     2    72.0   25.513  -98.021    892.7    922.0
     1     1    23     1     5    17     0     1    73.0   25.590  -98.086    920.2    917.6
     1     1    23     1     5    18     0     0    74.0   25.672  -98.149    934.6    915.1
     1     1    23     1     5    19     0     1    75.0   25.758  -98.216    941.7    913.7
     1     1    23     1     5    20     0     2    76.0   25.845  -98.293    945.7    911.8
     1     1    23     1     5    21     0     3    77.0   25.933  -98.380    942.6    910.7
     1     1    23     1     5    22     0     2    78.0   26.025  -98.479    972.9    911.4
     1     1    23     1     5    23     0     1    79.0   26.126  -98.585   1059.6    899.2
     1     1    23     1     6     0     0     0    80.0   26.234  -98.691   1174.8    884.5
     1     1    23     1     6     1     0     1    81.0   26.356  -98.773   1255.0    869.3
     1     1    23     1     6     2     0     2    82.0   26.502  -98.818   1275.8    867.6
     1     1    23     1     6     3     0     3    83.0   26.670  -98.831   1253.0    869.6
     1     1    23     1     6     4     0     2    84.0   26.862  -98.838   1224.2    874.8
     1     1    23     1     6     5     0     1    85.0   27.073  -98.855   1219.8    874.2
     1     1    23     1     6     6     0     0    86.0   27.297  -98.873   1243.0    872.6
     1     1    23     1     6     7     0     1    87.0   27.529  -98.882   1281.8    867.7
     1     1    23     1     6     8     0     2    88.0   27.764  -98.883   1321.2    864.3
     1     1    23     1     6     9     0     3    89.0   28.000  -98.875   1360.0    861.1
     1     1    23     1     6    10     0     2    90.0   28.241  -98.855   1383.6    854.7
     1     1    23     1     6    11     0     1    91.0   28.495  -98.819   1382.1    851.9
     1     1    23     1     6    12     0     0    92.0   28.764  -98.765   1356.4    852.0
     1     1    23     1     6    13     0     1    93.0   29.060  -98.693   1339.4    853.9
     1     1    23     1     6    14     0     2    94.0   29.388  -98.586   1339.7    845.0
     1     1    23     1     6    15     0     3    95.0   29.746  -98.437   1331.9    838.2
     1     1    23     1     6    16     0     2    96.0   30.143  -98.243   1301.7    838.5
     1     1    23     1     6    17     0     1    97.0   30.582  -98.008   1298.8    846.1
     1     1    23     1     6    18     0     0    98.0   31.042  -97.723   1359.4    841.3
     1     1    23     1     6    19     0     1    99.0   31.504  -97.387   1409.6    835.0
     1     1    23     1     6    20     0     2   100.0   31.971  -97.007   1418.8    838.7
     1     1    23     1     6    21     0     3   101.0   32.450  -96.579   1455.0    843.7
     1     1    23     1     6    22     0     2   102.0   32.923  -96.088   1524.6    835.0
     1     1    23     1     6    23     0     1   103.0   33.375  -95.547   1638.1    827.1
     1     1    23     1     7     0     0     0   104.0   33.821  -94.947   1783.8    807.3
     1     1    23     1     7     1     0     1   105.0   34.230  -94.275   1941.1    793.3
     1     1    23     1     7     2     0     2   106.0   34.543  -93.519   2111.6    773.2
     1     1    23     1     7     3     0     3   107.0   34.814  -92.714   2259.5    766.1
     1     1    23     1     7     4     0     2   108.0   35.030  -91.895   2413.7    754.9
     1     1    23     1     7     5     0     1   109.0   35.177  -91.068   2612.4    737.1
     1     1    23     1     7     6     0     0   110.0   35.305  -90.208   2817.5    718.5
     1     1    23     1     7     7     0     1   111.0   35.422  -89.342   3031.2    697.3
     1     1    23     1     7     8     0     2   112.0   35.497  -88.447   3251.9    672.4
     1     1    23     1     7     9     0     3   113.0   35.543  -87.480   3335.2    662.6
     1     1    23     1     7    10     0     2   114.0   35.579  -86.473   3426.6    649.4
     1     1    23     1     7    11     0     1   115.0   35.553  -85.416   3594.8    623.9
     1     1    23     1     7    12     0     0   116.0   35.491  -84.250   3602.2    621.6
     1     1    23     1     7    13     0     1   117.0   35.392  -83.039   3563.6    611.5
     1     1    23     1     7    14     0     2   118.0   35.252  -81.826   3500.5    629.5
     1     1    23     1     7    15     0     3   119.0   35.118  -80.684   3509.4    650.8
     1     1    23     1     7    16     0     2   120.0   35.008  -79.599   3646.2    644.6
