     8     1
    GDAS    22    12    22     0     0
    GDAS    22    12    29     0     0
    GDAS    23     1     1     0     0
    GDAS    23     1     8     0     0
    GDAS    23     1    15     0     0
    GDAS    23     1    22     0     0
    GDAS    23     1    29     0     0
    GDAS    23     2     1     0     0
     1 FORWARD  OMEGA   
    23     1     8    12   53.789 -118.866  2497.6
     1 PRESSURE
     1     1    23     1     8    12     0     0     0.0   53.789 -118.866   2497.6    609.9
     1     1    23     1     8    13     0     1     1.0   53.962 -118.617   2473.8    622.8
     1     1    23     1     8    14     0     2     2.0   54.095 -118.385   2483.3    630.5
     1     1    23     1     8    15     0     3     3.0   54.198 -118.196   2514.8    633.8
     1     1    23     1     8    16     0     2     4.0   54.282 -118.054   2544.1    635.2
     1     1    23     1     8    17     0     1     5.0   54.362 -117.939   2554.5    639.0
     1     1    23     1     8    18     0     0     6.0   54.435 -117.825   2547.2    644.0
     1     1    23     1     8    19     0     1     7.0   54.507 -117.711   2534.6    649.4
     1     1    23     1     8    20     0     2     8.0   54.582 -117.597   2526.6    653.7
     1     1    23     1     8    21     0     3     9.0   54.664 -117.461   2530.0    657.1
     1     1    23     1     8    22     0     2    10.0   54.754 -117.307   2544.7    658.7
     1     1    23     1     8    23     0     1    11.0   54.846 -117.156   2561.5    659.9
     1     1    23     1     9     0     0     0    12.0   54.938 -117.010   2573.1    660.6
     1     1    23     1     9     1     0     1    13.0   55.022 -116.856   2575.8    660.9
     1     1    23     1     9     2     0     2    14.0   55.097 -116.680   2574.4    660.2
     1     1    23     1     9     3     0     3    15.0   55.169 -116.482   2573.1    659.0
     1     1    23     1     9     4     0     2    16.0   55.243 -116.250   2566.7    657.9
     1     1    23     1     9     5     0     1    17.0   55.314 -115.974   2554.3    657.9
     1     1    23     1     9     6     0     0    18.0   55.368 -115.657   2538.2    658.7
     1     1    23     1     9     7     0     1    19.0   55.392 -115.322   2515.7    660.0
     1     1    23     1     9     8     0     2    20.0   55.376 -114.981   2485.5    661.1
     1     1    23     1     9     9     0     3    21.0   55.325 -114.631   2457.4    668.8
     1     1    23     1     9    10     0     2    22.0   55.249 -114.283   2449.0    676.3
     1     1    23     1     9    11     0     1    23.0   55.155 -113.940   2482.0    678.8
     1     1    23     1     9    12     0     0    24.0   55.044 -113.590   2543.9    673.5
     1     1    23     1     9    13     0     1    25.0   54.929 -113.229   2571.2    668.0
     1     1    23     1     9    14     0     2    26.0   54.821 -112.858   2520.9    674.2
     1     1    23     1     9    15     0     3    27.0   54.709 -112.485   2436.1    683.3
     1     1    23     1     9    16     0     2    28.0   54.589 -112.131   2377.6    690.6
     1     1    23     1     9    17     0     1    29.0   54.473 -111.812   2345.2    689.6
     1     1    23     1     9    18     0     0    30.0   54.367 -111.524   2291.8    691.7
     1     1    23     1     9    19     0     1    31.0   54.269 -111.239   2211.8    699.4
     1     1    23     1     9    20     0     2    32.0   54.182 -110.922   2126.4    707.3
     1     1    23     1     9    21     0     3    33.0   54.110 -110.577   2066.3    714.3
     1     1    23     1     9    22     0     2    34.0   54.046 -110.228   2010.2    715.8
     1     1    23     1     9    23     0     1    35.0   53.969 -109.888   1915.6    725.8
     1     1    23     1    10     0     0     0    36.0   53.872 -109.564   1803.8    742.7
     1     1    23     1    10     1     0     1    37.0   53.766 -109.276   1720.9    756.5
     1     1    23     1    10     2     0     2    38.0   53.672 -109.026   1687.2    762.2
     1     1    23     1    10     3     0     3    39.0   53.597 -108.801   1701.0    761.0
     1     1    23     1    10     4     0     2    40.0   53.533 -108.572   1734.2    753.8
     1     1    23     1    10     5     0     1    41.0   53.469 -108.326   1735.9    751.3
     1     1    23     1    10     6     0     0    42.0   53.408 -108.078   1677.4    754.4
     1     1    23     1    10     7     0     1    43.0   53.349 -107.842   1592.3    766.6
     1     1    23     1    10     8     0     2    44.0   53.289 -107.611   1523.2    772.7
     1     1    23     1    10     9     0     3    45.0   53.227 -107.378   1454.0    778.2
     1     1    23     1    10    10     0     2    46.0   53.156 -107.152   1398.1    785.7
     1     1    23     1    10    11     0     1    47.0   53.068 -106.935   1375.6    787.7
     1     1    23     1    10    12     0     0    48.0   52.963 -106.723   1381.4    789.5
     1     1    23     1    10    13     0     1    49.0   52.845 -106.513   1394.6    789.0
     1     1    23     1    10    14     0     2    50.0   52.717 -106.310   1398.1    790.9
     1     1    23     1    10    15     0     3    51.0   52.578 -106.119   1396.0    792.3
     1     1    23     1    10    16     0     2    52.0   52.433 -105.945   1389.6    793.1
     1     1    23     1    10    17     0     1    53.0   52.289 -105.790   1379.4    793.3
     1     1    23     1    10    18     0     0    54.0   52.146 -105.649   1365.8    793.9
     1     1    23     1    10    19     0     1    55.0   52.007 -105.501   1346.2    794.8
     1     1    23     1    10    20     0     2    56.0   51.875 -105.328   1329.4    797.3
     1     1    23     1    10    21     0     3    57.0   51.749 -105.139   1334.3    797.7
     1     1    23     1    10    22     0     2    58.0   51.612 -104.937   1360.5    794.4
     1     1    23     1    10    23     0     1    59.0   51.458 -104.726   1390.6    790.2
     1     1    23     1    11     0     0     0    60.0   51.291 -104.512   1413.0    786.7
     1     1    23     1    11     1     0     1    61.0   51.113 -104.305   1424.4    784.0
     1     1    23     1    11     2     0     2    62.0   50.927 -104.105   1415.0    782.1
     1     1    23     1    11     3     0     3    63.0   50.735 -103.910   1381.3    785.2
     1     1    23     1    11     4     0     2    64.0   50.546 -103.726   1352.8    789.9
     1     1    23     1    11     5     0     1    65.0   50.364 -103.541   1338.6    788.9
     1     1    23     1    11     6     0     0    66.0   50.183 -103.342   1312.8    788.8
     1     1    23     1    11     7     0     1    67.0   49.998 -103.120   1259.7    791.8
     1     1    23     1    11     8     0     2    68.0   49.801 -102.880   1192.2    801.1
     1     1    23     1    11     9     0     3    69.0   49.585 -102.638   1136.3    810.5
     1     1    23     1    11    10     0     2    70.0   49.345 -102.412   1103.5    817.6
     1     1    23     1    11    11     0     1    71.0   49.092 -102.198   1089.0    822.6
     1     1    23     1    11    12     0     0    72.0   48.835 -101.991   1078.2    823.8
     1     1    23     1    11    13     0     1    73.0   48.575 -101.789   1050.4    823.8
     1     1    23     1    11    14     0     2    74.0   48.308 -101.595    995.0    829.3
     1     1    23     1    11    15     0     3    75.0   48.031 -101.414    923.3    837.5
     1     1    23     1    11    16     0     2    76.0   47.750 -101.246    863.7    847.7
     1     1    23     1    11    17     0     1    77.0   47.476 -101.076    824.4    851.5
     1     1    23     1    11    18     0     0    78.0   47.206 -100.909    786.1    854.8
     1     1    23     1    11    19     0     1    79.0   46.929 -100.727    762.8    859.7
     1     1    23     1    11    20     0     2    80.0   46.639 -100.513    765.0    857.9
     1     1    23     1    11    21     0     3    81.0   46.333 -100.283    756.7    856.5
     1     1    23     1    11    22     0     2    82.0   46.000 -100.065    718.9    860.8
     1     1    23     1    11    23     0     1    83.0   45.640  -99.880    661.7    870.0
     1     1    23     1    12     0     0     0    84.0   45.262  -99.736    587.6    880.5
     1     1    23     1    12     1     0     1    85.0   44.877  -99.628    504.7    894.7
     1     1    23     1    12     2     0     2    86.0   44.495  -99.537    437.7    905.9
     1     1    23     1    12     3     0     3    87.0   44.119  -99.460    392.8    911.3
     1     1    23     1    12     4     0     2    88.0   43.749  -99.370    372.9    911.8
     1     1    23     1    12     5     0     1    89.0   43.374  -99.240    388.7    906.8
     1     1    23     1    12     6     0     0    90.0   42.981  -99.084    431.1    899.8
     1     1    23     1    12     7     0     1    91.0   42.559  -98.922    461.9    889.7
     1     1    23     1    12     8     0     2    92.0   42.099  -98.758    463.0    886.2
     1     1    23     1    12     9     0     3    93.0   41.604  -98.586    438.2    892.9
     1     1    23     1    12    10     0     2    94.0   41.093  -98.421    404.7    905.5
     1     1    23     1    12    11     0     1    95.0   40.577  -98.289    372.9    914.0
     1     1    23     1    12    12     0     0    96.0   40.079  -98.185    330.8    923.3
     1     1    23     1    12    13     0     1    97.0   39.627  -98.083    296.4    933.5
     1     1    23     1    12    14     0     2    98.0   39.209  -97.961    289.3    936.4
     1     1    23     1    12    15     0     3    99.0   38.807  -97.828    291.9    936.7
     1     1    23     1    12    16     0     2   100.0   38.407  -97.703    280.0    938.4
     1     1    23     1    12    17     0     1   101.0   38.006  -97.602    249.8    942.9
     1     1    23     1    12    18     0     0   102.0   37.623  -97.524    216.9    951.6
     1     1    23     1    12    19     0     1   103.0   37.261  -97.449    183.2    957.9
     1     1    23     1    12    20     0     2   104.0   36.913  -97.350    145.7    966.7
     1     1    23     1    12    21     0     3   105.0   36.582  -97.223    114.7    974.2
     1     1    23     1    12    22     0     2   106.0   36.276  -97.091     98.2    979.7
     1     1    23     1    12    23     0     1   107.0   36.004  -96.973     92.9    982.7
     1     1    23     1    13     0     0     0   108.0   35.763  -96.872     92.4    981.9
     1     1    23     1    13     1     0     1   109.0   35.534  -96.796     95.0    981.6
     1     1    23     1    13     2     0     2   110.0   35.304  -96.739    100.4    980.7
     1     1    23     1    13     3     0     3   111.0   35.074  -96.687    104.8    980.1
     1     1    23     1    13     4     0     2   112.0   34.843  -96.652    104.0    981.9
     1     1    23     1    13     5     0     1   113.0   34.614  -96.643     98.1    985.8
     1     1    23     1    13     6     0     0   114.0   34.398  -96.646     90.9    989.5
     1     1    23     1    13     7     0     1   115.0   34.200  -96.639     81.7    992.9
     1     1    23     1    13     8     0     2   116.0   34.024  -96.608     69.8    997.0
     1     1    23     1    13     9     0     3   117.0   33.865  -96.559     58.8   1000.1
     1     1    23     1    13    10     0     2   118.0   33.715  -96.512     50.2   1001.7
     1     1    23     1    13    11     0     1   119.0   33.568  -96.482     43.8   1002.9
     1     1    23     1    13    12     0     0   120.0   33.422  -96.473     39.3   1003.9
