     8     1
    GDAS    22    12    22     0     0
    GDAS    22    12    29     0     0
    GDAS    23     1     1     0     0
    GDAS    23     1     8     0     0
    GDAS    23     1    15     0     0
    GDAS    23     1    22     0     0
    GDAS    23     1    29     0     0
    GDAS    23     2     1     0     0
     1 FORWARD  OMEGA   
    23     1     4    13   49.374  -91.557   673.5
     1 PRESSURE
     1     1    23     1     4    13     0     1     0.0   49.374  -91.557    673.5    883.7
     1     1    23     1     4    14     0     2     1.0   49.278  -92.092    587.9    897.0
     1     1    23     1     4    15     0     3     2.0   49.199  -92.659    527.6    903.5
     1     1    23     1     4    16     0     2     3.0   49.125  -93.214    482.3    909.6
     1     1    23     1     4    17     0     1     4.0   49.051  -93.729    447.6    918.0
     1     1    23     1     4    18     0     0     5.0   48.971  -94.201    422.3    922.8
     1     1    23     1     4    19     0     1     6.0   48.875  -94.629    411.9    924.9
     1     1    23     1     4    20     0     2     7.0   48.759  -95.020    418.6    923.7
     1     1    23     1     4    21     0     3     8.0   48.622  -95.368    428.8    921.7
     1     1    23     1     4    22     0     2     9.0   48.475  -95.692    432.8    921.1
     1     1    23     1     4    23     0     1    10.0   48.321  -96.019    425.3    921.9
     1     1    23     1     5     0     0     0    11.0   48.153  -96.340    405.8    927.1
     1     1    23     1     5     1     0     1    12.0   47.965  -96.624    389.9    932.8
     1     1    23     1     5     2     0     2    13.0   47.755  -96.849    389.7    934.4
     1     1    23     1     5     3     0     3    14.0   47.525  -97.028    394.3    933.9
     1     1    23     1     5     4     0     2    15.0   47.280  -97.187    390.3    931.5
     1     1    23     1     5     5     0     1    16.0   47.025  -97.333    380.2    931.3
     1     1    23     1     5     6     0     0    17.0   46.759  -97.458    372.1    930.1
     1     1    23     1     5     7     0     1    18.0   46.490  -97.556    374.2    928.0
     1     1    23     1     5     8     0     2    19.0   46.221  -97.643    386.5    924.5
     1     1    23     1     5     9     0     3    20.0   45.955  -97.733    401.2    921.0
     1     1    23     1     5    10     0     2    21.0   45.687  -97.792    414.1    917.7
     1     1    23     1     5    11     0     1    22.0   45.412  -97.785    425.5    915.1
     1     1    23     1     5    12     0     0    23.0   45.128  -97.727    437.3    911.0
     1     1    23     1     5    13     0     1    24.0   44.834  -97.644    442.0    906.9
     1     1    23     1     5    14     0     2    25.0   44.531  -97.547    432.9    907.6
     1     1    23     1     5    15     0     3    26.0   44.222  -97.436    414.0    909.3
     1     1    23     1     5    16     0     2    27.0   43.911  -97.304    385.8    912.2
     1     1    23     1     5    17     0     1    28.0   43.601  -97.136    354.5    918.2
     1     1    23     1     5    18     0     0    29.0   43.297  -96.932    321.5    925.5
     1     1    23     1     5    19     0     1    30.0   43.023  -96.700    297.2    934.2
     1     1    23     1     5    20     0     2    31.0   42.784  -96.450    293.6    934.8
     1     1    23     1     5    21     0     3    32.0   42.564  -96.199    311.5    934.4
     1     1    23     1     5    22     0     2    33.0   42.351  -95.947    340.4    932.5
     1     1    23     1     5    23     0     1    34.0   42.142  -95.685    356.5    929.5
     1     1    23     1     6     0     0     0    35.0   41.931  -95.414    360.0    929.5
     1     1    23     1     6     1     0     1    36.0   41.718  -95.142    361.5    929.1
     1     1    23     1     6     2     0     2    37.0   41.513  -94.861    356.6    930.8
     1     1    23     1     6     3     0     3    38.0   41.316  -94.571    340.5    935.0
     1     1    23     1     6     4     0     2    39.0   41.125  -94.279    320.1    939.3
     1     1    23     1     6     5     0     1    40.0   40.939  -93.982    300.4    942.3
     1     1    23     1     6     6     0     0    41.0   40.765  -93.683    282.3    948.0
     1     1    23     1     6     7     0     1    42.0   40.607  -93.391    269.1    952.2
     1     1    23     1     6     8     0     2    43.0   40.466  -93.105    258.9    954.6
     1     1    23     1     6     9     0     3    44.0   40.342  -92.824    244.6    957.6
     1     1    23     1     6    10     0     2    45.0   40.237  -92.555    227.2    962.3
     1     1    23     1     6    11     0     1    46.0   40.145  -92.299    211.0    966.4
     1     1    23     1     6    12     0     0    47.0   40.069  -92.046    193.6    970.5
     1     1    23     1     6    13     0     1    48.0   40.006  -91.806    176.6    973.8
     1     1    23     1     6    14     0     2    49.0   39.951  -91.590    164.0    975.7
     1     1    23     1     6    15     0     3    50.0   39.907  -91.395    155.7    977.0
     1     1    23     1     6    16     0     2    51.0   39.874  -91.215    150.7    977.7
     1     1    23     1     6    17     0     1    52.0   39.844  -91.046    147.9    978.1
     1     1    23     1     6    18     0     0    53.0   39.816  -90.885    145.5    979.2
     1     1    23     1     6    19     0     1    54.0   39.791  -90.733    142.7    980.7
     1     1    23     1     6    20     0     2    55.0   39.768  -90.592    139.9    982.1
     1     1    23     1     6    21     0     3    56.0   39.746  -90.464    137.8    983.1
     1     1    23     1     6    22     0     2    57.0   39.724  -90.363    138.0    984.3
     1     1    23     1     6    23     0     1    58.0   39.698  -90.301    141.9    984.7
     1     1    23     1     7     0     0     0    59.0   39.671  -90.279    149.8    984.1
     1     1    23     1     7     1     0     1    60.0   39.642  -90.289    159.3    982.7
     1     1    23     1     7     2     0     2    61.0   39.609  -90.327    167.9    981.5
     1     1    23     1     7     3     0     3    62.0   39.573  -90.397    175.7    980.3
     1     1    23     1     7     4     0     2    63.0   39.534  -90.486    181.6    978.8
     1     1    23     1     7     5     0     1    64.0   39.493  -90.586    183.7    977.8
     1     1    23     1     7     6     0     0    65.0   39.449  -90.700    181.8    977.3
     1     1    23     1     7     7     0     1    66.0   39.397  -90.834    179.4    977.0
     1     1    23     1     7     8     0     2    67.0   39.332  -90.997    179.8    975.6
     1     1    23     1     7     9     0     3    68.0   39.254  -91.195    182.4    973.9
     1     1    23     1     7    10     0     2    69.0   39.164  -91.447    186.5    971.5
     1     1    23     1     7    11     0     1    70.0   39.061  -91.768    189.9    968.0
     1     1    23     1     7    12     0     0    71.0   38.947  -92.154    192.7    966.4
     1     1    23     1     7    13     0     1    72.0   38.844  -92.553    203.8    968.5
     1     1    23     1     7    14     0     2    73.0   38.763  -92.942    228.0    967.9
     1     1    23     1     7    15     0     3    74.0   38.687  -93.344    261.2    962.9
     1     1    23     1     7    16     0     2    75.0   38.595  -93.751    296.5    957.3
     1     1    23     1     7    17     0     1    76.0   38.477  -94.133    331.4    952.9
     1     1    23     1     7    18     0     0    77.0   38.332  -94.475    356.6    948.5
     1     1    23     1     7    19     0     1    78.0   38.151  -94.778    372.3    946.4
     1     1    23     1     7    20     0     2    79.0   37.939  -95.050    388.4    943.1
     1     1    23     1     7    21     0     3    80.0   37.714  -95.260    402.5    940.1
     1     1    23     1     7    22     0     2    81.0   37.483  -95.409    405.2    939.5
     1     1    23     1     7    23     0     1    82.0   37.242  -95.527    398.0    942.1
     1     1    23     1     8     0     0     0    83.0   36.987  -95.635    397.3    944.5
     1     1    23     1     8     1     0     1    84.0   36.727  -95.731    392.2    944.7
     1     1    23     1     8     2     0     2    85.0   36.472  -95.803    364.1    949.7
     1     1    23     1     8     3     0     3    86.0   36.220  -95.853    317.7    957.6
     1     1    23     1     8     4     0     2    87.0   35.979  -95.875    271.4    967.1
     1     1    23     1     8     5     0     1    88.0   35.759  -95.874    237.5    971.1
     1     1    23     1     8     6     0     0    89.0   35.558  -95.863    213.7    973.4
     1     1    23     1     8     7     0     1    90.0   35.363  -95.848    196.3    975.3
     1     1    23     1     8     8     0     2    91.0   35.155  -95.836    184.8    976.6
     1     1    23     1     8     9     0     3    92.0   34.928  -95.822    176.2    977.8
     1     1    23     1     8    10     0     2    93.0   34.684  -95.812    164.3    980.6
     1     1    23     1     8    11     0     1    94.0   34.442  -95.807    146.2    984.8
     1     1    23     1     8    12     0     0    95.0   34.220  -95.802    122.4    989.4
     1     1    23     1     8    13     0     1    96.0   34.016  -95.794     96.1    994.5
     1     1    23     1     8    14     0     2    97.0   33.818  -95.789     73.4    998.3
     1     1    23     1     8    15     0     3    98.0   33.619  -95.799     55.9   1000.8
     1     1    23     1     8    16     0     2    99.0   33.432  -95.816     43.0   1002.1
     1     1    23     1     8    17     0     1   100.0   33.270  -95.833     34.6   1003.2
     1     1    23     1     8    18     0     0   101.0   33.131  -95.852     29.5   1004.4
     1     1    23     1     8    19     0     1   102.0   33.005  -95.871     25.6   1003.9
     1     1    23     1     8    20     0     2   103.0   32.887  -95.887     21.6   1003.9
     1     1    23     1     8    21     0     3   104.0   32.776  -95.900     17.7   1004.1
     1     1    23     1     8    22     0     2   105.0   32.673  -95.918     14.4   1005.2
     1     1    23     1     8    23     0     1   106.0   32.581  -95.950     11.7   1006.2
     1     1    23     1     9     0     0     0   107.0   32.500  -95.994      9.5   1006.9
     1     1    23     1     9     1     0     1   108.0   32.433  -96.049      8.0   1007.3
     1     1    23     1     9     2     0     2   109.0   32.378  -96.115      7.1   1007.3
     1     1    23     1     9     3     0     3   110.0   32.338  -96.191      6.9   1007.0
     1     1    23     1     9     4     0     2   111.0   32.317  -96.264      6.8   1007.0
     1     1    23     1     9     5     0     1   112.0   32.322  -96.325      6.8   1006.8
     1     1    23     1     9     6     0     0   113.0   32.352  -96.375      6.6   1006.6
     1     1    23     1     9     7     0     1   114.0   32.394  -96.422      6.6   1005.2
     1     1    23     1     9     8     0     2   115.0   32.437  -96.473      7.0   1003.9
     1     1    23     1     9     9     0     3   116.0   32.482  -96.527      7.9   1002.8
     1     1    23     1     9    10     0     2   117.0   32.534  -96.579      9.0   1002.5
     1     1    23     1     9    11     0     1   118.0   32.596  -96.622     10.3   1002.0
     1     1    23     1     9    12     0     0   119.0   32.669  -96.660     12.3   1001.3
     1     1    23     1     9    13     0     1   120.0   32.754  -96.691     15.3   1001.2
