     8     1
    GDAS    22    12    22     0     0
    GDAS    22    12    29     0     0
    GDAS    23     1     1     0     0
    GDAS    23     1     8     0     0
    GDAS    23     1    15     0     0
    GDAS    23     1    22     0     0
    GDAS    23     1    29     0     0
    GDAS    23     2     1     0     0
     1 FORWARD  OMEGA   
    23     1    14    12   43.694 -140.273     1.5
     1 PRESSURE
     1     1    23     1    14    12     0     0     0.0   43.694 -140.273      1.5    997.8
     1     1    23     1    14    13     0     1     1.0   43.403 -139.688      1.1    998.3
     1     1    23     1    14    14     0     2     2.0   43.130 -139.139      0.9    998.8
     1     1    23     1    14    15     0     3     3.0   42.823 -138.609      1.0    998.7
     1     1    23     1    14    16     0     2     4.0   42.506 -138.070      1.3    999.7
     1     1    23     1    14    17     0     1     5.0   42.199 -137.543      1.4   1001.0
     1     1    23     1    14    18     0     0     6.0   41.871 -137.040      1.4   1000.9
     1     1    23     1    14    19     0     1     7.0   41.549 -136.530      1.3   1002.2
     1     1    23     1    14    20     0     2     8.0   41.259 -135.987      1.2   1002.5
     1     1    23     1    14    21     0     3     9.0   40.974 -135.407      1.2   1003.4
     1     1    23     1    14    22     0     2    10.0   40.677 -134.821      1.1   1003.5
     1     1    23     1    14    23     0     1    11.0   40.370 -134.261      1.0   1003.7
     1     1    23     1    15     0     0     0    12.0   40.056 -133.720      1.6   1003.8
     1     1    23     1    15     1     0     1    13.0   39.747 -133.204      3.0   1004.4
     1     1    23     1    15     2     0     2    14.0   39.458 -132.707      4.3   1005.0
     1     1    23     1    15     3     0     3    15.0   39.175 -132.230      4.8   1006.8
     1     1    23     1    15     4     0     2    16.0   38.903 -131.775      4.9   1006.9
     1     1    23     1    15     5     0     1    17.0   38.655 -131.327      4.8   1006.8
     1     1    23     1    15     6     0     0    18.0   38.421 -130.884      4.8   1007.4
     1     1    23     1    15     7     0     1    19.0   38.214 -130.457      5.5   1007.3
     1     1    23     1    15     8     0     2    20.0   38.059 -130.051      7.2   1007.3
     1     1    23     1    15     9     0     3    21.0   37.953 -129.675      9.1   1007.4
     1     1    23     1    15    10     0     2    22.0   37.868 -129.326     10.1   1007.3
     1     1    23     1    15    11     0     1    23.0   37.788 -128.998     10.2   1007.4
     1     1    23     1    15    12     0     0    24.0   37.723 -128.685     10.2   1007.5
     1     1    23     1    15    13     0     1    25.0   37.688 -128.392     10.2   1006.5
     1     1    23     1    15    14     0     2    26.0   37.688 -128.136      9.8   1005.7
     1     1    23     1    15    15     0     3    27.0   37.719 -127.923      8.4   1005.0
     1     1    23     1    15    16     0     2    28.0   37.787 -127.751      6.9   1004.4
     1     1    23     1    15    17     0     1    29.0   37.902 -127.606      6.3   1004.0
     1     1    23     1    15    18     0     0    30.0   38.064 -127.469      6.1   1003.9
     1     1    23     1    15    19     0     1    31.0   38.235 -127.367      5.8   1002.9
     1     1    23     1    15    20     0     2    32.0   38.388 -127.318      5.1   1001.8
     1     1    23     1    15    21     0     3    33.0   38.535 -127.293      4.2   1000.8
     1     1    23     1    15    22     0     2    34.0   38.669 -127.267      3.3   1000.7
     1     1    23     1    15    23     0     1    35.0   38.775 -127.239      2.5   1000.7
     1     1    23     1    16     0     0     0    36.0   38.849 -127.215      1.5   1000.7
     1     1    23     1    16     1     0     1    37.0   38.886 -127.173      0.6   1001.6
     1     1    23     1    16     2     0     2    38.0   38.880 -127.096      0.1   1002.4
     1     1    23     1    16     3     0     3    39.0   38.821 -127.000      0.0   1003.1
     1     1    23     1    16     4     0     2    40.0   38.725 -126.895      0.0   1003.2
     1     1    23     1    16     5     0     1    41.0   38.609 -126.767      0.0   1003.5
     1     1    23     1    16     6     0     0    42.0   38.447 -126.600      0.0   1004.0
     1     1    23     1    16     7     0     1    43.0   38.222 -126.413      0.1   1004.0
     1     1    23     1    16     8     0     2    44.0   37.944 -126.219      0.3   1003.9
     1     1    23     1    16     9     0     3    45.0   37.639 -125.983      1.1   1004.0
     1     1    23     1    16    10     0     2    46.0   37.321 -125.714      2.2   1003.7
     1     1    23     1    16    11     0     1    47.0   36.999 -125.438      3.0   1003.7
     1     1    23     1    16    12     0     0    48.0   36.702 -125.136      3.2   1004.5
     1     1    23     1    16    13     0     1    49.0   36.428 -124.796      3.2   1004.9
     1     1    23     1    16    14     0     2    50.0   36.163 -124.427      3.2   1005.2
     1     1    23     1    16    15     0     3    51.0   35.937 -124.030      3.2   1004.9
     1     1    23     1    16    16     0     2    52.0   35.737 -123.616      3.2   1006.6
     1     1    23     1    16    17     0     1    53.0   35.538 -123.196      3.2   1007.8
     1     1    23     1    16    18     0     0    54.0   35.362 -122.780      3.4   1008.4
     1     1    23     1    16    19     0     1    55.0   35.206 -122.368      3.7   1008.6
     1     1    23     1    16    20     0     2    56.0   35.052 -121.956      4.1   1008.6
     1     1    23     1    16    21     0     3    57.0   34.898 -121.545      4.2   1008.9
     1     1    23     1    16    22     0     2    58.0   34.750 -121.137      4.3   1008.9
     1     1    23     1    16    23     0     1    59.0   34.612 -120.751      5.7    995.5
     1     1    23     1    17     0     0     0    60.0   34.488 -120.396      9.4    983.1
     1     1    23     1    17     1     0     1    61.0   34.374 -120.069     16.5    977.6
     1     1    23     1    17     2     0     2    62.0   34.259 -119.743     37.3    983.8
     1     1    23     1    17     3     0     3    63.0   34.148 -119.367    108.5    987.8
     1     1    23     1    17     4     0     2    64.0   34.069 -118.896    291.6    975.0
     1     1    23     1    17     5     0     1    65.0   34.043 -118.436    519.1    936.6
     1     1    23     1    17     6     0     0    66.0   34.045 -118.072    681.2    912.9
     1     1    23     1    17     7     0     1    67.0   34.053 -117.772    824.9    880.6
     1     1    23     1    17     8     0     2    68.0   34.065 -117.484   1044.1    833.9
     1     1    23     1    17     9     0     3    69.0   34.087 -117.143   1385.7    767.4
     1     1    23     1    17    10     0     2    70.0   34.072 -116.713   1647.4    710.1
     1     1    23     1    17    11     0     1    71.0   33.980 -116.265   1609.6    713.0
     1     1    23     1    17    12     0     0    72.0   33.843 -115.803   1386.1    770.3
     1     1    23     1    17    13     0     1    73.0   33.730 -115.358   1208.8    825.4
     1     1    23     1    17    14     0     2    74.0   33.655 -114.973   1074.3    851.0
     1     1    23     1    17    15     0     3    75.0   33.606 -114.656    913.6    867.4
     1     1    23     1    17    16     0     2    76.0   33.583 -114.375    763.3    885.9
     1     1    23     1    17    17     0     1    77.0   33.588 -114.095    655.3    897.6
     1     1    23     1    17    18     0     0    78.0   33.622 -113.817    620.3    900.4
     1     1    23     1    17    19     0     1    79.0   33.663 -113.539    662.4    886.6
     1     1    23     1    17    20     0     2    80.0   33.698 -113.237    756.2    867.7
     1     1    23     1    17    21     0     3    81.0   33.744 -112.890    906.2    840.8
     1     1    23     1    17    22     0     2    82.0   33.805 -112.533   1057.1    808.1
     1     1    23     1    17    23     0     1    83.0   33.881 -112.178   1197.0    785.0
     1     1    23     1    18     0     0     0    84.0   33.975 -111.786   1345.1    746.7
     1     1    23     1    18     1     0     1    85.0   34.064 -111.344   1392.1    705.0
     1     1    23     1    18     2     0     2    86.0   34.152 -110.860   1330.3    694.2
     1     1    23     1    18     3     0     3    87.0   34.246 -110.356   1337.3    691.5
     1     1    23     1    18     4     0     2    88.0   34.329 -109.837   1482.5    667.9
     1     1    23     1    18     5     0     1    89.0   34.352 -109.302   1662.2    625.2
     1     1    23     1    18     6     0     0    90.0   34.301 -108.779   1691.7    602.0
     1     1    23     1    18     7     0     1    91.0   34.228 -108.224   1532.9    620.5
     1     1    23     1    18     8     0     2    92.0   34.159 -107.576   1308.3    671.4
     1     1    23     1    18     9     0     3    93.0   34.057 -106.934   1331.6    705.5
     1     1    23     1    18    10     0     2    94.0   33.930 -106.290   1589.2    658.9
     1     1    23     1    18    11     0     1    95.0   33.819 -105.634   1763.4    648.8
     1     1    23     1    18    12     0     0    96.0   33.738 -104.951   1593.7    667.4
     1     1    23     1    18    13     0     1    97.0   33.598 -104.251   1422.3    754.1
     1     1    23     1    18    14     0     2    98.0   33.477 -103.618   1618.2    709.3
     1     1    23     1    18    15     0     3    99.0   33.416 -103.014   1716.1    699.0
     1     1    23     1    18    16     0     2   100.0   33.397 -102.412   1726.5    717.1
     1     1    23     1    18    17     0     1   101.0   33.422 -101.792   1723.0    726.1
     1     1    23     1    18    18     0     0   102.0   33.496 -101.162   1591.4    740.3
     1     1    23     1    18    19     0     1   103.0   33.586 -100.544   1368.5    787.9
     1     1    23     1    18    20     0     2   104.0   33.681  -99.918   1220.5    822.6
     1     1    23     1    18    21     0     3   105.0   33.796  -99.279   1164.4    836.4
     1     1    23     1    18    22     0     2   106.0   33.927  -98.645   1146.0    842.3
     1     1    23     1    18    23     0     1   107.0   34.054  -98.012   1109.7    849.2
     1     1    23     1    19     0     0     0   108.0   34.190  -97.372   1072.2    858.4
     1     1    23     1    19     1     0     1   109.0   34.354  -96.719   1072.9    862.1
     1     1    23     1    19     2     0     2   110.0   34.534  -96.049   1060.6    861.4
     1     1    23     1    19     3     0     3   111.0   34.721  -95.342   1006.2    871.0
     1     1    23     1    19     4     0     2   112.0   34.903  -94.603    945.4    872.7
     1     1    23     1    19     5     0     1   113.0   35.085  -93.864    875.9    875.9
     1     1    23     1    19     6     0     0   114.0   35.286  -93.141    789.9    888.7
     1     1    23     1    19     7     0     1   115.0   35.495  -92.459    696.0    905.4
     1     1    23     1    19     8     0     2   116.0   35.716  -91.796    641.8    916.6
     1     1    23     1    19     9     0     3   117.0   35.982  -91.148    630.3    922.2
     1     1    23     1    19    10     0     2   118.0   36.264  -90.516    617.1    919.6
     1     1    23     1    19    11     0     1   119.0   36.550  -89.897    582.6    923.1
     1     1    23     1    19    12     0     0   120.0   36.873  -89.295    571.0    929.2
