     8     1
    GDAS    22    12    22     0     0
    GDAS    22    12    29     0     0
    GDAS    23     1     1     0     0
    GDAS    23     1     8     0     0
    GDAS    23     1    15     0     0
    GDAS    23     1    22     0     0
    GDAS    23     1    29     0     0
    GDAS    23     2     1     0     0
     1 FORWARD  OMEGA   
    23     1    12    15   30.946  162.733  6863.8
     1 PRESSURE
     1     1    23     1    12    15     0     3     0.0   30.946  162.733   6863.8    416.7
     1     1    23     1    12    16     0     2     1.0   31.055  163.905   6716.6    424.3
     1     1    23     1    12    17     0     1     2.0   31.233  165.126   6527.7    435.1
     1     1    23     1    12    18     0     0     3.0   31.429  166.410   6283.9    454.1
     1     1    23     1    12    19     0     1     4.0   31.604  167.800   6358.4    441.0
     1     1    23     1    12    20     0     2     5.0   31.766  169.331   6567.5    430.3
     1     1    23     1    12    21     0     3     6.0   31.992  171.006   6444.3    432.5
     1     1    23     1    12    22     0     2     7.0   32.095  172.521   6257.8    445.5
     1     1    23     1    12    23     0     1     8.0   32.268  173.913   5980.4    471.3
     1     1    23     1    13     0     0     0     9.0   32.542  175.321   5943.6    466.4
     1     1    23     1    13     1     0     1    10.0   32.877  176.658   5631.9    493.2
     1     1    23     1    13     2     0     2    11.0   33.271  177.963   5568.0    491.5
     1     1    23     1    13     3     0     3    12.0   33.714  179.373   5357.7    505.8
     1     1    23     1    13     4     0     2    13.0   34.170 -179.190   5313.4    508.9
     1     1    23     1    13     5     0     1    14.0   34.611 -177.675   5311.9    508.1
     1     1    23     1    13     6     0     0    15.0   35.002 -176.159   5023.1    532.8
     1     1    23     1    13     7     0     1    16.0   35.401 -174.683   4956.1    533.8
     1     1    23     1    13     8     0     2    17.0   35.779 -173.241   4839.5    549.2
     1     1    23     1    13     9     0     3    18.0   36.167 -171.805   4851.3    536.4
     1     1    23     1    13    10     0     2    19.0   36.586 -170.373   4724.3    549.2
     1     1    23     1    13    11     0     1    20.0   36.988 -168.958   4671.4    555.9
     1     1    23     1    13    12     0     0    21.0   37.371 -167.530   4760.1    546.7
     1     1    23     1    13    13     0     1    22.0   37.736 -166.052   4657.4    554.4
     1     1    23     1    13    14     0     2    23.0   38.048 -164.628   4500.1    570.7
     1     1    23     1    13    15     0     3    24.0   38.320 -163.212   4469.1    571.0
     1     1    23     1    13    16     0     2    25.0   38.596 -161.863   4429.7    572.1
     1     1    23     1    13    17     0     1    26.0   38.808 -160.544   4373.4    577.8
     1     1    23     1    13    18     0     0    27.0   38.912 -159.267   4287.4    590.1
     1     1    23     1    13    19     0     1    28.0   39.010 -158.050   4374.4    578.8
     1     1    23     1    13    20     0     2    29.0   39.125 -156.747   4507.1    571.2
     1     1    23     1    13    21     0     3    30.0   39.251 -155.424   4458.7    576.1
     1     1    23     1    13    22     0     2    31.0   39.355 -154.084   4504.5    569.4
     1     1    23     1    13    23     0     1    32.0   39.416 -152.699   4513.1    571.0
     1     1    23     1    14     0     0     0    33.0   39.454 -151.234   4723.4    552.5
     1     1    23     1    14     1     0     1    34.0   39.462 -149.649   4856.3    543.4
     1     1    23     1    14     2     0     2    35.0   39.418 -148.041   4722.3    553.4
     1     1    23     1    14     3     0     3    36.0   39.320 -146.482   4690.0    555.9
     1     1    23     1    14     4     0     2    37.0   39.167 -144.925   4703.7    556.8
     1     1    23     1    14     5     0     1    38.0   38.945 -143.372   4636.6    562.7
     1     1    23     1    14     6     0     0    39.0   38.700 -141.823   4592.1    564.2
     1     1    23     1    14     7     0     1    40.0   38.427 -140.304   4572.6    566.8
     1     1    23     1    14     8     0     2    41.0   38.098 -138.792   4530.2    570.9
     1     1    23     1    14     9     0     3    42.0   37.776 -137.249   4751.0    552.4
     1     1    23     1    14    10     0     2    43.0   37.424 -135.599   4678.7    559.3
     1     1    23     1    14    11     0     1    44.0   37.076 -133.980   4629.7    563.4
     1     1    23     1    14    12     0     0    45.0   36.779 -132.439   4613.9    565.8
     1     1    23     1    14    13     0     1    46.0   36.511 -130.904   4757.9    553.2
     1     1    23     1    14    14     0     2    47.0   36.297 -129.407   4891.2    544.3
     1     1    23     1    14    15     0     3    48.0   36.156 -127.971   5019.2    531.5
     1     1    23     1    14    16     0     2    49.0   36.107 -126.667   5011.2    535.4
     1     1    23     1    14    17     0     1    50.0   36.165 -125.472   4942.6    541.8
     1     1    23     1    14    18     0     0    51.0   36.313 -124.329   4990.7    537.7
     1     1    23     1    14    19     0     1    52.0   36.552 -123.236   5135.4    527.4
     1     1    23     1    14    20     0     2    53.0   36.917 -122.184   5363.9    501.5
     1     1    23     1    14    21     0     3    54.0   37.356 -121.162   5777.2    472.9
     1     1    23     1    14    22     0     2    55.0   37.902 -120.285   6266.1    392.2
     1     1    23     1    14    23     0     1    56.0   38.682 -119.541   6560.8    325.7
     1     1    23     1    15     0     0     0    57.0   39.566 -118.865   6793.1    333.1
     1     1    23     1    15     1     0     1    58.0   40.440 -118.310   6838.1    334.3
     1     1    23     1    15     2     0     2    59.0   41.230 -117.928   6861.1    331.3
     1     1    23     1    15     3     0     3    60.0   41.981 -117.611   6951.8    315.0
     1     1    23     1    15     4     0     2    61.0   42.758 -117.361   7196.9    310.7
     1     1    23     1    15     5     0     1    62.0   43.509 -117.236   7471.2    314.1
     1     1    23     1    15     6     0     0    63.0   44.230 -117.221   7696.1    310.2
     1     1    23     1    15     7     0     1    64.0   44.936 -117.205   7561.8    296.0
     1     1    23     1    15     8     0     2    65.0   45.612 -117.252   7523.2    314.0
     1     1    23     1    15     9     0     3    66.0   46.241 -117.431   7531.5    317.8
     1     1    23     1    15    10     0     2    67.0   46.840 -117.688   7524.7    329.2
     1     1    23     1    15    11     0     1    68.0   47.401 -117.961   7420.4    339.5
     1     1    23     1    15    12     0     0    69.0   47.935 -118.313   7295.8    342.5
     1     1    23     1    15    13     0     1    70.0   48.432 -118.763   7209.2    339.3
     1     1    23     1    15    14     0     2    71.0   48.870 -119.307   7079.1    325.4
     1     1    23     1    15    15     0     3    72.0   49.247 -119.995   6890.4    307.2
     1     1    23     1    15    16     0     2    73.0   49.571 -120.743   6941.2    326.3
     1     1    23     1    15    17     0     1    74.0   49.844 -121.527   6918.2    331.2
     1     1    23     1    15    18     0     0    75.0   50.082 -122.450   6838.7    326.0
     1     1    23     1    15    19     0     1    76.0   50.272 -123.346   6898.1    327.8
     1     1    23     1    15    20     0     2    77.0   50.443 -124.054   6990.1    328.7
     1     1    23     1    15    21     0     3    78.0   50.614 -124.702   7142.7    336.6
     1     1    23     1    15    22     0     2    79.0   50.744 -125.382   7235.6    333.1
     1     1    23     1    15    23     0     1    80.0   50.810 -126.061   7269.7    329.6
     1     1    23     1    16     0     0     0    81.0   50.816 -126.678   7462.0    347.9
     1     1    23     1    16     1     0     1    82.0   50.767 -127.229   7702.3    345.8
     1     1    23     1    16     2     0     2    83.0   50.675 -127.707   7860.3    339.6
     1     1    23     1    16     3     0     3    84.0   50.533 -128.106   7935.7    341.1
     1     1    23     1    16     4     0     2    85.0   50.343 -128.419   7975.3    341.6
     1     1    23     1    16     5     0     1    86.0   50.130 -128.655   8048.9    338.4
     1     1    23     1    16     6     0     0    87.0   49.898 -128.842   8156.0    332.5
     1     1    23     1    16     7     0     1    88.0   49.663 -128.995   8270.6    325.9
     1     1    23     1    16     8     0     2    89.0   49.436 -129.111   8366.8    320.6
     1     1    23     1    16     9     0     3    90.0   49.221 -129.191   8441.9    317.5
     1     1    23     1    16    10     0     2    91.0   49.014 -129.230   8496.8    314.6
     1     1    23     1    16    11     0     1    92.0   48.812 -129.215   8523.7    313.4
     1     1    23     1    16    12     0     0    93.0   48.604 -129.152   8526.8    313.7
     1     1    23     1    16    13     0     1    94.0   48.397 -129.057   8517.5    314.6
     1     1    23     1    16    14     0     2    95.0   48.203 -128.936   8502.0    315.5
     1     1    23     1    16    15     0     3    96.0   48.011 -128.789   8480.0    316.7
     1     1    23     1    16    16     0     2    97.0   47.816 -128.604   8448.6    318.4
     1     1    23     1    16    17     0     1    98.0   47.619 -128.371   8401.5    320.8
     1     1    23     1    16    18     0     0    99.0   47.418 -128.098   8329.8    324.5
     1     1    23     1    16    19     0     1   100.0   47.203 -127.775   8270.8    329.8
     1     1    23     1    16    20     0     2   101.0   46.965 -127.394   8262.9    329.9
     1     1    23     1    16    21     0     3   102.0   46.714 -126.974   8270.2    328.3
     1     1    23     1    16    22     0     2   103.0   46.432 -126.531   8272.2    328.7
     1     1    23     1    16    23     0     1   104.0   46.105 -126.076   8265.4    328.8
     1     1    23     1    17     0     0     0   105.0   45.751 -125.614   8247.1    330.2
     1     1    23     1    17     1     0     1   106.0   45.341 -125.153   8217.9    331.7
     1     1    23     1    17     2     0     2   107.0   44.880 -124.707   8161.8    332.9
     1     1    23     1    17     3     0     3   108.0   44.405 -124.280   8099.9    333.4
     1     1    23     1    17     4     0     2   109.0   43.904 -123.887   8051.1    333.1
     1     1    23     1    17     5     0     1   110.0   43.386 -123.518   7967.8    327.0
     1     1    23     1    17     6     0     0   111.0   42.878 -123.154   7816.0    318.6
     1     1    23     1    17     7     0     1   112.0   42.329 -122.820   7588.6    308.2
     1     1    23     1    17     8     0     2   113.0   41.749 -122.524   7507.7    306.2
     1     1    23     1    17     9     0     3   114.0   41.209 -122.271   7579.8    309.9
     1     1    23     1    17    10     0     2   115.0   40.622 -122.081   7737.3    322.8
     1     1    23     1    17    11     0     1   116.0   40.034 -121.858   7814.8    337.5
     1     1    23     1    17    12     0     0   117.0   39.480 -121.584   7765.2    337.4
     1     1    23     1    17    13     0     1   118.0   38.856 -121.346   7756.4    341.8
     1     1    23     1    17    14     0     2   119.0   38.176 -121.145   7736.4    353.4
     1     1    23     1    17    15     0     3   120.0   37.486 -120.932   7629.5    354.9
