     8     1
    GDAS    22    12    22     0     0
    GDAS    22    12    29     0     0
    GDAS    23     1     1     0     0
    GDAS    23     1     8     0     0
    GDAS    23     1    15     0     0
    GDAS    23     1    22     0     0
    GDAS    23     1    29     0     0
    GDAS    23     2     1     0     0
     1 FORWARD  OMEGA   
    23     1    24    12   24.508 -108.406  2026.1
     1 PRESSURE
     1     1    23     1    24    12     0     0     0.0   24.508 -108.406   2026.1    797.1
     1     1    23     1    24    13     0     1     1.0   24.660 -108.247   2043.2    795.8
     1     1    23     1    24    14     0     2     2.0   24.793 -108.101   2043.5    795.1
     1     1    23     1    24    15     0     3     3.0   24.909 -107.977   2012.1    797.6
     1     1    23     1    24    16     0     2     4.0   25.018 -107.895   1977.8    799.7
     1     1    23     1    24    17     0     1     5.0   25.127 -107.840   1970.3    790.3
     1     1    23     1    24    18     0     0     6.0   25.234 -107.795   1977.3    779.0
     1     1    23     1    24    19     0     1     7.0   25.320 -107.744   1966.5    767.4
     1     1    23     1    24    20     0     2     8.0   25.373 -107.681   1915.1    762.2
     1     1    23     1    24    21     0     3     9.0   25.394 -107.614   1814.9    762.9
     1     1    23     1    24    22     0     2    10.0   25.393 -107.556   1689.4    772.4
     1     1    23     1    24    23     0     1    11.0   25.379 -107.503   1570.0    780.0
     1     1    23     1    25     0     0     0    12.0   25.354 -107.467   1447.7    790.8
     1     1    23     1    25     1     0     1    13.0   25.331 -107.444   1338.9    804.0
     1     1    23     1    25     2     0     2    14.0   25.318 -107.422   1267.3    810.7
     1     1    23     1    25     3     0     3    15.0   25.312 -107.400   1233.4    813.2
     1     1    23     1    25     4     0     2    16.0   25.309 -107.371   1214.9    811.0
     1     1    23     1    25     5     0     1    17.0   25.304 -107.324   1191.5    810.0
     1     1    23     1    25     6     0     0    18.0   25.297 -107.263   1160.9    808.8
     1     1    23     1    25     7     0     1    19.0   25.278 -107.201   1117.1    809.6
     1     1    23     1    25     8     0     2    20.0   25.239 -107.152   1054.8    816.4
     1     1    23     1    25     9     0     3    21.0   25.186 -107.124    970.0    829.4
     1     1    23     1    25    10     0     2    22.0   25.128 -107.128    867.3    849.2
     1     1    23     1    25    11     0     1    23.0   25.069 -107.162    758.5    871.1
     1     1    23     1    25    12     0     0    24.0   25.011 -107.216    650.6    894.3
     1     1    23     1    25    13     0     1    25.0   24.952 -107.276    543.0    912.6
     1     1    23     1    25    14     0     2    26.0   24.888 -107.330    436.3    930.6
     1     1    23     1    25    15     0     3    27.0   24.816 -107.374    331.6    947.0
     1     1    23     1    25    16     0     2    28.0   24.737 -107.392    247.3    962.7
     1     1    23     1    25    17     0     1    29.0   24.661 -107.373    200.4    970.0
     1     1    23     1    25    18     0     0    30.0   24.599 -107.322    189.1    971.7
     1     1    23     1    25    19     0     1    31.0   24.552 -107.243    207.8    967.1
     1     1    23     1    25    20     0     2    32.0   24.518 -107.139    254.3    959.3
     1     1    23     1    25    21     0     3    33.0   24.501 -107.019    328.5    946.8
     1     1    23     1    25    22     0     2    34.0   24.480 -106.897    411.7    921.0
     1     1    23     1    25    23     0     1    35.0   24.434 -106.776    487.0    896.4
     1     1    23     1    26     0     0     0    36.0   24.367 -106.655    546.2    876.5
     1     1    23     1    26     1     0     1    37.0   24.293 -106.553    585.7    863.8
     1     1    23     1    26     2     0     2    38.0   24.216 -106.486    604.6    859.3
     1     1    23     1    26     3     0     3    39.0   24.134 -106.450    604.7    861.8
     1     1    23     1    26     4     0     2    40.0   24.049 -106.434    593.2    869.0
     1     1    23     1    26     5     0     1    41.0   23.976 -106.431    573.5    876.4
     1     1    23     1    26     6     0     0    42.0   23.912 -106.440    539.8    885.5
     1     1    23     1    26     7     0     1    43.0   23.854 -106.455    508.7    896.1
     1     1    23     1    26     8     0     2    44.0   23.806 -106.471    499.4    901.9
     1     1    23     1    26     9     0     3    45.0   23.770 -106.489    513.3    904.5
     1     1    23     1    26    10     0     2    46.0   23.745 -106.511    535.2    904.2
     1     1    23     1    26    11     0     1    47.0   23.728 -106.541    545.4    907.0
     1     1    23     1    26    12     0     0    48.0   23.717 -106.577    542.9    911.1
     1     1    23     1    26    13     0     1    49.0   23.714 -106.616    532.5    917.1
     1     1    23     1    26    14     0     2    50.0   23.721 -106.658    519.3    922.6
     1     1    23     1    26    15     0     3    51.0   23.739 -106.704    502.6    928.7
     1     1    23     1    26    16     0     2    52.0   23.764 -106.753    489.0    935.1
     1     1    23     1    26    17     0     1    53.0   23.793 -106.798    484.1    939.4
     1     1    23     1    26    18     0     0    54.0   23.828 -106.842    484.2    943.3
     1     1    23     1    26    19     0     1    55.0   23.870 -106.878    481.5    945.1
     1     1    23     1    26    20     0     2    56.0   23.921 -106.895    472.6    946.4
     1     1    23     1    26    21     0     3    57.0   23.978 -106.889    461.6    945.5
     1     1    23     1    26    22     0     2    58.0   24.029 -106.861    466.9    940.6
     1     1    23     1    26    23     0     1    59.0   24.064 -106.818    497.8    928.9
     1     1    23     1    27     0     0     0    60.0   24.091 -106.768    553.6    914.4
     1     1    23     1    27     1     0     1    61.0   24.113 -106.731    612.5    900.3
     1     1    23     1    27     2     0     2    62.0   24.125 -106.718    648.4    893.5
     1     1    23     1    27     3     0     3    63.0   24.125 -106.722    658.6    893.5
     1     1    23     1    27     4     0     2    64.0   24.121 -106.740    656.8    897.9
     1     1    23     1    27     5     0     1    65.0   24.131 -106.767    654.5    901.2
     1     1    23     1    27     6     0     0    66.0   24.155 -106.804    650.0    905.2
     1     1    23     1    27     7     0     1    67.0   24.194 -106.856    652.6    910.2
     1     1    23     1    27     8     0     2    68.0   24.254 -106.927    674.3    913.7
     1     1    23     1    27     9     0     3    69.0   24.340 -107.021    718.2    914.6
     1     1    23     1    27    10     0     2    70.0   24.439 -107.126    752.0    904.8
     1     1    23     1    27    11     0     1    71.0   24.533 -107.227    754.0    903.6
     1     1    23     1    27    12     0     0    72.0   24.622 -107.327    738.9    905.5
     1     1    23     1    27    13     0     1    73.0   24.705 -107.420    721.5    909.2
     1     1    23     1    27    14     0     2    74.0   24.788 -107.503    704.8    912.0
     1     1    23     1    27    15     0     3    75.0   24.873 -107.581    678.3    916.3
     1     1    23     1    27    16     0     2    76.0   24.963 -107.657    659.2    923.4
     1     1    23     1    27    17     0     1    77.0   25.064 -107.740    678.8    921.3
     1     1    23     1    27    18     0     0    78.0   25.190 -107.832    739.7    911.4
     1     1    23     1    27    19     0     1    79.0   25.332 -107.925    768.3    899.6
     1     1    23     1    27    20     0     2    80.0   25.452 -108.005    722.6    907.0
     1     1    23     1    27    21     0     3    81.0   25.542 -108.061    647.8    914.5
     1     1    23     1    27    22     0     2    82.0   25.607 -108.097    558.5    921.0
     1     1    23     1    27    23     0     1    83.0   25.641 -108.110    442.1    931.3
     1     1    23     1    28     0     0     0    84.0   25.633 -108.085    300.7    947.2
     1     1    23     1    28     1     0     1    85.0   25.599 -108.027    206.2    964.8
     1     1    23     1    28     2     0     2    86.0   25.567 -107.965    171.6    962.5
     1     1    23     1    28     3     0     3    87.0   25.543 -107.905    175.8    955.2
     1     1    23     1    28     4     0     2    88.0   25.520 -107.859    189.0    946.9
     1     1    23     1    28     5     0     1    89.0   25.491 -107.825    180.6    946.2
     1     1    23     1    28     6     0     0    90.0   25.453 -107.802    149.9    950.4
     1     1    23     1    28     7     0     1    91.0   25.413 -107.799    106.7    958.4
     1     1    23     1    28     8     0     2    92.0   25.385 -107.829     63.5    968.5
     1     1    23     1    28     9     0     3    93.0   25.368 -107.889     31.8    979.8
     1     1    23     1    28    10     0     2    94.0   25.355 -107.945     14.9    988.4
     1     1    23     1    28    11     0     1    95.0   25.333 -107.965      8.9    991.7
     1     1    23     1    28    12     0     0    96.0   25.302 -107.950      6.6    992.0
     1     1    23     1    28    13     0     1    97.0   25.272 -107.930      3.6    992.0
     1     1    23     1    28    14     0     2    98.0   25.254 -107.933      0.6    993.5
     1     1    23     1    28    15     0     3    99.0   25.248 -107.959      0.0    996.2
     1     1    23     1    28    16     0     2   100.0   25.262 -107.993      0.0    999.5
     1     1    23     1    28    17     0     1   101.0   25.300 -108.020      1.0    999.5
     1     1    23     1    28    18     0     0   102.0   25.360 -108.038      4.2    997.6
     1     1    23     1    28    19     0     1   103.0   25.424 -108.023     10.5    993.3
     1     1    23     1    28    20     0     2   104.0   25.481 -107.959     29.8    982.7
     1     1    23     1    28    21     0     3   105.0   25.541 -107.846    110.6    957.7
     1     1    23     1    28    22     0     2   106.0   25.614 -107.721    259.9    916.3
     1     1    23     1    28    23     0     1   107.0   25.693 -107.613    383.0    878.9
     1     1    23     1    29     0     0     0   108.0   25.771 -107.510    434.1    849.1
     1     1    23     1    29     1     0     1   109.0   25.849 -107.418    474.8    829.4
     1     1    23     1    29     2     0     2   110.0   25.945 -107.354    552.0    801.4
     1     1    23     1    29     3     0     3   111.0   26.074 -107.301    680.4    772.2
     1     1    23     1    29     4     0     2   112.0   26.271 -107.212    711.3    737.5
     1     1    23     1    29     5     0     1   113.0   26.507 -107.025    546.2    723.6
     1     1    23     1    29     6     0     0   114.0   26.765 -106.768    296.4    748.8
     1     1    23     1    29     7     0     1   115.0   26.965 -106.580    137.4    781.0
     1     1    23     1    29     8     0     2   116.0   27.123 -106.443     42.3    792.5
     1     1    23     1    29     9     0     3   117.0   27.248 -106.346      0.0    800.4
     1     1    23     1    29    10     0     2   118.0   27.350 -106.264      0.0    807.9
     1     1    23     1    29    11     0     1   119.0   27.429 -106.185      0.0    814.7
     1     1    23     1    29    12     0     0   120.0   27.487 -106.112      0.0    820.7
