     8     1
    GDAS    22    12    22     0     0
    GDAS    22    12    29     0     0
    GDAS    23     1     1     0     0
    GDAS    23     1     8     0     0
    GDAS    23     1    15     0     0
    GDAS    23     1    22     0     0
    GDAS    23     1    29     0     0
    GDAS    23     2     1     0     0
     1 FORWARD  OMEGA   
    23     1    22    11   45.048 -141.330     8.1
     1 PRESSURE
     1     1    23     1    22    11     0     1     0.0   45.048 -141.330      8.1   1017.6
     1     1    23     1    22    12     0     0     1.0   45.486 -141.318      9.5   1016.7
     1     1    23     1    22    13     0     1     2.0   45.903 -141.255     10.0   1016.5
     1     1    23     1    22    14     0     2     3.0   46.286 -141.126     10.1   1016.4
     1     1    23     1    22    15     0     3     4.0   46.635 -140.939     10.3   1016.4
     1     1    23     1    22    16     0     2     5.0   46.980 -140.722     11.1   1016.4
     1     1    23     1    22    17     0     1     6.0   47.338 -140.488     13.1   1015.0
     1     1    23     1    22    18     0     0     7.0   47.702 -140.228     16.1   1014.7
     1     1    23     1    22    19     0     1     8.0   48.066 -139.924     19.5   1014.5
     1     1    23     1    22    20     0     2     9.0   48.423 -139.561     21.8   1013.8
     1     1    23     1    22    21     0     3    10.0   48.767 -139.124     21.3   1014.2
     1     1    23     1    22    22     0     2    11.0   49.094 -138.631     19.7   1014.5
     1     1    23     1    22    23     0     1    12.0   49.401 -138.105     19.5   1014.3
     1     1    23     1    23     0     0     0    13.0   49.688 -137.521     20.1   1014.6
     1     1    23     1    23     1     0     1    14.0   49.943 -136.898     19.9   1014.8
     1     1    23     1    23     2     0     2    15.0   50.164 -136.255     19.6   1016.2
     1     1    23     1    23     3     0     3    16.0   50.359 -135.590     21.1   1017.1
     1     1    23     1    23     4     0     2    17.0   50.539 -134.944     23.8   1016.7
     1     1    23     1    23     5     0     1    18.0   50.691 -134.329     23.7   1017.1
     1     1    23     1    23     6     0     0    19.0   50.799 -133.716     21.0   1018.8
     1     1    23     1    23     7     0     1    20.0   50.880 -133.113     20.4   1019.6
     1     1    23     1    23     8     0     2    21.0   50.954 -132.580     22.5   1019.2
     1     1    23     1    23     9     0     3    22.0   51.005 -132.140     26.8   1019.0
     1     1    23     1    23    10     0     2    23.0   51.055 -131.764     31.2   1019.7
     1     1    23     1    23    11     0     1    24.0   51.147 -131.439     31.6   1020.8
     1     1    23     1    23    12     0     0    25.0   51.282 -131.172     33.4   1021.1
     1     1    23     1    23    13     0     1    26.0   51.453 -130.923     39.8   1019.7
     1     1    23     1    23    14     0     2    27.0   51.662 -130.667     49.2   1018.0
     1     1    23     1    23    15     0     3    28.0   51.927 -130.435     61.3   1015.8
     1     1    23     1    23    16     0     2    29.0   52.248 -130.232     73.6   1013.2
     1     1    23     1    23    17     0     1    30.0   52.620 -130.038     85.0   1012.0
     1     1    23     1    23    18     0     0    31.0   53.011 -129.838    108.3   1004.1
     1     1    23     1    23    19     0     1    32.0   53.350 -129.677    158.2    975.7
     1     1    23     1    23    20     0     2    33.0   53.646 -129.545    251.5    945.8
     1     1    23     1    23    21     0     3    34.0   53.940 -129.381    447.5    905.5
     1     1    23     1    23    22     0     2    35.0   54.226 -129.111    819.9    847.1
     1     1    23     1    23    23     0     1    36.0   54.489 -128.577   1135.0    768.8
     1     1    23     1    24     0     0     0    37.0   54.708 -127.887   1114.8    763.5
     1     1    23     1    24     1     0     1    38.0   54.893 -127.171    915.1    777.3
     1     1    23     1    24     2     0     2    39.0   55.051 -126.551    762.3    817.4
     1     1    23     1    24     3     0     3    40.0   55.139 -125.908    771.6    819.3
     1     1    23     1    24     4     0     2    41.0   55.195 -125.149    859.9    808.0
     1     1    23     1    24     5     0     1    42.0   55.255 -124.275    905.3    797.2
     1     1    23     1    24     6     0     0    43.0   55.234 -123.351    957.6    808.2
     1     1    23     1    24     7     0     1    44.0   55.124 -122.349   1282.9    753.9
     1     1    23     1    24     8     0     2    45.0   54.997 -121.193   1290.3    743.7
     1     1    23     1    24     9     0     3    46.0   54.871 -119.993    858.0    797.5
     1     1    23     1    24    10     0     2    47.0   54.840 -118.936    585.5    864.0
     1     1    23     1    24    11     0     1    48.0   54.756 -117.897    664.8    847.8
     1     1    23     1    24    12     0     0    49.0   54.534 -116.849    906.5    813.4
     1     1    23     1    24    13     0     1    50.0   54.182 -115.866    959.3    801.2
     1     1    23     1    24    14     0     2    51.0   53.812 -114.913    840.1    834.2
     1     1    23     1    24    15     0     3    52.0   53.426 -114.081    766.6    837.9
     1     1    23     1    24    16     0     2    53.0   53.017 -113.349    703.6    846.4
     1     1    23     1    24    17     0     1    54.0   52.605 -112.684    634.3    853.0
     1     1    23     1    24    18     0     0    55.0   52.187 -112.114    572.2    859.6
     1     1    23     1    24    19     0     1    56.0   51.761 -111.626    533.3    861.8
     1     1    23     1    24    20     0     2    57.0   51.360 -111.191    502.8    872.0
     1     1    23     1    24    21     0     3    58.0   50.972 -110.823    488.6    878.0
     1     1    23     1    24    22     0     2    59.0   50.609 -110.469    503.8    877.1
     1     1    23     1    24    23     0     1    60.0   50.269 -110.083    583.9    867.7
     1     1    23     1    25     0     0     0    61.0   49.919 -109.723    723.9    846.3
     1     1    23     1    25     1     0     1    62.0   49.558 -109.408    844.4    824.4
     1     1    23     1    25     2     0     2    63.0   49.189 -109.094    902.5    814.2
     1     1    23     1    25     3     0     3    64.0   48.811 -108.772    930.2    811.1
     1     1    23     1    25     4     0     2    65.0   48.433 -108.462    954.3    812.8
     1     1    23     1    25     5     0     1    66.0   48.063 -108.159    969.1    815.8
     1     1    23     1    25     6     0     0    67.0   47.693 -107.838    982.8    819.1
     1     1    23     1    25     7     0     1    68.0   47.312 -107.501   1014.5    808.4
     1     1    23     1    25     8     0     2    69.0   46.917 -107.143   1031.2    794.1
     1     1    23     1    25     9     0     3    70.0   46.513 -106.759   1067.0    795.1
     1     1    23     1    25    10     0     2    71.0   46.102 -106.370   1193.5    790.0
     1     1    23     1    25    11     0     1    72.0   45.682 -105.989   1360.6    763.6
     1     1    23     1    25    12     0     0    73.0   45.233 -105.599   1461.6    734.8
     1     1    23     1    25    13     0     1    74.0   44.745 -105.212   1486.2    722.9
     1     1    23     1    25    14     0     2    75.0   44.225 -104.862   1443.0    707.3
     1     1    23     1    25    15     0     3    76.0   43.672 -104.542   1355.6    707.9
     1     1    23     1    25    16     0     2    77.0   43.122 -104.223   1306.7    734.5
     1     1    23     1    25    17     0     1    78.0   42.605 -103.906   1287.9    747.1
     1     1    23     1    25    18     0     0    79.0   42.121 -103.614   1305.7    746.8
     1     1    23     1    25    19     0     1    80.0   41.640 -103.339   1320.7    732.5
     1     1    23     1    25    20     0     2    81.0   41.137 -103.063   1268.3    734.7
     1     1    23     1    25    21     0     3    82.0   40.640 -102.784   1177.1    751.8
     1     1    23     1    25    22     0     2    83.0   40.159 -102.487   1108.3    766.6
     1     1    23     1    25    23     0     1    84.0   39.671 -102.187   1043.9    776.6
     1     1    23     1    26     0     0     0    85.0   39.172 -101.894    947.1    787.3
     1     1    23     1    26     1     0     1    86.0   38.681 -101.618    867.9    810.1
     1     1    23     1    26     2     0     2    87.0   38.209 -101.382    862.5    818.5
     1     1    23     1    26     3     0     3    88.0   37.746 -101.186    896.3    816.5
     1     1    23     1    26     4     0     2    89.0   37.296 -101.002    882.6    818.5
     1     1    23     1    26     5     0     1    90.0   36.879 -100.819    795.8    837.0
     1     1    23     1    26     6     0     0    91.0   36.503 -100.631    695.0    854.0
     1     1    23     1    26     7     0     1    92.0   36.161 -100.424    615.6    865.7
     1     1    23     1    26     8     0     2    93.0   35.838 -100.185    546.5    875.9
     1     1    23     1    26     9     0     3    94.0   35.525  -99.927    464.7    893.1
     1     1    23     1    26    10     0     2    95.0   35.217  -99.668    390.8    912.7
     1     1    23     1    26    11     0     1    96.0   34.921  -99.415    356.3    925.0
     1     1    23     1    26    12     0     0    97.0   34.641  -99.170    360.1    931.3
     1     1    23     1    26    13     0     1    98.0   34.385  -98.937    374.5    935.6
     1     1    23     1    26    14     0     2    99.0   34.164  -98.713    373.9    940.9
     1     1    23     1    26    15     0     3   100.0   33.987  -98.488    356.6    947.5
     1     1    23     1    26    16     0     2   101.0   33.849  -98.255    335.2    952.0
     1     1    23     1    26    17     0     1   102.0   33.737  -98.008    320.1    955.0
     1     1    23     1    26    18     0     0   103.0   33.643  -97.751    310.8    958.6
     1     1    23     1    26    19     0     1   104.0   33.559  -97.488    298.9    961.6
     1     1    23     1    26    20     0     2   105.0   33.479  -97.221    278.6    967.4
     1     1    23     1    26    21     0     3   106.0   33.401  -96.948    251.1    974.0
     1     1    23     1    26    22     0     2   107.0   33.335  -96.679    222.3    978.8
     1     1    23     1    26    23     0     1   108.0   33.293  -96.423    199.1    982.4
     1     1    23     1    27     0     0     0   109.0   33.274  -96.181    184.0    984.8
     1     1    23     1    27     1     0     1   110.0   33.278  -95.942    181.5    986.2
     1     1    23     1    27     2     0     2   111.0   33.304  -95.690    192.6    984.4
     1     1    23     1    27     3     0     3   112.0   33.356  -95.423    212.5    982.0
     1     1    23     1    27     4     0     2   113.0   33.420  -95.133    230.2    978.7
     1     1    23     1    27     5     0     1   114.0   33.485  -94.822    237.6    978.9
     1     1    23     1    27     6     0     0   115.0   33.553  -94.494    244.3    979.6
     1     1    23     1    27     7     0     1   116.0   33.628  -94.153    261.3    978.7
     1     1    23     1    27     8     0     2   117.0   33.705  -93.794    287.6    975.1
     1     1    23     1    27     9     0     3   118.0   33.786  -93.404    310.5    973.1
     1     1    23     1    27    10     0     2   119.0   33.887  -92.981    330.0    973.5
     1     1    23     1    27    11     0     1   120.0   34.003  -92.536    333.8    970.9
