     8     1
    GDAS    22    12    22     0     0
    GDAS    22    12    29     0     0
    GDAS    23     1     1     0     0
    GDAS    23     1     8     0     0
    GDAS    23     1    15     0     0
    GDAS    23     1    22     0     0
    GDAS    23     1    29     0     0
    GDAS    23     2     1     0     0
     1 FORWARD  OMEGA   
    23     1    10    16   49.365 -114.714  3181.6
     1 PRESSURE
     1     1    23     1    10    16     0     2     0.0   49.365 -114.714   3181.6    549.7
     1     1    23     1    10    17     0     1     1.0   49.225 -114.192   3285.9    554.8
     1     1    23     1    10    18     0     0     2.0   49.080 -113.678   3941.7    500.3
     1     1    23     1    10    19     0     1     3.0   48.919 -113.071   4342.3    448.7
     1     1    23     1    10    20     0     2     4.0   48.757 -112.495   4165.6    496.9
     1     1    23     1    10    21     0     3     5.0   48.614 -111.966   4009.3    526.5
     1     1    23     1    10    22     0     2     6.0   48.476 -111.450   3887.8    537.1
     1     1    23     1    10    23     0     1     7.0   48.334 -110.919   3774.1    548.6
     1     1    23     1    11     0     0     0     8.0   48.196 -110.380   3707.5    562.7
     1     1    23     1    11     1     0     1     9.0   48.064 -109.811   3693.7    561.1
     1     1    23     1    11     2     0     2    10.0   47.936 -109.203   3647.0    557.1
     1     1    23     1    11     3     0     3    11.0   47.795 -108.582   3555.2    566.9
     1     1    23     1    11     4     0     2    12.0   47.625 -107.982   3461.4    588.7
     1     1    23     1    11     5     0     1    13.0   47.431 -107.391   3374.0    591.4
     1     1    23     1    11     6     0     0    14.0   47.219 -106.803   3284.0    593.0
     1     1    23     1    11     7     0     1    15.0   46.985 -106.236   3197.7    602.6
     1     1    23     1    11     8     0     2    16.0   46.739 -105.724   3101.6    612.2
     1     1    23     1    11     9     0     3    17.0   46.501 -105.277   2967.5    622.1
     1     1    23     1    11    10     0     2    18.0   46.274 -104.867   2838.1    634.0
     1     1    23     1    11    11     0     1    19.0   46.055 -104.470   2783.9    638.6
     1     1    23     1    11    12     0     0    20.0   45.847 -104.087   2838.9    633.0
     1     1    23     1    11    13     0     1    21.0   45.647 -103.711   2908.8    619.9
     1     1    23     1    11    14     0     2    22.0   45.455 -103.356   2899.1    624.9
     1     1    23     1    11    15     0     3    23.0   45.267 -103.026   2885.3    633.2
     1     1    23     1    11    16     0     2    24.0   45.074 -102.700   2896.9    634.1
     1     1    23     1    11    17     0     1    25.0   44.883 -102.381   2891.9    636.4
     1     1    23     1    11    18     0     0    26.0   44.710 -102.082   2855.1    642.2
     1     1    23     1    11    19     0     1    27.0   44.532 -101.798   2807.3    649.7
     1     1    23     1    11    20     0     2    28.0   44.327 -101.523   2765.5    654.7
     1     1    23     1    11    21     0     3    29.0   44.099 -101.260   2730.2    660.4
     1     1    23     1    11    22     0     2    30.0   43.848 -101.013   2696.2    662.8
     1     1    23     1    11    23     0     1    31.0   43.570 -100.796   2664.1    663.3
     1     1    23     1    12     0     0     0    32.0   43.271 -100.613   2653.8    662.4
     1     1    23     1    12     1     0     1    33.0   42.963 -100.465   2670.4    657.6
     1     1    23     1    12     2     0     2    34.0   42.654 -100.358   2707.4    654.7
     1     1    23     1    12     3     0     3    35.0   42.342 -100.294   2757.2    650.3
     1     1    23     1    12     4     0     2    36.0   42.033 -100.253   2817.6    644.3
     1     1    23     1    12     5     0     1    37.0   41.722 -100.223   2889.5    639.4
     1     1    23     1    12     6     0     0    38.0   41.407 -100.200   2971.9    633.6
     1     1    23     1    12     7     0     1    39.0   41.084 -100.174   3014.1    627.0
     1     1    23     1    12     8     0     2    40.0   40.740 -100.123   2964.6    632.7
     1     1    23     1    12     9     0     3    41.0   40.360 -100.033   2830.2    648.6
     1     1    23     1    12    10     0     2    42.0   39.941  -99.921   2661.6    670.0
     1     1    23     1    12    11     0     1    43.0   39.490  -99.818   2517.8    686.9
     1     1    23     1    12    12     0     0    44.0   39.021  -99.725   2459.5    697.5
     1     1    23     1    12    13     0     1    45.0   38.538  -99.629   2446.2    692.1
     1     1    23     1    12    14     0     2    46.0   38.033  -99.524   2404.7    695.0
     1     1    23     1    12    15     0     3    47.0   37.520  -99.405   2381.2    707.4
     1     1    23     1    12    16     0     2    48.0   37.015  -99.287   2420.9    711.3
     1     1    23     1    12    17     0     1    49.0   36.517  -99.178   2480.2    700.3
     1     1    23     1    12    18     0     0    50.0   36.028  -99.060   2530.1    696.2
     1     1    23     1    12    19     0     1    51.0   35.555  -98.916   2552.9    697.6
     1     1    23     1    12    20     0     2    52.0   35.092  -98.747   2477.8    710.5
     1     1    23     1    12    21     0     3    53.0   34.623  -98.568   2345.0    733.7
     1     1    23     1    12    22     0     2    54.0   34.143  -98.397   2217.5    753.0
     1     1    23     1    12    23     0     1    55.0   33.652  -98.239   2066.5    764.1
     1     1    23     1    13     0     0     0    56.0   33.134  -98.101   1913.1    782.4
     1     1    23     1    13     1     0     1    57.0   32.607  -97.980   1803.1    792.0
     1     1    23     1    13     2     0     2    58.0   32.106  -97.889   1718.4    803.0
     1     1    23     1    13     3     0     3    59.0   31.621  -97.830   1674.5    809.4
     1     1    23     1    13     4     0     2    60.0   31.151  -97.782   1648.7    810.8
     1     1    23     1    13     5     0     1    61.0   30.700  -97.734   1613.3    817.5
     1     1    23     1    13     6     0     0    62.0   30.264  -97.695   1593.4    826.1
     1     1    23     1    13     7     0     1    63.0   29.838  -97.671   1604.9    829.0
     1     1    23     1    13     8     0     2    64.0   29.419  -97.658   1626.2    831.5
     1     1    23     1    13     9     0     3    65.0   29.011  -97.665   1636.6    836.6
     1     1    23     1    13    10     0     2    66.0   28.624  -97.681   1647.5    837.3
     1     1    23     1    13    11     0     1    67.0   28.258  -97.696   1667.2    834.5
     1     1    23     1    13    12     0     0    68.0   27.905  -97.711   1676.0    832.9
     1     1    23     1    13    13     0     1    69.0   27.571  -97.721   1665.0    836.6
     1     1    23     1    13    14     0     2    70.0   27.264  -97.720   1630.8    841.8
     1     1    23     1    13    15     0     3    71.0   26.977  -97.719   1562.9    850.6
     1     1    23     1    13    16     0     2    72.0   26.703  -97.711   1490.0    862.3
     1     1    23     1    13    17     0     1    73.0   26.435  -97.693   1447.7    866.4
     1     1    23     1    13    18     0     0    74.0   26.178  -97.671   1428.8    867.9
     1     1    23     1    13    19     0     1    75.0   25.934  -97.648   1422.8    867.1
     1     1    23     1    13    20     0     2    76.0   25.701  -97.623   1416.4    866.2
     1     1    23     1    13    21     0     3    77.0   25.479  -97.596   1394.7    866.8
     1     1    23     1    13    22     0     2    78.0   25.265  -97.575   1362.4    871.5
     1     1    23     1    13    23     0     1    79.0   25.057  -97.562   1336.4    874.9
     1     1    23     1    14     0     0     0    80.0   24.859  -97.555   1320.4    875.7
     1     1    23     1    14     1     0     1    81.0   24.672  -97.544   1298.2    876.1
     1     1    23     1    14     2     0     2    82.0   24.499  -97.527   1265.7    880.2
     1     1    23     1    14     3     0     3    83.0   24.339  -97.508   1240.4    883.6
     1     1    23     1    14     4     0     2    84.0   24.197  -97.484   1217.3    884.0
     1     1    23     1    14     5     0     1    85.0   24.075  -97.460   1178.4    887.3
     1     1    23     1    14     6     0     0    86.0   23.972  -97.440   1118.0    893.2
     1     1    23     1    14     7     0     1    87.0   23.886  -97.428   1060.4    901.1
     1     1    23     1    14     8     0     2    88.0   23.816  -97.413   1027.8    903.8
     1     1    23     1    14     9     0     3    89.0   23.762  -97.391   1018.2    904.2
     1     1    23     1    14    10     0     2    90.0   23.720  -97.367   1020.0    903.0
     1     1    23     1    14    11     0     1    91.0   23.686  -97.351   1022.3    902.9
     1     1    23     1    14    12     0     0    92.0   23.662  -97.342   1025.4    902.6
     1     1    23     1    14    13     0     1    93.0   23.649  -97.345   1028.4    902.5
     1     1    23     1    14    14     0     2    94.0   23.651  -97.365   1029.8    902.6
     1     1    23     1    14    15     0     3    95.0   23.669  -97.402   1029.9    902.6
     1     1    23     1    14    16     0     2    96.0   23.707  -97.447   1030.6    902.0
     1     1    23     1    14    17     0     1    97.0   23.765  -97.493   1034.0    901.2
     1     1    23     1    14    18     0     0    98.0   23.843  -97.541   1042.0    899.9
     1     1    23     1    14    19     0     1    99.0   23.945  -97.593   1046.6    897.2
     1     1    23     1    14    20     0     2   100.0   24.072  -97.648   1039.4    897.0
     1     1    23     1    14    21     0     3   101.0   24.222  -97.710   1028.0    898.3
     1     1    23     1    14    22     0     2   102.0   24.389  -97.776   1020.1    899.9
     1     1    23     1    14    23     0     1   103.0   24.569  -97.850   1005.3    901.3
     1     1    23     1    15     0     0     0   104.0   24.764  -97.941    957.0    906.2
     1     1    23     1    15     1     0     1   105.0   24.986  -98.066    896.8    918.2
     1     1    23     1    15     2     0     2   106.0   25.239  -98.196    868.5    918.5
     1     1    23     1    15     3     0     3   107.0   25.532  -98.313    853.3    917.3
     1     1    23     1    15     4     0     2   108.0   25.874  -98.424    830.3    918.8
     1     1    23     1    15     5     0     1   109.0   26.266  -98.538    804.7    920.7
     1     1    23     1    15     6     0     0   110.0   26.703  -98.641    793.6    918.5
     1     1    23     1    15     7     0     1   111.0   27.178  -98.727    802.9    914.4
     1     1    23     1    15     8     0     2   112.0   27.664  -98.786    834.0    911.2
     1     1    23     1    15     9     0     3   113.0   28.143  -98.812    878.0    905.0
     1     1    23     1    15    10     0     2   114.0   28.606  -98.804    935.2    894.1
     1     1    23     1    15    11     0     1   115.0   29.049  -98.754   1002.4    880.2
     1     1    23     1    15    12     0     0   116.0   29.489  -98.646   1020.2    862.0
     1     1    23     1    15    13     0     1   117.0   29.971  -98.475    961.5    860.1
     1     1    23     1    15    14     0     2   118.0   30.512  -98.250    927.5    874.4
     1     1    23     1    15    15     0     3   119.0   31.066  -97.966   1056.5    869.3
     1     1    23     1    15    16     0     2   120.0   31.564  -97.634   1183.9    839.6
