     8     1
    GDAS    22    12    22     0     0
    GDAS    22    12    29     0     0
    GDAS    23     1     1     0     0
    GDAS    23     1     8     0     0
    GDAS    23     1    15     0     0
    GDAS    23     1    22     0     0
    GDAS    23     1    29     0     0
    GDAS    23     2     1     0     0
     1 FORWARD  OMEGA   
    22    12    31    14   45.739 -116.987  3614.5
     1 PRESSURE
     1     1    22    12    31    14     0     2     0.0   45.739 -116.987   3614.5    555.3
     1     1    22    12    31    15     0     3     1.0   45.562 -116.378   3532.8    549.0
     1     1    22    12    31    16     0     2     2.0   45.364 -115.721   3508.1    520.8
     1     1    22    12    31    17     0     1     3.0   45.178 -115.019   3594.2    495.0
     1     1    22    12    31    18     0     0     4.0   44.983 -114.264   3748.0    474.4
     1     1    22    12    31    19     0     1     5.0   44.799 -113.467   3792.0    472.9
     1     1    22    12    31    20     0     2     6.0   44.661 -112.683   3665.0    483.8
     1     1    22    12    31    21     0     3     7.0   44.531 -111.894   3482.6    499.2
     1     1    22    12    31    22     0     2     8.0   44.427 -111.071   3271.5    494.6
     1     1    22    12    31    23     0     1     9.0   44.350 -110.127   2943.1    481.7
     1     1    23     1     1     0     0     0    10.0   44.231 -109.193   2731.8    541.6
     1     1    23     1     1     1     0     1    11.0   44.066 -108.450   2695.3    578.7
     1     1    23     1     1     2     0     2    12.0   43.914 -107.844   2705.4    592.1
     1     1    23     1     1     3     0     3    13.0   43.809 -107.154   2579.4    554.5
     1     1    23     1     1     4     0     2    14.0   43.764 -106.409   2568.5    582.3
     1     1    23     1     1     5     0     1    15.0   43.729 -105.869   2525.6    611.2
     1     1    23     1     1     6     0     0    16.0   43.700 -105.402   2498.6    619.2
     1     1    23     1     1     7     0     1    17.0   43.672 -104.894   2528.8    611.0
     1     1    23     1     1     8     0     2    18.0   43.629 -104.318   2453.1    600.8
     1     1    23     1     1     9     0     3    19.0   43.555 -103.753   2314.2    631.4
     1     1    23     1     1    10     0     2    20.0   43.459 -103.286   2243.7    668.3
     1     1    23     1     1    11     0     1    21.0   43.356 -102.896   2201.3    681.9
     1     1    23     1     1    12     0     0    22.0   43.251 -102.547   2144.4    684.8
     1     1    23     1     1    13     0     1    23.0   43.157 -102.241   2117.1    688.9
     1     1    23     1     1    14     0     2    24.0   43.090 -101.974   2155.0    683.9
     1     1    23     1     1    15     0     3    25.0   43.056 -101.734   2249.9    676.8
     1     1    23     1     1    16     0     2    26.0   43.065 -101.491   2332.0    668.1
     1     1    23     1     1    17     0     1    27.0   43.110 -101.246   2360.2    670.4
     1     1    23     1     1    18     0     0    28.0   43.181 -101.004   2345.3    676.7
     1     1    23     1     1    19     0     1    29.0   43.263 -100.754   2314.1    687.0
     1     1    23     1     1    20     0     2    30.0   43.354 -100.488   2287.9    695.3
     1     1    23     1     1    21     0     3    31.0   43.450 -100.218   2266.8    702.9
     1     1    23     1     1    22     0     2    32.0   43.548  -99.944   2252.9    710.0
     1     1    23     1     1    23     0     1    33.0   43.647  -99.658   2258.0    713.6
     1     1    23     1     2     0     0     0    34.0   43.741  -99.354   2314.1    712.6
     1     1    23     1     2     1     0     1    35.0   43.826  -99.025   2404.0    702.7
     1     1    23     1     2     2     0     2    36.0   43.900  -98.677   2477.8    699.1
     1     1    23     1     2     3     0     3    37.0   43.961  -98.323   2520.1    700.3
     1     1    23     1     2     4     0     2    38.0   44.013  -97.944   2527.5    702.4
     1     1    23     1     2     5     0     1    39.0   44.059  -97.507   2485.5    700.9
     1     1    23     1     2     6     0     0    40.0   44.094  -97.016   2410.7    702.2
     1     1    23     1     2     7     0     1    41.0   44.109  -96.519   2321.1    711.5
     1     1    23     1     2     8     0     2    42.0   44.105  -96.048   2228.4    723.1
     1     1    23     1     2     9     0     3    43.0   44.090  -95.589   2179.0    734.5
     1     1    23     1     2    10     0     2    44.0   44.076  -95.140   2163.8    737.8
     1     1    23     1     2    11     0     1    45.0   44.066  -94.716   2158.5    744.0
     1     1    23     1     2    12     0     0    46.0   44.062  -94.310   2188.8    747.8
     1     1    23     1     2    13     0     1    47.0   44.076  -93.913   2243.9    742.7
     1     1    23     1     2    14     0     2    48.0   44.113  -93.507   2267.9    734.0
     1     1    23     1     2    15     0     3    49.0   44.175  -93.085   2247.1    732.0
     1     1    23     1     2    16     0     2    50.0   44.270  -92.652   2215.6    739.4
     1     1    23     1     2    17     0     1    51.0   44.392  -92.209   2203.0    743.8
     1     1    23     1     2    18     0     0    52.0   44.525  -91.753   2212.1    744.0
     1     1    23     1     2    19     0     1    53.0   44.665  -91.286   2221.1    740.6
     1     1    23     1     2    20     0     2    54.0   44.806  -90.806   2210.2    738.9
     1     1    23     1     2    21     0     3    55.0   44.933  -90.306   2195.4    737.8
     1     1    23     1     2    22     0     2    56.0   45.052  -89.775   2181.4    734.7
     1     1    23     1     2    23     0     1    57.0   45.177  -89.203   2142.3    736.1
     1     1    23     1     3     0     0     0    58.0   45.279  -88.620   2082.8    747.2
     1     1    23     1     3     1     0     1    59.0   45.347  -88.090   2022.2    761.8
     1     1    23     1     3     2     0     2    60.0   45.410  -87.630   1962.3    771.3
     1     1    23     1     3     3     0     3    61.0   45.478  -87.234   1908.5    781.0
     1     1    23     1     3     4     0     2    62.0   45.551  -86.882   1847.7    787.4
     1     1    23     1     3     5     0     1    63.0   45.629  -86.555   1746.0    795.6
     1     1    23     1     3     6     0     0    64.0   45.710  -86.249   1586.1    810.0
     1     1    23     1     3     7     0     1    65.0   45.786  -85.976   1446.0    832.5
     1     1    23     1     3     8     0     2    66.0   45.851  -85.714   1391.4    835.1
     1     1    23     1     3     9     0     3    67.0   45.905  -85.442   1392.0    831.5
     1     1    23     1     3    10     0     2    68.0   45.946  -85.156   1401.1    827.9
     1     1    23     1     3    11     0     1    69.0   45.976  -84.871   1399.1    828.5
     1     1    23     1     3    12     0     0    70.0   45.996  -84.587   1378.0    829.3
     1     1    23     1     3    13     0     1    71.0   46.015  -84.338   1340.1    834.3
     1     1    23     1     3    14     0     2    72.0   46.040  -84.146   1309.7    837.8
     1     1    23     1     3    15     0     3    73.0   46.068  -84.006   1301.4    838.3
     1     1    23     1     3    16     0     2    74.0   46.101  -83.904   1308.9    834.9
     1     1    23     1     3    17     0     1    75.0   46.142  -83.837   1317.7    831.6
     1     1    23     1     3    18     0     0    76.0   46.189  -83.805   1322.4    829.1
     1     1    23     1     3    19     0     1    77.0   46.237  -83.799   1315.7    827.4
     1     1    23     1     3    20     0     2    78.0   46.280  -83.813   1287.3    829.0
     1     1    23     1     3    21     0     3    79.0   46.318  -83.854   1242.5    832.8
     1     1    23     1     3    22     0     2    80.0   46.352  -83.948   1191.1    837.9
     1     1    23     1     3    23     0     1    81.0   46.379  -84.118   1137.0    844.1
     1     1    23     1     4     0     0     0    82.0   46.399  -84.374   1080.0    852.9
     1     1    23     1     4     1     0     1    83.0   46.430  -84.703   1016.8    863.4
     1     1    23     1     4     2     0     2    84.0   46.490  -85.097    970.8    875.9
     1     1    23     1     4     3     0     3    85.0   46.578  -85.541    943.5    877.6
     1     1    23     1     4     4     0     2    86.0   46.676  -86.006    913.9    881.3
     1     1    23     1     4     5     0     1    87.0   46.765  -86.466    925.6    885.7
     1     1    23     1     4     6     0     0    88.0   46.847  -86.927    954.3    875.7
     1     1    23     1     4     7     0     1    89.0   46.923  -87.428    960.2    874.0
     1     1    23     1     4     8     0     2    90.0   46.980  -87.997    961.1    870.3
     1     1    23     1     4     9     0     3    91.0   47.016  -88.638    965.1    870.3
     1     1    23     1     4    10     0     2    92.0   47.020  -89.355    975.6    870.8
     1     1    23     1     4    11     0     1    93.0   46.981  -90.138    991.9    871.9
     1     1    23     1     4    12     0     0    94.0   46.940  -90.950   1039.3    862.4
     1     1    23     1     4    13     0     1    95.0   46.919  -91.773   1092.9    838.8
     1     1    23     1     4    14     0     2    96.0   46.863  -92.600   1088.8    837.0
     1     1    23     1     4    15     0     3    97.0   46.755  -93.419   1088.5    837.2
     1     1    23     1     4    16     0     2    98.0   46.619  -94.196   1101.4    834.0
     1     1    23     1     4    17     0     1    99.0   46.453  -94.918   1106.1    831.9
     1     1    23     1     4    18     0     0   100.0   46.263  -95.566   1148.7    836.6
     1     1    23     1     4    19     0     1   101.0   46.034  -96.141   1240.1    828.9
     1     1    23     1     4    20     0     2   102.0   45.727  -96.638   1308.3    812.7
     1     1    23     1     4    21     0     3   103.0   45.347  -97.042   1323.4    800.8
     1     1    23     1     4    22     0     2   104.0   44.919  -97.351   1343.0    800.1
     1     1    23     1     4    23     0     1   105.0   44.469  -97.546   1389.9    800.5
     1     1    23     1     5     0     0     0   106.0   43.992  -97.627   1450.4    796.8
     1     1    23     1     5     1     0     1   107.0   43.487  -97.598   1503.4    789.9
     1     1    23     1     5     2     0     2   108.0   42.964  -97.461   1536.9    788.3
     1     1    23     1     5     3     0     3   109.0   42.438  -97.241   1548.4    784.1
     1     1    23     1     5     4     0     2   110.0   41.903  -96.949   1540.2    785.5
     1     1    23     1     5     5     0     1   111.0   41.385  -96.591   1508.8    793.0
     1     1    23     1     5     6     0     0   112.0   40.914  -96.176   1461.6    805.3
     1     1    23     1     5     7     0     1   113.0   40.496  -95.715   1434.9    813.5
     1     1    23     1     5     8     0     2   114.0   40.121  -95.203   1424.1    815.7
     1     1    23     1     5     9     0     3   115.0   39.792  -94.624   1414.3    819.9
     1     1    23     1     5    10     0     2   116.0   39.513  -94.003   1409.8    819.7
     1     1    23     1     5    11     0     1   117.0   39.273  -93.354   1415.6    823.2
     1     1    23     1     5    12     0     0   118.0   39.076  -92.661   1429.5    822.0
     1     1    23     1     5    13     0     1   119.0   38.917  -91.950   1425.5    817.2
     1     1    23     1     5    14     0     2   120.0   38.777  -91.259   1408.3    824.1
