     8     1
    GDAS    22    12    22     0     0
    GDAS    22    12    29     0     0
    GDAS    23     1     1     0     0
    GDAS    23     1     8     0     0
    GDAS    23     1    15     0     0
    GDAS    23     1    22     0     0
    GDAS    23     1    29     0     0
    GDAS    23     2     1     0     0
     1 FORWARD  OMEGA   
    23     1    26    15   69.109 -117.937  1216.6
     1 PRESSURE
     1     1    23     1    26    15     0     3     0.0   69.109 -117.937   1216.6    857.7
     1     1    23     1    26    16     0     2     1.0   68.848 -117.741   1205.1    859.7
     1     1    23     1    26    17     0     1     2.0   68.591 -117.545   1204.2    858.4
     1     1    23     1    26    18     0     0     3.0   68.340 -117.342   1209.6    855.5
     1     1    23     1    26    19     0     1     4.0   68.089 -117.115   1211.8    851.3
     1     1    23     1    26    20     0     2     5.0   67.832 -116.849   1207.0    843.6
     1     1    23     1    26    21     0     3     6.0   67.563 -116.544   1206.5    833.8
     1     1    23     1    26    22     0     2     7.0   67.280 -116.226   1215.8    826.5
     1     1    23     1    26    23     0     1     8.0   66.983 -115.926   1224.2    819.2
     1     1    23     1    27     0     0     0     9.0   66.672 -115.643   1231.5    816.9
     1     1    23     1    27     1     0     1    10.0   66.351 -115.362   1242.3    813.0
     1     1    23     1    27     2     0     2    11.0   66.027 -115.085   1245.4    811.8
     1     1    23     1    27     3     0     3    12.0   65.701 -114.822   1243.6    815.0
     1     1    23     1    27     4     0     2    13.0   65.372 -114.565   1248.8    816.4
     1     1    23     1    27     5     0     1    14.0   65.041 -114.311   1268.8    813.1
     1     1    23     1    27     6     0     0    15.0   64.707 -114.067   1298.8    809.2
     1     1    23     1    27     7     0     1    16.0   64.364 -113.812   1324.1    808.0
     1     1    23     1    27     8     0     2    17.0   64.009 -113.547   1337.3    809.4
     1     1    23     1    27     9     0     3    18.0   63.644 -113.278   1335.2    812.9
     1     1    23     1    27    10     0     2    19.0   63.269 -113.002   1316.4    817.4
     1     1    23     1    27    11     0     1    20.0   62.885 -112.728   1295.0    823.6
     1     1    23     1    27    12     0     0    21.0   62.493 -112.458   1291.2    833.4
     1     1    23     1    27    13     0     1    22.0   62.096 -112.188   1287.4    841.2
     1     1    23     1    27    14     0     2    23.0   61.697 -111.919   1261.7    843.8
     1     1    23     1    27    15     0     3    24.0   61.292 -111.643   1249.8    840.8
     1     1    23     1    27    16     0     2    25.0   60.879 -111.363   1268.8    832.4
     1     1    23     1    27    17     0     1    26.0   60.458 -111.093   1287.7    827.4
     1     1    23     1    27    18     0     0    27.0   60.029 -110.825   1280.9    828.5
     1     1    23     1    27    19     0     1    28.0   59.603 -110.545   1270.3    835.5
     1     1    23     1    27    20     0     2    29.0   59.189 -110.255   1283.9    838.1
     1     1    23     1    27    21     0     3    30.0   58.780 -109.955   1305.9    831.5
     1     1    23     1    27    22     0     2    31.0   58.347 -109.632   1316.1    816.4
     1     1    23     1    27    23     0     1    32.0   57.873 -109.294   1303.8    803.9
     1     1    23     1    28     0     0     0    33.0   57.374 -108.972   1285.7    808.2
     1     1    23     1    28     1     0     1    34.0   56.871 -108.680   1284.4    813.1
     1     1    23     1    28     2     0     2    35.0   56.375 -108.417   1298.1    811.9
     1     1    23     1    28     3     0     3    36.0   55.888 -108.175   1301.4    808.9
     1     1    23     1    28     4     0     2    37.0   55.407 -107.940   1280.1    811.0
     1     1    23     1    28     5     0     1    38.0   54.935 -107.707   1248.9    815.9
     1     1    23     1    28     6     0     0    39.0   54.481 -107.470   1220.1    816.0
     1     1    23     1    28     7     0     1    40.0   54.041 -107.204   1182.7    816.1
     1     1    23     1    28     8     0     2    41.0   53.604 -106.907   1150.7    820.4
     1     1    23     1    28     9     0     3    42.0   53.182 -106.587   1165.3    821.8
     1     1    23     1    28    10     0     2    43.0   52.783 -106.246   1206.5    817.4
     1     1    23     1    28    11     0     1    44.0   52.393 -105.875   1230.3    814.0
     1     1    23     1    28    12     0     0    45.0   52.002 -105.459   1237.4    811.4
     1     1    23     1    28    13     0     1    46.0   51.616 -105.024   1233.3    811.5
     1     1    23     1    28    14     0     2    47.0   51.236 -104.596   1215.9    812.0
     1     1    23     1    28    15     0     3    48.0   50.852 -104.171   1195.9    811.5
     1     1    23     1    28    16     0     2    49.0   50.473 -103.743   1188.7    811.5
     1     1    23     1    28    17     0     1    50.0   50.114 -103.312   1192.3    807.3
     1     1    23     1    28    18     0     0    51.0   49.782 -102.889   1184.3    805.7
     1     1    23     1    28    19     0     1    52.0   49.474 -102.458   1158.9    813.3
     1     1    23     1    28    20     0     2    53.0   49.182 -102.004   1117.5    823.4
     1     1    23     1    28    21     0     3    54.0   48.907 -101.539   1072.7    835.0
     1     1    23     1    28    22     0     2    55.0   48.640 -101.079   1043.2    840.2
     1     1    23     1    28    23     0     1    56.0   48.369 -100.610   1011.1    839.1
     1     1    23     1    29     0     0     0    57.0   48.088 -100.114    955.0    848.5
     1     1    23     1    29     1     0     1    58.0   47.804  -99.622    889.6    860.2
     1     1    23     1    29     2     0     2    59.0   47.525  -99.160    833.5    864.4
     1     1    23     1    29     3     0     3    60.0   47.241  -98.714    782.0    871.0
     1     1    23     1    29     4     0     2    61.0   46.952  -98.286    748.0    882.6
     1     1    23     1    29     5     0     1    62.0   46.678  -97.908    738.6    888.5
     1     1    23     1    29     6     0     0    63.0   46.425  -97.581    730.0    891.5
     1     1    23     1    29     7     0     1    64.0   46.188  -97.275    703.8    896.0
     1     1    23     1    29     8     0     2    65.0   45.954  -96.964    655.1    901.9
     1     1    23     1    29     9     0     3    66.0   45.718  -96.647    609.9    906.2
     1     1    23     1    29    10     0     2    67.0   45.481  -96.344    591.7    908.2
     1     1    23     1    29    11     0     1    68.0   45.240  -96.065    586.7    910.9
     1     1    23     1    29    12     0     0    69.0   44.988  -95.816    575.6    912.8
     1     1    23     1    29    13     0     1    70.0   44.736  -95.597    559.3    911.7
     1     1    23     1    29    14     0     2    71.0   44.494  -95.396    542.5    911.2
     1     1    23     1    29    15     0     3    72.0   44.256  -95.208    519.7    913.0
     1     1    23     1    29    16     0     2    73.0   44.018  -95.031    483.4    917.1
     1     1    23     1    29    17     0     1    74.0   43.789  -94.871    442.4    926.6
     1     1    23     1    29    18     0     0    75.0   43.577  -94.728    408.7    932.5
     1     1    23     1    29    19     0     1    76.0   43.380  -94.598    383.5    936.2
     1     1    23     1    29    20     0     2    77.0   43.186  -94.477    364.6    938.0
     1     1    23     1    29    21     0     3    78.0   42.990  -94.358    344.4    939.7
     1     1    23     1    29    22     0     2    79.0   42.784  -94.237    320.7    943.9
     1     1    23     1    29    23     0     1    80.0   42.563  -94.118    298.1    948.4
     1     1    23     1    30     0     0     0    81.0   42.323  -94.010    282.0    951.9
     1     1    23     1    30     1     0     1    82.0   42.065  -93.918    274.5    954.0
     1     1    23     1    30     2     0     2    83.0   41.797  -93.841    269.7    954.8
     1     1    23     1    30     3     0     3    84.0   41.524  -93.786    259.9    956.7
     1     1    23     1    30     4     0     2    85.0   41.249  -93.753    244.5    958.8
     1     1    23     1    30     5     0     1    86.0   40.975  -93.735    226.2    961.6
     1     1    23     1    30     6     0     0    87.0   40.702  -93.725    208.7    965.5
     1     1    23     1    30     7     0     1    88.0   40.432  -93.723    192.8    969.0
     1     1    23     1    30     8     0     2    89.0   40.166  -93.735    177.7    972.6
     1     1    23     1    30     9     0     3    90.0   39.899  -93.761    165.7    975.8
     1     1    23     1    30    10     0     2    91.0   39.640  -93.799    161.1    977.2
     1     1    23     1    30    11     0     1    92.0   39.392  -93.853    166.3    976.5
     1     1    23     1    30    12     0     0    93.0   39.148  -93.925    181.3    974.3
     1     1    23     1    30    13     0     1    94.0   38.907  -94.016    201.1    971.5
     1     1    23     1    30    14     0     2    95.0   38.676  -94.121    215.2    970.9
     1     1    23     1    30    15     0     3    96.0   38.456  -94.238    221.1    971.7
     1     1    23     1    30    16     0     2    97.0   38.247  -94.362    223.1    972.1
     1     1    23     1    30    17     0     1    98.0   38.050  -94.486    223.5    972.0
     1     1    23     1    30    18     0     0    99.0   37.867  -94.607    227.5    969.9
     1     1    23     1    30    19     0     1   100.0   37.682  -94.722    244.5    965.8
     1     1    23     1    30    20     0     2   101.0   37.482  -94.828    278.5    959.8
     1     1    23     1    30    21     0     3   102.0   37.267  -94.923    318.5    952.5
     1     1    23     1    30    22     0     2   103.0   37.042  -95.025    346.5    949.1
     1     1    23     1    30    23     0     1   104.0   36.813  -95.153    348.9    948.8
     1     1    23     1    31     0     0     0   105.0   36.584  -95.301    328.4    952.9
     1     1    23     1    31     1     0     1   106.0   36.353  -95.458    302.0    959.0
     1     1    23     1    31     2     0     2   107.0   36.121  -95.617    281.0    964.1
     1     1    23     1    31     3     0     3   108.0   35.882  -95.770    264.9    968.3
     1     1    23     1    31     4     0     2   109.0   35.631  -95.907    251.8    970.7
     1     1    23     1    31     5     0     1   110.0   35.368  -96.025    241.4    971.8
     1     1    23     1    31     6     0     0   111.0   35.093  -96.124    234.4    970.9
     1     1    23     1    31     7     0     1   112.0   34.807  -96.219    226.6    970.9
     1     1    23     1    31     8     0     2   113.0   34.516  -96.319    215.1    973.6
     1     1    23     1    31     9     0     3   114.0   34.225  -96.426    205.2    976.6
     1     1    23     1    31    10     0     2   115.0   33.947  -96.527    197.1    979.2
     1     1    23     1    31    11     0     1   116.0   33.688  -96.609    185.9    981.2
     1     1    23     1    31    12     0     0   117.0   33.446  -96.670    171.0    984.3
     1     1    23     1    31    13     0     1   118.0   33.209  -96.712    155.0    988.3
     1     1    23     1    31    14     0     2   119.0   32.973  -96.738    140.2    991.8
     1     1    23     1    31    15     0     3   120.0   32.736  -96.749    127.5    992.7
