     8     1
    GDAS    22    12    22     0     0
    GDAS    22    12    29     0     0
    GDAS    23     1     1     0     0
    GDAS    23     1     8     0     0
    GDAS    23     1    15     0     0
    GDAS    23     1    22     0     0
    GDAS    23     1    29     0     0
    GDAS    23     2     1     0     0
     1 FORWARD  OMEGA   
    22    12    31    16   44.589 -102.952   400.6
     1 PRESSURE
     1     1    22    12    31    16     0     2     0.0   44.589 -102.952    400.6    857.2
     1     1    22    12    31    17     0     1     1.0   44.668 -102.779    393.0    861.2
     1     1    22    12    31    18     0     0     2.0   44.729 -102.597    397.8    864.2
     1     1    22    12    31    19     0     1     3.0   44.768 -102.394    415.4    865.2
     1     1    22    12    31    20     0     2     4.0   44.788 -102.152    442.4    866.0
     1     1    22    12    31    21     0     3     5.0   44.806 -101.862    485.2    864.9
     1     1    22    12    31    22     0     2     6.0   44.797 -101.531    534.0    861.6
     1     1    22    12    31    23     0     1     7.0   44.740 -101.176    563.3    860.9
     1     1    23     1     1     0     0     0     8.0   44.656 -100.806    565.0    864.5
     1     1    23     1     1     1     0     1     9.0   44.569 -100.443    548.3    871.1
     1     1    23     1     1     2     0     2    10.0   44.470 -100.095    521.9    878.7
     1     1    23     1     1     3     0     3    11.0   44.354  -99.774    498.9    885.9
     1     1    23     1     1     4     0     2    12.0   44.248  -99.475    489.1    888.8
     1     1    23     1     1     5     0     1    13.0   44.164  -99.180    488.6    889.6
     1     1    23     1     1     6     0     0    14.0   44.090  -98.879    491.2    891.0
     1     1    23     1     1     7     0     1    15.0   44.034  -98.571    490.5    895.0
     1     1    23     1     1     8     0     2    16.0   44.001  -98.264    486.2    900.3
     1     1    23     1     1     9     0     3    17.0   43.976  -97.977    480.2    904.6
     1     1    23     1     1    10     0     2    18.0   43.935  -97.678    452.3    901.6
     1     1    23     1     1    11     0     1    19.0   43.869  -97.327    386.1    905.9
     1     1    23     1     1    12     0     0    20.0   43.784  -96.958    298.7    914.1
     1     1    23     1     1    13     0     1    21.0   43.686  -96.621    224.9    927.6
     1     1    23     1     1    14     0     2    22.0   43.587  -96.338    180.4    934.6
     1     1    23     1     1    15     0     3    23.0   43.497  -96.102    155.5    938.9
     1     1    23     1     1    16     0     2    24.0   43.418  -95.898    141.6    942.6
     1     1    23     1     1    17     0     1    25.0   43.348  -95.717    133.0    945.6
     1     1    23     1     1    18     0     0    26.0   43.290  -95.556    124.6    947.9
     1     1    23     1     1    19     0     1    27.0   43.232  -95.408    115.2    950.0
     1     1    23     1     1    20     0     2    28.0   43.162  -95.265    107.3    951.8
     1     1    23     1     1    21     0     3    29.0   43.080  -95.120    104.1    952.8
     1     1    23     1     1    22     0     2    30.0   42.996  -94.983    104.0    953.1
     1     1    23     1     1    23     0     1    31.0   42.917  -94.876    103.6    954.4
     1     1    23     1     2     0     0     0    32.0   42.838  -94.804    102.9    955.4
     1     1    23     1     2     1     0     1    33.0   42.753  -94.766     99.8    956.5
     1     1    23     1     2     2     0     2    34.0   42.662  -94.765     92.7    958.0
     1     1    23     1     2     3     0     3    35.0   42.569  -94.798     82.5    959.5
     1     1    23     1     2     4     0     2    36.0   42.473  -94.864     75.0    960.3
     1     1    23     1     2     5     0     1    37.0   42.369  -94.967     75.1    959.0
     1     1    23     1     2     6     0     0    38.0   42.254  -95.108     81.9    958.3
     1     1    23     1     2     7     0     1    39.0   42.134  -95.289     93.5    958.2
     1     1    23     1     2     8     0     2    40.0   42.024  -95.507    109.1    958.6
     1     1    23     1     2     9     0     3    41.0   41.929  -95.759    127.4    958.8
     1     1    23     1     2    10     0     2    42.0   41.851  -96.034    143.6    957.8
     1     1    23     1     2    11     0     1    43.0   41.776  -96.333    160.5    951.7
     1     1    23     1     2    12     0     0    44.0   41.699  -96.679    186.3    942.9
     1     1    23     1     2    13     0     1    45.0   41.624  -97.070    221.2    932.8
     1     1    23     1     2    14     0     2    46.0   41.551  -97.500    267.7    923.0
     1     1    23     1     2    15     0     3    47.0   41.479  -97.962    331.1    910.6
     1     1    23     1     2    16     0     2    48.0   41.431  -98.478    420.8    893.9
     1     1    23     1     2    17     0     1    49.0   41.430  -99.041    533.7    871.5
     1     1    23     1     2    18     0     0    50.0   41.483  -99.632    629.0    851.2
     1     1    23     1     2    19     0     1    51.0   41.560 -100.226    684.3    837.9
     1     1    23     1     2    20     0     2    52.0   41.634 -100.775    755.4    823.8
     1     1    23     1     2    21     0     3    53.0   41.737 -101.267    848.6    800.4
     1     1    23     1     2    22     0     2    54.0   41.832 -101.727    913.8    782.4
     1     1    23     1     2    23     0     1    55.0   41.872 -102.178    957.7    773.7
     1     1    23     1     3     0     0     0    56.0   41.844 -102.608   1027.3    765.2
     1     1    23     1     3     1     0     1    57.0   41.753 -103.008   1140.7    750.9
     1     1    23     1     3     2     0     2    58.0   41.630 -103.375   1270.9    730.7
     1     1    23     1     3     3     0     3    59.0   41.479 -103.710   1381.0    712.1
     1     1    23     1     3     4     0     2    60.0   41.291 -103.992   1436.5    694.0
     1     1    23     1     3     5     0     1    61.0   41.046 -104.185   1404.8    682.5
     1     1    23     1     3     6     0     0    62.0   40.744 -104.280   1327.1    693.5
     1     1    23     1     3     7     0     1    63.0   40.416 -104.271   1282.3    705.0
     1     1    23     1     3     8     0     2    64.0   40.069 -104.200   1267.0    712.3
     1     1    23     1     3     9     0     3    65.0   39.699 -104.073   1177.0    704.5
     1     1    23     1     3    10     0     2    66.0   39.297 -103.845    887.8    720.7
     1     1    23     1     3    11     0     1    67.0   38.838 -103.577    479.2    777.4
     1     1    23     1     3    12     0     0    68.0   38.512 -103.352    261.3    837.0
     1     1    23     1     3    13     0     1    69.0   38.258 -103.132    197.9    844.6
     1     1    23     1     3    14     0     2    70.0   38.072 -102.928    199.5    848.8
     1     1    23     1     3    15     0     3    71.0   37.923 -102.755    213.9    848.7
     1     1    23     1     3    16     0     2    72.0   37.771 -102.595    210.6    849.3
     1     1    23     1     3    17     0     1    73.0   37.581 -102.432    190.1    854.4
     1     1    23     1     3    18     0     0    74.0   37.356 -102.283    176.1    858.4
     1     1    23     1     3    19     0     1    75.0   37.120 -102.163    171.5    859.2
     1     1    23     1     3    20     0     2    76.0   36.906 -102.063    169.1    861.4
     1     1    23     1     3    21     0     3    77.0   36.727 -101.972    164.5    864.2
     1     1    23     1     3    22     0     2    78.0   36.583 -101.902    152.1    867.6
     1     1    23     1     3    23     0     1    79.0   36.466 -101.868    132.4    871.6
     1     1    23     1     4     0     0     0    80.0   36.370 -101.869    111.1    874.1
     1     1    23     1     4     1     0     1    81.0   36.286 -101.900     97.5    876.2
     1     1    23     1     4     2     0     2    82.0   36.206 -101.960     98.1    875.6
     1     1    23     1     4     3     0     3    83.0   36.131 -102.055    116.7    872.7
     1     1    23     1     4     4     0     2    84.0   36.077 -102.171    150.1    865.7
     1     1    23     1     4     5     0     1    85.0   36.045 -102.281    183.2    859.2
     1     1    23     1     4     6     0     0    86.0   36.021 -102.381    208.0    854.2
     1     1    23     1     4     7     0     1    87.0   36.004 -102.456    222.4    851.5
     1     1    23     1     4     8     0     2    88.0   35.997 -102.483    225.2    850.5
     1     1    23     1     4     9     0     3    89.0   35.997 -102.462    212.7    852.0
     1     1    23     1     4    10     0     2    90.0   36.005 -102.396    186.9    856.4
     1     1    23     1     4    11     0     1    91.0   36.025 -102.291    154.3    862.7
     1     1    23     1     4    12     0     0    92.0   36.058 -102.158    122.7    869.5
     1     1    23     1     4    13     0     1    93.0   36.093 -102.020    101.5    875.4
     1     1    23     1     4    14     0     2    94.0   36.117 -101.884     90.5    879.8
     1     1    23     1     4    15     0     3    95.0   36.129 -101.749     84.4    884.3
     1     1    23     1     4    16     0     2    96.0   36.127 -101.622     78.7    889.0
     1     1    23     1     4    17     0     1    97.0   36.111 -101.509     71.4    893.6
     1     1    23     1     4    18     0     0    98.0   36.088 -101.403     63.3    897.8
     1     1    23     1     4    19     0     1    99.0   36.051 -101.295     53.5    901.5
     1     1    23     1     4    20     0     2   100.0   35.990 -101.176     41.0    905.4
     1     1    23     1     4    21     0     3   101.0   35.904 -101.048     28.3    909.6
     1     1    23     1     4    22     0     2   102.0   35.809 -100.947     18.0    914.1
     1     1    23     1     4    23     0     1   103.0   35.712 -100.898     11.0    917.3
     1     1    23     1     5     0     0     0   104.0   35.603 -100.897      5.6    918.7
     1     1    23     1     5     1     0     1   105.0   35.490 -100.926      1.5    919.2
     1     1    23     1     5     2     0     2   106.0   35.387 -100.972      0.0    919.3
     1     1    23     1     5     3     0     3   107.0   35.290 -101.039      0.0    918.6
     1     1    23     1     5     4     0     2   108.0   35.211 -101.104      0.0    916.7
     1     1    23     1     5     5     0     1   109.0   35.156 -101.144      0.0    915.6
     1     1    23     1     5     6     0     0   110.0   35.126 -101.160      0.0    915.3
     1     1    23     1     5     7     0     1   111.0   35.107 -101.160      0.0    915.1
     1     1    23     1     5     8     0     2   112.0   35.086 -101.157      0.0    915.1
     1     1    23     1     5     9     0     3   113.0   35.063 -101.150      0.0    915.2
     1     1    23     1     5    10     0     2   114.0   35.040 -101.134      0.0    916.7
     1     1    23     1     5    11     0     1   115.0   35.017 -101.099      0.0    918.8
     1     1    23     1     5    12     0     0   116.0   34.993 -101.042      0.0    921.8
     1     1    23     1     5    13     0     1   117.0   34.975 -100.975      0.0    923.8
     1     1    23     1     5    14     0     2   118.0   34.971 -100.915      0.0    925.5
     1     1    23     1     5    15     0     3   119.0   34.980 -100.864      0.0    927.1
     1     1    23     1     5    16     0     2   120.0   35.015 -100.822      0.0    928.3
