     8     1
    GDAS    22    12    22     0     0
    GDAS    22    12    29     0     0
    GDAS    23     1     1     0     0
    GDAS    23     1     8     0     0
    GDAS    23     1    15     0     0
    GDAS    23     1    22     0     0
    GDAS    23     1    29     0     0
    GDAS    23     2     1     0     0
     1 FORWARD  OMEGA   
    23     1    10    11   25.377 -105.594  5431.6
     1 PRESSURE
     1     1    23     1    10    11     0     1     0.0   25.377 -105.594   5431.6    387.2
     1     1    23     1    10    12     0     0     1.0   25.165 -105.848   5197.1    393.4
     1     1    23     1    10    13     0     1     2.0   25.022 -106.129   5044.4    415.4
     1     1    23     1    10    14     0     2     3.0   24.930 -106.376   5013.9    450.3
     1     1    23     1    10    15     0     3     4.0   24.854 -106.580   4993.0    478.4
     1     1    23     1    10    16     0     2     5.0   24.779 -106.761   4990.5    503.3
     1     1    23     1    10    17     0     1     6.0   24.705 -106.929   5023.2    523.4
     1     1    23     1    10    18     0     0     7.0   24.637 -107.092   5063.7    532.9
     1     1    23     1    10    19     0     1     8.0   24.582 -107.241   5073.1    534.0
     1     1    23     1    10    20     0     2     9.0   24.535 -107.368   5027.9    540.6
     1     1    23     1    10    21     0     3    10.0   24.491 -107.476   4932.0    550.0
     1     1    23     1    10    22     0     2    11.0   24.453 -107.581   4808.6    562.8
     1     1    23     1    10    23     0     1    12.0   24.432 -107.698   4687.8    574.3
     1     1    23     1    11     0     0     0    13.0   24.432 -107.828   4584.8    584.5
     1     1    23     1    11     1     0     1    14.0   24.444 -107.971   4505.2    592.9
     1     1    23     1    11     2     0     2    15.0   24.461 -108.123   4434.8    598.4
     1     1    23     1    11     3     0     3    16.0   24.481 -108.280   4363.6    603.6
     1     1    23     1    11     4     0     2    17.0   24.504 -108.437   4295.5    609.5
     1     1    23     1    11     5     0     1    18.0   24.535 -108.585   4244.2    613.9
     1     1    23     1    11     6     0     0    19.0   24.579 -108.718   4217.4    616.2
     1     1    23     1    11     7     0     1    20.0   24.640 -108.832   4212.1    615.7
     1     1    23     1    11     8     0     2    21.0   24.718 -108.922   4225.5    614.6
     1     1    23     1    11     9     0     3    22.0   24.809 -108.982   4267.7    611.5
     1     1    23     1    11    10     0     2    23.0   24.900 -109.012   4320.0    605.4
     1     1    23     1    11    11     0     1    24.0   24.985 -109.019   4356.3    602.4
     1     1    23     1    11    12     0     0    25.0   25.066 -109.006   4373.4    600.9
     1     1    23     1    11    13     0     1    26.0   25.138 -108.978   4368.6    601.3
     1     1    23     1    11    14     0     2    27.0   25.202 -108.938   4334.8    603.2
     1     1    23     1    11    15     0     3    28.0   25.264 -108.891   4260.4    608.1
     1     1    23     1    11    16     0     2    29.0   25.331 -108.831   4154.0    616.6
     1     1    23     1    11    17     0     1    30.0   25.409 -108.748   4037.5    624.6
     1     1    23     1    11    18     0     0    31.0   25.498 -108.646   3916.3    631.6
     1     1    23     1    11    19     0     1    32.0   25.593 -108.523   3812.8    637.3
     1     1    23     1    11    20     0     2    33.0   25.677 -108.380   3744.0    636.8
     1     1    23     1    11    21     0     3    34.0   25.740 -108.220   3695.2    633.8
     1     1    23     1    11    22     0     2    35.0   25.785 -108.049   3656.1    630.3
     1     1    23     1    11    23     0     1    36.0   25.812 -107.870   3618.7    617.6
     1     1    23     1    12     0     0     0    37.0   25.806 -107.684   3603.6    598.0
     1     1    23     1    12     1     0     1    38.0   25.769 -107.504   3605.2    580.8
     1     1    23     1    12     2     0     2    39.0   25.715 -107.340   3619.0    567.7
     1     1    23     1    12     3     0     3    40.0   25.653 -107.196   3642.6    558.1
     1     1    23     1    12     4     0     2    41.0   25.586 -107.072   3675.6    551.8
     1     1    23     1    12     5     0     1    42.0   25.512 -106.966   3722.4    548.8
     1     1    23     1    12     6     0     0    43.0   25.434 -106.875   3783.5    546.0
     1     1    23     1    12     7     0     1    44.0   25.357 -106.782   3837.6    540.2
     1     1    23     1    12     8     0     2    45.0   25.283 -106.672   3871.2    533.9
     1     1    23     1    12     9     0     3    46.0   25.205 -106.542   3896.1    524.6
     1     1    23     1    12    10     0     2    47.0   25.116 -106.404   3917.2    512.3
     1     1    23     1    12    11     0     1    48.0   25.016 -106.274   3932.1    499.3
     1     1    23     1    12    12     0     0    49.0   24.916 -106.151   3945.1    489.0
     1     1    23     1    12    13     0     1    50.0   24.818 -106.042   3963.2    483.0
     1     1    23     1    12    14     0     2    51.0   24.723 -105.959   4008.8    482.2
     1     1    23     1    12    15     0     3    52.0   24.631 -105.905   4067.9    484.6
     1     1    23     1    12    16     0     2    53.0   24.547 -105.876   4098.2    486.2
     1     1    23     1    12    17     0     1    54.0   24.475 -105.870   4072.7    492.8
     1     1    23     1    12    18     0     0    55.0   24.417 -105.890   3995.4    502.8
     1     1    23     1    12    19     0     1    56.0   24.374 -105.936   3911.4    515.8
     1     1    23     1    12    20     0     2    57.0   24.343 -106.000   3861.6    523.5
     1     1    23     1    12    21     0     3    58.0   24.326 -106.083   3851.3    533.6
     1     1    23     1    12    22     0     2    59.0   24.328 -106.192   3856.1    543.4
     1     1    23     1    12    23     0     1    60.0   24.348 -106.335   3849.5    557.1
     1     1    23     1    13     0     0     0    61.0   24.382 -106.525   3820.2    576.7
     1     1    23     1    13     1     0     1    62.0   24.429 -106.755   3767.1    604.5
     1     1    23     1    13     2     0     2    63.0   24.480 -106.999   3708.0    635.6
     1     1    23     1    13     3     0     3    64.0   24.538 -107.238   3627.3    647.5
     1     1    23     1    13     4     0     2    65.0   24.630 -107.465   3582.9    653.2
     1     1    23     1    13     5     0     1    66.0   24.760 -107.683   3558.7    658.6
     1     1    23     1    13     6     0     0    67.0   24.906 -107.894   3528.3    665.9
     1     1    23     1    13     7     0     1    68.0   25.072 -108.089   3486.2    672.6
     1     1    23     1    13     8     0     2    69.0   25.270 -108.248   3447.5    670.2
     1     1    23     1    13     9     0     3    70.0   25.492 -108.367   3421.6    667.5
     1     1    23     1    13    10     0     2    71.0   25.722 -108.445   3392.5    665.5
     1     1    23     1    13    11     0     1    72.0   25.950 -108.488   3340.9    665.6
     1     1    23     1    13    12     0     0    73.0   26.175 -108.500   3257.4    665.0
     1     1    23     1    13    13     0     1    74.0   26.388 -108.486   3167.1    664.2
     1     1    23     1    13    14     0     2    75.0   26.582 -108.455   3079.2    661.5
     1     1    23     1    13    15     0     3    76.0   26.759 -108.418   2983.5    659.8
     1     1    23     1    13    16     0     2    77.0   26.924 -108.377   2893.8    659.8
     1     1    23     1    13    17     0     1    78.0   27.080 -108.326   2828.4    653.5
     1     1    23     1    13    18     0     0    79.0   27.230 -108.266   2786.7    641.6
     1     1    23     1    13    19     0     1    80.0   27.371 -108.196   2750.5    626.9
     1     1    23     1    13    20     0     2    81.0   27.504 -108.116   2701.8    614.3
     1     1    23     1    13    21     0     3    82.0   27.628 -108.026   2640.8    602.0
     1     1    23     1    13    22     0     2    83.0   27.746 -107.939   2565.5    593.6
     1     1    23     1    13    23     0     1    84.0   27.857 -107.863   2464.4    590.5
     1     1    23     1    14     0     0     0    85.0   27.957 -107.794   2330.6    592.3
     1     1    23     1    14     1     0     1    86.0   28.057 -107.715   2197.4    602.0
     1     1    23     1    14     2     0     2    87.0   28.171 -107.620   2090.6    611.2
     1     1    23     1    14     3     0     3    88.0   28.291 -107.519   2012.7    617.9
     1     1    23     1    14     4     0     2    89.0   28.421 -107.408   1948.6    621.5
     1     1    23     1    14     5     0     1    90.0   28.562 -107.277   1874.5    626.6
     1     1    23     1    14     6     0     0    91.0   28.708 -107.132   1776.0    633.0
     1     1    23     1    14     7     0     1    92.0   28.857 -106.971   1675.7    644.0
     1     1    23     1    14     8     0     2    93.0   29.008 -106.789   1620.7    660.4
     1     1    23     1    14     9     0     3    94.0   29.151 -106.595   1590.4    678.1
     1     1    23     1    14    10     0     2    95.0   29.276 -106.393   1544.8    694.7
     1     1    23     1    14    11     0     1    96.0   29.380 -106.191   1489.8    711.7
     1     1    23     1    14    12     0     0    97.0   29.465 -105.993   1455.0    723.8
     1     1    23     1    14    13     0     1    98.0   29.553 -105.779   1448.6    727.9
     1     1    23     1    14    14     0     2    99.0   29.660 -105.529   1475.1    729.2
     1     1    23     1    14    15     0     3   100.0   29.776 -105.256   1538.9    727.1
     1     1    23     1    14    16     0     2   101.0   29.889 -104.967   1630.8    720.1
     1     1    23     1    14    17     0     1   102.0   30.005 -104.662   1732.3    708.3
     1     1    23     1    14    18     0     0   103.0   30.131 -104.328   1853.7    696.7
     1     1    23     1    14    19     0     1   104.0   30.263 -103.957   1971.4    683.5
     1     1    23     1    14    20     0     2   105.0   30.396 -103.559   2033.5    687.9
     1     1    23     1    14    21     0     3   106.0   30.526 -103.144   2044.6    703.3
     1     1    23     1    14    22     0     2   107.0   30.639 -102.730   2035.4    716.2
     1     1    23     1    14    23     0     1   108.0   30.735 -102.325   1976.7    726.4
     1     1    23     1    15     0     0     0   109.0   30.817 -101.921   1832.9    742.2
     1     1    23     1    15     1     0     1   110.0   30.891 -101.535   1699.6    762.8
     1     1    23     1    15     2     0     2   111.0   30.968 -101.160   1651.6    762.4
     1     1    23     1    15     3     0     3   112.0   31.054 -100.776   1628.0    763.8
     1     1    23     1    15     4     0     2   113.0   31.163 -100.382   1563.6    772.2
     1     1    23     1    15     5     0     1   114.0   31.313  -99.982   1436.8    790.5
     1     1    23     1    15     6     0     0   115.0   31.536  -99.578   1260.3    813.2
     1     1    23     1    15     7     0     1   116.0   31.861  -99.167   1041.3    842.0
     1     1    23     1    15     8     0     2   117.0   32.283  -98.727    834.1    875.6
     1     1    23     1    15     9     0     3   118.0   32.767  -98.250    686.1    895.8
     1     1    23     1    15    10     0     2   119.0   33.290  -97.803    610.9    913.6
     1     1    23     1    15    11     0     1   120.0   33.823  -97.392    615.7    917.8
