     8     1
    GDAS    22    12    22     0     0
    GDAS    22    12    29     0     0
    GDAS    23     1     1     0     0
    GDAS    23     1     8     0     0
    GDAS    23     1    15     0     0
    GDAS    23     1    22     0     0
    GDAS    23     1    29     0     0
    GDAS    23     2     1     0     0
     1 FORWARD  OMEGA   
    23     1     6    16   22.904 -123.210  3242.7
     1 PRESSURE
     1     1    23     1     6    16     0     2     0.0   22.904 -123.210   3242.7    691.8
     1     1    23     1     6    17     0     1     1.0   22.931 -122.885   3282.2    689.0
     1     1    23     1     6    18     0     0     2.0   22.960 -122.573   3315.8    685.9
     1     1    23     1     6    19     0     1     3.0   22.993 -122.267   3340.7    683.9
     1     1    23     1     6    20     0     2     4.0   23.034 -121.961   3341.8    681.4
     1     1    23     1     6    21     0     3     5.0   23.085 -121.656   3302.9    684.9
     1     1    23     1     6    22     0     2     6.0   23.151 -121.351   3254.2    690.5
     1     1    23     1     6    23     0     1     7.0   23.224 -121.049   3230.2    693.3
     1     1    23     1     7     0     0     0     8.0   23.296 -120.745   3229.8    691.9
     1     1    23     1     7     1     0     1     9.0   23.364 -120.439   3215.9    691.3
     1     1    23     1     7     2     0     2    10.0   23.424 -120.136   3171.2    696.0
     1     1    23     1     7     3     0     3    11.0   23.476 -119.842   3115.4    702.0
     1     1    23     1     7     4     0     2    12.0   23.527 -119.567   3064.8    707.1
     1     1    23     1     7     5     0     1    13.0   23.578 -119.312   3025.0    710.7
     1     1    23     1     7     6     0     0    14.0   23.629 -119.074   2996.3    713.5
     1     1    23     1     7     7     0     1    15.0   23.688 -118.847   2966.3    714.6
     1     1    23     1     7     8     0     2    16.0   23.761 -118.630   2923.4    718.4
     1     1    23     1     7     9     0     3    17.0   23.841 -118.428   2873.7    722.6
     1     1    23     1     7    10     0     2    18.0   23.917 -118.236   2833.4    727.3
     1     1    23     1     7    11     0     1    19.0   23.984 -118.044   2811.8    728.4
     1     1    23     1     7    12     0     0    20.0   24.047 -117.851   2795.5    729.1
     1     1    23     1     7    13     0     1    21.0   24.119 -117.660   2772.9    731.2
     1     1    23     1     7    14     0     2    22.0   24.202 -117.477   2739.5    734.5
     1     1    23     1     7    15     0     3    23.0   24.294 -117.303   2695.7    739.0
     1     1    23     1     7    16     0     2    24.0   24.394 -117.134   2650.3    743.9
     1     1    23     1     7    17     0     1    25.0   24.501 -116.962   2611.4    747.8
     1     1    23     1     7    18     0     0    26.0   24.620 -116.788   2582.2    750.8
     1     1    23     1     7    19     0     1    27.0   24.743 -116.607   2561.3    751.9
     1     1    23     1     7    20     0     2    28.0   24.862 -116.414   2547.7    752.8
     1     1    23     1     7    21     0     3    29.0   24.978 -116.205   2542.8    752.6
     1     1    23     1     7    22     0     2    30.0   25.087 -115.992   2540.4    752.2
     1     1    23     1     7    23     0     1    31.0   25.186 -115.789   2535.4    752.6
     1     1    23     1     8     0     0     0    32.0   25.272 -115.600   2530.4    753.1
     1     1    23     1     8     1     0     1    33.0   25.355 -115.428   2531.0    753.8
     1     1    23     1     8     2     0     2    34.0   25.445 -115.275   2537.5    753.4
     1     1    23     1     8     3     0     3    35.0   25.543 -115.140   2541.5    752.8
     1     1    23     1     8     4     0     2    36.0   25.653 -115.014   2533.6    753.4
     1     1    23     1     8     5     0     1    37.0   25.781 -114.890   2523.4    755.6
     1     1    23     1     8     6     0     0    38.0   25.935 -114.765   2537.1    755.7
     1     1    23     1     8     7     0     1    39.0   26.107 -114.629   2570.2    750.7
     1     1    23     1     8     8     0     2    40.0   26.289 -114.476   2599.7    747.2
     1     1    23     1     8     9     0     3    41.0   26.480 -114.308   2619.4    744.9
     1     1    23     1     8    10     0     2    42.0   26.667 -114.120   2635.3    744.1
     1     1    23     1     8    11     0     1    43.0   26.841 -113.903   2662.6    741.6
     1     1    23     1     8    12     0     0    44.0   27.006 -113.654   2712.9    735.3
     1     1    23     1     8    13     0     1    45.0   27.167 -113.385   2759.5    723.3
     1     1    23     1     8    14     0     2    46.0   27.328 -113.108   2788.2    713.7
     1     1    23     1     8    15     0     3    47.0   27.496 -112.820   2827.4    707.6
     1     1    23     1     8    16     0     2    48.0   27.673 -112.540   2876.7    706.6
     1     1    23     1     8    17     0     1    49.0   27.853 -112.281   2935.1    708.9
     1     1    23     1     8    18     0     0    50.0   28.036 -112.037   3018.9    710.6
     1     1    23     1     8    19     0     1    51.0   28.224 -111.796   3070.7    700.0
     1     1    23     1     8    20     0     2    52.0   28.410 -111.560   3076.4    697.3
     1     1    23     1     8    21     0     3    53.0   28.598 -111.327   3088.1    693.9
     1     1    23     1     8    22     0     2    54.0   28.788 -111.089   3110.2    685.9
     1     1    23     1     8    23     0     1    55.0   28.973 -110.847   3087.1    676.3
     1     1    23     1     9     0     0     0    56.0   29.136 -110.610   2995.4    668.6
     1     1    23     1     9     1     0     1    57.0   29.277 -110.389   2899.2    666.7
     1     1    23     1     9     2     0     2    58.0   29.404 -110.178   2844.6    658.7
     1     1    23     1     9     3     0     3    59.0   29.516 -109.967   2832.7    648.9
     1     1    23     1     9     4     0     2    60.0   29.603 -109.749   2806.2    637.1
     1     1    23     1     9     5     0     1    61.0   29.679 -109.526   2699.6    637.4
     1     1    23     1     9     6     0     0    62.0   29.760 -109.305   2528.5    644.0
     1     1    23     1     9     7     0     1    63.0   29.836 -109.080   2364.2    653.6
     1     1    23     1     9     8     0     2    64.0   29.879 -108.839   2236.1    651.1
     1     1    23     1     9     9     0     3    65.0   29.883 -108.580   2099.9    647.1
     1     1    23     1     9    10     0     2    66.0   29.873 -108.315   1940.3    647.4
     1     1    23     1     9    11     0     1    67.0   29.841 -108.060   1769.1    648.3
     1     1    23     1     9    12     0     0    68.0   29.789 -107.821   1641.3    663.9
     1     1    23     1     9    13     0     1    69.0   29.742 -107.593   1557.3    676.1
     1     1    23     1     9    14     0     2    70.0   29.711 -107.372   1506.7    686.6
     1     1    23     1     9    15     0     3    71.0   29.676 -107.159   1504.6    692.2
     1     1    23     1     9    16     0     2    72.0   29.635 -106.961   1540.6    690.5
     1     1    23     1     9    17     0     1    73.0   29.593 -106.788   1583.0    688.9
     1     1    23     1     9    18     0     0    74.0   29.552 -106.640   1623.7    689.2
     1     1    23     1     9    19     0     1    75.0   29.516 -106.499   1629.3    688.5
     1     1    23     1     9    20     0     2    76.0   29.490 -106.353   1550.1    698.2
     1     1    23     1     9    21     0     3    77.0   29.474 -106.216   1380.9    717.5
     1     1    23     1     9    22     0     2    78.0   29.472 -106.100   1215.7    744.2
     1     1    23     1     9    23     0     1    79.0   29.480 -105.991   1124.6    757.0
     1     1    23     1    10     0     0     0    80.0   29.494 -105.880   1099.5    760.5
     1     1    23     1    10     1     0     1    81.0   29.511 -105.756   1072.3    759.6
     1     1    23     1    10     2     0     2    82.0   29.525 -105.631    992.5    769.7
     1     1    23     1    10     3     0     3    83.0   29.536 -105.518    873.6    783.6
     1     1    23     1    10     4     0     2    84.0   29.553 -105.429    761.4    799.2
     1     1    23     1    10     5     0     1    85.0   29.587 -105.352    687.4    807.1
     1     1    23     1    10     6     0     0    86.0   29.638 -105.283    650.5    811.5
     1     1    23     1    10     7     0     1    87.0   29.701 -105.206    645.6    811.5
     1     1    23     1    10     8     0     2    88.0   29.769 -105.110    664.5    809.9
     1     1    23     1    10     9     0     3    89.0   29.836 -104.994    702.5    806.2
     1     1    23     1    10    10     0     2    90.0   29.905 -104.854    742.4    799.2
     1     1    23     1    10    11     0     1    91.0   29.984 -104.686    774.9    794.5
     1     1    23     1    10    12     0     0    92.0   30.074 -104.477    789.6    790.4
     1     1    23     1    10    13     0     1    93.0   30.166 -104.216    767.1    791.2
     1     1    23     1    10    14     0     2    94.0   30.259 -103.912    692.0    799.6
     1     1    23     1    10    15     0     3    95.0   30.351 -103.603    570.0    824.1
     1     1    23     1    10    16     0     2    96.0   30.445 -103.311    443.0    850.0
     1     1    23     1    10    17     0     1    97.0   30.539 -103.039    354.6    872.4
     1     1    23     1    10    18     0     0    98.0   30.626 -102.785    306.2    884.4
     1     1    23     1    10    19     0     1    99.0   30.700 -102.537    282.3    892.5
     1     1    23     1    10    20     0     2   100.0   30.754 -102.276    277.5    896.3
     1     1    23     1    10    21     0     3   101.0   30.787 -101.985    273.7    898.8
     1     1    23     1    10    22     0     2   102.0   30.826 -101.683    278.2    899.7
     1     1    23     1    10    23     0     1   103.0   30.904 -101.399    337.5    894.7
     1     1    23     1    11     0     0     0   104.0   31.017 -101.115    578.8    876.3
     1     1    23     1    11     1     0     1   105.0   31.091 -100.751    935.8    823.4
     1     1    23     1    11     2     0     2   106.0   31.130 -100.300   1077.0    812.5
     1     1    23     1    11     3     0     3   107.0   31.165  -99.793   1066.4    829.2
     1     1    23     1    11     4     0     2   108.0   31.198  -99.265   1052.4    842.8
     1     1    23     1    11     5     0     1   109.0   31.227  -98.731   1073.1    847.1
     1     1    23     1    11     6     0     0   110.0   31.262  -98.195   1049.4    853.1
     1     1    23     1    11     7     0     1   111.0   31.323  -97.668    979.1    874.8
     1     1    23     1    11     8     0     2   112.0   31.413  -97.138    939.2    889.4
     1     1    23     1    11     9     0     3   113.0   31.521  -96.591    950.6    893.7
     1     1    23     1    11    10     0     2   114.0   31.631  -96.018   1044.0    892.4
     1     1    23     1    11    11     0     1   115.0   31.718  -95.439   1170.2    870.1
     1     1    23     1    11    12     0     0   116.0   31.792  -94.868   1252.3    858.6
     1     1    23     1    11    13     0     1   117.0   31.865  -94.293   1308.8    858.5
     1     1    23     1    11    14     0     2   118.0   31.950  -93.711   1374.7    854.9
     1     1    23     1    11    15     0     3   119.0   32.056  -93.138   1437.2    846.4
     1     1    23     1    11    16     0     2   120.0   32.181  -92.572   1479.8    846.6
