     8     1
    GDAS    22    12    22     0     0
    GDAS    22    12    29     0     0
    GDAS    23     1     1     0     0
    GDAS    23     1     8     0     0
    GDAS    23     1    15     0     0
    GDAS    23     1    22     0     0
    GDAS    23     1    29     0     0
    GDAS    23     2     1     0     0
     1 FORWARD  OMEGA   
    22    12    27    13   21.388 -109.716  1346.6
     1 PRESSURE
     1     1    22    12    27    13     0     1     0.0   21.388 -109.716   1346.6    868.4
     1     1    22    12    27    14     0     2     1.0   21.426 -109.871   1320.1    871.2
     1     1    22    12    27    15     0     3     2.0   21.475 -110.040   1289.4    874.6
     1     1    22    12    27    16     0     2     3.0   21.534 -110.212   1262.7    878.5
     1     1    22    12    27    17     0     1     4.0   21.602 -110.376   1246.2    880.3
     1     1    22    12    27    18     0     0     5.0   21.682 -110.536   1236.4    881.4
     1     1    22    12    27    19     0     1     6.0   21.764 -110.684   1222.4    881.2
     1     1    22    12    27    20     0     2     7.0   21.838 -110.811   1196.4    883.4
     1     1    22    12    27    21     0     3     8.0   21.907 -110.914   1158.7    886.7
     1     1    22    12    27    22     0     2     9.0   21.953 -110.997   1106.6    891.4
     1     1    22    12    27    23     0     1    10.0   21.959 -111.063   1037.6    898.0
     1     1    22    12    28     0     0     0    11.0   21.923 -111.110    951.0    907.0
     1     1    22    12    28     1     0     1    12.0   21.871 -111.151    889.8    918.4
     1     1    22    12    28     2     0     2    13.0   21.837 -111.208    883.2    918.5
     1     1    22    12    28     3     0     3    14.0   21.823 -111.280    921.4    914.3
     1     1    22    12    28     4     0     2    15.0   21.827 -111.352    981.1    905.6
     1     1    22    12    28     5     0     1    16.0   21.843 -111.407   1042.1    899.7
     1     1    22    12    28     6     0     0    17.0   21.872 -111.450   1108.5    893.3
     1     1    22    12    28     7     0     1    18.0   21.916 -111.486   1168.8    885.3
     1     1    22    12    28     8     0     2    19.0   21.974 -111.521   1209.8    880.4
     1     1    22    12    28     9     0     3    20.0   22.043 -111.551   1231.5    877.6
     1     1    22    12    28    10     0     2    21.0   22.124 -111.571   1238.8    877.3
     1     1    22    12    28    11     0     1    22.0   22.223 -111.577   1237.8    877.4
     1     1    22    12    28    12     0     0    23.0   22.335 -111.568   1230.3    878.2
     1     1    22    12    28    13     0     1    24.0   22.453 -111.540   1217.9    879.9
     1     1    22    12    28    14     0     2    25.0   22.573 -111.489   1207.3    882.1
     1     1    22    12    28    15     0     3    26.0   22.696 -111.416   1212.5    882.7
     1     1    22    12    28    16     0     2    27.0   22.808 -111.320   1234.2    880.2
     1     1    22    12    28    17     0     1    28.0   22.891 -111.197   1257.0    877.7
     1     1    22    12    28    18     0     0    29.0   22.945 -111.048   1272.5    876.3
     1     1    22    12    28    19     0     1    30.0   23.003 -110.882   1280.8    872.2
     1     1    22    12    28    20     0     2    31.0   23.093 -110.713   1265.3    867.0
     1     1    22    12    28    21     0     3    32.0   23.208 -110.543   1216.7    868.2
     1     1    22    12    28    22     0     2    33.0   23.322 -110.364   1165.0    871.6
     1     1    22    12    28    23     0     1    34.0   23.412 -110.166   1120.9    872.0
     1     1    22    12    29     0     0     0    35.0   23.479 -109.949   1094.6    872.5
     1     1    22    12    29     1     0     1    36.0   23.525 -109.736   1061.8    877.7
     1     1    22    12    29     2     0     2    37.0   23.542 -109.550    992.8    889.9
     1     1    22    12    29     3     0     3    38.0   23.524 -109.384    914.2    904.8
     1     1    22    12    29     4     0     2    39.0   23.489 -109.239    886.1    915.3
     1     1    22    12    29     5     0     1    40.0   23.452 -109.120    924.4    912.2
     1     1    22    12    29     6     0     0    41.0   23.415 -109.025   1002.6    904.6
     1     1    22    12    29     7     0     1    42.0   23.391 -108.939   1071.2    893.7
     1     1    22    12    29     8     0     2    43.0   23.380 -108.857   1090.5    891.8
     1     1    22    12    29     9     0     3    44.0   23.378 -108.784   1070.0    894.4
     1     1    22    12    29    10     0     2    45.0   23.378 -108.723   1055.3    899.9
     1     1    22    12    29    11     0     1    46.0   23.375 -108.674   1086.2    896.4
     1     1    22    12    29    12     0     0    47.0   23.372 -108.633   1163.9    888.4
     1     1    22    12    29    13     0     1    48.0   23.389 -108.596   1242.5    875.0
     1     1    22    12    29    14     0     2    49.0   23.439 -108.570   1267.9    871.9
     1     1    22    12    29    15     0     3    50.0   23.512 -108.570   1225.4    875.6
     1     1    22    12    29    16     0     2    51.0   23.592 -108.586   1154.0    888.4
     1     1    22    12    29    17     0     1    52.0   23.676 -108.588   1096.7    894.7
     1     1    22    12    29    18     0     0    53.0   23.771 -108.572   1054.3    899.6
     1     1    22    12    29    19     0     1    54.0   23.880 -108.538   1028.4    901.5
     1     1    22    12    29    20     0     2    55.0   24.004 -108.490   1027.0    901.6
     1     1    22    12    29    21     0     3    56.0   24.142 -108.425   1058.5    897.6
     1     1    22    12    29    22     0     2    57.0   24.282 -108.350   1104.5    890.7
     1     1    22    12    29    23     0     1    58.0   24.408 -108.274   1133.8    886.6
     1     1    22    12    30     0     0     0    59.0   24.525 -108.199   1125.6    886.3
     1     1    22    12    30     1     0     1    60.0   24.629 -108.134   1104.4    892.5
     1     1    22    12    30     2     0     2    61.0   24.717 -108.085   1118.9    892.8
     1     1    22    12    30     3     0     3    62.0   24.793 -108.045   1198.0    886.7
     1     1    22    12    30     4     0     2    63.0   24.866 -108.004   1305.0    869.5
     1     1    22    12    30     5     0     1    64.0   24.932 -107.952   1359.5    860.2
     1     1    22    12    30     6     0     0    65.0   24.989 -107.888   1345.3    857.7
     1     1    22    12    30     7     0     1    66.0   25.047 -107.840   1317.7    860.6
     1     1    22    12    30     8     0     2    67.0   25.111 -107.812   1329.1    853.0
     1     1    22    12    30     9     0     3    68.0   25.179 -107.796   1379.2    842.2
     1     1    22    12    30    10     0     2    69.0   25.261 -107.784   1434.9    826.7
     1     1    22    12    30    11     0     1    70.0   25.362 -107.768   1453.1    815.6
     1     1    22    12    30    12     0     0    71.0   25.481 -107.745   1423.3    807.1
     1     1    22    12    30    13     0     1    72.0   25.612 -107.711   1381.3    801.6
     1     1    22    12    30    14     0     2    73.0   25.757 -107.650   1363.9    784.0
     1     1    22    12    30    15     0     3    74.0   25.914 -107.538   1358.9    754.6
     1     1    22    12    30    16     0     2    75.0   26.062 -107.344   1316.5    714.8
     1     1    22    12    30    17     0     1    76.0   26.183 -107.060   1198.2    679.5
     1     1    22    12    30    18     0     0    77.0   26.275 -106.738   1082.2    682.5
     1     1    22    12    30    19     0     1    78.0   26.336 -106.412    990.9    687.0
     1     1    22    12    30    20     0     2    79.0   26.369 -106.071    845.9    694.6
     1     1    22    12    30    21     0     3    80.0   26.386 -105.732    636.0    730.2
     1     1    22    12    30    22     0     2    81.0   26.378 -105.447    514.0    762.9
     1     1    22    12    30    23     0     1    82.0   26.333 -105.227    549.4    765.7
     1     1    22    12    31     0     0     0    83.0   26.257 -105.063    759.5    753.2
     1     1    22    12    31     1     0     1    84.0   26.208 -104.914   1094.7    720.5
     1     1    22    12    31     2     0     2    85.0   26.205 -104.740   1338.7    698.3
     1     1    22    12    31     3     0     3    86.0   26.224 -104.540   1422.1    701.2
     1     1    22    12    31     4     0     2    87.0   26.252 -104.337   1449.9    716.0
     1     1    22    12    31     5     0     1    88.0   26.286 -104.130   1512.5    721.1
     1     1    22    12    31     6     0     0    89.0   26.318 -103.911   1632.9    718.1
     1     1    22    12    31     7     0     1    90.0   26.360 -103.670   1747.4    706.5
     1     1    22    12    31     8     0     2    91.0   26.423 -103.415   1799.6    707.0
     1     1    22    12    31     9     0     3    92.0   26.506 -103.155   1819.6    710.3
     1     1    22    12    31    10     0     2    93.0   26.591 -102.884   1832.5    712.2
     1     1    22    12    31    11     0     1    94.0   26.670 -102.591   1842.8    713.3
     1     1    22    12    31    12     0     0    95.0   26.751 -102.274   1853.0    717.6
     1     1    22    12    31    13     0     1    96.0   26.848 -101.928   1849.2    725.0
     1     1    22    12    31    14     0     2    97.0   26.961 -101.565   1814.2    741.6
     1     1    22    12    31    15     0     3    98.0   27.076 -101.211   1753.6    758.5
     1     1    22    12    31    16     0     2    99.0   27.187 -100.894   1683.0    777.3
     1     1    22    12    31    17     0     1   100.0   27.302 -100.621   1607.9    798.2
     1     1    22    12    31    18     0     0   101.0   27.438 -100.365   1531.9    816.0
     1     1    22    12    31    19     0     1   102.0   27.592 -100.121   1466.1    832.3
     1     1    22    12    31    20     0     2   103.0   27.759  -99.889   1424.6    840.3
     1     1    22    12    31    21     0     3   104.0   27.940  -99.669   1410.7    842.8
     1     1    22    12    31    22     0     2   105.0   28.123  -99.450   1405.0    843.3
     1     1    22    12    31    23     0     1   106.0   28.308  -99.227   1399.4    845.5
     1     1    23     1     1     0     0     0   107.0   28.511  -98.993   1412.4    844.5
     1     1    23     1     1     1     0     1   108.0   28.725  -98.732   1428.0    840.6
     1     1    23     1     1     2     0     2   109.0   28.942  -98.444   1440.7    842.5
     1     1    23     1     1     3     0     3   110.0   29.160  -98.136   1466.6    840.6
     1     1    23     1     1     4     0     2   111.0   29.375  -97.803   1486.2    836.7
     1     1    23     1     1     5     0     1   112.0   29.586  -97.444   1490.0    839.2
     1     1    23     1     1     6     0     0   113.0   29.800  -97.062   1511.9    842.7
     1     1    23     1     1     7     0     1   114.0   30.014  -96.669   1552.2    836.0
     1     1    23     1     1     8     0     2   115.0   30.218  -96.283   1592.7    831.4
     1     1    23     1     1     9     0     3   116.0   30.411  -95.904   1648.0    828.3
     1     1    23     1     1    10     0     2   117.0   30.601  -95.535   1713.2    821.1
     1     1    23     1     1    11     0     1   118.0   30.796  -95.173   1743.0    816.1
     1     1    23     1     1    12     0     0   119.0   31.003  -94.818   1700.2    817.4
     1     1    23     1     1    13     0     1   120.0   31.221  -94.469   1644.6    829.7
