     8     1
    GDAS    22    12    22     0     0
    GDAS    22    12    29     0     0
    GDAS    23     1     1     0     0
    GDAS    23     1     8     0     0
    GDAS    23     1    15     0     0
    GDAS    23     1    22     0     0
    GDAS    23     1    29     0     0
    GDAS    23     2     1     0     0
     1 FORWARD  OMEGA   
    23     1    16    16   51.715  -90.438   476.8
     1 PRESSURE
     1     1    23     1    16    16     0     2     0.0   51.715  -90.438    476.8    904.4
     1     1    23     1    16    17     0     1     1.0   51.782  -90.366    479.6    905.3
     1     1    23     1    16    18     0     0     2.0   51.832  -90.309    494.4    904.2
     1     1    23     1    16    19     0     1     3.0   51.861  -90.270    519.6    901.2
     1     1    23     1    16    20     0     2     4.0   51.866  -90.249    552.1    897.6
     1     1    23     1    16    21     0     3     5.0   51.848  -90.247    590.7    893.1
     1     1    23     1    16    22     0     2     6.0   51.805  -90.280    627.3    887.9
     1     1    23     1    16    23     0     1     7.0   51.735  -90.365    653.7    883.8
     1     1    23     1    17     0     0     0     8.0   51.636  -90.506    669.2    880.9
     1     1    23     1    17     1     0     1     9.0   51.516  -90.698    680.7    879.0
     1     1    23     1    17     2     0     2    10.0   51.383  -90.935    699.0    876.2
     1     1    23     1    17     3     0     3    11.0   51.231  -91.220    723.7    872.6
     1     1    23     1    17     4     0     2    12.0   51.068  -91.549    730.4    869.5
     1     1    23     1    17     5     0     1    13.0   50.893  -91.908    711.8    872.3
     1     1    23     1    17     6     0     0    14.0   50.707  -92.282    692.9    876.2
     1     1    23     1    17     7     0     1    15.0   50.505  -92.650    683.8    876.6
     1     1    23     1    17     8     0     2    16.0   50.282  -93.006    671.0    877.3
     1     1    23     1    17     9     0     3    17.0   50.040  -93.357    643.1    880.2
     1     1    23     1    17    10     0     2    18.0   49.778  -93.704    604.5    886.9
     1     1    23     1    17    11     0     1    19.0   49.492  -94.030    575.4    894.1
     1     1    23     1    17    12     0     0    20.0   49.188  -94.334    571.8    898.1
     1     1    23     1    17    13     0     1    21.0   48.878  -94.632    595.3    896.0
     1     1    23     1    17    14     0     2    22.0   48.574  -94.927    635.0    891.6
     1     1    23     1    17    15     0     3    23.0   48.276  -95.215    679.8    886.4
     1     1    23     1    17    16     0     2    24.0   47.986  -95.481    721.8    881.5
     1     1    23     1    17    17     0     1    25.0   47.704  -95.705    747.7    875.2
     1     1    23     1    17    18     0     0    26.0   47.431  -95.887    750.8    874.0
     1     1    23     1    17    19     0     1    27.0   47.163  -96.022    740.8    875.1
     1     1    23     1    17    20     0     2    28.0   46.902  -96.097    731.1    878.0
     1     1    23     1    17    21     0     3    29.0   46.650  -96.112    728.0    880.2
     1     1    23     1    17    22     0     2    30.0   46.399  -96.093    725.5    881.6
     1     1    23     1    17    23     0     1    31.0   46.141  -96.070    719.2    884.4
     1     1    23     1    18     0     0     0    32.0   45.877  -96.051    713.8    886.6
     1     1    23     1    18     1     0     1    33.0   45.619  -96.042    717.7    886.9
     1     1    23     1    18     2     0     2    34.0   45.382  -96.048    734.2    884.9
     1     1    23     1    18     3     0     3    35.0   45.170  -96.074    759.9    881.4
     1     1    23     1    18     4     0     2    36.0   44.985  -96.098    779.9    876.7
     1     1    23     1    18     5     0     1    37.0   44.822  -96.103    781.0    873.9
     1     1    23     1    18     6     0     0    38.0   44.676  -96.095    765.4    873.3
     1     1    23     1    18     7     0     1    39.0   44.548  -96.089    735.0    874.9
     1     1    23     1    18     8     0     2    40.0   44.441  -96.100    689.9    877.9
     1     1    23     1    18     9     0     3    41.0   44.354  -96.133    627.2    883.5
     1     1    23     1    18    10     0     2    42.0   44.278  -96.199    571.4    890.4
     1     1    23     1    18    11     0     1    43.0   44.209  -96.304    545.3    891.3
     1     1    23     1    18    12     0     0    44.0   44.152  -96.441    550.0    889.6
     1     1    23     1    18    13     0     1    45.0   44.105  -96.606    571.9    884.5
     1     1    23     1    18    14     0     2    46.0   44.061  -96.807    587.3    881.7
     1     1    23     1    18    15     0     3    47.0   44.011  -97.051    583.1    882.0
     1     1    23     1    18    16     0     2    48.0   43.955  -97.339    562.7    889.4
     1     1    23     1    18    17     0     1    49.0   43.897  -97.660    544.2    896.4
     1     1    23     1    18    18     0     0    50.0   43.830  -97.998    543.3    900.7
     1     1    23     1    18    19     0     1    51.0   43.734  -98.361    548.5    891.2
     1     1    23     1    18    20     0     2    52.0   43.582  -98.749    544.2    884.1
     1     1    23     1    18    21     0     3    53.0   43.374  -99.140    534.1    878.1
     1     1    23     1    18    22     0     2    54.0   43.123  -99.514    540.9    872.9
     1     1    23     1    18    23     0     1    55.0   42.828  -99.888    591.7    859.2
     1     1    23     1    19     0     0     0    56.0   42.465 -100.294    692.1    837.8
     1     1    23     1    19     1     0     1    57.0   42.026 -100.703    828.5    810.8
     1     1    23     1    19     2     0     2    58.0   41.532 -101.047    953.7    790.6
     1     1    23     1    19     3     0     3    59.0   40.989 -101.294   1083.9    781.9
     1     1    23     1    19     4     0     2    60.0   40.399 -101.402   1219.2    762.1
     1     1    23     1    19     5     0     1    61.0   39.773 -101.331   1281.9    755.8
     1     1    23     1    19     6     0     0    62.0   39.085 -101.117   1272.0    761.0
     1     1    23     1    19     7     0     1    63.0   38.367 -100.765   1176.5    774.5
     1     1    23     1    19     8     0     2    64.0   37.682 -100.288   1050.5    803.9
     1     1    23     1    19     9     0     3    65.0   37.042  -99.720    814.5    832.0
     1     1    23     1    19    10     0     2    66.0   36.558  -99.167    613.5    885.3
     1     1    23     1    19    11     0     1    67.0   36.145  -98.642    549.3    891.7
     1     1    23     1    19    12     0     0    68.0   35.790  -98.124    486.4    910.0
     1     1    23     1    19    13     0     1    69.0   35.498  -97.614    406.6    927.5
     1     1    23     1    19    14     0     2    70.0   35.234  -97.120    348.0    936.7
     1     1    23     1    19    15     0     3    71.0   34.969  -96.668    314.5    944.1
     1     1    23     1    19    16     0     2    72.0   34.725  -96.280    283.2    955.1
     1     1    23     1    19    17     0     1    73.0   34.514  -95.947    242.2    966.4
     1     1    23     1    19    18     0     0    74.0   34.325  -95.651    196.7    973.3
     1     1    23     1    19    19     0     1    75.0   34.163  -95.384    155.9    980.6
     1     1    23     1    19    20     0     2    76.0   34.033  -95.140    126.0    985.3
     1     1    23     1    19    21     0     3    77.0   33.929  -94.915    105.7    988.3
     1     1    23     1    19    22     0     2    78.0   33.844  -94.712     93.7    990.2
     1     1    23     1    19    23     0     1    79.0   33.768  -94.534     88.4    991.5
     1     1    23     1    20     0     0     0    80.0   33.698  -94.381     88.4    992.3
     1     1    23     1    20     1     0     1    81.0   33.622  -94.245     87.6    992.9
     1     1    23     1    20     2     0     2    82.0   33.528  -94.121     80.0    995.3
     1     1    23     1    20     3     0     3    83.0   33.419  -94.009     65.9    999.2
     1     1    23     1    20     4     0     2    84.0   33.309  -93.917     51.3   1003.4
     1     1    23     1    20     5     0     1    85.0   33.206  -93.852     40.2   1005.8
     1     1    23     1    20     6     0     0    86.0   33.108  -93.812     32.9   1007.6
     1     1    23     1    20     7     0     1    87.0   33.013  -93.794     28.4   1008.8
     1     1    23     1    20     8     0     2    88.0   32.918  -93.798     24.9   1009.3
     1     1    23     1    20     9     0     3    89.0   32.822  -93.820     21.9   1009.8
     1     1    23     1    20    10     0     2    90.0   32.730  -93.857     19.3   1010.3
     1     1    23     1    20    11     0     1    91.0   32.647  -93.905     17.2   1010.6
     1     1    23     1    20    12     0     0    92.0   32.574  -93.963     15.4   1010.8
     1     1    23     1    20    13     0     1    93.0   32.509  -94.030     14.2   1011.9
     1     1    23     1    20    14     0     2    94.0   32.447  -94.108     13.5   1012.6
     1     1    23     1    20    15     0     3    95.0   32.389  -94.198     13.1   1013.0
     1     1    23     1    20    16     0     2    96.0   32.337  -94.297     12.6   1012.4
     1     1    23     1    20    17     0     1    97.0   32.295  -94.397     11.9   1012.0
     1     1    23     1    20    18     0     0    98.0   32.269  -94.498     11.2   1011.8
     1     1    23     1    20    19     0     1    99.0   32.262  -94.597     10.7   1010.3
     1     1    23     1    20    20     0     2   100.0   32.273  -94.698     10.5   1008.6
     1     1    23     1    20    21     0     3   101.0   32.297  -94.802     10.5   1006.8
     1     1    23     1    20    22     0     2   102.0   32.325  -94.908     10.3   1006.2
     1     1    23     1    20    23     0     1   103.0   32.348  -95.014     10.1   1005.9
     1     1    23     1    21     0     0     0   104.0   32.366  -95.119     10.0   1005.8
     1     1    23     1    21     1     0     1   105.0   32.380  -95.228     10.1   1005.5
     1     1    23     1    21     2     0     2   106.0   32.397  -95.347     10.8   1005.1
     1     1    23     1    21     3     0     3   107.0   32.419  -95.471     11.6   1004.6
     1     1    23     1    21     4     0     2   108.0   32.449  -95.595     12.7   1004.3
     1     1    23     1    21     5     0     1   109.0   32.486  -95.718     14.2   1003.9
     1     1    23     1    21     6     0     0   110.0   32.529  -95.839     16.6   1003.4
     1     1    23     1    21     7     0     1   111.0   32.577  -95.964     20.1   1002.2
     1     1    23     1    21     8     0     2   112.0   32.631  -96.096     25.0   1000.2
     1     1    23     1    21     9     0     3   113.0   32.694  -96.233     31.1    997.6
     1     1    23     1    21    10     0     2   114.0   32.770  -96.373     38.1    995.3
     1     1    23     1    21    11     0     1   115.0   32.856  -96.505     45.3    993.4
     1     1    23     1    21    12     0     0   116.0   32.947  -96.618     52.6    992.0
     1     1    23     1    21    13     0     1   117.0   33.050  -96.718     60.9    990.5
     1     1    23     1    21    14     0     2   118.0   33.176  -96.815     73.2    988.2
     1     1    23     1    21    15     0     3   119.0   33.325  -96.911     91.4    985.2
     1     1    23     1    21    16     0     2   120.0   33.496  -97.003    113.7    980.9
