     8     1
    GDAS    22    12    22     0     0
    GDAS    22    12    29     0     0
    GDAS    23     1     1     0     0
    GDAS    23     1     8     0     0
    GDAS    23     1    15     0     0
    GDAS    23     1    22     0     0
    GDAS    23     1    29     0     0
    GDAS    23     2     1     0     0
     1 FORWARD  OMEGA   
    22    12    31    15   28.988 -117.811     5.1
     1 PRESSURE
     1     1    22    12    31    15     0     3     0.0   28.988 -117.811      5.1   1016.1
     1     1    22    12    31    16     0     2     1.0   28.886 -117.771      3.4   1017.0
     1     1    22    12    31    17     0     1     2.0   28.807 -117.713      1.9   1017.9
     1     1    22    12    31    18     0     0     3.0   28.747 -117.637      0.7   1018.7
     1     1    22    12    31    19     0     1     4.0   28.700 -117.541      0.0   1017.8
     1     1    22    12    31    20     0     2     5.0   28.656 -117.422      0.2   1017.0
     1     1    22    12    31    21     0     3     6.0   28.615 -117.283      1.3   1016.3
     1     1    22    12    31    22     0     2     7.0   28.574 -117.139      2.5   1015.8
     1     1    22    12    31    23     0     1     8.0   28.530 -116.997      3.2   1015.5
     1     1    23     1     1     0     0     0     9.0   28.486 -116.857      3.5   1014.9
     1     1    23     1     1     1     0     1    10.0   28.446 -116.717      3.6   1014.5
     1     1    23     1     1     2     0     2    11.0   28.412 -116.578      3.6   1014.1
     1     1    23     1     1     3     0     3    12.0   28.385 -116.439      3.4   1013.8
     1     1    23     1     1     4     0     2    13.0   28.362 -116.298      2.9   1014.1
     1     1    23     1     1     5     0     1    14.0   28.338 -116.153      2.4   1014.3
     1     1    23     1     1     6     0     0    15.0   28.318 -116.012      1.9   1014.5
     1     1    23     1     1     7     0     1    16.0   28.313 -115.870      1.7   1014.2
     1     1    23     1     1     8     0     2    17.0   28.331 -115.719      1.9   1013.9
     1     1    23     1     1     9     0     3    18.0   28.365 -115.558      2.3   1013.4
     1     1    23     1     1    10     0     2    19.0   28.415 -115.390      2.7   1012.5
     1     1    23     1     1    11     0     1    20.0   28.485 -115.224      2.5   1011.7
     1     1    23     1     1    12     0     0    21.0   28.580 -115.061      1.6   1011.0
     1     1    23     1     1    13     0     1    22.0   28.701 -114.899      0.9   1008.0
     1     1    23     1     1    14     0     2    23.0   28.853 -114.739      1.9   1001.5
     1     1    23     1     1    15     0     3    24.0   29.048 -114.583      6.4    991.7
     1     1    23     1     1    16     0     2    25.0   29.260 -114.395     17.7    982.9
     1     1    23     1     1    17     0     1    26.0   29.483 -114.134     54.5    982.5
     1     1    23     1     1    18     0     0    27.0   29.749 -113.779    136.3    989.5
     1     1    23     1     1    19     0     1    28.0   30.047 -113.357    220.9    982.3
     1     1    23     1     1    20     0     2    29.0   30.378 -112.958    283.0    974.9
     1     1    23     1     1    21     0     3    30.0   30.739 -112.518    456.3    933.9
     1     1    23     1     1    22     0     2    31.0   31.176 -111.949   1049.3    847.4
     1     1    23     1     1    23     0     1    32.0   31.731 -111.350   1793.0    708.1
     1     1    23     1     2     0     0     0    33.0   32.326 -110.703   2194.7    677.0
     1     1    23     1     2     1     0     1    34.0   32.893 -110.011   2791.1    642.7
     1     1    23     1     2     2     0     2    35.0   33.584 -109.427   3264.2    512.3
     1     1    23     1     2     3     0     3    36.0   34.475 -108.982   3092.7    518.1
     1     1    23     1     2     4     0     2    37.0   35.258 -108.565   3135.5    518.4
     1     1    23     1     2     5     0     1    38.0   36.091 -108.229   3300.8    517.5
     1     1    23     1     2     6     0     0    39.0   36.912 -108.126   3503.3    504.3
     1     1    23     1     2     7     0     1    40.0   37.656 -108.089   3553.1    464.5
     1     1    23     1     2     8     0     2    41.0   38.419 -108.111   3563.1    446.3
     1     1    23     1     2     9     0     3    42.0   39.126 -108.195   3201.7    497.6
     1     1    23     1     2    10     0     2    43.0   39.683 -108.265   3708.8    529.2
     1     1    23     1     2    11     0     1    44.0   40.072 -108.436   4717.4    411.5
     1     1    23     1     2    12     0     0    45.0   40.318 -108.701   5241.6    374.7
     1     1    23     1     2    13     0     1    46.0   40.405 -109.000   5527.4    382.1
     1     1    23     1     2    14     0     2    47.0   40.346 -109.360   5924.7    357.4
     1     1    23     1     2    15     0     3    48.0   40.162 -109.823   6340.1    338.5
     1     1    23     1     2    16     0     2    49.0   39.903 -110.358   6517.1    318.9
     1     1    23     1     2    17     0     1    50.0   39.657 -110.855   6468.5    314.2
     1     1    23     1     2    18     0     0    51.0   39.439 -111.244   6489.6    323.4
     1     1    23     1     2    19     0     1    52.0   39.258 -111.514   6508.9    326.5
     1     1    23     1     2    20     0     2    53.0   39.111 -111.691   6474.1    329.7
     1     1    23     1     2    21     0     3    54.0   38.992 -111.796   6415.6    332.3
     1     1    23     1     2    22     0     2    55.0   38.894 -111.804   6355.9    333.7
     1     1    23     1     2    23     0     1    56.0   38.789 -111.687   6318.0    334.7
     1     1    23     1     3     0     0     0    57.0   38.659 -111.453   6296.7    336.5
     1     1    23     1     3     1     0     1    58.0   38.503 -111.139   6313.6    340.8
     1     1    23     1     3     2     0     2    59.0   38.323 -110.746   6374.9    341.4
     1     1    23     1     3     3     0     3    60.0   38.126 -110.253   6433.6    338.7
     1     1    23     1     3     4     0     2    61.0   37.908 -109.672   6410.0    333.9
     1     1    23     1     3     5     0     1    62.0   37.635 -109.005   6323.5    339.3
     1     1    23     1     3     6     0     0    63.0   37.338 -108.256   6188.2    336.1
     1     1    23     1     3     7     0     1    64.0   37.059 -107.426   6085.0    336.9
     1     1    23     1     3     8     0     2    65.0   36.798 -106.515   5953.6    334.5
     1     1    23     1     3     9     0     3    66.0   36.543 -105.566   5822.7    348.5
     1     1    23     1     3    10     0     2    67.0   36.343 -104.680   5995.2    341.6
     1     1    23     1     3    11     0     1    68.0   36.208 -103.654   6084.3    366.9
     1     1    23     1     3    12     0     0    69.0   36.081 -102.616   5898.6    398.3
     1     1    23     1     3    13     0     1    70.0   36.013 -101.635   5707.6    423.4
     1     1    23     1     3    14     0     2    71.0   36.048 -100.668   5625.5    441.1
     1     1    23     1     3    15     0     3    72.0   36.123  -99.727   5464.4    457.3
     1     1    23     1     3    16     0     2    73.0   36.281  -98.787   5277.4    481.6
     1     1    23     1     3    17     0     1    74.0   36.542  -97.807   5196.5    496.9
     1     1    23     1     3    18     0     0    75.0   36.864  -96.753   5058.5    509.9
     1     1    23     1     3    19     0     1    76.0   37.282  -95.699   4945.8    519.0
     1     1    23     1     3    20     0     2    77.0   37.784  -94.640   4769.6    530.3
     1     1    23     1     3    21     0     3    78.0   38.287  -93.571   4423.4    561.4
     1     1    23     1     3    22     0     2    79.0   38.831  -92.493   4265.9    573.5
     1     1    23     1     3    23     0     1    80.0   39.399  -91.479   4411.8    560.5
     1     1    23     1     4     0     0     0    81.0   39.954  -90.516   4675.6    546.3
     1     1    23     1     4     1     0     1    82.0   40.552  -89.557   4890.8    527.1
     1     1    23     1     4     2     0     2    83.0   41.167  -88.641   5047.9    515.5
     1     1    23     1     4     3     0     3    84.0   41.750  -87.805   5028.5    519.5
     1     1    23     1     4     4     0     2    85.0   42.319  -87.098   5072.5    520.1
     1     1    23     1     4     5     0     1    86.0   42.890  -86.442   5065.9    512.3
     1     1    23     1     4     6     0     0    87.0   43.447  -85.837   4988.7    520.5
     1     1    23     1     4     7     0     1    88.0   43.993  -85.246   4957.7    518.2
     1     1    23     1     4     8     0     2    89.0   44.516  -84.649   4996.5    515.4
     1     1    23     1     4     9     0     3    90.0   45.001  -84.052   5027.0    512.4
     1     1    23     1     4    10     0     2    91.0   45.432  -83.444   5069.1    518.3
     1     1    23     1     4    11     0     1    92.0   45.797  -82.789   5102.3    512.7
     1     1    23     1     4    12     0     0    93.0   46.089  -82.091   5099.3    511.5
     1     1    23     1     4    13     0     1    94.0   46.324  -81.363   5107.7    510.1
     1     1    23     1     4    14     0     2    95.0   46.527  -80.586   5094.4    507.5
     1     1    23     1     4    15     0     3    96.0   46.690  -79.757   5031.1    512.2
     1     1    23     1     4    16     0     2    97.0   46.825  -78.874   4961.3    516.8
     1     1    23     1     4    17     0     1    98.0   46.932  -77.946   4885.3    520.1
     1     1    23     1     4    18     0     0    99.0   47.010  -76.974   4829.7    519.9
     1     1    23     1     4    19     0     1   100.0   47.049  -75.967   4736.7    528.6
     1     1    23     1     4    20     0     2   101.0   47.048  -74.959   4536.5    538.3
     1     1    23     1     4    21     0     3   102.0   47.009  -73.969   4274.5    555.2
     1     1    23     1     4    22     0     2   103.0   46.931  -73.009   4138.2    577.3
     1     1    23     1     4    23     0     1   104.0   46.851  -72.061   4056.6    583.1
     1     1    23     1     5     0     0     0   105.0   46.787  -71.099   4106.2    587.2
     1     1    23     1     5     1     0     1   106.0   46.728  -70.077   4146.4    566.4
     1     1    23     1     5     2     0     2   107.0   46.656  -69.030   4047.4    576.1
     1     1    23     1     5     3     0     3   108.0   46.555  -68.025   3985.3    598.4
     1     1    23     1     5     4     0     2   109.0   46.437  -67.006   3948.7    595.9
     1     1    23     1     5     5     0     1   110.0   46.312  -65.934   3956.3    611.1
     1     1    23     1     5     6     0     0   111.0   46.170  -64.873   3846.1    618.5
     1     1    23     1     5     7     0     1   112.0   46.003  -63.859   3714.7    635.8
     1     1    23     1     5     8     0     2   113.0   45.849  -62.878   3655.9    640.8
     1     1    23     1     5     9     0     3   114.0   45.721  -61.848   3633.9    642.3
     1     1    23     1     5    10     0     2   115.0   45.593  -60.737   3645.5    638.2
     1     1    23     1     5    11     0     1   116.0   45.441  -59.592   3538.5    651.4
     1     1    23     1     5    12     0     0   117.0   45.255  -58.524   3448.1    659.2
     1     1    23     1     5    13     0     1   118.0   45.053  -57.507   3375.4    666.5
     1     1    23     1     5    14     0     2   119.0   44.860  -56.494   3309.2    672.1
     1     1    23     1     5    15     0     3   120.0   44.682  -55.446   3234.8    679.4
