     8     1
    GDAS    22    12    22     0     0
    GDAS    22    12    29     0     0
    GDAS    23     1     1     0     0
    GDAS    23     1     8     0     0
    GDAS    23     1    15     0     0
    GDAS    23     1    22     0     0
    GDAS    23     1    29     0     0
    GDAS    23     2     1     0     0
     1 FORWARD  OMEGA   
    23     1    26    16   53.791  -99.239     0.0
     1 PRESSURE
     1     1    23     1    26    16     0     2     0.0   53.791  -99.239      0.0    975.3
     1     1    23     1    26    17     0     1     1.0   53.918  -99.408      0.2    973.1
     1     1    23     1    26    18     0     0     2.0   54.045  -99.607      1.1    970.4
     1     1    23     1    26    19     0     1     3.0   54.148  -99.835      2.3    968.5
     1     1    23     1    26    20     0     2     4.0   54.207 -100.082      3.4    967.1
     1     1    23     1    26    21     0     3     5.0   54.219 -100.331      4.0    966.8
     1     1    23     1    26    22     0     2     6.0   54.186 -100.553      5.2    967.9
     1     1    23     1    26    23     0     1     7.0   54.114 -100.725      7.3    969.3
     1     1    23     1    27     0     0     0     8.0   54.000 -100.840      9.7    971.2
     1     1    23     1    27     1     0     1     9.0   53.865 -100.899     12.3    971.2
     1     1    23     1    27     2     0     2    10.0   53.728 -100.899     15.1    971.5
     1     1    23     1    27     3     0     3    11.0   53.587 -100.832     17.6    972.0
     1     1    23     1    27     4     0     2    12.0   53.438 -100.722     19.4    971.6
     1     1    23     1    27     5     0     1    13.0   53.278 -100.588     19.9    971.7
     1     1    23     1    27     6     0     0    14.0   53.107 -100.428     19.1    972.3
     1     1    23     1    27     7     0     1    15.0   52.920 -100.255     18.4    972.3
     1     1    23     1    27     8     0     2    16.0   52.711 -100.081     18.8    972.0
     1     1    23     1    27     9     0     3    17.0   52.484  -99.896     19.5    972.5
     1     1    23     1    27    10     0     2    18.0   52.254  -99.711     20.0    973.0
     1     1    23     1    27    11     0     1    19.0   52.032  -99.542     20.1    973.4
     1     1    23     1    27    12     0     0    20.0   51.818  -99.388     22.0    972.6
     1     1    23     1    27    13     0     1    21.0   51.602  -99.237     27.4    970.9
     1     1    23     1    27    14     0     2    22.0   51.367  -99.080     33.0    970.7
     1     1    23     1    27    15     0     3    23.0   51.110  -98.912     36.2    971.3
     1     1    23     1    27    16     0     2    24.0   50.843  -98.740     39.8    971.2
     1     1    23     1    27    17     0     1    25.0   50.575  -98.575     44.6    970.2
     1     1    23     1    27    18     0     0    26.0   50.300  -98.409     47.3    969.6
     1     1    23     1    27    19     0     1    27.0   50.014  -98.227     46.4    970.5
     1     1    23     1    27    20     0     2    28.0   49.732  -98.037     43.9    970.2
     1     1    23     1    27    21     0     3    29.0   49.473  -97.863     43.6    970.1
     1     1    23     1    27    22     0     2    30.0   49.238  -97.702     47.1    970.0
     1     1    23     1    27    23     0     1    31.0   49.021  -97.540     55.1    969.8
     1     1    23     1    28     0     0     0    32.0   48.807  -97.372     66.5    969.0
     1     1    23     1    28     1     0     1    33.0   48.580  -97.206     75.3    969.2
     1     1    23     1    28     2     0     2    34.0   48.336  -97.049     78.5    972.0
     1     1    23     1    28     3     0     3    35.0   48.078  -96.903     78.0    973.1
     1     1    23     1    28     4     0     2    36.0   47.827  -96.773     75.1    973.2
     1     1    23     1    28     5     0     1    37.0   47.595  -96.668     71.3    973.2
     1     1    23     1    28     6     0     0    38.0   47.383  -96.582     67.6    973.0
     1     1    23     1    28     7     0     1    39.0   47.191  -96.513     65.0    972.7
     1     1    23     1    28     8     0     2    40.0   47.014  -96.466     63.7    972.6
     1     1    23     1    28     9     0     3    41.0   46.848  -96.438     63.6    973.1
     1     1    23     1    28    10     0     2    42.0   46.686  -96.419     64.2    973.0
     1     1    23     1    28    11     0     1    43.0   46.525  -96.407     64.5    973.1
     1     1    23     1    28    12     0     0    44.0   46.361  -96.404     64.1    973.5
     1     1    23     1    28    13     0     1    45.0   46.193  -96.406     64.8    974.6
     1     1    23     1    28    14     0     2    46.0   46.020  -96.405     68.2    975.1
     1     1    23     1    28    15     0     3    47.0   45.840  -96.404     73.8    973.0
     1     1    23     1    28    16     0     2    48.0   45.656  -96.402     79.9    970.0
     1     1    23     1    28    17     0     1    49.0   45.474  -96.399     84.5    967.5
     1     1    23     1    28    18     0     0    50.0   45.292  -96.396     86.5    965.4
     1     1    23     1    28    19     0     1    51.0   45.103  -96.395     84.1    962.9
     1     1    23     1    28    20     0     2    52.0   44.900  -96.397     76.5    961.1
     1     1    23     1    28    21     0     3    53.0   44.683  -96.409     66.1    959.7
     1     1    23     1    28    22     0     2    54.0   44.460  -96.429     55.8    959.1
     1     1    23     1    28    23     0     1    55.0   44.239  -96.453     47.1    957.9
     1     1    23     1    29     0     0     0    56.0   44.024  -96.483     39.7    957.2
     1     1    23     1    29     1     0     1    57.0   43.820  -96.508     33.2    960.9
     1     1    23     1    29     2     0     2    58.0   43.628  -96.521     26.7    965.2
     1     1    23     1    29     3     0     3    59.0   43.444  -96.518     20.3    969.4
     1     1    23     1    29     4     0     2    60.0   43.269  -96.498     15.2    973.6
     1     1    23     1    29     5     0     1    61.0   43.102  -96.454     12.2    977.0
     1     1    23     1    29     6     0     0    62.0   42.940  -96.388     11.2    978.9
     1     1    23     1    29     7     0     1    63.0   42.777  -96.317     10.6    979.0
     1     1    23     1    29     8     0     2    64.0   42.612  -96.260      9.4    980.1
     1     1    23     1    29     9     0     3    65.0   42.448  -96.213      7.9    981.2
     1     1    23     1    29    10     0     2    66.0   42.288  -96.168      6.9    982.8
     1     1    23     1    29    11     0     1    67.0   42.134  -96.119      7.0    984.5
     1     1    23     1    29    12     0     0    68.0   41.983  -96.067      8.1    986.1
     1     1    23     1    29    13     0     1    69.0   41.830  -96.022      9.4    987.9
     1     1    23     1    29    14     0     2    70.0   41.668  -95.989     10.2    988.7
     1     1    23     1    29    15     0     3    71.0   41.499  -95.973     10.5    988.7
     1     1    23     1    29    16     0     2    72.0   41.320  -95.971     10.6    988.9
     1     1    23     1    29    17     0     1    73.0   41.135  -95.982     11.2    989.3
     1     1    23     1    29    18     0     0    74.0   40.947  -96.001     13.0    989.7
     1     1    23     1    29    19     0     1    75.0   40.755  -96.027     16.4    986.8
     1     1    23     1    29    20     0     2    76.0   40.555  -96.065     22.2    983.8
     1     1    23     1    29    21     0     3    77.0   40.346  -96.115     32.1    980.5
     1     1    23     1    29    22     0     2    78.0   40.128  -96.180     46.8    978.8
     1     1    23     1    29    23     0     1    79.0   39.900  -96.261     64.9    976.6
     1     1    23     1    30     0     0     0    80.0   39.666  -96.353     86.6    973.7
     1     1    23     1    30     1     0     1    81.0   39.423  -96.452    114.1    971.2
     1     1    23     1    30     2     0     2    82.0   39.172  -96.561    147.4    968.5
     1     1    23     1    30     3     0     3    83.0   38.914  -96.678    178.7    964.0
     1     1    23     1    30     4     0     2    84.0   38.646  -96.794    196.1    959.5
     1     1    23     1    30     5     0     1    85.0   38.366  -96.896    198.6    957.2
     1     1    23     1    30     6     0     0    86.0   38.071  -96.987    192.4    955.4
     1     1    23     1    30     7     0     1    87.0   37.769  -97.074    180.4    957.4
     1     1    23     1    30     8     0     2    88.0   37.467  -97.160    161.5    961.4
     1     1    23     1    30     9     0     3    89.0   37.163  -97.245    134.0    966.9
     1     1    23     1    30    10     0     2    90.0   36.869  -97.321    103.3    972.7
     1     1    23     1    30    11     0     1    91.0   36.594  -97.383     79.0    978.2
     1     1    23     1    30    12     0     0    92.0   36.336  -97.432     63.7    982.2
     1     1    23     1    30    13     0     1    93.0   36.092  -97.477     56.1    984.9
     1     1    23     1    30    14     0     2    94.0   35.858  -97.524     53.7    984.8
     1     1    23     1    30    15     0     3    95.0   35.624  -97.579     54.6    983.6
     1     1    23     1    30    16     0     2    96.0   35.390  -97.636     58.7    981.9
     1     1    23     1    30    17     0     1    97.0   35.152  -97.691     67.0    979.7
     1     1    23     1    30    18     0     0    98.0   34.911  -97.747     80.1    978.0
     1     1    23     1    30    19     0     1    99.0   34.674  -97.803     93.5    977.1
     1     1    23     1    30    20     0     2   100.0   34.442  -97.856    102.7    977.2
     1     1    23     1    30    21     0     3   101.0   34.209  -97.903    107.9    977.8
     1     1    23     1    30    22     0     2   102.0   33.976  -97.948    109.5    979.0
     1     1    23     1    30    23     0     1   103.0   33.748  -97.998    108.2    977.2
     1     1    23     1    31     0     0     0   104.0   33.525  -98.058    105.8    975.3
     1     1    23     1    31     1     0     1   105.0   33.304  -98.122    101.6    973.6
     1     1    23     1    31     2     0     2   106.0   33.079  -98.182     94.0    972.4
     1     1    23     1    31     3     0     3   107.0   32.851  -98.236     83.6    972.5
     1     1    23     1    31     4     0     2   108.0   32.621  -98.289     74.0    972.5
     1     1    23     1    31     5     0     1   109.0   32.387  -98.350     67.7    971.4
     1     1    23     1    31     6     0     0   110.0   32.155  -98.422     64.1    969.7
     1     1    23     1    31     7     0     1   111.0   31.927  -98.497     60.8    967.8
     1     1    23     1    31     8     0     2   112.0   31.706  -98.567     57.4    966.5
     1     1    23     1    31     9     0     3   113.0   31.488  -98.630     55.0    965.0
     1     1    23     1    31    10     0     2   114.0   31.271  -98.686     54.4    963.2
     1     1    23     1    31    11     0     1   115.0   31.050  -98.732     56.5    961.2
     1     1    23     1    31    12     0     0   116.0   30.822  -98.772     56.4    959.2
     1     1    23     1    31    13     0     1   117.0   30.582  -98.803     47.2    960.0
     1     1    23     1    31    14     0     2   118.0   30.338  -98.821     31.5    961.9
     1     1    23     1    31    15     0     3   119.0   30.096  -98.836     17.9    964.1
     1     1    23     1    31    16     0     2   120.0   29.866  -98.859      8.5    969.3
