     8     1
    GDAS    22    12    22     0     0
    GDAS    22    12    29     0     0
    GDAS    23     1     1     0     0
    GDAS    23     1     8     0     0
    GDAS    23     1    15     0     0
    GDAS    23     1    22     0     0
    GDAS    23     1    29     0     0
    GDAS    23     2     1     0     0
     1 FORWARD  OMEGA   
    23     1    18    14   49.861 -114.592  1816.7
     1 PRESSURE
     1     1    23     1    18    14     0     2     0.0   49.861 -114.592   1816.7    651.7
     1     1    23     1    18    15     0     3     1.0   49.691 -114.302   1667.1    673.2
     1     1    23     1    18    16     0     2     2.0   49.555 -114.033   1520.7    680.8
     1     1    23     1    18    17     0     1     3.0   49.459 -113.746   1337.9    703.9
     1     1    23     1    18    18     0     0     4.0   49.424 -113.466   1151.1    735.6
     1     1    23     1    18    19     0     1     5.0   49.437 -113.222   1014.9    762.2
     1     1    23     1    18    20     0     2     6.0   49.471 -113.007    964.1    779.4
     1     1    23     1    18    21     0     3     7.0   49.513 -112.778    963.5    779.3
     1     1    23     1    18    22     0     2     8.0   49.579 -112.501    948.5    787.8
     1     1    23     1    18    23     0     1     9.0   49.676 -112.188    927.6    800.0
     1     1    23     1    19     0     0     0    10.0   49.798 -111.866    921.0    809.4
     1     1    23     1    19     1     0     1    11.0   49.932 -111.565    927.0    812.0
     1     1    23     1    19     2     0     2    12.0   50.073 -111.301    927.7    813.7
     1     1    23     1    19     3     0     3    13.0   50.221 -111.081    915.5    815.9
     1     1    23     1    19     4     0     2    14.0   50.386 -110.891    900.5    819.8
     1     1    23     1    19     5     0     1    15.0   50.573 -110.730    883.0    822.8
     1     1    23     1    19     6     0     0    16.0   50.780 -110.612    852.9    827.9
     1     1    23     1    19     7     0     1    17.0   50.994 -110.558    813.1    835.1
     1     1    23     1    19     8     0     2    18.0   51.197 -110.550    775.8    838.5
     1     1    23     1    19     9     0     3    19.0   51.385 -110.553    747.6    840.2
     1     1    23     1    19    10     0     2    20.0   51.545 -110.558    730.7    841.4
     1     1    23     1    19    11     0     1    21.0   51.667 -110.562    727.8    841.1
     1     1    23     1    19    12     0     0    22.0   51.751 -110.565    739.3    839.6
     1     1    23     1    19    13     0     1    23.0   51.803 -110.561    760.4    837.0
     1     1    23     1    19    14     0     2    24.0   51.833 -110.546    784.5    834.8
     1     1    23     1    19    15     0     3    25.0   51.839 -110.523    809.4    832.8
     1     1    23     1    19    16     0     2    26.0   51.818 -110.483    828.3    831.4
     1     1    23     1    19    17     0     1    27.0   51.770 -110.419    835.8    831.9
     1     1    23     1    19    18     0     0    28.0   51.699 -110.336    830.8    834.0
     1     1    23     1    19    19     0     1    29.0   51.601 -110.240    819.7    837.6
     1     1    23     1    19    20     0     2    30.0   51.473 -110.129    812.0    840.8
     1     1    23     1    19    21     0     3    31.0   51.330 -109.993    809.9    843.3
     1     1    23     1    19    22     0     2    32.0   51.164 -109.837    813.6    845.0
     1     1    23     1    19    23     0     1    33.0   50.972 -109.667    825.7    845.2
     1     1    23     1    20     0     0     0    34.0   50.760 -109.466    840.6    840.9
     1     1    23     1    20     1     0     1    35.0   50.518 -109.254    846.2    836.5
     1     1    23     1    20     2     0     2    36.0   50.249 -109.046    834.9    834.0
     1     1    23     1    20     3     0     3    37.0   49.974 -108.818    800.5    832.6
     1     1    23     1    20     4     0     2    38.0   49.710 -108.591    767.9    835.6
     1     1    23     1    20     5     0     1    39.0   49.457 -108.389    748.7    834.6
     1     1    23     1    20     6     0     0    40.0   49.229 -108.184    716.3    836.8
     1     1    23     1    20     7     0     1    41.0   49.021 -107.975    671.5    844.3
     1     1    23     1    20     8     0     2    42.0   48.811 -107.756    646.6    852.2
     1     1    23     1    20     9     0     3    43.0   48.589 -107.504    658.6    854.2
     1     1    23     1    20    10     0     2    44.0   48.367 -107.228    690.5    852.4
     1     1    23     1    20    11     0     1    45.0   48.141 -106.947    721.0    852.0
     1     1    23     1    20    12     0     0    46.0   47.905 -106.657    736.8    850.3
     1     1    23     1    20    13     0     1    47.0   47.667 -106.371    727.5    847.8
     1     1    23     1    20    14     0     2    48.0   47.436 -106.110    699.9    849.0
     1     1    23     1    20    15     0     3    49.0   47.212 -105.875    670.0    850.7
     1     1    23     1    20    16     0     2    50.0   47.008 -105.654    643.9    851.1
     1     1    23     1    20    17     0     1    51.0   46.835 -105.427    629.3    854.3
     1     1    23     1    20    18     0     0    52.0   46.692 -105.194    634.8    853.4
     1     1    23     1    20    19     0     1    53.0   46.564 -104.952    650.2    848.6
     1     1    23     1    20    20     0     2    54.0   46.436 -104.694    660.1    844.3
     1     1    23     1    20    21     0     3    55.0   46.301 -104.418    667.5    841.7
     1     1    23     1    20    22     0     2    56.0   46.147 -104.127    683.6    838.7
     1     1    23     1    20    23     0     1    57.0   45.968 -103.831    701.2    835.3
     1     1    23     1    21     0     0     0    58.0   45.772 -103.544    704.2    836.1
     1     1    23     1    21     1     0     1    59.0   45.574 -103.259    706.7    839.7
     1     1    23     1    21     2     0     2    60.0   45.379 -102.968    716.4    840.5
     1     1    23     1    21     3     0     3    61.0   45.189 -102.681    716.4    843.7
     1     1    23     1    21     4     0     2    62.0   44.994 -102.392    696.0    849.4
     1     1    23     1    21     5     0     1    63.0   44.771 -102.099    685.0    857.0
     1     1    23     1    21     6     0     0    64.0   44.524 -101.807    704.9    855.1
     1     1    23     1    21     7     0     1    65.0   44.294 -101.505    698.1    852.9
     1     1    23     1    21     8     0     2    66.0   44.086 -101.207    661.5    864.6
     1     1    23     1    21     9     0     3    67.0   43.870 -100.923    656.6    868.0
     1     1    23     1    21    10     0     2    68.0   43.657 -100.634    658.2    860.8
     1     1    23     1    21    11     0     1    69.0   43.462 -100.338    633.7    864.9
     1     1    23     1    21    12     0     0    70.0   43.258 -100.065    597.3    869.6
     1     1    23     1    21    13     0     1    71.0   43.033  -99.800    571.4    873.3
     1     1    23     1    21    14     0     2    72.0   42.810  -99.532    576.9    873.9
     1     1    23     1    21    15     0     3    73.0   42.604  -99.283    618.6    870.6
     1     1    23     1    21    16     0     2    74.0   42.412  -99.059    662.1    861.2
     1     1    23     1    21    17     0     1    75.0   42.223  -98.853    661.3    860.8
     1     1    23     1    21    18     0     0    76.0   42.025  -98.674    626.7    865.6
     1     1    23     1    21    19     0     1    77.0   41.835  -98.523    603.5    873.9
     1     1    23     1    21    20     0     2    78.0   41.662  -98.390    616.3    874.2
     1     1    23     1    21    21     0     3    79.0   41.497  -98.265    655.7    871.8
     1     1    23     1    21    22     0     2    80.0   41.333  -98.149    709.8    867.2
     1     1    23     1    21    23     0     1    81.0   41.158  -98.060    762.6    863.1
     1     1    23     1    22     0     0     0    82.0   40.958  -98.022    798.9    860.1
     1     1    23     1    22     1     0     1    83.0   40.742  -98.001    829.6    860.1
     1     1    23     1    22     2     0     2    84.0   40.528  -97.960    858.7    857.6
     1     1    23     1    22     3     0     3    85.0   40.306  -97.911    871.4    857.1
     1     1    23     1    22     4     0     2    86.0   40.074  -97.866    875.8    859.8
     1     1    23     1    22     5     0     1    87.0   39.846  -97.815    893.6    859.4
     1     1    23     1    22     6     0     0    88.0   39.624  -97.752    924.2    855.6
     1     1    23     1    22     7     0     1    89.0   39.401  -97.683    952.3    852.6
     1     1    23     1    22     8     0     2    90.0   39.174  -97.611    971.8    851.5
     1     1    23     1    22     9     0     3    91.0   38.934  -97.532    982.7    851.2
     1     1    23     1    22    10     0     2    92.0   38.671  -97.450    987.8    850.9
     1     1    23     1    22    11     0     1    93.0   38.385  -97.368    986.0    850.1
     1     1    23     1    22    12     0     0    94.0   38.083  -97.286    972.1    850.6
     1     1    23     1    22    13     0     1    95.0   37.773  -97.210    950.4    855.4
     1     1    23     1    22    14     0     2    96.0   37.468  -97.148    926.4    861.1
     1     1    23     1    22    15     0     3    97.0   37.168  -97.094    897.0    866.9
     1     1    23     1    22    16     0     2    98.0   36.888  -97.033    867.7    874.3
     1     1    23     1    22    17     0     1    99.0   36.640  -96.948    850.2    879.1
     1     1    23     1    22    18     0     0   100.0   36.419  -96.835    844.5    882.1
     1     1    23     1    22    19     0     1   101.0   36.212  -96.698    837.4    884.1
     1     1    23     1    22    20     0     2   102.0   36.015  -96.541    813.7    888.5
     1     1    23     1    22    21     0     3   103.0   35.824  -96.365    773.3    894.3
     1     1    23     1    22    22     0     2   104.0   35.629  -96.179    721.7    902.0
     1     1    23     1    22    23     0     1   105.0   35.419  -95.998    646.4    911.9
     1     1    23     1    23     0     0     0   106.0   35.199  -95.830    560.9    924.9
     1     1    23     1    23     1     0     1   107.0   34.968  -95.688    488.6    934.4
     1     1    23     1    23     2     0     2   108.0   34.723  -95.587    423.2    944.2
     1     1    23     1    23     3     0     3   109.0   34.458  -95.530    353.8    953.6
     1     1    23     1    23     4     0     2   110.0   34.196  -95.506    288.3    965.8
     1     1    23     1    23     5     0     1   111.0   33.968  -95.497    242.9    973.8
     1     1    23     1    23     6     0     0   112.0   33.781  -95.505    221.0    976.9
     1     1    23     1    23     7     0     1   113.0   33.621  -95.526    209.8    977.1
     1     1    23     1    23     8     0     2   114.0   33.486  -95.552    196.7    979.3
     1     1    23     1    23     9     0     3   115.0   33.377  -95.580    183.5    981.5
     1     1    23     1    23    10     0     2   116.0   33.275  -95.626    170.2    983.3
     1     1    23     1    23    11     0     1   117.0   33.162  -95.714    156.0    985.3
     1     1    23     1    23    12     0     0   118.0   33.033  -95.848    139.9    987.7
     1     1    23     1    23    13     0     1   119.0   32.913  -96.008    127.8    991.1
     1     1    23     1    23    14     0     2   120.0   32.832  -96.156    123.9    992.5
