     8     1
    GDAS    22    12    22     0     0
    GDAS    22    12    29     0     0
    GDAS    23     1     1     0     0
    GDAS    23     1     8     0     0
    GDAS    23     1    15     0     0
    GDAS    23     1    22     0     0
    GDAS    23     1    29     0     0
    GDAS    23     2     1     0     0
     1 FORWARD  OMEGA   
    23     1    26    12   33.230 -112.395  3639.7
     1 PRESSURE
     1     1    23     1    26    12     0     0     0.0   33.230 -112.395   3639.7    612.0
     1     1    23     1    26    13     0     1     1.0   32.884 -112.176   3442.6    633.8
     1     1    23     1    26    14     0     2     2.0   32.573 -111.993   3266.9    640.2
     1     1    23     1    26    15     0     3     3.0   32.296 -111.802   3148.1    639.6
     1     1    23     1    26    16     0     2     4.0   32.056 -111.613   3086.2    635.7
     1     1    23     1    26    17     0     1     5.0   31.836 -111.452   3050.5    631.5
     1     1    23     1    26    18     0     0     6.0   31.628 -111.297   3033.7    626.5
     1     1    23     1    26    19     0     1     7.0   31.429 -111.118   3028.0    615.1
     1     1    23     1    26    20     0     2     8.0   31.243 -110.904   3009.9    602.7
     1     1    23     1    26    21     0     3     9.0   31.085 -110.651   2956.0    593.6
     1     1    23     1    26    22     0     2    10.0   30.960 -110.379   2864.7    593.2
     1     1    23     1    26    23     0     1    11.0   30.857 -110.124   2765.8    599.3
     1     1    23     1    27     0     0     0    12.0   30.769 -109.901   2685.9    605.1
     1     1    23     1    27     1     0     1    13.0   30.696 -109.711   2606.4    609.5
     1     1    23     1    27     2     0     2    14.0   30.634 -109.590   2477.5    620.2
     1     1    23     1    27     3     0     3    15.0   30.584 -109.549   2290.5    636.5
     1     1    23     1    27     4     0     2    16.0   30.538 -109.596   2055.5    660.2
     1     1    23     1    27     5     0     1    17.0   30.492 -109.731   1782.2    687.1
     1     1    23     1    27     6     0     0    18.0   30.432 -109.963   1438.8    723.5
     1     1    23     1    27     7     0     1    19.0   30.342 -110.284   1088.1    778.5
     1     1    23     1    27     8     0     2    20.0   30.234 -110.655    853.7    824.0
     1     1    23     1    27     9     0     3    21.0   30.118 -111.049    781.4    851.9
     1     1    23     1    27    10     0     2    22.0   29.996 -111.401    765.3    848.6
     1     1    23     1    27    11     0     1    23.0   29.829 -111.701    668.5    870.9
     1     1    23     1    27    12     0     0    24.0   29.613 -111.951    535.4    905.7
     1     1    23     1    27    13     0     1    25.0   29.381 -112.123    462.6    938.2
     1     1    23     1    27    14     0     2    26.0   29.163 -112.214    474.5    950.5
     1     1    23     1    27    15     0     3    27.0   28.966 -112.245    564.3    947.5
     1     1    23     1    27    16     0     2    28.0   28.784 -112.258    665.9    928.6
     1     1    23     1    27    17     0     1    29.0   28.603 -112.257    704.9    923.5
     1     1    23     1    27    18     0     0    30.0   28.427 -112.242    693.7    925.5
     1     1    23     1    27    19     0     1    31.0   28.243 -112.212    669.4    930.8
     1     1    23     1    27    20     0     2    32.0   28.048 -112.174    662.8    932.3
     1     1    23     1    27    21     0     3    33.0   27.857 -112.126    676.2    933.2
     1     1    23     1    27    22     0     2    34.0   27.682 -112.069    698.9    932.3
     1     1    23     1    27    23     0     1    35.0   27.516 -112.007    730.3    932.3
     1     1    23     1    28     0     0     0    36.0   27.356 -111.942    784.7    926.5
     1     1    23     1    28     1     0     1    37.0   27.217 -111.875    841.1    918.1
     1     1    23     1    28     2     0     2    38.0   27.109 -111.807    870.8    914.8
     1     1    23     1    28     3     0     3    39.0   27.020 -111.739    871.1    915.1
     1     1    23     1    28     4     0     2    40.0   26.954 -111.673    854.7    917.5
     1     1    23     1    28     5     0     1    41.0   26.912 -111.613    831.7    919.2
     1     1    23     1    28     6     0     0    42.0   26.890 -111.556    798.6    922.3
     1     1    23     1    28     7     0     1    43.0   26.875 -111.498    763.9    926.8
     1     1    23     1    28     8     0     2    44.0   26.855 -111.432    740.6    929.1
     1     1    23     1    28     9     0     3    45.0   26.832 -111.360    734.1    929.8
     1     1    23     1    28    10     0     2    46.0   26.813 -111.286    751.5    928.3
     1     1    23     1    28    11     0     1    47.0   26.804 -111.212    796.0    923.6
     1     1    23     1    28    12     0     0    48.0   26.811 -111.136    869.6    916.2
     1     1    23     1    28    13     0     1    49.0   26.842 -111.055    968.8    905.5
     1     1    23     1    28    14     0     2    50.0   26.903 -110.972   1091.8    893.4
     1     1    23     1    28    15     0     3    51.0   26.992 -110.891   1239.0    878.0
     1     1    23     1    28    16     0     2    52.0   27.105 -110.811   1352.8    860.1
     1     1    23     1    28    17     0     1    53.0   27.237 -110.741   1377.3    857.1
     1     1    23     1    28    18     0     0    54.0   27.385 -110.684   1324.5    861.3
     1     1    23     1    28    19     0     1    55.0   27.539 -110.640   1239.4    871.2
     1     1    23     1    28    20     0     2    56.0   27.701 -110.609   1156.5    875.7
     1     1    23     1    28    21     0     3    57.0   27.876 -110.597   1063.8    881.3
     1     1    23     1    28    22     0     2    58.0   28.061 -110.592    967.7    888.8
     1     1    23     1    28    23     0     1    59.0   28.244 -110.580    896.2    892.7
     1     1    23     1    29     0     0     0    60.0   28.420 -110.558    867.8    889.5
     1     1    23     1    29     1     0     1    61.0   28.600 -110.537    872.0    882.0
     1     1    23     1    29     2     0     2    62.0   28.790 -110.523    872.8    872.9
     1     1    23     1    29     3     0     3    63.0   28.986 -110.520    820.1    869.6
     1     1    23     1    29     4     0     2    64.0   29.186 -110.502    773.7    872.2
     1     1    23     1    29     5     0     1    65.0   29.417 -110.449    787.7    855.7
     1     1    23     1    29     6     0     0    66.0   29.688 -110.353    828.5    833.5
     1     1    23     1    29     7     0     1    67.0   29.989 -110.205    868.5    809.5
     1     1    23     1    29     8     0     2    68.0   30.316 -109.988    894.9    782.0
     1     1    23     1    29     9     0     3    69.0   30.676 -109.684    907.2    757.6
     1     1    23     1    29    10     0     2    70.0   31.049 -109.297    888.0    739.9
     1     1    23     1    29    11     0     1    71.0   31.364 -108.899    856.2    755.3
     1     1    23     1    29    12     0     0    72.0   31.612 -108.507    822.8    772.3
     1     1    23     1    29    13     0     1    73.0   31.840 -108.057    799.0    782.1
     1     1    23     1    29    14     0     2    74.0   32.063 -107.585    796.1    781.7
     1     1    23     1    29    15     0     3    75.0   32.283 -107.173    792.7    779.1
     1     1    23     1    29    16     0     2    76.0   32.514 -106.806    798.7    780.7
     1     1    23     1    29    17     0     1    77.0   32.763 -106.449    873.5    771.8
     1     1    23     1    29    18     0     0    78.0   33.031 -106.060   1085.3    749.4
     1     1    23     1    29    19     0     1    79.0   33.292 -105.608   1318.6    709.0
     1     1    23     1    29    20     0     2    80.0   33.520 -105.175   1438.9    701.2
     1     1    23     1    29    21     0     3    81.0   33.741 -104.787   1529.2    706.9
     1     1    23     1    29    22     0     2    82.0   33.993 -104.401   1670.2    701.4
     1     1    23     1    29    23     0     1    83.0   34.294 -103.943   1890.1    688.1
     1     1    23     1    30     0     0     0    84.0   34.606 -103.328   2075.2    664.9
     1     1    23     1    30     1     0     1    85.0   34.903 -102.561   2171.6    667.0
     1     1    23     1    30     2     0     2    86.0   35.174 -101.761   2294.1    673.7
     1     1    23     1    30     3     0     3    87.0   35.422 -100.923   2435.4    679.9
     1     1    23     1    30     4     0     2    88.0   35.648 -100.078   2534.7    683.3
     1     1    23     1    30     5     0     1    89.0   35.873  -99.246   2570.6    687.3
     1     1    23     1    30     6     0     0    90.0   36.087  -98.395   2564.0    702.7
     1     1    23     1    30     7     0     1    91.0   36.278  -97.565   2529.1    717.1
     1     1    23     1    30     8     0     2    92.0   36.482  -96.739   2538.2    719.1
     1     1    23     1    30     9     0     3    93.0   36.678  -95.885   2536.0    721.4
     1     1    23     1    30    10     0     2    94.0   36.848  -95.000   2529.7    721.7
     1     1    23     1    30    11     0     1    95.0   37.009  -94.078   2503.7    712.1
     1     1    23     1    30    12     0     0    96.0   37.156  -93.130   2453.7    718.6
     1     1    23     1    30    13     0     1    97.0   37.291  -92.173   2449.7    721.2
     1     1    23     1    30    14     0     2    98.0   37.425  -91.230   2479.6    727.5
     1     1    23     1    30    15     0     3    99.0   37.551  -90.306   2498.9    733.2
     1     1    23     1    30    16     0     2   100.0   37.683  -89.402   2492.9    738.3
     1     1    23     1    30    17     0     1   101.0   37.830  -88.502   2476.2    741.2
     1     1    23     1    30    18     0     0   102.0   37.982  -87.592   2403.4    749.8
     1     1    23     1    30    19     0     1   103.0   38.156  -86.686   2395.7    744.4
     1     1    23     1    30    20     0     2   104.0   38.320  -85.744   2405.5    738.3
     1     1    23     1    30    21     0     3   105.0   38.456  -84.760   2407.0    737.3
     1     1    23     1    30    22     0     2   106.0   38.572  -83.775   2432.9    730.9
     1     1    23     1    30    23     0     1   107.0   38.669  -82.798   2429.0    733.4
     1     1    23     1    31     0     0     0   108.0   38.755  -81.835   2392.5    735.7
     1     1    23     1    31     1     0     1   109.0   38.835  -80.860   2398.0    724.5
     1     1    23     1    31     2     0     2   110.0   38.868  -79.823   2346.1    709.0
     1     1    23     1    31     3     0     3   111.0   38.834  -78.789   2306.3    729.1
     1     1    23     1    31     4     0     2   112.0   38.778  -77.853   2238.5    757.8
     1     1    23     1    31     5     0     1   113.0   38.748  -77.033   2128.0    778.8
     1     1    23     1    31     6     0     0   114.0   38.742  -76.318   2033.7    795.1
     1     1    23     1    31     7     0     1   115.0   38.766  -75.673   2007.6    799.6
     1     1    23     1    31     8     0     2   116.0   38.802  -75.053   1991.6    799.6
     1     1    23     1    31     9     0     3   117.0   38.820  -74.446   1930.6    802.0
     1     1    23     1    31    10     0     2   118.0   38.830  -73.845   1834.6    816.3
     1     1    23     1    31    11     0     1   119.0   38.850  -73.252   1798.7    825.5
     1     1    23     1    31    12     0     0   120.0   38.878  -72.668   1804.0    819.0
