     8     1
    GDAS    22    12    22     0     0
    GDAS    22    12    29     0     0
    GDAS    23     1     1     0     0
    GDAS    23     1     8     0     0
    GDAS    23     1    15     0     0
    GDAS    23     1    22     0     0
    GDAS    23     1    29     0     0
    GDAS    23     2     1     0     0
     1 FORWARD  OMEGA   
    22    12    29    12   33.516 -124.611     5.4
     1 PRESSURE
     1     1    22    12    29    12     0     0     0.0   33.516 -124.611      5.4   1011.9
     1     1    22    12    29    13     0     1     1.0   33.569 -124.304      6.8   1011.9
     1     1    22    12    29    14     0     2     2.0   33.615 -124.008      8.3   1011.7
     1     1    22    12    29    15     0     3     3.0   33.645 -123.731      9.3   1011.6
     1     1    22    12    29    16     0     2     4.0   33.659 -123.469      9.9   1012.7
     1     1    22    12    29    17     0     1     5.0   33.664 -123.217     10.4   1013.8
     1     1    22    12    29    18     0     0     6.0   33.662 -122.985     10.7   1014.8
     1     1    22    12    29    19     0     1     7.0   33.653 -122.766     10.4   1014.8
     1     1    22    12    29    20     0     2     8.0   33.640 -122.551      9.7   1014.9
     1     1    22    12    29    21     0     3     9.0   33.627 -122.343      8.6   1014.8
     1     1    22    12    29    22     0     2    10.0   33.614 -122.142      7.5   1014.7
     1     1    22    12    29    23     0     1    11.0   33.597 -121.945      7.0   1014.6
     1     1    22    12    30     0     0     0    12.0   33.573 -121.756      7.1   1014.6
     1     1    22    12    30     1     0     1    13.0   33.537 -121.582      7.6   1014.5
     1     1    22    12    30     2     0     2    14.0   33.486 -121.427      8.5   1014.4
     1     1    22    12    30     3     0     3    15.0   33.422 -121.286      9.6   1014.3
     1     1    22    12    30     4     0     2    16.0   33.353 -121.153     11.0   1015.4
     1     1    22    12    30     5     0     1    17.0   33.283 -121.020     12.3   1016.3
     1     1    22    12    30     6     0     0    18.0   33.211 -120.886     13.4   1017.3
     1     1    22    12    30     7     0     1    19.0   33.141 -120.751     14.1   1017.3
     1     1    22    12    30     8     0     2    20.0   33.073 -120.614     14.5   1017.2
     1     1    22    12    30     9     0     3    21.0   33.008 -120.477     14.3   1017.4
     1     1    22    12    30    10     0     2    22.0   32.947 -120.336     13.9   1017.0
     1     1    22    12    30    11     0     1    23.0   32.887 -120.187     13.8   1016.1
     1     1    22    12    30    12     0     0    24.0   32.826 -120.030     14.1   1015.0
     1     1    22    12    30    13     0     1    25.0   32.763 -119.885     14.6   1015.9
     1     1    22    12    30    14     0     2    26.0   32.703 -119.771     14.9   1016.8
     1     1    22    12    30    15     0     3    27.0   32.650 -119.681     14.8   1017.8
     1     1    22    12    30    16     0     2    28.0   32.607 -119.600     14.5   1018.0
     1     1    22    12    30    17     0     1    29.0   32.572 -119.514     13.8   1018.3
     1     1    22    12    30    18     0     0    30.0   32.547 -119.422     12.8   1018.7
     1     1    22    12    30    19     0     1    31.0   32.527 -119.320     11.8   1018.7
     1     1    22    12    30    20     0     2    32.0   32.503 -119.204     11.1   1018.4
     1     1    22    12    30    21     0     3    33.0   32.472 -119.071     10.7   1018.0
     1     1    22    12    30    22     0     2    34.0   32.430 -118.929     10.5   1017.2
     1     1    22    12    30    23     0     1    35.0   32.375 -118.793     10.0   1016.6
     1     1    22    12    31     0     0     0    36.0   32.307 -118.669      9.5   1016.0
     1     1    22    12    31     1     0     1    37.0   32.232 -118.559      9.1   1017.0
     1     1    22    12    31     2     0     2    38.0   32.152 -118.462      8.9   1018.2
     1     1    22    12    31     3     0     3    39.0   32.067 -118.376      9.1   1019.6
     1     1    22    12    31     4     0     2    40.0   31.977 -118.295      9.3   1019.9
     1     1    22    12    31     5     0     1    41.0   31.886 -118.218      9.3   1019.9
     1     1    22    12    31     6     0     0    42.0   31.795 -118.143      9.2   1020.0
     1     1    22    12    31     7     0     1    43.0   31.704 -118.077      9.0   1018.7
     1     1    22    12    31     8     0     2    44.0   31.616 -118.019      9.0   1017.5
     1     1    22    12    31     9     0     3    45.0   31.528 -117.967      8.9   1016.3
     1     1    22    12    31    10     0     2    46.0   31.440 -117.917      8.9   1016.3
     1     1    22    12    31    11     0     1    47.0   31.353 -117.866      8.7   1016.3
     1     1    22    12    31    12     0     0    48.0   31.262 -117.813      8.5   1016.3
     1     1    22    12    31    13     0     1    49.0   31.174 -117.756      8.3   1016.2
     1     1    22    12    31    14     0     2    50.0   31.091 -117.690      8.1   1016.1
     1     1    22    12    31    15     0     3    51.0   31.014 -117.614      7.7   1016.0
     1     1    22    12    31    16     0     2    52.0   30.948 -117.522      7.1   1016.0
     1     1    22    12    31    17     0     1    53.0   30.896 -117.408      6.0   1015.9
     1     1    22    12    31    18     0     0    54.0   30.857 -117.275      4.4   1015.9
     1     1    22    12    31    19     0     1    55.0   30.816 -117.126      2.1   1016.0
     1     1    22    12    31    20     0     2    56.0   30.759 -116.964      0.0   1015.2
     1     1    22    12    31    21     0     3    57.0   30.694 -116.792      0.2   1011.2
     1     1    22    12    31    22     0     2    58.0   30.632 -116.628      4.0   1007.2
     1     1    22    12    31    23     0     1    59.0   30.578 -116.488      9.1   1004.4
     1     1    23     1     1     0     0     0    60.0   30.526 -116.368     15.3   1001.8
     1     1    23     1     1     1     0     1    61.0   30.474 -116.263     23.8   1000.1
     1     1    23     1     1     2     0     2    62.0   30.420 -116.165     33.1    999.1
     1     1    23     1     1     3     0     3    63.0   30.365 -116.072     41.2    998.8
     1     1    23     1     1     4     0     2    64.0   30.313 -115.987     45.8    998.3
     1     1    23     1     1     5     0     1    65.0   30.272 -115.911     45.9    994.9
     1     1    23     1     1     6     0     0    66.0   30.247 -115.837     41.9    991.3
     1     1    23     1     1     7     0     1    67.0   30.250 -115.761     40.9    986.3
     1     1    23     1     1     8     0     2    68.0   30.292 -115.683     50.3    979.1
     1     1    23     1     1     9     0     3    69.0   30.367 -115.603     75.1    970.2
     1     1    23     1     1    10     0     2    70.0   30.469 -115.510    113.1    958.9
     1     1    23     1     1    11     0     1    71.0   30.585 -115.400    156.4    948.2
     1     1    23     1     1    12     0     0    72.0   30.699 -115.284    203.2    938.1
     1     1    23     1     1    13     0     1    73.0   30.787 -115.160    239.3    930.1
     1     1    23     1     1    14     0     2    74.0   30.845 -115.029    220.4    926.4
     1     1    23     1     1    15     0     3    75.0   30.917 -114.904    151.1    941.7
     1     1    23     1     1    16     0     2    76.0   31.011 -114.788     86.2    961.9
     1     1    23     1     1    17     0     1    77.0   31.144 -114.642     52.3    976.1
     1     1    23     1     1    18     0     0    78.0   31.346 -114.433     44.6    986.8
     1     1    23     1     1    19     0     1    79.0   31.573 -114.162     64.8    989.7
     1     1    23     1     1    20     0     2    80.0   31.769 -113.804    167.6    975.2
     1     1    23     1     1    21     0     3    81.0   31.932 -113.286    454.4    927.9
     1     1    23     1     1    22     0     2    82.0   32.139 -112.712    813.7    860.0
     1     1    23     1     1    23     0     1    83.0   32.458 -112.173   1096.3    825.5
     1     1    23     1     2     0     0     0    84.0   32.805 -111.589   1304.4    792.6
     1     1    23     1     2     1     0     1    85.0   33.166 -110.955   1485.3    747.5
     1     1    23     1     2     2     0     2    86.0   33.577 -110.371   1970.1    682.8
     1     1    23     1     2     3     0     3    87.0   34.181 -109.878   2507.4    560.4
     1     1    23     1     2     4     0     2    88.0   34.859 -109.458   2859.2    551.4
     1     1    23     1     2     5     0     1    89.0   35.576 -109.098   2900.9    517.2
     1     1    23     1     2     6     0     0    90.0   36.314 -108.792   2826.9    543.2
     1     1    23     1     2     7     0     1    91.0   36.971 -108.590   3128.4    549.7
     1     1    23     1     2     8     0     2    92.0   37.629 -108.497   3424.9    480.7
     1     1    23     1     2     9     0     3    93.0   38.314 -108.558   3429.6    466.2
     1     1    23     1     2    10     0     2    94.0   38.925 -108.691   3408.7    501.9
     1     1    23     1     2    11     0     1    95.0   39.392 -108.817   3711.2    504.9
     1     1    23     1     2    12     0     0    96.0   39.680 -108.992   3986.5    463.8
     1     1    23     1     2    13     0     1    97.0   39.849 -109.103   4119.3    475.4
     1     1    23     1     2    14     0     2    98.0   39.893 -109.193   4416.5    462.0
     1     1    23     1     2    15     0     3    99.0   39.784 -109.320   4864.2    430.3
     1     1    23     1     2    16     0     2   100.0   39.563 -109.544   5217.9    402.2
     1     1    23     1     2    17     0     1   101.0   39.271 -109.763   5385.7    398.4
     1     1    23     1     2    18     0     0   102.0   38.943 -109.908   5458.8    401.7
     1     1    23     1     2    19     0     1   103.0   38.600 -110.002   5481.8    397.1
     1     1    23     1     2    20     0     2   104.0   38.248 -110.049   5504.5    389.8
     1     1    23     1     2    21     0     3   105.0   37.892 -109.997   5566.0    384.0
     1     1    23     1     2    22     0     2   106.0   37.538 -109.869   5623.7    382.0
     1     1    23     1     2    23     0     1   107.0   37.205 -109.675   5615.1    388.8
     1     1    23     1     3     0     0     0   108.0   36.872 -109.367   5531.8    393.4
     1     1    23     1     3     1     0     1   109.0   36.527 -108.977   5493.0    387.6
     1     1    23     1     3     2     0     2   110.0   36.186 -108.499   5578.7    368.5
     1     1    23     1     3     3     0     3   111.0   35.871 -107.862   5536.8    367.2
     1     1    23     1     3     4     0     2   112.0   35.611 -107.160   5250.4    387.5
     1     1    23     1     3     5     0     1   113.0   35.401 -106.430   5069.7    414.2
     1     1    23     1     3     6     0     0   114.0   35.255 -105.655   5043.5    411.3
     1     1    23     1     3     7     0     1   115.0   35.161 -104.884   5092.3    420.2
     1     1    23     1     3     8     0     2   116.0   35.085 -104.033   5166.7    430.3
     1     1    23     1     3     9     0     3   117.0   35.058 -103.092   5130.7    436.9
     1     1    23     1     3    10     0     2   118.0   35.079 -102.087   4958.1    464.6
     1     1    23     1     3    11     0     1   119.0   35.142 -101.146   4826.8    487.6
     1     1    23     1     3    12     0     0   120.0   35.277 -100.280   4736.7    506.7
