     8     1
    GDAS    22    12    22     0     0
    GDAS    22    12    29     0     0
    GDAS    23     1     1     0     0
    GDAS    23     1     8     0     0
    GDAS    23     1    15     0     0
    GDAS    23     1    22     0     0
    GDAS    23     1    29     0     0
    GDAS    23     2     1     0     0
     1 FORWARD  OMEGA   
    23     1    24    14   41.582 -101.143   447.3
     1 PRESSURE
     1     1    23     1    24    14     0     2     0.0   41.582 -101.143    447.3    852.4
     1     1    23     1    24    15     0     3     1.0   41.322 -100.939    381.6    862.1
     1     1    23     1    24    16     0     2     2.0   41.108 -100.741    311.1    881.2
     1     1    23     1    24    17     0     1     3.0   40.943 -100.537    284.8    887.5
     1     1    23     1    24    18     0     0     4.0   40.777 -100.361    286.1    889.3
     1     1    23     1    24    19     0     1     5.0   40.597 -100.194    286.1    890.4
     1     1    23     1    24    20     0     2     6.0   40.402 -100.020    279.9    896.3
     1     1    23     1    24    21     0     3     7.0   40.183  -99.860    297.6    899.1
     1     1    23     1    24    22     0     2     8.0   39.947  -99.728    341.2    895.7
     1     1    23     1    24    23     0     1     9.0   39.706  -99.626    376.1    892.6
     1     1    23     1    25     0     0     0    10.0   39.454  -99.553    388.9    893.9
     1     1    23     1    25     1     0     1    11.0   39.185  -99.499    388.4    896.2
     1     1    23     1    25     2     0     2    12.0   38.890  -99.463    384.8    897.5
     1     1    23     1    25     3     0     3    13.0   38.564  -99.445    386.3    895.5
     1     1    23     1    25     4     0     2    14.0   38.234  -99.425    393.0    892.4
     1     1    23     1    25     5     0     1    15.0   37.908  -99.401    404.6    891.1
     1     1    23     1    25     6     0     0    16.0   37.575  -99.381    419.0    892.5
     1     1    23     1    25     7     0     1    17.0   37.225  -99.348    436.1    894.9
     1     1    23     1    25     8     0     2    18.0   36.851  -99.302    460.7    893.4
     1     1    23     1    25     9     0     3    19.0   36.456  -99.236    471.6    887.6
     1     1    23     1    25    10     0     2    20.0   36.049  -99.141    448.4    889.0
     1     1    23     1    25    11     0     1    21.0   35.640  -99.034    424.1    902.1
     1     1    23     1    25    12     0     0    22.0   35.242  -98.922    412.8    910.1
     1     1    23     1    25    13     0     1    23.0   34.865  -98.797    407.4    918.7
     1     1    23     1    25    14     0     2    24.0   34.511  -98.671    407.4    924.8
     1     1    23     1    25    15     0     3    25.0   34.191  -98.542    399.1    930.7
     1     1    23     1    25    16     0     2    26.0   33.917  -98.391    380.4    936.7
     1     1    23     1    25    17     0     1    27.0   33.684  -98.203    362.4    940.0
     1     1    23     1    25    18     0     0    28.0   33.476  -97.986    355.7    941.6
     1     1    23     1    25    19     0     1    29.0   33.270  -97.766    351.9    943.1
     1     1    23     1    25    20     0     2    30.0   33.049  -97.563    344.4    947.4
     1     1    23     1    25    21     0     3    31.0   32.813  -97.371    332.5    951.4
     1     1    23     1    25    22     0     2    32.0   32.579  -97.190    307.8    956.9
     1     1    23     1    25    23     0     1    33.0   32.361  -97.027    270.6    964.5
     1     1    23     1    26     0     0     0    34.0   32.156  -96.883    231.7    971.1
     1     1    23     1    26     1     0     1    35.0   31.960  -96.747    194.2    977.4
     1     1    23     1    26     2     0     2    36.0   31.769  -96.622    159.5    986.0
     1     1    23     1    26     3     0     3    37.0   31.580  -96.519    130.8    992.6
     1     1    23     1    26     4     0     2    38.0   31.393  -96.437    107.7    996.7
     1     1    23     1    26     5     0     1    39.0   31.212  -96.369     87.0   1000.0
     1     1    23     1    26     6     0     0    40.0   31.043  -96.318     65.5   1003.6
     1     1    23     1    26     7     0     1    41.0   30.897  -96.288     48.8   1006.9
     1     1    23     1    26     8     0     2    42.0   30.776  -96.277     39.1   1008.4
     1     1    23     1    26     9     0     3    43.0   30.670  -96.283     33.7   1009.5
     1     1    23     1    26    10     0     2    44.0   30.570  -96.290     29.4   1010.7
     1     1    23     1    26    11     0     1    45.0   30.471  -96.287     24.6   1012.3
     1     1    23     1    26    12     0     0    46.0   30.373  -96.276     20.0   1013.8
     1     1    23     1    26    13     0     1    47.0   30.276  -96.266     16.7   1015.6
     1     1    23     1    26    14     0     2    48.0   30.177  -96.265     15.6   1016.8
     1     1    23     1    26    15     0     3    49.0   30.078  -96.271     16.7   1017.6
     1     1    23     1    26    16     0     2    50.0   29.982  -96.274     18.6   1017.4
     1     1    23     1    26    17     0     1    51.0   29.891  -96.266     18.8   1018.2
     1     1    23     1    26    18     0     0    52.0   29.805  -96.248     17.2   1019.3
     1     1    23     1    26    19     0     1    53.0   29.718  -96.229     14.9   1019.9
     1     1    23     1    26    20     0     2    54.0   29.624  -96.216     12.7   1020.3
     1     1    23     1    26    21     0     3    55.0   29.524  -96.207     10.7   1020.6
     1     1    23     1    26    22     0     2    56.0   29.428  -96.206      9.0   1021.0
     1     1    23     1    26    23     0     1    57.0   29.345  -96.216      7.5   1021.2
     1     1    23     1    27     0     0     0    58.0   29.275  -96.237      6.4   1021.3
     1     1    23     1    27     1     0     1    59.0   29.215  -96.262      5.3   1022.3
     1     1    23     1    27     2     0     2    60.0   29.164  -96.289      4.1   1023.4
     1     1    23     1    27     3     0     3    61.0   29.121  -96.317      2.7   1024.6
     1     1    23     1    27     4     0     2    62.0   29.085  -96.345      1.3   1024.7
     1     1    23     1    27     5     0     1    63.0   29.057  -96.374      0.3   1024.8
     1     1    23     1    27     6     0     0    64.0   29.036  -96.401      0.0   1024.9
     1     1    23     1    27     7     0     1    65.0   29.021  -96.430      0.0   1023.6
     1     1    23     1    27     8     0     2    66.0   29.009  -96.462      0.0   1022.3
     1     1    23     1    27     9     0     3    67.0   29.000  -96.497      0.0   1020.9
     1     1    23     1    27    10     0     2    68.0   28.992  -96.536      0.0   1020.9
     1     1    23     1    27    11     0     1    69.0   28.985  -96.584      0.0   1020.8
     1     1    23     1    27    12     0     0    70.0   28.977  -96.640      0.0   1020.8
     1     1    23     1    27    13     0     1    71.0   28.975  -96.700      0.0   1020.7
     1     1    23     1    27    14     0     2    72.0   28.985  -96.757      0.0   1020.5
     1     1    23     1    27    15     0     3    73.0   29.007  -96.811      0.0   1020.2
     1     1    23     1    27    16     0     2    74.0   29.037  -96.862      0.0   1019.9
     1     1    23     1    27    17     0     1    75.0   29.073  -96.915      0.0   1019.6
     1     1    23     1    27    18     0     0    76.0   29.117  -96.970      0.0   1019.2
     1     1    23     1    27    19     0     1    77.0   29.161  -97.026      0.0   1017.5
     1     1    23     1    27    20     0     2    78.0   29.195  -97.085      0.0   1015.7
     1     1    23     1    27    21     0     3    79.0   29.219  -97.146      0.0   1013.8
     1     1    23     1    27    22     0     2    80.0   29.238  -97.211      0.0   1013.1
     1     1    23     1    27    23     0     1    81.0   29.257  -97.281      0.0   1012.2
     1     1    23     1    28     0     0     0    82.0   29.276  -97.359      0.1   1011.3
     1     1    23     1    28     1     0     1    83.0   29.297  -97.447      0.8   1010.0
     1     1    23     1    28     2     0     2    84.0   29.325  -97.539      2.0   1008.5
     1     1    23     1    28     3     0     3    85.0   29.358  -97.632      3.6   1006.6
     1     1    23     1    28     4     0     2    86.0   29.399  -97.724      5.4   1003.7
     1     1    23     1    28     5     0     1    87.0   29.450  -97.813      7.5   1000.8
     1     1    23     1    28     6     0     0    88.0   29.513  -97.898      9.7    997.8
     1     1    23     1    28     7     0     1    89.0   29.582  -97.973     12.8    994.5
     1     1    23     1    28     8     0     2    90.0   29.649  -98.037     17.7    991.0
     1     1    23     1    28     9     0     3    91.0   29.713  -98.091     24.8    987.1
     1     1    23     1    28    10     0     2    92.0   29.781  -98.133     34.0    982.9
     1     1    23     1    28    11     0     1    93.0   29.861  -98.159     43.8    978.7
     1     1    23     1    28    12     0     0    94.0   29.949  -98.169     52.0    974.8
     1     1    23     1    28    13     0     1    95.0   30.050  -98.169     58.2    972.6
     1     1    23     1    28    14     0     2    96.0   30.175  -98.158     61.0    971.5
     1     1    23     1    28    15     0     3    97.0   30.319  -98.135     58.1    971.7
     1     1    23     1    28    16     0     2    98.0   30.479  -98.094     48.9    972.8
     1     1    23     1    28    17     0     1    99.0   30.655  -98.029     32.5    974.7
     1     1    23     1    28    18     0     0   100.0   30.840  -97.945     10.8    979.2
     1     1    23     1    28    19     0     1   101.0   31.023  -97.853      0.0    980.5
     1     1    23     1    28    20     0     2   102.0   31.200  -97.759      0.0    981.4
     1     1    23     1    28    21     0     3   103.0   31.377  -97.660      0.0    982.0
     1     1    23     1    28    22     0     2   104.0   31.563  -97.559      0.0    983.2
     1     1    23     1    28    23     0     1   105.0   31.763  -97.464      0.0    984.1
     1     1    23     1    29     0     0     0   106.0   31.982  -97.382      0.0    984.4
     1     1    23     1    29     1     0     1   107.0   32.207  -97.302      0.0    985.7
     1     1    23     1    29     2     0     2   108.0   32.420  -97.212      0.0    987.6
     1     1    23     1    29     3     0     3   109.0   32.624  -97.117      0.0    989.6
     1     1    23     1    29     4     0     2   110.0   32.817  -97.026      0.0    991.4
     1     1    23     1    29     5     0     1   111.0   32.997  -96.942      0.0    992.2
     1     1    23     1    29     6     0     0   112.0   33.169  -96.857      0.2    991.2
     1     1    23     1    29     7     0     1   113.0   33.318  -96.768      0.7    990.9
     1     1    23     1    29     8     0     2   114.0   33.427  -96.673      1.3    991.1
     1     1    23     1    29     9     0     3   115.0   33.489  -96.569      1.9    991.6
     1     1    23     1    29    10     0     2   116.0   33.502  -96.464      2.2    992.5
     1     1    23     1    29    11     0     1   117.0   33.469  -96.368      1.8    993.5
     1     1    23     1    29    12     0     0   118.0   33.397  -96.278      0.9    994.6
     1     1    23     1    29    13     0     1   119.0   33.296  -96.195      0.0    995.8
     1     1    23     1    29    14     0     2   120.0   33.163  -96.121      0.0    997.2
