     8     1
    GDAS    22    12    22     0     0
    GDAS    22    12    29     0     0
    GDAS    23     1     1     0     0
    GDAS    23     1     8     0     0
    GDAS    23     1    15     0     0
    GDAS    23     1    22     0     0
    GDAS    23     1    29     0     0
    GDAS    23     2     1     0     0
     1 FORWARD  OMEGA   
    22    12    31    14   52.634 -110.657   654.8
     1 PRESSURE
     1     1    22    12    31    14     0     2     0.0   52.634 -110.657    654.8    843.9
     1     1    22    12    31    15     0     3     1.0   52.551 -110.616    640.5    845.0
     1     1    22    12    31    16     0     2     2.0   52.454 -110.545    629.0    846.2
     1     1    22    12    31    17     0     1     3.0   52.341 -110.455    622.1    846.7
     1     1    22    12    31    18     0     0     4.0   52.210 -110.354    621.4    846.3
     1     1    22    12    31    19     0     1     5.0   52.064 -110.248    628.1    844.7
     1     1    22    12    31    20     0     2     6.0   51.911 -110.134    638.7    844.0
     1     1    22    12    31    21     0     3     7.0   51.756 -110.004    647.2    845.3
     1     1    22    12    31    22     0     2     8.0   51.606 -109.862    651.9    847.1
     1     1    22    12    31    23     0     1     9.0   51.460 -109.710    654.5    848.7
     1     1    23     1     1     0     0     0    10.0   51.317 -109.547    656.0    850.2
     1     1    23     1     1     1     0     1    11.0   51.172 -109.370    655.4    851.4
     1     1    23     1     1     2     0     2    12.0   51.023 -109.179    652.6    852.8
     1     1    23     1     1     3     0     3    13.0   50.875 -108.976    652.0    852.0
     1     1    23     1     1     4     0     2    14.0   50.720 -108.757    658.7    849.3
     1     1    23     1     1     5     0     1    15.0   50.552 -108.516    669.2    844.7
     1     1    23     1     1     6     0     0    16.0   50.370 -108.256    672.5    840.0
     1     1    23     1     1     7     0     1    17.0   50.170 -107.979    660.1    836.6
     1     1    23     1     1     8     0     2    18.0   49.956 -107.693    652.3    840.5
     1     1    23     1     1     9     0     3    19.0   49.744 -107.409    674.4    842.0
     1     1    23     1     1    10     0     2    20.0   49.539 -107.130    719.5    838.6
     1     1    23     1     1    11     0     1    21.0   49.333 -106.853    765.7    832.8
     1     1    23     1     1    12     0     0    22.0   49.119 -106.564    803.0    826.1
     1     1    23     1     1    13     0     1    23.0   48.901 -106.263    833.1    821.7
     1     1    23     1     1    14     0     2    24.0   48.685 -105.962    855.0    823.1
     1     1    23     1     1    15     0     3    25.0   48.473 -105.667    862.6    828.5
     1     1    23     1     1    16     0     2    26.0   48.270 -105.371    851.5    834.8
     1     1    23     1     1    17     0     1    27.0   48.085 -105.063    822.5    840.9
     1     1    23     1     1    18     0     0    28.0   47.916 -104.746    798.3    847.3
     1     1    23     1     1    19     0     1    29.0   47.751 -104.422    801.0    845.4
     1     1    23     1     1    20     0     2    30.0   47.578 -104.089    819.3    838.9
     1     1    23     1     1    21     0     3    31.0   47.398 -103.737    828.8    832.5
     1     1    23     1     1    22     0     2    32.0   47.210 -103.370    828.3    830.9
     1     1    23     1     1    23     0     1    33.0   47.012 -102.999    840.0    830.1
     1     1    23     1     2     0     0     0    34.0   46.807 -102.657    852.8    829.8
     1     1    23     1     2     1     0     1    35.0   46.618 -102.358    840.7    834.4
     1     1    23     1     2     2     0     2    36.0   46.456 -102.084    807.3    841.5
     1     1    23     1     2     3     0     3    37.0   46.321 -101.826    763.1    848.7
     1     1    23     1     2     4     0     2    38.0   46.206 -101.567    717.7    854.8
     1     1    23     1     2     5     0     1    39.0   46.102 -101.300    673.5    860.5
     1     1    23     1     2     6     0     0    40.0   45.996 -101.031    626.7    866.7
     1     1    23     1     2     7     0     1    41.0   45.897 -100.779    597.9    873.9
     1     1    23     1     2     8     0     2    42.0   45.817 -100.549    594.2    874.7
     1     1    23     1     2     9     0     3    43.0   45.754 -100.335    598.3    875.2
     1     1    23     1     2    10     0     2    44.0   45.703 -100.129    596.9    876.1
     1     1    23     1     2    11     0     1    45.0   45.656  -99.927    584.3    878.9
     1     1    23     1     2    12     0     0    46.0   45.610  -99.729    564.3    882.3
     1     1    23     1     2    13     0     1    47.0   45.567  -99.541    535.3    886.5
     1     1    23     1     2    14     0     2    48.0   45.531  -99.361    491.0    892.6
     1     1    23     1     2    15     0     3    49.0   45.505  -99.183    426.7    901.6
     1     1    23     1     2    16     0     2    50.0   45.485  -99.009    360.8    912.4
     1     1    23     1     2    17     0     1    51.0   45.464  -98.850    311.2    920.4
     1     1    23     1     2    18     0     0    52.0   45.443  -98.713    273.8    926.6
     1     1    23     1     2    19     0     1    53.0   45.415  -98.600    246.7    931.3
     1     1    23     1     2    20     0     2    54.0   45.374  -98.511    232.1    934.2
     1     1    23     1     2    21     0     3    55.0   45.319  -98.447    232.0    935.2
     1     1    23     1     2    22     0     2    56.0   45.251  -98.424    236.8    933.9
     1     1    23     1     2    23     0     1    57.0   45.170  -98.456    237.1    933.7
     1     1    23     1     3     0     0     0    58.0   45.078  -98.540    237.6    933.5
     1     1    23     1     3     1     0     1    59.0   44.975  -98.659    246.9    932.3
     1     1    23     1     3     2     0     2    60.0   44.860  -98.806    262.7    928.0
     1     1    23     1     3     3     0     3    61.0   44.729  -98.993    274.7    922.9
     1     1    23     1     3     4     0     2    62.0   44.589  -99.210    288.6    919.3
     1     1    23     1     3     5     0     1    63.0   44.441  -99.440    319.9    913.3
     1     1    23     1     3     6     0     0    64.0   44.275  -99.686    371.7    905.6
     1     1    23     1     3     7     0     1    65.0   44.069  -99.941    434.2    897.4
     1     1    23     1     3     8     0     2    66.0   43.807 -100.197    499.3    882.5
     1     1    23     1     3     9     0     3    67.0   43.473 -100.476    556.1    861.5
     1     1    23     1     3    10     0     2    68.0   43.063 -100.779    582.7    841.9
     1     1    23     1     3    11     0     1    69.0   42.589 -101.050    590.6    832.0
     1     1    23     1     3    12     0     0    70.0   42.046 -101.271    570.7    823.5
     1     1    23     1     3    13     0     1    71.0   41.468 -101.410    567.0    830.2
     1     1    23     1     3    14     0     2    72.0   40.893 -101.479    632.8    824.2
     1     1    23     1     3    15     0     3    73.0   40.324 -101.504    736.2    813.0
     1     1    23     1     3    16     0     2    74.0   39.772 -101.485    823.1    801.8
     1     1    23     1     3    17     0     1    75.0   39.258 -101.383    845.7    797.1
     1     1    23     1     3    18     0     0    76.0   38.784 -101.211    837.1    806.7
     1     1    23     1     3    19     0     1    77.0   38.358 -100.994    829.8    812.7
     1     1    23     1     3    20     0     2    78.0   37.991 -100.752    807.6    817.1
     1     1    23     1     3    21     0     3    79.0   37.689 -100.506    770.6    828.2
     1     1    23     1     3    22     0     2    80.0   37.421 -100.263    721.8    840.0
     1     1    23     1     3    23     0     1    81.0   37.172 -100.018    659.0    855.9
     1     1    23     1     4     0     0     0    82.0   36.952  -99.774    594.2    869.9
     1     1    23     1     4     1     0     1    83.0   36.745  -99.532    526.8    878.7
     1     1    23     1     4     2     0     2    84.0   36.529  -99.291    448.9    889.5
     1     1    23     1     4     3     0     3    85.0   36.284  -99.062    365.2    901.4
     1     1    23     1     4     4     0     2    86.0   36.018  -98.858    294.6    913.7
     1     1    23     1     4     5     0     1    87.0   35.771  -98.686    241.2    926.7
     1     1    23     1     4     6     0     0    88.0   35.565  -98.541    199.6    936.8
     1     1    23     1     4     7     0     1    89.0   35.388  -98.416    172.5    944.4
     1     1    23     1     4     8     0     2    90.0   35.227  -98.310    160.1    948.5
     1     1    23     1     4     9     0     3    91.0   35.077  -98.219    157.6    950.7
     1     1    23     1     4    10     0     2    92.0   34.927  -98.143    161.1    952.2
     1     1    23     1     4    11     0     1    93.0   34.765  -98.083    167.5    953.9
     1     1    23     1     4    12     0     0    94.0   34.588  -98.036    175.9    955.4
     1     1    23     1     4    13     0     1    95.0   34.415  -98.006    182.5    956.9
     1     1    23     1     4    14     0     2    96.0   34.267  -97.991    184.0    958.8
     1     1    23     1     4    15     0     3    97.0   34.140  -97.988    179.9    961.1
     1     1    23     1     4    16     0     2    98.0   34.036  -97.978    170.7    963.5
     1     1    23     1     4    17     0     1    99.0   33.959  -97.945    157.7    965.9
     1     1    23     1     4    18     0     0   100.0   33.906  -97.887    142.4    968.6
     1     1    23     1     4    19     0     1   101.0   33.872  -97.808    126.7    970.5
     1     1    23     1     4    20     0     2   102.0   33.849  -97.710    111.5    972.4
     1     1    23     1     4    21     0     3   103.0   33.837  -97.595     96.8    974.7
     1     1    23     1     4    22     0     2   104.0   33.824  -97.476     83.3    977.7
     1     1    23     1     4    23     0     1   105.0   33.797  -97.369     71.7    980.3
     1     1    23     1     5     0     0     0   106.0   33.758  -97.277     61.9    982.7
     1     1    23     1     5     1     0     1   107.0   33.704  -97.204     53.4    985.5
     1     1    23     1     5     2     0     2   108.0   33.635  -97.151     45.8    988.0
     1     1    23     1     5     3     0     3   109.0   33.553  -97.119     39.2    990.6
     1     1    23     1     5     4     0     2   110.0   33.469  -97.096     34.8    992.2
     1     1    23     1     5     5     0     1   111.0   33.392  -97.064     32.4    993.6
     1     1    23     1     5     6     0     0   112.0   33.322  -97.022     31.2    995.2
     1     1    23     1     5     7     0     1   113.0   33.250  -96.972     28.8    997.1
     1     1    23     1     5     8     0     2   114.0   33.168  -96.917     23.8    999.1
     1     1    23     1     5     9     0     3   115.0   33.075  -96.851     17.5   1001.5
     1     1    23     1     5    10     0     2   116.0   32.979  -96.783     12.9   1003.1
     1     1    23     1     5    11     0     1   117.0   32.882  -96.724     10.6   1003.2
     1     1    23     1     5    12     0     0   118.0   32.783  -96.675      9.3   1003.3
     1     1    23     1     5    13     0     1   119.0   32.683  -96.633      8.4   1004.4
     1     1    23     1     5    14     0     2   120.0   32.583  -96.596      7.5   1005.4
