     8     1
    GDAS    22    12    22     0     0
    GDAS    22    12    29     0     0
    GDAS    23     1     1     0     0
    GDAS    23     1     8     0     0
    GDAS    23     1    15     0     0
    GDAS    23     1    22     0     0
    GDAS    23     1    29     0     0
    GDAS    23     2     1     0     0
     1 FORWARD  OMEGA   
    23     1     6    14   38.275 -102.867   696.1
     1 PRESSURE
     1     1    23     1     6    14     0     2     0.0   38.275 -102.867    696.1    796.4
     1     1    23     1     6    15     0     3     1.0   38.326 -102.198    636.0    822.3
     1     1    23     1     6    16     0     2     2.0   38.380 -101.623    643.9    827.4
     1     1    23     1     6    17     0     1     3.0   38.433 -101.171    652.2    832.9
     1     1    23     1     6    18     0     0     4.0   38.497 -100.848    643.7    839.3
     1     1    23     1     6    19     0     1     5.0   38.556 -100.636    648.9    845.5
     1     1    23     1     6    20     0     2     6.0   38.602 -100.486    696.1    842.8
     1     1    23     1     6    21     0     3     7.0   38.644 -100.384    782.1    835.3
     1     1    23     1     6    22     0     2     8.0   38.675 -100.292    864.6    825.2
     1     1    23     1     6    23     0     1     9.0   38.683 -100.196    903.4    823.1
     1     1    23     1     7     0     0     0    10.0   38.669 -100.105    897.0    825.9
     1     1    23     1     7     1     0     1    11.0   38.615 -100.041    866.3    832.7
     1     1    23     1     7     2     0     2    12.0   38.513  -99.994    831.9    837.4
     1     1    23     1     7     3     0     3    13.0   38.365  -99.943    800.4    841.7
     1     1    23     1     7     4     0     2    14.0   38.172  -99.871    775.3    844.6
     1     1    23     1     7     5     0     1    15.0   37.928  -99.771    751.9    848.9
     1     1    23     1     7     6     0     0    16.0   37.635  -99.654    724.6    857.5
     1     1    23     1     7     7     0     1    17.0   37.312  -99.528    694.2    867.2
     1     1    23     1     7     8     0     2    18.0   36.960  -99.388    660.4    875.7
     1     1    23     1     7     9     0     3    19.0   36.566  -99.238    594.6    880.4
     1     1    23     1     7    10     0     2    20.0   36.129  -99.092    493.5    891.7
     1     1    23     1     7    11     0     1    21.0   35.660  -98.959    414.8    911.6
     1     1    23     1     7    12     0     0    22.0   35.178  -98.872    406.5    921.8
     1     1    23     1     7    13     0     1    23.0   34.704  -98.838    432.4    920.9
     1     1    23     1     7    14     0     2    24.0   34.275  -98.836    438.7    926.9
     1     1    23     1     7    15     0     3    25.0   33.891  -98.863    432.6    932.2
     1     1    23     1     7    16     0     2    26.0   33.554  -98.892    425.6    931.0
     1     1    23     1     7    17     0     1    27.0   33.266  -98.899    420.1    929.8
     1     1    23     1     7    18     0     0    28.0   33.014  -98.889    416.8    928.7
     1     1    23     1     7    19     0     1    29.0   32.782  -98.875    410.1    927.1
     1     1    23     1     7    20     0     2    30.0   32.555  -98.865    393.7    927.1
     1     1    23     1     7    21     0     3    31.0   32.326  -98.856    366.3    928.3
     1     1    23     1     7    22     0     2    32.0   32.089  -98.855    324.9    931.2
     1     1    23     1     7    23     0     1    33.0   31.838  -98.879    274.0    936.3
     1     1    23     1     8     0     0     0    34.0   31.571  -98.928    226.9    939.7
     1     1    23     1     8     1     0     1    35.0   31.303  -98.991    200.6    941.3
     1     1    23     1     8     2     0     2    36.0   31.047  -99.061    206.3    938.2
     1     1    23     1     8     3     0     3    37.0   30.799  -99.154    230.2    932.7
     1     1    23     1     8     4     0     2    38.0   30.541  -99.263    226.5    928.6
     1     1    23     1     8     5     0     1    39.0   30.266  -99.366    177.1    933.2
     1     1    23     1     8     6     0     0    40.0   29.986  -99.451    111.9    941.9
     1     1    23     1     8     7     0     1    41.0   29.738  -99.531     65.3    959.0
     1     1    23     1     8     8     0     2    42.0   29.529  -99.626     38.1    968.9
     1     1    23     1     8     9     0     3    43.0   29.353  -99.727     23.7    977.1
     1     1    23     1     8    10     0     2    44.0   29.210  -99.820     17.7    983.7
     1     1    23     1     8    11     0     1    45.0   29.103  -99.892     19.7    987.7
     1     1    23     1     8    12     0     0    46.0   29.030  -99.942     32.5    989.6
     1     1    23     1     8    13     0     1    47.0   28.969  -99.980     55.7    989.6
     1     1    23     1     8    14     0     2    48.0   28.898 -100.010     77.4    987.3
     1     1    23     1     8    15     0     3    49.0   28.815 -100.028     86.9    986.4
     1     1    23     1     8    16     0     2    50.0   28.727 -100.044     87.3    987.1
     1     1    23     1     8    17     0     1    51.0   28.644 -100.068     87.0    986.8
     1     1    23     1     8    18     0     0    52.0   28.566 -100.099     87.3    986.2
     1     1    23     1     8    19     0     1    53.0   28.490 -100.136     87.0    984.0
     1     1    23     1     8    20     0     2    54.0   28.412 -100.178     83.9    982.1
     1     1    23     1     8    21     0     3    55.0   28.333 -100.223     77.8    980.5
     1     1    23     1     8    22     0     2    56.0   28.259 -100.279     71.2    980.6
     1     1    23     1     8    23     0     1    57.0   28.193 -100.353     65.9    979.5
     1     1    23     1     9     0     0     0    58.0   28.133 -100.449     60.5    977.8
     1     1    23     1     9     1     0     1    59.0   28.090 -100.567     52.8    975.6
     1     1    23     1     9     2     0     2    60.0   28.075 -100.703     41.5    973.1
     1     1    23     1     9     3     0     3    61.0   28.090 -100.851     27.8    971.3
     1     1    23     1     9     4     0     2    62.0   28.129 -100.985     17.8    969.9
     1     1    23     1     9     5     0     1    63.0   28.181 -101.083     12.7    963.0
     1     1    23     1     9     6     0     0    64.0   28.248 -101.146     10.2    957.4
     1     1    23     1     9     7     0     1    65.0   28.327 -101.186      8.6    953.6
     1     1    23     1     9     8     0     2    66.0   28.415 -101.214      7.3    950.7
     1     1    23     1     9     9     0     3    67.0   28.509 -101.236      6.1    948.4
     1     1    23     1     9    10     0     2    68.0   28.603 -101.255      5.1    946.8
     1     1    23     1     9    11     0     1    69.0   28.689 -101.272      4.3    945.3
     1     1    23     1     9    12     0     0    70.0   28.767 -101.288      3.6    944.0
     1     1    23     1     9    13     0     1    71.0   28.837 -101.304      2.9    942.3
     1     1    23     1     9    14     0     2    72.0   28.901 -101.325      2.2    940.1
     1     1    23     1     9    15     0     3    73.0   28.957 -101.351      1.5    937.3
     1     1    23     1     9    16     0     2    74.0   29.013 -101.381      1.2    933.8
     1     1    23     1     9    17     0     1    75.0   29.075 -101.413      2.7    931.5
     1     1    23     1     9    18     0     0    76.0   29.145 -101.443      6.2    930.0
     1     1    23     1     9    19     0     1    77.0   29.217 -101.469     12.7    929.0
     1     1    23     1     9    20     0     2    78.0   29.281 -101.490     29.3    927.2
     1     1    23     1     9    21     0     3    79.0   29.341 -101.502     71.1    924.2
     1     1    23     1     9    22     0     2    80.0   29.401 -101.518    143.7    916.7
     1     1    23     1     9    23     0     1    81.0   29.469 -101.549    217.3    907.2
     1     1    23     1    10     0     0     0    82.0   29.549 -101.596    266.7    901.8
     1     1    23     1    10     1     0     1    83.0   29.651 -101.654    297.9    901.6
     1     1    23     1    10     2     0     2    84.0   29.779 -101.716    330.0    903.6
     1     1    23     1    10     3     0     3    85.0   29.936 -101.804    389.8    906.7
     1     1    23     1    10     4     0     2    86.0   30.104 -101.879    469.3    896.7
     1     1    23     1    10     5     0     1    87.0   30.265 -101.885    520.6    886.2
     1     1    23     1    10     6     0     0    88.0   30.429 -101.833    529.0    881.7
     1     1    23     1    10     7     0     1    89.0   30.600 -101.733    516.4    881.5
     1     1    23     1    10     8     0     2    90.0   30.774 -101.577    499.3    879.0
     1     1    23     1    10     9     0     3    91.0   30.964 -101.366    464.6    876.8
     1     1    23     1    10    10     0     2    92.0   31.176 -101.090    389.0    883.5
     1     1    23     1    10    11     0     1    93.0   31.412 -100.749    287.6    901.3
     1     1    23     1    10    12     0     0    94.0   31.639 -100.369    209.0    918.0
     1     1    23     1    10    13     0     1    95.0   31.826  -99.991    169.9    929.6
     1     1    23     1    10    14     0     2    96.0   31.979  -99.622    150.9    935.7
     1     1    23     1    10    15     0     3    97.0   32.119  -99.268    134.6    943.5
     1     1    23     1    10    16     0     2    98.0   32.265  -98.911    122.1    949.7
     1     1    23     1    10    17     0     1    99.0   32.410  -98.545    103.4    955.0
     1     1    23     1    10    18     0     0   100.0   32.548  -98.186     80.5    962.1
     1     1    23     1    10    19     0     1   101.0   32.684  -97.853     65.3    968.0
     1     1    23     1    10    20     0     2   102.0   32.824  -97.566     60.5    973.2
     1     1    23     1    10    21     0     3   103.0   32.975  -97.322     65.2    976.4
     1     1    23     1    10    22     0     2   104.0   33.143  -97.109     75.0    978.6
     1     1    23     1    10    23     0     1   105.0   33.332  -96.915     85.5    978.4
     1     1    23     1    11     0     0     0   106.0   33.550  -96.735    101.1    976.3
     1     1    23     1    11     1     0     1   107.0   33.799  -96.543    126.2    973.5
     1     1    23     1    11     2     0     2   108.0   34.078  -96.312    160.9    969.6
     1     1    23     1    11     3     0     3   109.0   34.372  -96.054    199.8    964.0
     1     1    23     1    11     4     0     2   110.0   34.647  -95.782    237.3    958.4
     1     1    23     1    11     5     0     1   111.0   34.892  -95.479    272.8    952.3
     1     1    23     1    11     6     0     0   112.0   35.143  -95.161    306.3    946.7
     1     1    23     1    11     7     0     1   113.0   35.395  -94.841    352.6    938.3
     1     1    23     1    11     8     0     2   114.0   35.601  -94.478    392.2    923.7
     1     1    23     1    11     9     0     3   115.0   35.758  -94.061    381.8    913.7
     1     1    23     1    11    10     0     2   116.0   35.896  -93.639    341.6    922.1
     1     1    23     1    11    11     0     1   117.0   35.994  -93.273    305.9    929.5
     1     1    23     1    11    12     0     0   118.0   36.040  -92.995    276.1    936.9
     1     1    23     1    11    13     0     1   119.0   36.059  -92.796    249.3    942.5
     1     1    23     1    11    14     0     2   120.0   36.075  -92.642    228.2    947.1
