     8     1
    GDAS    22    12    22     0     0
    GDAS    22    12    29     0     0
    GDAS    23     1     1     0     0
    GDAS    23     1     8     0     0
    GDAS    23     1    15     0     0
    GDAS    23     1    22     0     0
    GDAS    23     1    29     0     0
    GDAS    23     2     1     0     0
     1 FORWARD  OMEGA   
    23     1     2    15   28.512 -113.120  1933.9
     1 PRESSURE
     1     1    23     1     2    15     0     3     0.0   28.512 -113.120   1933.9    782.4
     1     1    23     1     2    16     0     2     1.0   28.420 -112.637   1855.4    796.3
     1     1    23     1     2    17     0     1     2.0   28.411 -112.221   1807.9    808.7
     1     1    23     1     2    18     0     0     3.0   28.476 -111.863   1747.2    817.1
     1     1    23     1     2    19     0     1     4.0   28.596 -111.548   1720.6    821.0
     1     1    23     1     2    20     0     2     5.0   28.756 -111.238   1792.7    806.7
     1     1    23     1     2    21     0     3     6.0   28.961 -110.898   1951.9    780.5
     1     1    23     1     2    22     0     2     7.0   29.187 -110.460   2098.3    729.5
     1     1    23     1     2    23     0     1     8.0   29.422 -109.919   2125.3    693.4
     1     1    23     1     3     0     0     0     9.0   29.693 -109.304   2020.2    675.4
     1     1    23     1     3     1     0     1    10.0   29.984 -108.579   1902.1    656.8
     1     1    23     1     3     2     0     2    11.0   30.117 -107.631   1843.2    654.2
     1     1    23     1     3     3     0     3    12.0   30.214 -106.786   1941.3    669.1
     1     1    23     1     3     4     0     2    13.0   30.348 -106.028   1938.8    668.2
     1     1    23     1     3     5     0     1    14.0   30.550 -105.255   1877.3    679.3
     1     1    23     1     3     6     0     0    15.0   30.832 -104.431   1828.3    687.3
     1     1    23     1     3     7     0     1    16.0   31.061 -103.577   1789.4    708.3
     1     1    23     1     3     8     0     2    17.0   31.160 -102.769   1556.3    757.3
     1     1    23     1     3     9     0     3    18.0   31.175 -101.965   1337.3    781.9
     1     1    23     1     3    10     0     2    19.0   31.136 -101.182   1135.0    802.8
     1     1    23     1     3    11     0     1    20.0   31.050 -100.457    929.9    830.8
     1     1    23     1     3    12     0     0    21.0   30.903  -99.792    774.1    858.4
     1     1    23     1     3    13     0     1    22.0   30.711  -99.216    693.8    875.9
     1     1    23     1     3    14     0     2    23.0   30.497  -98.735    625.7    885.6
     1     1    23     1     3    15     0     3    24.0   30.240  -98.335    502.6    909.7
     1     1    23     1     3    16     0     2    25.0   29.949  -98.033    355.3    940.3
     1     1    23     1     3    17     0     1    26.0   29.692  -97.856    253.9    964.1
     1     1    23     1     3    18     0     0    27.0   29.493  -97.768    202.5    973.2
     1     1    23     1     3    19     0     1    28.0   29.338  -97.722    173.8    977.6
     1     1    23     1     3    20     0     2    29.0   29.201  -97.693    152.2    982.2
     1     1    23     1     3    21     0     3    30.0   29.076  -97.678    135.6    985.6
     1     1    23     1     3    22     0     2    31.0   28.972  -97.680    122.2    988.3
     1     1    23     1     3    23     0     1    32.0   28.901  -97.701    109.9    989.5
     1     1    23     1     4     0     0     0    33.0   28.862  -97.733     98.0    990.7
     1     1    23     1     4     1     0     1    34.0   28.846  -97.772     91.1    992.5
     1     1    23     1     4     2     0     2    35.0   28.835  -97.814     92.7    993.0
     1     1    23     1     4     3     0     3    36.0   28.828  -97.856    103.5    992.6
     1     1    23     1     4     4     0     2    37.0   28.826  -97.882    118.4    990.5
     1     1    23     1     4     5     0     1    38.0   28.827  -97.873    128.6    989.8
     1     1    23     1     4     6     0     0    39.0   28.830  -97.830    131.7    990.1
     1     1    23     1     4     7     0     1    40.0   28.813  -97.766    127.1    991.5
     1     1    23     1     4     8     0     2    41.0   28.762  -97.694    116.8    993.6
     1     1    23     1     4     9     0     3    42.0   28.691  -97.613    103.9    996.2
     1     1    23     1     4    10     0     2    43.0   28.616  -97.525     90.4    998.9
     1     1    23     1     4    11     0     1    44.0   28.541  -97.436     76.5   1001.8
     1     1    23     1     4    12     0     0    45.0   28.455  -97.341     61.9   1005.3
     1     1    23     1     4    13     0     1    46.0   28.361  -97.243     48.7   1008.8
     1     1    23     1     4    14     0     2    47.0   28.265  -97.152     37.8   1011.4
     1     1    23     1     4    15     0     3    48.0   28.162  -97.074     28.7   1013.6
     1     1    23     1     4    16     0     2    49.0   28.043  -97.003     21.9   1015.3
     1     1    23     1     4    17     0     1    50.0   27.903  -96.929     17.9   1016.2
     1     1    23     1     4    18     0     0    51.0   27.752  -96.854     16.0   1016.9
     1     1    23     1     4    19     0     1    52.0   27.604  -96.791     15.0   1016.7
     1     1    23     1     4    20     0     2    53.0   27.464  -96.752     13.8   1016.4
     1     1    23     1     4    21     0     3    54.0   27.325  -96.739     12.3   1016.1
     1     1    23     1     4    22     0     2    55.0   27.189  -96.753     10.4   1016.4
     1     1    23     1     4    23     0     1    56.0   27.062  -96.794      8.5   1016.4
     1     1    23     1     5     0     0     0    57.0   26.948  -96.860      6.7   1016.3
     1     1    23     1     5     1     0     1    58.0   26.862  -96.941      5.4   1017.4
     1     1    23     1     5     2     0     2    59.0   26.816  -97.029      5.0   1018.4
     1     1    23     1     5     3     0     3    60.0   26.811  -97.118      5.3   1019.2
     1     1    23     1     5     4     0     2    61.0   26.835  -97.202      5.6   1018.8
     1     1    23     1     5     5     0     1    62.0   26.873  -97.276      5.5   1018.5
     1     1    23     1     5     6     0     0    63.0   26.924  -97.338      5.1   1018.2
     1     1    23     1     5     7     0     1    64.0   26.982  -97.383      4.9   1017.9
     1     1    23     1     5     8     0     2    65.0   27.041  -97.408      5.1   1017.6
     1     1    23     1     5     9     0     3    66.0   27.098  -97.414      5.5   1017.4
     1     1    23     1     5    10     0     2    67.0   27.148  -97.404      6.0   1017.9
     1     1    23     1     5    11     0     1    68.0   27.189  -97.381      6.4   1018.4
     1     1    23     1     5    12     0     0    69.0   27.218  -97.348      6.6   1018.8
     1     1    23     1     5    13     0     1    70.0   27.235  -97.305      6.9   1019.6
     1     1    23     1     5    14     0     2    71.0   27.237  -97.253      7.5   1020.6
     1     1    23     1     5    15     0     3    72.0   27.223  -97.190      8.3   1021.8
     1     1    23     1     5    16     0     2    73.0   27.193  -97.131      9.0   1022.0
     1     1    23     1     5    17     0     1    74.0   27.145  -97.095      9.4   1022.1
     1     1    23     1     5    18     0     0    75.0   27.074  -97.086      9.4   1022.1
     1     1    23     1     5    19     0     1    76.0   26.996  -97.101      9.1   1022.0
     1     1    23     1     5    20     0     2    77.0   26.932  -97.136      8.5   1021.8
     1     1    23     1     5    21     0     3    78.0   26.886  -97.192      7.4   1021.5
     1     1    23     1     5    22     0     2    79.0   26.857  -97.273      6.3   1021.1
     1     1    23     1     5    23     0     1    80.0   26.846  -97.386      5.5   1020.6
     1     1    23     1     6     0     0     0    81.0   26.854  -97.536      4.8   1020.0
     1     1    23     1     6     1     0     1    82.0   26.879  -97.705      4.4   1019.2
     1     1    23     1     6     2     0     2    83.0   26.917  -97.870      4.6   1018.5
     1     1    23     1     6     3     0     3    84.0   26.962  -98.025      5.3   1017.4
     1     1    23     1     6     4     0     2    85.0   27.015  -98.172      5.1   1015.1
     1     1    23     1     6     5     0     1    86.0   27.087  -98.308      3.4   1012.8
     1     1    23     1     6     6     0     0    87.0   27.178  -98.434      1.3   1010.8
     1     1    23     1     6     7     0     1    88.0   27.282  -98.550      0.0   1009.1
     1     1    23     1     6     8     0     2    89.0   27.391  -98.659      0.0   1007.8
     1     1    23     1     6     9     0     3    90.0   27.503  -98.754      0.0   1006.8
     1     1    23     1     6    10     0     2    91.0   27.617  -98.839      0.0   1006.1
     1     1    23     1     6    11     0     1    92.0   27.733  -98.923      0.0   1005.7
     1     1    23     1     6    12     0     0    93.0   27.848  -99.003      0.0   1005.4
     1     1    23     1     6    13     0     1    94.0   27.979  -99.076      0.0   1005.2
     1     1    23     1     6    14     0     2    95.0   28.134  -99.143      0.0   1003.7
     1     1    23     1     6    15     0     3    96.0   28.304  -99.203      0.0   1002.1
     1     1    23     1     6    16     0     2    97.0   28.490  -99.254      0.7   1000.2
     1     1    23     1     6    17     0     1    98.0   28.698  -99.293      2.4    998.2
     1     1    23     1     6    18     0     0    99.0   28.937  -99.317      4.9    996.1
     1     1    23     1     6    19     0     1   100.0   29.204  -99.331      8.8    985.1
     1     1    23     1     6    20     0     2   101.0   29.498  -99.337     16.9    970.5
     1     1    23     1     6    21     0     3   102.0   29.838  -99.320     41.6    953.1
     1     1    23     1     6    22     0     2   103.0   30.225  -99.271     86.9    940.7
     1     1    23     1     6    23     0     1   104.0   30.627  -99.198    120.7    936.7
     1     1    23     1     7     0     0     0   105.0   31.025  -99.110    130.8    937.0
     1     1    23     1     7     1     0     1   106.0   31.393  -99.007    132.3    942.4
     1     1    23     1     7     2     0     2   107.0   31.734  -98.882    133.8    946.5
     1     1    23     1     7     3     0     3   108.0   32.069  -98.727    128.4    951.1
     1     1    23     1     7     4     0     2   109.0   32.385  -98.546    113.4    956.1
     1     1    23     1     7     5     0     1   110.0   32.654  -98.353     90.4    961.5
     1     1    23     1     7     6     0     0   111.0   32.877  -98.165     64.9    967.1
     1     1    23     1     7     7     0     1   112.0   33.041  -97.993     47.2    971.5
     1     1    23     1     7     8     0     2   113.0   33.132  -97.831     39.7    976.1
     1     1    23     1     7     9     0     3   114.0   33.163  -97.668     38.9    979.4
     1     1    23     1     7    10     0     2   115.0   33.155  -97.511     40.6    982.3
     1     1    23     1     7    11     0     1   116.0   33.109  -97.371     42.8    985.1
     1     1    23     1     7    12     0     0   117.0   33.008  -97.240     46.7    987.9
     1     1    23     1     7    13     0     1   118.0   32.886  -97.118     48.6    991.1
     1     1    23     1     7    14     0     2   119.0   32.776  -97.011     44.2    994.6
     1     1    23     1     7    15     0     3   120.0   32.663  -96.916     37.0    996.6
