     8     1
    GDAS    22    12    22     0     0
    GDAS    22    12    29     0     0
    GDAS    23     1     1     0     0
    GDAS    23     1     8     0     0
    GDAS    23     1    15     0     0
    GDAS    23     1    22     0     0
    GDAS    23     1    29     0     0
    GDAS    23     2     1     0     0
     1 FORWARD  OMEGA   
    22    12    31    13   52.749 -110.575   717.4
     1 PRESSURE
     1     1    22    12    31    13     0     1     0.0   52.749 -110.575    717.4    838.9
     1     1    22    12    31    14     0     2     1.0   52.670 -110.570    702.4    839.8
     1     1    22    12    31    15     0     3     2.0   52.585 -110.528    687.4    840.8
     1     1    22    12    31    16     0     2     3.0   52.486 -110.458    672.9    842.2
     1     1    22    12    31    17     0     1     4.0   52.370 -110.369    660.9    843.2
     1     1    22    12    31    18     0     0     5.0   52.235 -110.272    654.3    843.5
     1     1    22    12    31    19     0     1     6.0   52.086 -110.171    656.0    842.4
     1     1    22    12    31    20     0     2     7.0   51.930 -110.061    663.7    841.7
     1     1    22    12    31    21     0     3     8.0   51.772 -109.936    672.3    842.9
     1     1    22    12    31    22     0     2     9.0   51.618 -109.796    678.4    844.2
     1     1    22    12    31    23     0     1    10.0   51.469 -109.645    681.5    845.8
     1     1    23     1     1     0     0     0    11.0   51.323 -109.483    683.0    847.2
     1     1    23     1     1     1     0     1    12.0   51.174 -109.307    682.5    848.4
     1     1    23     1     1     2     0     2    13.0   51.022 -109.115    680.9    849.6
     1     1    23     1     1     3     0     3    14.0   50.871 -108.910    681.3    848.5
     1     1    23     1     1     4     0     2    15.0   50.711 -108.687    687.5    845.8
     1     1    23     1     1     5     0     1    16.0   50.537 -108.443    696.6    841.2
     1     1    23     1     1     6     0     0    17.0   50.348 -108.180    698.1    836.4
     1     1    23     1     1     7     0     1    18.0   50.142 -107.903    688.1    834.3
     1     1    23     1     1     8     0     2    19.0   49.925 -107.619    687.6    837.6
     1     1    23     1     1     9     0     3    20.0   49.713 -107.335    717.5    838.0
     1     1    23     1     1    10     0     2    21.0   49.507 -107.052    769.3    833.8
     1     1    23     1     1    11     0     1    22.0   49.299 -106.764    816.7    826.6
     1     1    23     1     1    12     0     0    23.0   49.083 -106.463    852.6    820.3
     1     1    23     1     1    13     0     1    24.0   48.863 -106.153    883.6    816.4
     1     1    23     1     1    14     0     2    25.0   48.644 -105.846    905.2    819.3
     1     1    23     1     1    15     0     3    26.0   48.427 -105.543    909.2    824.7
     1     1    23     1     1    16     0     2    27.0   48.221 -105.234    891.2    831.2
     1     1    23     1     1    17     0     1    28.0   48.031 -104.912    856.9    838.8
     1     1    23     1     1    18     0     0    29.0   47.856 -104.584    838.9    843.7
     1     1    23     1     1    19     0     1    30.0   47.681 -104.247    851.8    838.7
     1     1    23     1     1    20     0     2    31.0   47.498 -103.897    871.1    830.9
     1     1    23     1     1    21     0     3    32.0   47.310 -103.526    877.4    825.9
     1     1    23     1     1    22     0     2    33.0   47.117 -103.138    879.5    825.4
     1     1    23     1     1    23     0     1    34.0   46.918 -102.763    884.4    826.3
     1     1    23     1     2     0     0     0    35.0   46.717 -102.425    877.4    829.8
     1     1    23     1     2     1     0     1    36.0   46.530 -102.121    852.3    836.3
     1     1    23     1     2     2     0     2    37.0   46.371 -101.836    817.8    843.0
     1     1    23     1     2     3     0     3    38.0   46.241 -101.561    782.7    848.2
     1     1    23     1     2     4     0     2    39.0   46.130 -101.282    747.2    852.9
     1     1    23     1     2     5     0     1    40.0   46.024 -100.995    708.4    857.9
     1     1    23     1     2     6     0     0    41.0   45.921 -100.711    671.2    864.5
     1     1    23     1     2     7     0     1    42.0   45.829 -100.449    652.2    869.9
     1     1    23     1     2     8     0     2    43.0   45.754 -100.208    651.6    870.5
     1     1    23     1     2     9     0     3    44.0   45.694  -99.984    653.5    871.2
     1     1    23     1     2    10     0     2    45.0   45.641  -99.770    649.3    872.5
     1     1    23     1     2    11     0     1    46.0   45.589  -99.564    637.2    875.5
     1     1    23     1     2    12     0     0    47.0   45.536  -99.367    619.3    879.3
     1     1    23     1     2    13     0     1    48.0   45.484  -99.180    587.9    883.7
     1     1    23     1     2    14     0     2    49.0   45.437  -99.000    532.8    891.4
     1     1    23     1     2    15     0     3    50.0   45.399  -98.826    458.7    903.4
     1     1    23     1     2    16     0     2    51.0   45.369  -98.666    388.3    915.6
     1     1    23     1     2    17     0     1    52.0   45.338  -98.530    333.1    923.1
     1     1    23     1     2    18     0     0    53.0   45.304  -98.423    286.0    929.8
     1     1    23     1     2    19     0     1    54.0   45.264  -98.343    251.0    935.5
     1     1    23     1     2    20     0     2    55.0   45.214  -98.291    233.7    937.8
     1     1    23     1     2    21     0     3    56.0   45.155  -98.264    233.2    938.0
     1     1    23     1     2    22     0     2    57.0   45.083  -98.277    235.0    936.0
     1     1    23     1     2    23     0     1    58.0   45.000  -98.347    227.0    936.4
     1     1    23     1     3     0     0     0    59.0   44.909  -98.469    220.3    936.4
     1     1    23     1     3     1     0     1    60.0   44.809  -98.622    226.9    934.1
     1     1    23     1     3     2     0     2    61.0   44.697  -98.801    242.4    929.2
     1     1    23     1     3     3     0     3    62.0   44.568  -99.020    256.4    923.9
     1     1    23     1     3     4     0     2    63.0   44.431  -99.262    274.0    920.0
     1     1    23     1     3     5     0     1    64.0   44.285  -99.505    308.9    914.0
     1     1    23     1     3     6     0     0    65.0   44.115  -99.759    359.8    906.6
     1     1    23     1     3     7     0     1    66.0   43.902 -100.017    417.7    897.4
     1     1    23     1     3     8     0     2    67.0   43.624 -100.284    478.3    878.7
     1     1    23     1     3     9     0     3    68.0   43.267 -100.581    522.4    857.4
     1     1    23     1     3    10     0     2    69.0   42.831 -100.880    540.8    841.8
     1     1    23     1     3    11     0     1    70.0   42.335 -101.131    543.8    832.7
     1     1    23     1     3    12     0     0    71.0   41.775 -101.319    532.0    829.0
     1     1    23     1     3    13     0     1    72.0   41.194 -101.419    557.4    832.6
     1     1    23     1     3    14     0     2    73.0   40.621 -101.454    638.6    823.4
     1     1    23     1     3    15     0     3    74.0   40.055 -101.447    741.3    814.1
     1     1    23     1     3    16     0     2    75.0   39.502 -101.391    806.8    801.6
     1     1    23     1     3    17     0     1    76.0   38.987 -101.247    807.1    805.0
     1     1    23     1     3    18     0     0    77.0   38.522 -101.037    800.9    815.7
     1     1    23     1     3    19     0     1    78.0   38.111 -100.788    786.4    817.9
     1     1    23     1     3    20     0     2    79.0   37.761 -100.523    744.4    829.7
     1     1    23     1     3    21     0     3    80.0   37.472 -100.265    695.1    842.4
     1     1    23     1     3    22     0     2    81.0   37.219 -100.013    635.5    856.8
     1     1    23     1     3    23     0     1    82.0   36.991  -99.762    567.3    872.2
     1     1    23     1     4     0     0     0    83.0   36.789  -99.518    500.8    882.3
     1     1    23     1     4     1     0     1    84.0   36.593  -99.281    431.3    891.8
     1     1    23     1     4     2     0     2    85.0   36.379  -99.049    354.0    902.7
     1     1    23     1     4     3     0     3    86.0   36.132  -98.838    283.0    915.8
     1     1    23     1     4     4     0     2    87.0   35.875  -98.662    229.1    927.7
     1     1    23     1     4     5     0     1    88.0   35.651  -98.517    189.7    937.7
     1     1    23     1     4     6     0     0    89.0   35.465  -98.390    160.9    945.2
     1     1    23     1     4     7     0     1    90.0   35.302  -98.277    142.6    950.9
     1     1    23     1     4     8     0     2    91.0   35.150  -98.180    134.4    953.7
     1     1    23     1     4     9     0     3    92.0   35.007  -98.098    132.6    955.4
     1     1    23     1     4    10     0     2    93.0   34.863  -98.029    134.9    957.5
     1     1    23     1     4    11     0     1    94.0   34.709  -97.974    140.0    959.0
     1     1    23     1     4    12     0     0    95.0   34.540  -97.930    146.5    960.1
     1     1    23     1     4    13     0     1    96.0   34.374  -97.901    150.8    961.7
     1     1    23     1     4    14     0     2    97.0   34.231  -97.887    150.8    964.0
     1     1    23     1     4    15     0     3    98.0   34.108  -97.884    147.0    966.4
     1     1    23     1     4    16     0     2    99.0   34.005  -97.876    139.4    968.7
     1     1    23     1     4    17     0     1   100.0   33.927  -97.844    128.5    970.2
     1     1    23     1     4    18     0     0   101.0   33.874  -97.787    115.8    972.1
     1     1    23     1     4    19     0     1   102.0   33.839  -97.708    102.6    973.7
     1     1    23     1     4    20     0     2   103.0   33.815  -97.612     89.8    975.6
     1     1    23     1     4    21     0     3   104.0   33.802  -97.498     77.4    977.9
     1     1    23     1     4    22     0     2   105.0   33.787  -97.383     66.5    980.7
     1     1    23     1     4    23     0     1   106.0   33.760  -97.281     57.5    983.0
     1     1    23     1     5     0     0     0   107.0   33.722  -97.196     50.0    984.8
     1     1    23     1     5     1     0     1   108.0   33.670  -97.127     43.2    987.2
     1     1    23     1     5     2     0     2   109.0   33.605  -97.077     36.9    989.8
     1     1    23     1     5     3     0     3   110.0   33.528  -97.047     31.6    992.4
     1     1    23     1     5     4     0     2   111.0   33.448  -97.024     28.0    994.0
     1     1    23     1     5     5     0     1   112.0   33.375  -96.991     26.1    995.3
     1     1    23     1     5     6     0     0   113.0   33.309  -96.949     25.1    996.3
     1     1    23     1     5     7     0     1   114.0   33.241  -96.899     23.1    997.9
     1     1    23     1     5     8     0     2   115.0   33.163  -96.842     19.1    999.8
     1     1    23     1     5     9     0     3   116.0   33.074  -96.775     14.3   1002.0
     1     1    23     1     5    10     0     2   117.0   32.981  -96.704     10.8   1003.3
     1     1    23     1     5    11     0     1   118.0   32.886  -96.642      8.8   1003.4
     1     1    23     1     5    12     0     0   119.0   32.787  -96.590      7.4   1003.5
     1     1    23     1     5    13     0     1   120.0   32.687  -96.544      6.3   1004.7
