     8     1
    GDAS    22    12    22     0     0
    GDAS    22    12    29     0     0
    GDAS    23     1     1     0     0
    GDAS    23     1     8     0     0
    GDAS    23     1    15     0     0
    GDAS    23     1    22     0     0
    GDAS    23     1    29     0     0
    GDAS    23     2     1     0     0
     1 FORWARD  OMEGA   
    22    12    29    13   38.269 -137.537    26.3
     1 PRESSURE
     1     1    22    12    29    13     0     1     0.0   38.269 -137.537     26.3   1003.9
     1     1    22    12    29    14     0     2     1.0   38.524 -137.006     26.6   1002.9
     1     1    22    12    29    15     0     3     2.0   38.772 -136.432     26.8   1002.0
     1     1    22    12    29    16     0     2     3.0   39.014 -135.847     27.1   1001.5
     1     1    22    12    29    17     0     1     4.0   39.238 -135.265     27.5   1001.8
     1     1    22    12    29    18     0     0     5.0   39.445 -134.661     27.8   1001.8
     1     1    22    12    29    19     0     1     6.0   39.657 -134.050     26.1   1001.1
     1     1    22    12    29    20     0     2     7.0   39.859 -133.462     24.6   1001.2
     1     1    22    12    29    21     0     3     8.0   40.023 -132.867     25.4   1000.6
     1     1    22    12    29    22     0     2     9.0   40.161 -132.260     26.8   1000.0
     1     1    22    12    29    23     0     1    10.0   40.285 -131.664     26.4    999.8
     1     1    22    12    30     0     0     0    11.0   40.378 -131.082     23.8   1000.2
     1     1    22    12    30     1     0     1    12.0   40.450 -130.524     22.0   1000.9
     1     1    22    12    30     2     0     2    13.0   40.525 -129.998     22.2   1001.4
     1     1    22    12    30     3     0     3    14.0   40.600 -129.502     22.1   1001.4
     1     1    22    12    30     4     0     2    15.0   40.685 -129.038     20.3   1002.3
     1     1    22    12    30     5     0     1    16.0   40.788 -128.573     19.7   1003.3
     1     1    22    12    30     6     0     0    17.0   40.909 -128.088     22.1   1003.6
     1     1    22    12    30     7     0     1    18.0   41.042 -127.598     26.5   1002.8
     1     1    22    12    30     8     0     2    19.0   41.174 -127.130     29.0   1002.2
     1     1    22    12    30     9     0     3    20.0   41.299 -126.703     27.9   1002.7
     1     1    22    12    30    10     0     2    21.0   41.420 -126.336     26.3   1003.4
     1     1    22    12    30    11     0     1    22.0   41.548 -126.029     27.0   1003.7
     1     1    22    12    30    12     0     0    23.0   41.686 -125.770     29.9   1003.3
     1     1    22    12    30    13     0     1    24.0   41.842 -125.549     34.2   1002.6
     1     1    22    12    30    14     0     2    25.0   42.030 -125.353     38.9   1001.8
     1     1    22    12    30    15     0     3    26.0   42.254 -125.180     42.7   1000.9
     1     1    22    12    30    16     0     2    27.0   42.492 -125.035     43.7   1000.0
     1     1    22    12    30    17     0     1    28.0   42.711 -124.917     38.5    996.0
     1     1    22    12    30    18     0     0    29.0   42.904 -124.810     25.4    993.1
     1     1    22    12    30    19     0     1    30.0   43.047 -124.706     15.7    992.6
     1     1    22    12    30    20     0     2    31.0   43.132 -124.594     10.9    988.9
     1     1    22    12    30    21     0     3    32.0   43.170 -124.483     10.2    984.8
     1     1    22    12    30    22     0     2    33.0   43.174 -124.400     11.3    981.2
     1     1    22    12    30    23     0     1    34.0   43.154 -124.357     13.8    978.6
     1     1    22    12    31     0     0     0    35.0   43.108 -124.346     18.6    976.5
     1     1    22    12    31     1     0     1    36.0   43.049 -124.347     27.4    975.0
     1     1    22    12    31     2     0     2    37.0   42.995 -124.338     43.4    972.7
     1     1    22    12    31     3     0     3    38.0   42.949 -124.313     75.3    968.6
     1     1    22    12    31     4     0     2    39.0   42.916 -124.264    138.8    959.5
     1     1    22    12    31     5     0     1    40.0   42.893 -124.197    221.4    945.6
     1     1    22    12    31     6     0     0    41.0   42.875 -124.121    287.5    933.5
     1     1    22    12    31     7     0     1    42.0   42.862 -124.043    346.0    926.7
     1     1    22    12    31     8     0     2    43.0   42.852 -123.954    423.8    915.2
     1     1    22    12    31     9     0     3    44.0   42.846 -123.850    520.1    900.0
     1     1    22    12    31    10     0     2    45.0   42.844 -123.734    618.0    883.4
     1     1    22    12    31    11     0     1    46.0   42.840 -123.614    706.6    868.6
     1     1    22    12    31    12     0     0    47.0   42.834 -123.490    787.7    854.6
     1     1    22    12    31    13     0     1    48.0   42.826 -123.368    852.1    841.8
     1     1    22    12    31    14     0     2    49.0   42.818 -123.255    893.7    832.7
     1     1    22    12    31    15     0     3    50.0   42.811 -123.156    920.9    825.8
     1     1    22    12    31    16     0     2    51.0   42.799 -123.064    955.0    819.8
     1     1    22    12    31    17     0     1    52.0   42.775 -122.965   1011.9    806.8
     1     1    22    12    31    18     0     0    53.0   42.731 -122.847   1078.6    787.9
     1     1    22    12    31    19     0     1    54.0   42.657 -122.702   1117.8    767.4
     1     1    22    12    31    20     0     2    55.0   42.550 -122.544   1108.6    755.7
     1     1    22    12    31    21     0     3    56.0   42.411 -122.385   1090.9    749.8
     1     1    22    12    31    22     0     2    57.0   42.246 -122.237   1109.4    744.4
     1     1    22    12    31    23     0     1    58.0   42.073 -122.115   1169.7    738.5
     1     1    23     1     1     0     0     0    59.0   41.898 -122.041   1235.5    734.8
     1     1    23     1     1     1     0     1    60.0   41.706 -122.022   1256.2    738.9
     1     1    23     1     1     2     0     2    61.0   41.475 -122.060   1211.7    752.1
     1     1    23     1     1     3     0     3    62.0   41.211 -122.144   1105.6    768.6
     1     1    23     1     1     4     0     2    63.0   40.924 -122.253    936.1    788.9
     1     1    23     1     1     5     0     1    64.0   40.633 -122.348    734.7    821.0
     1     1    23     1     1     6     0     0    65.0   40.328 -122.405    527.9    852.5
     1     1    23     1     1     7     0     1    66.0   40.015 -122.423    321.4    889.9
     1     1    23     1     1     8     0     2    67.0   39.756 -122.400    166.9    929.6
     1     1    23     1     1     9     0     3    68.0   39.537 -122.350     84.8    956.1
     1     1    23     1     1    10     0     2    69.0   39.312 -122.274     45.0    975.1
     1     1    23     1     1    11     0     1    70.0   39.053 -122.147     28.7    992.8
     1     1    23     1     1    12     0     0    71.0   38.776 -121.974     21.8    999.5
     1     1    23     1     1    13     0     1    72.0   38.565 -121.821     18.1    993.3
     1     1    23     1     1    14     0     2    73.0   38.416 -121.706     16.5    991.2
     1     1    23     1     1    15     0     3    74.0   38.301 -121.610     15.9    991.0
     1     1    23     1     1    16     0     2    75.0   38.201 -121.520     19.7    993.1
     1     1    23     1     1    17     0     1    76.0   38.096 -121.419     33.5    994.7
     1     1    23     1     1    18     0     0    77.0   37.976 -121.290     60.4    995.8
     1     1    23     1     1    19     0     1    78.0   37.828 -121.125     84.4    986.7
     1     1    23     1     1    20     0     2    79.0   37.666 -120.935     79.7    976.7
     1     1    23     1     1    21     0     3    80.0   37.514 -120.746     58.8    965.0
     1     1    23     1     1    22     0     2    81.0   37.378 -120.581     39.4    963.1
     1     1    23     1     1    23     0     1    82.0   37.253 -120.448     26.0    968.1
     1     1    23     1     2     0     0     0    83.0   37.135 -120.349     18.0    978.0
     1     1    23     1     2     1     0     1    84.0   37.037 -120.261     13.0    988.5
     1     1    23     1     2     2     0     2    85.0   36.967 -120.171     10.0    993.8
     1     1    23     1     2     3     0     3    86.0   36.924 -120.079     10.3    994.8
     1     1    23     1     2     4     0     2    87.0   36.889 -119.999     13.3    996.1
     1     1    23     1     2     5     0     1    88.0   36.853 -119.947     16.6    986.4
     1     1    23     1     2     6     0     0    89.0   36.821 -119.925     16.9    983.4
     1     1    23     1     2     7     0     1    90.0   36.797 -119.916     15.9    982.7
     1     1    23     1     2     8     0     2    91.0   36.782 -119.908     14.8    981.8
     1     1    23     1     2     9     0     3    92.0   36.777 -119.899     13.4    980.7
     1     1    23     1     2    10     0     2    93.0   36.774 -119.907     10.6    982.3
     1     1    23     1     2    11     0     1    94.0   36.771 -119.943      6.2    989.0
     1     1    23     1     2    12     0     0    95.0   36.770 -120.009      0.0    998.5
     1     1    23     1     2    13     0     1    96.0   36.784 -120.084      0.0    997.6
     1     1    23     1     2    14     0     2    97.0   36.825 -120.148      0.0    997.1
     1     1    23     1     2    15     0     3    98.0   36.892 -120.203      0.0    996.8
     1     1    23     1     2    16     0     2    99.0   36.963 -120.271      0.0    996.5
     1     1    23     1     2    17     0     1   100.0   37.019 -120.367      0.0    994.1
     1     1    23     1     2    18     0     0   101.0   37.061 -120.485      0.0    990.3
     1     1    23     1     2    19     0     1   102.0   37.108 -120.586      0.0    986.7
     1     1    23     1     2    20     0     2   103.0   37.179 -120.648      0.0    983.0
     1     1    23     1     2    21     0     3   104.0   37.273 -120.685      1.6    979.1
     1     1    23     1     2    22     0     2   105.0   37.382 -120.736      4.0    977.8
     1     1    23     1     2    23     0     1   106.0   37.492 -120.839      6.6    982.4
     1     1    23     1     3     0     0     0   107.0   37.606 -120.992     10.8    995.9
     1     1    23     1     3     1     0     1   108.0   37.714 -121.180     12.1    996.4
     1     1    23     1     3     2     0     2   109.0   37.786 -121.378      3.1    998.4
     1     1    23     1     3     3     0     3   110.0   37.830 -121.583      0.0    998.8
     1     1    23     1     3     4     0     2   111.0   37.854 -121.778      0.0    999.0
     1     1    23     1     3     5     0     1   112.0   37.860 -121.949     14.2    999.0
     1     1    23     1     3     6     0     0   113.0   37.855 -122.133     56.5    996.2
     1     1    23     1     3     7     0     1   114.0   37.829 -122.380    119.8    989.6
     1     1    23     1     3     8     0     2   115.0   37.777 -122.685    157.1    985.7
     1     1    23     1     3     9     0     3   116.0   37.701 -123.013    124.9    991.2
     1     1    23     1     3    10     0     2   117.0   37.632 -123.279     80.8   1004.6
     1     1    23     1     3    11     0     1   118.0   37.585 -123.468     60.3   1005.9
     1     1    23     1     3    12     0     0   119.0   37.553 -123.608     49.2   1007.1
     1     1    23     1     3    13     0     1   120.0   37.543 -123.721     43.1   1008.0
