     8     1
    GDAS    22    12    22     0     0
    GDAS    22    12    29     0     0
    GDAS    23     1     1     0     0
    GDAS    23     1     8     0     0
    GDAS    23     1    15     0     0
    GDAS    23     1    22     0     0
    GDAS    23     1    29     0     0
    GDAS    23     2     1     0     0
     1 FORWARD  OMEGA   
    23     1    14    15   32.812 -132.025     4.9
     1 PRESSURE
     1     1    23     1    14    15     0     3     0.0   32.812 -132.025      4.9   1011.7
     1     1    23     1    14    16     0     2     1.0   32.698 -131.671      5.5   1012.1
     1     1    23     1    14    17     0     1     2.0   32.602 -131.325      5.9   1012.8
     1     1    23     1    14    18     0     0     3.0   32.524 -130.984      6.0   1013.6
     1     1    23     1    14    19     0     1     4.0   32.456 -130.640      6.1   1013.5
     1     1    23     1    14    20     0     2     5.0   32.389 -130.289      6.5   1012.9
     1     1    23     1    14    21     0     3     6.0   32.329 -129.931      7.2   1011.6
     1     1    23     1    14    22     0     2     7.0   32.260 -129.573      7.9   1012.3
     1     1    23     1    14    23     0     1     8.0   32.167 -129.224      8.3   1012.3
     1     1    23     1    15     0     0     0     9.0   32.049 -128.880      8.4   1011.9
     1     1    23     1    15     1     0     1    10.0   31.927 -128.544      8.5   1013.2
     1     1    23     1    15     2     0     2    11.0   31.819 -128.224      8.6   1014.3
     1     1    23     1    15     3     0     3    12.0   31.724 -127.915      8.6   1015.3
     1     1    23     1    15     4     0     2    13.0   31.644 -127.614      8.4   1014.8
     1     1    23     1    15     5     0     1    14.0   31.583 -127.314      8.1   1014.9
     1     1    23     1    15     6     0     0    15.0   31.538 -127.014      7.9   1015.4
     1     1    23     1    15     7     0     1    16.0   31.506 -126.712      7.9   1014.8
     1     1    23     1    15     8     0     2    17.0   31.487 -126.406      7.8   1014.2
     1     1    23     1    15     9     0     3    18.0   31.481 -126.097      7.8   1013.7
     1     1    23     1    15    10     0     2    19.0   31.479 -125.783      8.0   1012.8
     1     1    23     1    15    11     0     1    20.0   31.470 -125.463      8.4   1012.1
     1     1    23     1    15    12     0     0    21.0   31.460 -125.135      8.7   1011.8
     1     1    23     1    15    13     0     1    22.0   31.447 -124.811      9.0   1011.8
     1     1    23     1    15    14     0     2    23.0   31.422 -124.499      9.5   1011.8
     1     1    23     1    15    15     0     3    24.0   31.383 -124.197     10.1   1011.8
     1     1    23     1    15    16     0     2    25.0   31.350 -123.905     10.3   1011.8
     1     1    23     1    15    17     0     1    26.0   31.341 -123.629     10.3   1011.8
     1     1    23     1    15    18     0     0    27.0   31.349 -123.375      9.9   1011.9
     1     1    23     1    15    19     0     1    28.0   31.378 -123.130      9.4   1011.9
     1     1    23     1    15    20     0     2    29.0   31.431 -122.883      8.8   1011.9
     1     1    23     1    15    21     0     3    30.0   31.499 -122.634      8.5   1011.4
     1     1    23     1    15    22     0     2    31.0   31.585 -122.384      8.3   1009.9
     1     1    23     1    15    23     0     1    32.0   31.700 -122.135      7.9   1008.7
     1     1    23     1    16     0     0     0    33.0   31.849 -121.888      7.5   1008.2
     1     1    23     1    16     1     0     1    34.0   32.043 -121.650      7.0   1007.9
     1     1    23     1    16     2     0     2    35.0   32.293 -121.433      6.4   1007.1
     1     1    23     1    16     3     0     3    36.0   32.602 -121.241      6.7   1005.6
     1     1    23     1    16     4     0     2    37.0   32.950 -121.053      9.1   1004.2
     1     1    23     1    16     5     0     1    38.0   33.300 -120.858     14.7   1003.1
     1     1    23     1    16     6     0     0    39.0   33.630 -120.698     26.3   1000.7
     1     1    23     1    16     7     0     1    40.0   33.901 -120.598     42.2    998.2
     1     1    23     1    16     8     0     2    41.0   34.117 -120.519     58.9    991.2
     1     1    23     1    16     9     0     3    42.0   34.311 -120.423     79.7    977.2
     1     1    23     1    16    10     0     2    43.0   34.500 -120.269    104.8    958.3
     1     1    23     1    16    11     0     1    44.0   34.715 -120.068    125.8    930.4
     1     1    23     1    16    12     0     0    45.0   34.973 -119.883     97.0    905.2
     1     1    23     1    16    13     0     1    46.0   35.193 -119.755     20.8    926.7
     1     1    23     1    16    14     0     2    47.0   35.342 -119.633      0.0    940.8
     1     1    23     1    16    15     0     3    48.0   35.453 -119.474      0.0    949.0
     1     1    23     1    16    16     0     2    49.0   35.532 -119.310     16.3    955.7
     1     1    23     1    16    17     0     1    50.0   35.552 -119.181     36.4    956.4
     1     1    23     1    16    18     0     0    51.0   35.484 -119.085     85.9    952.0
     1     1    23     1    16    19     0     1    52.0   35.377 -118.974    285.5    929.0
     1     1    23     1    16    20     0     2    53.0   35.296 -118.791    531.5    876.1
     1     1    23     1    16    21     0     3    54.0   35.248 -118.511    579.9    845.3
     1     1    23     1    16    22     0     2    55.0   35.235 -118.169    360.5    853.0
     1     1    23     1    16    23     0     1    56.0   35.263 -117.850    156.1    887.8
     1     1    23     1    17     0     0     0    57.0   35.324 -117.570      9.1    890.0
     1     1    23     1    17     1     0     1    58.0   35.406 -117.334      0.0    889.8
     1     1    23     1    17     2     0     2    59.0   35.511 -117.104      0.0    891.6
     1     1    23     1    17     3     0     3    60.0   35.623 -116.895      0.0    894.7
     1     1    23     1    17     4     0     2    61.0   35.717 -116.723      0.0    896.8
     1     1    23     1    17     5     0     1    62.0   35.791 -116.593      0.0    898.1
     1     1    23     1    17     6     0     0    63.0   35.858 -116.509      0.0    898.1
     1     1    23     1    17     7     0     1    64.0   35.922 -116.457      0.0    897.2
     1     1    23     1    17     8     0     2    65.0   35.983 -116.422      0.0    895.9
     1     1    23     1    17     9     0     3    66.0   36.039 -116.390      2.2    894.2
     1     1    23     1    17    10     0     2    67.0   36.086 -116.350      5.7    892.9
     1     1    23     1    17    11     0     1    68.0   36.122 -116.299      8.8    892.3
     1     1    23     1    17    12     0     0    69.0   36.145 -116.236     12.3    892.2
     1     1    23     1    17    13     0     1    70.0   36.166 -116.169     17.1    892.8
     1     1    23     1    17    14     0     2    71.0   36.195 -116.104     21.8    892.8
     1     1    23     1    17    15     0     3    72.0   36.231 -116.041     25.4    892.3
     1     1    23     1    17    16     0     2    73.0   36.259 -115.965     22.1    892.4
     1     1    23     1    17    17     0     1    74.0   36.266 -115.870     10.8    896.3
     1     1    23     1    17    18     0     0    75.0   36.258 -115.764      0.0    899.8
     1     1    23     1    17    19     0     1    76.0   36.230 -115.650      0.0    903.5
     1     1    23     1    17    20     0     2    77.0   36.181 -115.532      0.0    908.4
     1     1    23     1    17    21     0     3    78.0   36.107 -115.412      0.0    914.5
     1     1    23     1    17    22     0     2    79.0   36.005 -115.282      7.5    922.0
     1     1    23     1    17    23     0     1    80.0   35.864 -115.115     24.9    922.8
     1     1    23     1    18     0     0     0    81.0   35.687 -114.890     43.7    914.6
     1     1    23     1    18     1     0     1    82.0   35.554 -114.679     32.8    904.4
     1     1    23     1    18     2     0     2    83.0   35.487 -114.531     20.0    901.7
     1     1    23     1    18     3     0     3    84.0   35.453 -114.431     13.6    899.4
     1     1    23     1    18     4     0     2    85.0   35.443 -114.359     10.5    896.9
     1     1    23     1    18     5     0     1    86.0   35.454 -114.306      8.3    895.5
     1     1    23     1    18     6     0     0    87.0   35.481 -114.267      6.0    894.9
     1     1    23     1    18     7     0     1    88.0   35.512 -114.235      4.0    894.3
     1     1    23     1    18     8     0     2    89.0   35.534 -114.204      3.1    893.5
     1     1    23     1    18     9     0     3    90.0   35.547 -114.173      3.4    892.7
     1     1    23     1    18    10     0     2    91.0   35.549 -114.144      4.4    891.9
     1     1    23     1    18    11     0     1    92.0   35.539 -114.114      5.9    891.0
     1     1    23     1    18    12     0     0    93.0   35.512 -114.082      7.8    889.6
     1     1    23     1    18    13     0     1    94.0   35.479 -114.050      9.4    889.2
     1     1    23     1    18    14     0     2    95.0   35.446 -114.026     10.3    889.0
     1     1    23     1    18    15     0     3    96.0   35.412 -114.008     10.0    889.4
     1     1    23     1    18    16     0     2    97.0   35.370 -113.991      9.1    888.2
     1     1    23     1    18    17     0     1    98.0   35.314 -113.964      7.9    885.7
     1     1    23     1    18    18     0     0    99.0   35.243 -113.928      6.6    882.6
     1     1    23     1    18    19     0     1   100.0   35.168 -113.884      5.6    878.9
     1     1    23     1    18    20     0     2   101.0   35.100 -113.828      5.5    874.4
     1     1    23     1    18    21     0     3   102.0   35.044 -113.755      6.4    868.9
     1     1    23     1    18    22     0     2   103.0   34.996 -113.669      7.6    863.3
     1     1    23     1    18    23     0     1   104.0   34.950 -113.579      9.0    861.9
     1     1    23     1    19     0     0     0   105.0   34.905 -113.488     10.6    860.4
     1     1    23     1    19     1     0     1   106.0   34.865 -113.410     11.2    859.2
     1     1    23     1    19     2     0     2   107.0   34.830 -113.358      9.9    859.7
     1     1    23     1    19     3     0     3   108.0   34.801 -113.331      7.5    861.4
     1     1    23     1    19     4     0     2   109.0   34.781 -113.319      4.6    862.9
     1     1    23     1    19     5     0     1   110.0   34.773 -113.308      2.1    863.2
     1     1    23     1    19     6     0     0   111.0   34.779 -113.301      0.0    862.2
     1     1    23     1    19     7     0     1   112.0   34.793 -113.298      0.0    860.7
     1     1    23     1    19     8     0     2   113.0   34.810 -113.303      0.0    859.4
     1     1    23     1    19     9     0     3   114.0   34.829 -113.316      0.0    858.3
     1     1    23     1    19    10     0     2   115.0   34.852 -113.335      0.0    856.9
     1     1    23     1    19    11     0     1   116.0   34.878 -113.360      0.0    855.4
     1     1    23     1    19    12     0     0   117.0   34.908 -113.390      0.0    853.8
     1     1    23     1    19    13     0     1   118.0   34.946 -113.426      0.0    852.2
     1     1    23     1    19    14     0     2   119.0   34.996 -113.469      0.0    849.8
     1     1    23     1    19    15     0     3   120.0   35.059 -113.520      0.0    852.9
