     8     1
    GDAS    22    12    22     0     0
    GDAS    22    12    29     0     0
    GDAS    23     1     1     0     0
    GDAS    23     1     8     0     0
    GDAS    23     1    15     0     0
    GDAS    23     1    22     0     0
    GDAS    23     1    29     0     0
    GDAS    23     2     1     0     0
     1 FORWARD  OMEGA   
    23     1     2    11   32.735 -116.426  2311.4
     1 PRESSURE
     1     1    23     1     2    11     0     1     0.0   32.735 -116.426   2311.4    730.1
     1     1    23     1     2    12     0     0     1.0   32.373 -115.909   2283.7    684.5
     1     1    23     1     2    13     0     1     2.0   31.996 -115.417   2265.7    715.7
     1     1    23     1     2    14     0     2     3.0   31.763 -115.056   2321.7    752.6
     1     1    23     1     2    15     0     3     4.0   31.631 -114.755   2389.7    745.4
     1     1    23     1     2    16     0     2     5.0   31.503 -114.404   2454.1    736.5
     1     1    23     1     2    17     0     1     6.0   31.378 -114.010   2516.9    740.3
     1     1    23     1     2    18     0     0     7.0   31.256 -113.572   2577.9    732.7
     1     1    23     1     2    19     0     1     8.0   31.141 -113.119   2619.2    729.6
     1     1    23     1     2    20     0     2     9.0   31.031 -112.658   2643.7    715.1
     1     1    23     1     2    21     0     3    10.0   30.897 -112.142   2686.2    684.6
     1     1    23     1     2    22     0     2    11.0   30.744 -111.523   2731.6    650.2
     1     1    23     1     2    23     0     1    12.0   30.620 -110.803   2747.7    626.9
     1     1    23     1     3     0     0     0    13.0   30.558 -110.014   2695.3    610.4
     1     1    23     1     3     1     0     1    14.0   30.614 -109.174   2358.6    618.0
     1     1    23     1     3     2     0     2    15.0   30.817 -108.294   2005.2    661.2
     1     1    23     1     3     3     0     3    16.0   31.014 -107.389   2058.9    672.1
     1     1    23     1     3     4     0     2    17.0   31.218 -106.508   2096.4    658.9
     1     1    23     1     3     5     0     1    18.0   31.413 -105.626   1944.0    668.7
     1     1    23     1     3     6     0     0    19.0   31.603 -104.712   1958.0    680.3
     1     1    23     1     3     7     0     1    20.0   31.716 -103.803   1742.8    720.1
     1     1    23     1     3     8     0     2    21.0   31.761 -102.913   1416.9    768.1
     1     1    23     1     3     9     0     3    22.0   31.767 -101.994   1070.5    798.4
     1     1    23     1     3    10     0     2    23.0   31.673 -101.114    798.7    842.4
     1     1    23     1     3    11     0     1    24.0   31.523 -100.343    710.2    856.3
     1     1    23     1     3    12     0     0    25.0   31.359  -99.678    615.0    875.6
     1     1    23     1     3    13     0     1    26.0   31.166  -99.078    578.7    890.7
     1     1    23     1     3    14     0     2    27.0   30.937  -98.511    559.5    895.9
     1     1    23     1     3    15     0     3    28.0   30.665  -97.997    462.6    917.2
     1     1    23     1     3    16     0     2    29.0   30.386  -97.628    338.8    949.8
     1     1    23     1     3    17     0     1    30.0   30.143  -97.410    257.4    964.3
     1     1    23     1     3    18     0     0    31.0   29.940  -97.284    206.8    973.9
     1     1    23     1     3    19     0     1    32.0   29.766  -97.203    176.2    979.6
     1     1    23     1     3    20     0     2    33.0   29.603  -97.143    156.6    984.0
     1     1    23     1     3    21     0     3    34.0   29.449  -97.098    144.5    987.1
     1     1    23     1     3    22     0     2    35.0   29.304  -97.075    131.4    990.0
     1     1    23     1     3    23     0     1    36.0   29.170  -97.077    110.8    993.6
     1     1    23     1     4     0     0     0    37.0   29.054  -97.092     86.5    997.6
     1     1    23     1     4     1     0     1    38.0   28.962  -97.116     68.8   1001.2
     1     1    23     1     4     2     0     2    39.0   28.897  -97.150     60.7   1002.1
     1     1    23     1     4     3     0     3    40.0   28.852  -97.194     58.7   1002.5
     1     1    23     1     4     4     0     2    41.0   28.821  -97.228     58.8   1002.1
     1     1    23     1     4     5     0     1    42.0   28.793  -97.232     57.5   1002.5
     1     1    23     1     4     6     0     0    43.0   28.768  -97.206     54.9   1003.3
     1     1    23     1     4     7     0     1    44.0   28.735  -97.161     51.7   1004.6
     1     1    23     1     4     8     0     2    45.0   28.682  -97.106     49.2   1005.9
     1     1    23     1     4     9     0     3    46.0   28.618  -97.041     47.8   1007.3
     1     1    23     1     4    10     0     2    47.0   28.551  -96.968     45.8   1008.3
     1     1    23     1     4    11     0     1    48.0   28.481  -96.886     41.3   1009.5
     1     1    23     1     4    12     0     0    49.0   28.401  -96.792     35.1   1011.0
     1     1    23     1     4    13     0     1    50.0   28.309  -96.693     29.2   1012.6
     1     1    23     1     4    14     0     2    51.0   28.212  -96.597     24.4   1014.0
     1     1    23     1     4    15     0     3    52.0   28.109  -96.505     20.1   1015.3
     1     1    23     1     4    16     0     2    53.0   27.996  -96.408     17.0   1016.1
     1     1    23     1     4    17     0     1    54.0   27.872  -96.297     15.5   1016.3
     1     1    23     1     4    18     0     0    55.0   27.742  -96.177     15.0   1016.3
     1     1    23     1     4    19     0     1    56.0   27.618  -96.067     14.4   1016.1
     1     1    23     1     4    20     0     2    57.0   27.507  -95.987     13.4   1016.0
     1     1    23     1     4    21     0     3    58.0   27.400  -95.935     12.7   1016.1
     1     1    23     1     4    22     0     2    59.0   27.288  -95.904     12.0   1016.0
     1     1    23     1     4    23     0     1    60.0   27.164  -95.889     11.0   1016.1
     1     1    23     1     5     0     0     0    61.0   27.026  -95.889     10.0   1016.3
     1     1    23     1     5     1     0     1    62.0   26.894  -95.913      9.3   1017.4
     1     1    23     1     5     2     0     2    63.0   26.793  -95.965      9.4   1018.5
     1     1    23     1     5     3     0     3    64.0   26.727  -96.041     10.4   1019.7
     1     1    23     1     5     4     0     2    65.0   26.688  -96.126     11.2   1019.2
     1     1    23     1     5     5     0     1    66.0   26.668  -96.207     11.0   1019.2
     1     1    23     1     5     6     0     0    67.0   26.665  -96.284      9.8   1019.4
     1     1    23     1     5     7     0     1    68.0   26.674  -96.356      8.6   1019.4
     1     1    23     1     5     8     0     2    69.0   26.687  -96.424      8.1   1019.3
     1     1    23     1     5     9     0     3    70.0   26.705  -96.486      8.3   1019.1
     1     1    23     1     5    10     0     2    71.0   26.725  -96.538      8.8   1019.2
     1     1    23     1     5    11     0     1    72.0   26.745  -96.578      9.2   1019.2
     1     1    23     1     5    12     0     0    73.0   26.763  -96.605      9.4   1019.2
     1     1    23     1     5    13     0     1    74.0   26.772  -96.615      9.8   1020.3
     1     1    23     1     5    14     0     2    75.0   26.765  -96.601     10.7   1021.4
     1     1    23     1     5    15     0     3    76.0   26.741  -96.569     12.3   1022.3
     1     1    23     1     5    16     0     2    77.0   26.701  -96.541     14.3   1021.8
     1     1    23     1     5    17     0     1    78.0   26.644  -96.534     15.9   1021.5
     1     1    23     1     5    18     0     0    79.0   26.574  -96.545     16.8   1021.2
     1     1    23     1     5    19     0     1    80.0   26.503  -96.571     17.0   1021.1
     1     1    23     1     5    20     0     2    81.0   26.438  -96.611     16.5   1021.1
     1     1    23     1     5    21     0     3    82.0   26.379  -96.667     15.2   1021.2
     1     1    23     1     5    22     0     2    83.0   26.323  -96.744     13.7   1021.5
     1     1    23     1     5    23     0     1    84.0   26.272  -96.851     12.5   1021.6
     1     1    23     1     6     0     0     0    85.0   26.224  -96.988     11.3   1021.8
     1     1    23     1     6     1     0     1    86.0   26.192  -97.147     10.7   1021.3
     1     1    23     1     6     2     0     2    87.0   26.189  -97.310     10.8   1020.5
     1     1    23     1     6     3     0     3    88.0   26.215  -97.469     10.9   1019.7
     1     1    23     1     6     4     0     2    89.0   26.267  -97.617     11.2   1019.1
     1     1    23     1     6     5     0     1    90.0   26.338  -97.749     12.1   1018.4
     1     1    23     1     6     6     0     0    91.0   26.423  -97.862     13.4   1017.8
     1     1    23     1     6     7     0     1    92.0   26.514  -97.962     15.1   1017.2
     1     1    23     1     6     8     0     2    93.0   26.610  -98.057     16.9   1015.9
     1     1    23     1     6     9     0     3    94.0   26.710  -98.152     18.5   1014.2
     1     1    23     1     6    10     0     2    95.0   26.816  -98.248     19.1   1012.5
     1     1    23     1     6    11     0     1    96.0   26.925  -98.345     17.4   1011.0
     1     1    23     1     6    12     0     0    97.0   27.032  -98.444     13.1   1009.8
     1     1    23     1     6    13     0     1    98.0   27.149  -98.545      8.0   1009.1
     1     1    23     1     6    14     0     2    99.0   27.292  -98.645      3.7   1007.8
     1     1    23     1     6    15     0     3   100.0   27.465  -98.740      0.0   1007.0
     1     1    23     1     6    16     0     2   101.0   27.671  -98.823      0.0   1006.5
     1     1    23     1     6    17     0     1   102.0   27.905  -98.890      0.0   1006.6
     1     1    23     1     6    18     0     0   103.0   28.165  -98.938      0.0   1005.4
     1     1    23     1     6    19     0     1   104.0   28.433  -98.975      0.0   1001.4
     1     1    23     1     6    20     0     2   105.0   28.698  -99.013      0.5    996.7
     1     1    23     1     6    21     0     3   106.0   28.968  -99.058      2.6    991.3
     1     1    23     1     6    22     0     2   107.0   29.231  -99.102      7.6    982.4
     1     1    23     1     6    23     0     1   108.0   29.477  -99.134     18.4    972.2
     1     1    23     1     7     0     0     0   109.0   29.734  -99.164     49.4    958.8
     1     1    23     1     7     1     0     1   110.0   30.049  -99.185    109.4    940.9
     1     1    23     1     7     2     0     2   111.0   30.421  -99.169    162.8    932.9
     1     1    23     1     7     3     0     3   112.0   30.798  -99.097    168.8    931.6
     1     1    23     1     7     4     0     2   113.0   31.128  -98.995    137.7    939.8
     1     1    23     1     7     5     0     1   114.0   31.416  -98.887    109.8    948.8
     1     1    23     1     7     6     0     0   115.0   31.682  -98.758     96.7    953.3
     1     1    23     1     7     7     0     1   116.0   31.915  -98.600     88.8    957.2
     1     1    23     1     7     8     0     2   117.0   32.095  -98.428     79.2    961.4
     1     1    23     1     7     9     0     3   118.0   32.220  -98.255     68.0    965.8
     1     1    23     1     7    10     0     2   119.0   32.288  -98.096     56.0    970.0
     1     1    23     1     7    11     0     1   120.0   32.305  -97.953     44.3    973.7
