     8     1
    GDAS    22    12    22     0     0
    GDAS    22    12    29     0     0
    GDAS    23     1     1     0     0
    GDAS    23     1     8     0     0
    GDAS    23     1    15     0     0
    GDAS    23     1    22     0     0
    GDAS    23     1    29     0     0
    GDAS    23     2     1     0     0
     1 FORWARD  OMEGA   
    23     1    12    11   39.962  165.865  4824.1
     1 PRESSURE
     1     1    23     1    12    11     0     1     0.0   39.962  165.865   4824.1    528.3
     1     1    23     1    12    12     0     0     1.0   39.339  167.185   4795.6    529.9
     1     1    23     1    12    13     0     1     2.0   38.840  168.470   4641.2    543.4
     1     1    23     1    12    14     0     2     3.0   38.488  169.735   4508.7    555.4
     1     1    23     1    12    15     0     3     4.0   38.063  171.074   4409.9    560.4
     1     1    23     1    12    16     0     2     5.0   37.764  172.311   4344.5    567.4
     1     1    23     1    12    17     0     1     6.0   37.574  173.553   4229.9    577.3
     1     1    23     1    12    18     0     0     7.0   37.357  174.784   4121.4    589.1
     1     1    23     1    12    19     0     1     8.0   37.256  175.921   4140.7    586.8
     1     1    23     1    12    20     0     2     9.0   37.211  177.069   4090.1    588.8
     1     1    23     1    12    21     0     3    10.0   37.186  178.171   3947.2    603.7
     1     1    23     1    12    22     0     2    11.0   37.261  179.253   3902.2    606.4
     1     1    23     1    12    23     0     1    12.0   37.396 -179.644   3776.8    618.3
     1     1    23     1    13     0     0     0    13.0   37.554 -178.547   3758.1    615.4
     1     1    23     1    13     1     0     1    14.0   37.762 -177.431   3536.6    640.4
     1     1    23     1    13     2     0     2    15.0   37.956 -176.259   3508.7    642.2
     1     1    23     1    13     3     0     3    16.0   38.149 -175.084   3528.4    637.5
     1     1    23     1    13     4     0     2    17.0   38.338 -173.969   3435.8    643.7
     1     1    23     1    13     5     0     1    18.0   38.499 -172.846   3377.1    653.8
     1     1    23     1    13     6     0     0    19.0   38.705 -171.744   3374.2    653.4
     1     1    23     1    13     7     0     1    20.0   38.951 -170.735   3552.5    637.3
     1     1    23     1    13     8     0     2    21.0   39.181 -169.648   3562.5    635.2
     1     1    23     1    13     9     0     3    22.0   39.423 -168.558   3371.3    655.5
     1     1    23     1    13    10     0     2    23.0   39.666 -167.496   3303.3    658.5
     1     1    23     1    13    11     0     1    24.0   39.766 -166.466   3246.9    666.1
     1     1    23     1    13    12     0     0    25.0   39.901 -165.328   3301.6    663.4
     1     1    23     1    13    13     0     1    26.0   40.149 -164.211   3408.7    647.0
     1     1    23     1    13    14     0     2    27.0   40.217 -163.256   3335.8    658.1
     1     1    23     1    13    15     0     3    28.0   40.211 -162.226   3277.4    666.2
     1     1    23     1    13    16     0     2    29.0   40.346 -161.113   3282.4    660.6
     1     1    23     1    13    17     0     1    30.0   40.338 -160.100   3242.9    668.0
     1     1    23     1    13    18     0     0    31.0   40.241 -159.037   3188.1    674.9
     1     1    23     1    13    19     0     1    32.0   40.200 -157.964   3209.3    673.1
     1     1    23     1    13    20     0     2    33.0   40.084 -156.959   3448.9    658.1
     1     1    23     1    13    21     0     3    34.0   40.066 -155.855   3628.6    629.1
     1     1    23     1    13    22     0     2    35.0   40.123 -154.799   3598.9    642.1
     1     1    23     1    13    23     0     1    36.0   40.058 -153.793   3641.6    634.7
     1     1    23     1    14     0     0     0    37.0   39.881 -152.742   3448.4    656.6
     1     1    23     1    14     1     0     1    38.0   39.791 -151.600   3435.0    655.4
     1     1    23     1    14     2     0     2    39.0   39.639 -150.484   3451.7    654.2
     1     1    23     1    14     3     0     3    40.0   39.408 -149.416   3350.6    663.3
     1     1    23     1    14     4     0     2    41.0   39.172 -148.305   3167.8    680.8
     1     1    23     1    14     5     0     1    42.0   38.883 -147.237   3072.8    692.7
     1     1    23     1    14     6     0     0    43.0   38.540 -146.254   3025.5    693.6
     1     1    23     1    14     7     0     1    44.0   38.235 -145.279   2909.1    705.7
     1     1    23     1    14     8     0     2    45.0   37.913 -144.351   2767.4    721.3
     1     1    23     1    14     9     0     3    46.0   37.514 -143.489   2645.3    730.6
     1     1    23     1    14    10     0     2    47.0   37.143 -142.642   2497.9    747.1
     1     1    23     1    14    11     0     1    48.0   36.784 -141.857   2399.0    754.4
     1     1    23     1    14    12     0     0    49.0   36.411 -141.114   2172.9    777.0
     1     1    23     1    14    13     0     1    50.0   36.075 -140.391   1971.3    805.4
     1     1    23     1    14    14     0     2    51.0   35.776 -139.682   1887.8    811.3
     1     1    23     1    14    15     0     3    52.0   35.487 -138.991   1868.7    810.5
     1     1    23     1    14    16     0     2    53.0   35.212 -138.315   1888.1    808.9
     1     1    23     1    14    17     0     1    54.0   34.949 -137.645   1932.2    803.6
     1     1    23     1    14    18     0     0    55.0   34.691 -136.976   1958.0    798.1
     1     1    23     1    14    19     0     1    56.0   34.440 -136.295   1990.7    801.0
     1     1    23     1    14    20     0     2    57.0   34.199 -135.594   2052.6    791.4
     1     1    23     1    14    21     0     3    58.0   33.966 -134.876   2083.5    785.8
     1     1    23     1    14    22     0     2    59.0   33.740 -134.145   2119.3    787.9
     1     1    23     1    14    23     0     1    60.0   33.520 -133.400   2123.7    778.2
     1     1    23     1    15     0     0     0    61.0   33.295 -132.659   2067.8    790.2
     1     1    23     1    15     1     0     1    62.0   33.068 -131.938   2032.6    794.7
     1     1    23     1    15     2     0     2    63.0   32.829 -131.236   2001.8    796.0
     1     1    23     1    15     3     0     3    64.0   32.569 -130.542   2009.1    801.4
     1     1    23     1    15     4     0     2    65.0   32.320 -129.840   2087.1    791.4
     1     1    23     1    15     5     0     1    66.0   32.091 -129.114   2112.4    780.0
     1     1    23     1    15     6     0     0    67.0   31.867 -128.394   2012.8    791.7
     1     1    23     1    15     7     0     1    68.0   31.649 -127.709   1889.7    811.5
     1     1    23     1    15     8     0     2    69.0   31.449 -127.056   1809.0    818.4
     1     1    23     1    15     9     0     3    70.0   31.269 -126.426   1759.8    822.4
     1     1    23     1    15    10     0     2    71.0   31.102 -125.807   1732.3    824.5
     1     1    23     1    15    11     0     1    72.0   30.942 -125.200   1739.0    825.1
     1     1    23     1    15    12     0     0    73.0   30.789 -124.589   1806.8    819.0
     1     1    23     1    15    13     0     1    74.0   30.632 -123.960   1916.1    805.3
     1     1    23     1    15    14     0     2    75.0   30.461 -123.324   1990.7    794.2
     1     1    23     1    15    15     0     3    76.0   30.295 -122.706   2016.0    794.7
     1     1    23     1    15    16     0     2    77.0   30.149 -122.116   2015.9    794.8
     1     1    23     1    15    17     0     1    78.0   30.024 -121.555   1962.4    798.0
     1     1    23     1    15    18     0     0    79.0   29.920 -121.030   1842.9    811.2
     1     1    23     1    15    19     0     1    80.0   29.845 -120.526   1751.8    828.1
     1     1    23     1    15    20     0     2    81.0   29.790 -120.002   1700.1    825.4
     1     1    23     1    15    21     0     3    82.0   29.750 -119.469   1622.5    833.0
     1     1    23     1    15    22     0     2    83.0   29.724 -118.947   1568.8    843.0
     1     1    23     1    15    23     0     1    84.0   29.695 -118.442   1541.7    841.4
     1     1    23     1    16     0     0     0    85.0   29.657 -117.958   1472.5    845.9
     1     1    23     1    16     1     0     1    86.0   29.618 -117.515   1432.9    860.1
     1     1    23     1    16     2     0     2    87.0   29.594 -117.091   1484.0    851.6
     1     1    23     1    16     3     0     3    88.0   29.587 -116.668   1547.8    840.0
     1     1    23     1    16     4     0     2    89.0   29.597 -116.244   1600.5    837.2
     1     1    23     1    16     5     0     1    90.0   29.626 -115.785   1660.1    822.2
     1     1    23     1    16     6     0     0    91.0   29.686 -115.215   1673.7    790.5
     1     1    23     1    16     7     0     1    92.0   29.783 -114.551   1608.7    798.0
     1     1    23     1    16     8     0     2    93.0   29.924 -113.935   1469.4    842.7
     1     1    23     1    16     9     0     3    94.0   30.118 -113.404   1386.4    872.2
     1     1    23     1    16    10     0     2    95.0   30.334 -112.920   1576.0    844.8
     1     1    23     1    16    11     0     1    96.0   30.569 -112.408   1868.1    772.4
     1     1    23     1    16    12     0     0    97.0   30.840 -111.811   2202.0    715.4
     1     1    23     1    16    13     0     1    98.0   31.142 -111.037   2464.7    640.2
     1     1    23     1    16    14     0     2    99.0   31.425 -110.136   2446.9    620.4
     1     1    23     1    16    15     0     3   100.0   31.694 -109.263   2129.7    648.0
     1     1    23     1    16    16     0     2   101.0   31.936 -108.539   1781.5    689.9
     1     1    23     1    16    17     0     1   102.0   32.138 -107.842   1503.2    706.5
     1     1    23     1    16    18     0     0   103.0   32.281 -107.195   1353.9    735.3
     1     1    23     1    16    19     0     1   104.0   32.394 -106.567   1363.0    727.1
     1     1    23     1    16    20     0     2   105.0   32.499 -105.917   1575.1    709.9
     1     1    23     1    16    21     0     3   106.0   32.523 -105.202   1809.4    672.8
     1     1    23     1    16    22     0     2   107.0   32.465 -104.468   1852.4    696.3
     1     1    23     1    16    23     0     1   108.0   32.385 -103.762   1969.4    712.5
     1     1    23     1    17     0     0     0   109.0   32.299 -102.968   2054.5    688.7
     1     1    23     1    17     1     0     1   110.0   32.265 -102.202   1866.9    722.6
     1     1    23     1    17     2     0     2   111.0   32.260 -101.510   1667.4    750.9
     1     1    23     1    17     3     0     3   112.0   32.304 -100.742   1547.0    775.3
     1     1    23     1    17     4     0     2   113.0   32.353  -99.963   1457.5    794.3
     1     1    23     1    17     5     0     1   114.0   32.379  -99.249   1360.4    809.6
     1     1    23     1    17     6     0     0   115.0   32.373  -98.585   1215.0    829.4
     1     1    23     1    17     7     0     1   116.0   32.333  -97.972   1061.9    854.6
     1     1    23     1    17     8     0     2   117.0   32.294  -97.440    983.6    878.3
     1     1    23     1    17     9     0     3   118.0   32.267  -96.970    996.3    878.0
     1     1    23     1    17    10     0     2   119.0   32.264  -96.527   1036.2    875.8
     1     1    23     1    17    11     0     1   120.0   32.303  -96.110   1102.4    874.9
