     8     1
    GDAS    22    12    22     0     0
    GDAS    22    12    29     0     0
    GDAS    23     1     1     0     0
    GDAS    23     1     8     0     0
    GDAS    23     1    15     0     0
    GDAS    23     1    22     0     0
    GDAS    23     1    29     0     0
    GDAS    23     2     1     0     0
     1 FORWARD  OMEGA   
    23     1     2    13   32.802 -115.127  3395.0
     1 PRESSURE
     1     1    23     1     2    13     0     1     0.0   32.802 -115.127   3395.0    646.4
     1     1    23     1     2    14     0     2     1.0   32.560 -114.699   3310.0    660.2
     1     1    23     1     2    15     0     3     2.0   32.353 -114.251   3255.8    660.7
     1     1    23     1     2    16     0     2     3.0   32.174 -113.772   3216.9    661.8
     1     1    23     1     2    17     0     1     4.0   32.005 -113.240   3193.7    653.6
     1     1    23     1     2    18     0     0     5.0   31.837 -112.657   3163.2    645.6
     1     1    23     1     2    19     0     1     6.0   31.697 -112.075   3097.4    638.1
     1     1    23     1     2    20     0     2     7.0   31.576 -111.466   3046.6    625.8
     1     1    23     1     2    21     0     3     8.0   31.452 -110.739   2996.3    598.2
     1     1    23     1     2    22     0     2     9.0   31.351 -109.855   2903.9    577.8
     1     1    23     1     2    23     0     1    10.0   31.364 -108.912   2555.5    601.4
     1     1    23     1     3     0     0     0    11.0   31.524 -108.048   2286.9    645.1
     1     1    23     1     3     1     0     1    12.0   31.689 -107.184   2080.0    666.1
     1     1    23     1     3     2     0     2    13.0   31.799 -106.346   1811.3    680.7
     1     1    23     1     3     3     0     3    14.0   31.897 -105.485   1680.8    702.0
     1     1    23     1     3     4     0     2    15.0   32.020 -104.502   2030.0    672.3
     1     1    23     1     3     5     0     1    16.0   32.069 -103.567   1570.7    748.7
     1     1    23     1     3     6     0     0    17.0   32.066 -102.704   1247.0    783.2
     1     1    23     1     3     7     0     1    18.0   32.037 -101.775    985.0    810.6
     1     1    23     1     3     8     0     2    19.0   31.933 -100.849    729.4    853.7
     1     1    23     1     3     9     0     3    20.0   31.789 -100.065    643.8    869.5
     1     1    23     1     3    10     0     2    21.0   31.624  -99.400    578.6    883.4
     1     1    23     1     3    11     0     1    22.0   31.434  -98.803    497.4    899.6
     1     1    23     1     3    12     0     0    23.0   31.198  -98.256    399.7    919.2
     1     1    23     1     3    13     0     1    24.0   30.942  -97.781    300.6    943.1
     1     1    23     1     3    14     0     2    25.0   30.699  -97.414    224.2    963.3
     1     1    23     1     3    15     0     3    26.0   30.471  -97.158    171.4    976.1
     1     1    23     1     3    16     0     2    27.0   30.268  -96.995    136.1    985.3
     1     1    23     1     3    17     0     1    28.0   30.090  -96.893    115.5    988.0
     1     1    23     1     3    18     0     0    29.0   29.926  -96.822    102.1    990.4
     1     1    23     1     3    19     0     1    30.0   29.766  -96.764     91.9    991.9
     1     1    23     1     3    20     0     2    31.0   29.609  -96.712     83.0    993.7
     1     1    23     1     3    21     0     3    32.0   29.456  -96.667     75.9    995.3
     1     1    23     1     3    22     0     2    33.0   29.308  -96.635     68.4    997.6
     1     1    23     1     3    23     0     1    34.0   29.165  -96.617     58.8   1000.6
     1     1    23     1     4     0     0     0    35.0   29.027  -96.606     49.2   1003.3
     1     1    23     1     4     1     0     1    36.0   28.901  -96.600     41.9   1004.6
     1     1    23     1     4     2     0     2    37.0   28.791  -96.606     37.2   1005.6
     1     1    23     1     4     3     0     3    38.0   28.691  -96.625     34.2   1006.6
     1     1    23     1     4     4     0     2    39.0   28.598  -96.644     31.8   1007.3
     1     1    23     1     4     5     0     1    40.0   28.510  -96.650     29.7   1008.0
     1     1    23     1     4     6     0     0    41.0   28.426  -96.644     28.1   1008.7
     1     1    23     1     4     7     0     1    42.0   28.347  -96.631     27.0   1009.5
     1     1    23     1     4     8     0     2    43.0   28.277  -96.610     26.5   1010.1
     1     1    23     1     4     9     0     3    44.0   28.223  -96.579     26.4   1010.5
     1     1    23     1     4    10     0     2    45.0   28.167  -96.533     25.8   1011.3
     1     1    23     1     4    11     0     1    46.0   28.084  -96.465     24.2   1012.3
     1     1    23     1     4    12     0     0    47.0   27.966  -96.371     22.2   1013.1
     1     1    23     1     4    13     0     1    48.0   27.830  -96.274     20.2   1013.8
     1     1    23     1     4    14     0     2    49.0   27.693  -96.191     18.3   1014.8
     1     1    23     1     4    15     0     3    50.0   27.549  -96.119     16.3   1016.0
     1     1    23     1     4    16     0     2    51.0   27.396  -96.051     14.4   1016.3
     1     1    23     1     4    17     0     1    52.0   27.237  -95.986     12.5   1016.5
     1     1    23     1     4    18     0     0    53.0   27.074  -95.930     10.3   1016.9
     1     1    23     1     4    19     0     1    54.0   26.907  -95.895      8.4   1016.8
     1     1    23     1     4    20     0     2    55.0   26.736  -95.890      7.2   1016.7
     1     1    23     1     4    21     0     3    56.0   26.560  -95.915      6.7   1016.5
     1     1    23     1     4    22     0     2    57.0   26.383  -95.968      6.1   1016.4
     1     1    23     1     4    23     0     1    58.0   26.207  -96.045      5.2   1016.4
     1     1    23     1     5     0     0     0    59.0   26.036  -96.144      4.3   1016.3
     1     1    23     1     5     1     0     1    60.0   25.882  -96.264      3.8   1017.4
     1     1    23     1     5     2     0     2    61.0   25.756  -96.401      3.9   1018.5
     1     1    23     1     5     3     0     3    62.0   25.652  -96.550      4.4   1019.7
     1     1    23     1     5     4     0     2    63.0   25.572  -96.700      4.8   1019.6
     1     1    23     1     5     5     0     1    64.0   25.520  -96.843      5.0   1019.5
     1     1    23     1     5     6     0     0    65.0   25.506  -96.980      4.9   1019.5
     1     1    23     1     5     7     0     1    66.0   25.512  -97.105      5.0   1019.0
     1     1    23     1     5     8     0     2    67.0   25.524  -97.214      5.3   1018.4
     1     1    23     1     5     9     0     3    68.0   25.540  -97.306      5.8   1018.0
     1     1    23     1     5    10     0     2    69.0   25.555  -97.379      6.3   1018.2
     1     1    23     1     5    11     0     1    70.0   25.565  -97.432      6.8   1018.6
     1     1    23     1     5    12     0     0    71.0   25.569  -97.466      7.3   1019.2
     1     1    23     1     5    13     0     1    72.0   25.566  -97.488      7.7   1019.7
     1     1    23     1     5    14     0     2    73.0   25.555  -97.503      8.2   1020.2
     1     1    23     1     5    15     0     3    74.0   25.537  -97.513      8.7   1020.7
     1     1    23     1     5    16     0     2    75.0   25.519  -97.525      9.2   1020.6
     1     1    23     1     5    17     0     1    76.0   25.506  -97.548      9.6   1020.5
     1     1    23     1     5    18     0     0    77.0   25.501  -97.581     10.0   1020.3
     1     1    23     1     5    19     0     1    78.0   25.500  -97.632     10.5   1019.9
     1     1    23     1     5    20     0     2    79.0   25.505  -97.708     11.7   1019.4
     1     1    23     1     5    21     0     3    80.0   25.518  -97.812     13.9   1018.5
     1     1    23     1     5    22     0     2    81.0   25.543  -97.945     18.2   1017.4
     1     1    23     1     5    23     0     1    82.0   25.574  -98.106     25.9   1014.4
     1     1    23     1     6     0     0     0    83.0   25.608  -98.297     38.2   1010.1
     1     1    23     1     6     1     0     1    84.0   25.661  -98.501     51.0   1006.2
     1     1    23     1     6     2     0     2    85.0   25.750  -98.703     58.1   1003.6
     1     1    23     1     6     3     0     3    86.0   25.886  -98.912     58.5   1003.3
     1     1    23     1     6     4     0     2    87.0   26.050  -99.120     53.5    997.6
     1     1    23     1     6     5     0     1    88.0   26.203  -99.312     39.6    989.5
     1     1    23     1     6     6     0     0    89.0   26.335  -99.486     21.2    986.0
     1     1    23     1     6     7     0     1    90.0   26.451  -99.645      5.6    984.1
     1     1    23     1     6     8     0     2    91.0   26.564  -99.795      0.0    983.2
     1     1    23     1     6     9     0     3    92.0   26.686  -99.941      0.0    985.0
     1     1    23     1     6    10     0     2    93.0   26.815 -100.076      0.0    986.1
     1     1    23     1     6    11     0     1    94.0   26.944 -100.193      0.1    985.8
     1     1    23     1     6    12     0     0    95.0   27.071 -100.293      0.0    982.9
     1     1    23     1     6    13     0     1    96.0   27.198 -100.380      0.0    978.9
     1     1    23     1     6    14     0     2    97.0   27.328 -100.459      0.0    976.0
     1     1    23     1     6    15     0     3    98.0   27.462 -100.531      0.0    974.3
     1     1    23     1     6    16     0     2    99.0   27.605 -100.595      0.0    973.1
     1     1    23     1     6    17     0     1   100.0   27.763 -100.654      0.0    972.8
     1     1    23     1     6    18     0     0   101.0   27.950 -100.709      0.5    973.5
     1     1    23     1     6    19     0     1   102.0   28.162 -100.771      1.2    971.7
     1     1    23     1     6    20     0     2   103.0   28.387 -100.844      1.7    969.7
     1     1    23     1     6    21     0     3   104.0   28.622 -100.922      2.2    968.5
     1     1    23     1     6    22     0     2   105.0   28.848 -101.006      2.8    969.1
     1     1    23     1     6    23     0     1   106.0   29.043 -101.093      4.7    960.8
     1     1    23     1     7     0     0     0   107.0   29.201 -101.184      8.7    950.9
     1     1    23     1     7     1     0     1   108.0   29.336 -101.270     15.1    944.0
     1     1    23     1     7     2     0     2   109.0   29.472 -101.348     24.8    939.5
     1     1    23     1     7     3     0     3   110.0   29.618 -101.430     39.0    937.1
     1     1    23     1     7     4     0     2   111.0   29.760 -101.524     60.3    935.9
     1     1    23     1     7     5     0     1   112.0   29.886 -101.627     90.3    934.8
     1     1    23     1     7     6     0     0   113.0   29.993 -101.738    131.1    935.0
     1     1    23     1     7     7     0     1   114.0   30.073 -101.850    176.3    927.1
     1     1    23     1     7     8     0     2   115.0   30.104 -101.955    219.5    921.3
     1     1    23     1     7     9     0     3   116.0   30.070 -102.055    257.1    914.7
     1     1    23     1     7    10     0     2   117.0   29.964 -102.142    287.8    905.9
     1     1    23     1     7    11     0     1   118.0   29.804 -102.190    316.6    890.7
     1     1    23     1     7    12     0     0   119.0   29.622 -102.198    345.6    876.0
     1     1    23     1     7    13     0     1   120.0   29.452 -102.195    363.6    863.2
