     8     1
    GDAS    22    12    22     0     0
    GDAS    22    12    29     0     0
    GDAS    23     1     1     0     0
    GDAS    23     1     8     0     0
    GDAS    23     1    15     0     0
    GDAS    23     1    22     0     0
    GDAS    23     1    29     0     0
    GDAS    23     2     1     0     0
     1 FORWARD  OMEGA   
    23     1     2    15   27.244 -111.054  1019.8
     1 PRESSURE
     1     1    23     1     2    15     0     3     0.0   27.244 -111.054   1019.8    897.7
     1     1    23     1     2    16     0     2     1.0   27.405 -110.953   1082.3    888.0
     1     1    23     1     2    17     0     1     2.0   27.599 -110.834   1118.3    881.7
     1     1    23     1     2    18     0     0     3.0   27.814 -110.692   1130.4    876.9
     1     1    23     1     2    19     0     1     4.0   28.035 -110.525   1120.4    871.5
     1     1    23     1     2    20     0     2     5.0   28.253 -110.351   1129.7    863.1
     1     1    23     1     2    21     0     3     6.0   28.471 -110.175   1227.1    840.8
     1     1    23     1     2    22     0     2     7.0   28.722 -109.948   1386.1    798.2
     1     1    23     1     2    23     0     1     8.0   29.021 -109.605   1469.5    754.2
     1     1    23     1     3     0     0     0     9.0   29.354 -109.164   1473.5    733.0
     1     1    23     1     3     1     0     1    10.0   29.695 -108.578   1483.1    694.0
     1     1    23     1     3     2     0     2    11.0   29.928 -107.718   1410.5    672.5
     1     1    23     1     3     3     0     3    12.0   30.077 -107.021   1508.3    704.8
     1     1    23     1     3     4     0     2    13.0   30.196 -106.442   1591.7    699.4
     1     1    23     1     3     5     0     1    14.0   30.341 -105.803   1580.7    698.8
     1     1    23     1     3     6     0     0    15.0   30.555 -105.103   1540.3    710.4
     1     1    23     1     3     7     0     1    16.0   30.781 -104.345   1450.9    716.8
     1     1    23     1     3     8     0     2    17.0   30.877 -103.592   1258.7    756.6
     1     1    23     1     3     9     0     3    18.0   30.847 -102.922   1032.3    805.6
     1     1    23     1     3    10     0     2    19.0   30.756 -102.321    892.2    832.0
     1     1    23     1     3    11     0     1    20.0   30.640 -101.747    818.2    844.7
     1     1    23     1     3    12     0     0    21.0   30.512 -101.192    729.7    851.9
     1     1    23     1     3    13     0     1    22.0   30.349 -100.688    614.7    873.4
     1     1    23     1     3    14     0     2    23.0   30.155 -100.251    547.4    883.2
     1     1    23     1     3    15     0     3    24.0   29.972  -99.878    519.3    882.7
     1     1    23     1     3    16     0     2    25.0   29.804  -99.577    468.7    896.6
     1     1    23     1     3    17     0     1    26.0   29.653  -99.358    401.4    917.0
     1     1    23     1     3    18     0     0    27.0   29.552  -99.191    364.1    927.2
     1     1    23     1     3    19     0     1    28.0   29.486  -99.029    347.4    929.8
     1     1    23     1     3    20     0     2    29.0   29.423  -98.852    326.5    936.1
     1     1    23     1     3    21     0     3    30.0   29.363  -98.673    292.8    944.6
     1     1    23     1     3    22     0     2    31.0   29.304  -98.518    256.6    955.0
     1     1    23     1     3    23     0     1    32.0   29.257  -98.405    230.1    961.4
     1     1    23     1     4     0     0     0    33.0   29.234  -98.330    213.6    965.2
     1     1    23     1     4     1     0     1    34.0   29.224  -98.270    206.2    968.2
     1     1    23     1     4     2     0     2    35.0   29.219  -98.214    210.7    970.0
     1     1    23     1     4     3     0     3    36.0   29.220  -98.155    235.9    969.7
     1     1    23     1     4     4     0     2    37.0   29.220  -98.080    276.2    965.5
     1     1    23     1     4     5     0     1    38.0   29.208  -97.984    312.9    962.7
     1     1    23     1     4     6     0     0    39.0   29.175  -97.866    329.1    962.0
     1     1    23     1     4     7     0     1    40.0   29.114  -97.741    318.0    966.7
     1     1    23     1     4     8     0     2    41.0   29.013  -97.627    296.9    973.7
     1     1    23     1     4     9     0     3    42.0   28.875  -97.521    279.7    977.8
     1     1    23     1     4    10     0     2    43.0   28.739  -97.415    260.0    980.7
     1     1    23     1     4    11     0     1    44.0   28.624  -97.307    227.9    985.5
     1     1    23     1     4    12     0     0    45.0   28.511  -97.190    186.4    992.1
     1     1    23     1     4    13     0     1    46.0   28.394  -97.065    148.8   1000.2
     1     1    23     1     4    14     0     2    47.0   28.271  -96.944    119.9   1004.0
     1     1    23     1     4    15     0     3    48.0   28.140  -96.839     96.0   1007.0
     1     1    23     1     4    16     0     2    49.0   27.998  -96.744     78.3   1009.6
     1     1    23     1     4    17     0     1    50.0   27.845  -96.646     68.5   1011.0
     1     1    23     1     4    18     0     0    51.0   27.689  -96.547     64.0   1011.6
     1     1    23     1     4    19     0     1    52.0   27.538  -96.464     60.5   1011.4
     1     1    23     1     4    20     0     2    53.0   27.395  -96.410     56.2   1011.6
     1     1    23     1     4    21     0     3    54.0   27.250  -96.387     51.5   1011.6
     1     1    23     1     4    22     0     2    55.0   27.100  -96.390     46.3   1012.0
     1     1    23     1     4    23     0     1    56.0   26.951  -96.418     40.4   1012.6
     1     1    23     1     5     0     0     0    57.0   26.810  -96.468     35.0   1013.1
     1     1    23     1     5     1     0     1    58.0   26.693  -96.538     31.8   1014.6
     1     1    23     1     5     2     0     2    59.0   26.613  -96.624     31.5   1015.6
     1     1    23     1     5     3     0     3    60.0   26.570  -96.721     33.6   1016.3
     1     1    23     1     5     4     0     2    61.0   26.555  -96.820     35.5   1015.9
     1     1    23     1     5     5     0     1    62.0   26.558  -96.912     35.0   1015.9
     1     1    23     1     5     6     0     0    63.0   26.577  -96.997     32.3   1016.2
     1     1    23     1     5     7     0     1    64.0   26.608  -97.072     29.8   1016.4
     1     1    23     1     5     8     0     2    65.0   26.646  -97.132     29.5   1016.1
     1     1    23     1     5     9     0     3    66.0   26.688  -97.176     31.0   1015.7
     1     1    23     1     5    10     0     2    67.0   26.731  -97.204     33.3   1015.6
     1     1    23     1     5    11     0     1    68.0   26.769  -97.215     35.5   1015.6
     1     1    23     1     5    12     0     0    69.0   26.804  -97.213     37.4   1015.7
     1     1    23     1     5    13     0     1    70.0   26.828  -97.194     39.6   1016.5
     1     1    23     1     5    14     0     2    71.0   26.836  -97.154     42.8   1017.1
     1     1    23     1     5    15     0     3    72.0   26.825  -97.093     47.3   1017.9
     1     1    23     1     5    16     0     2    73.0   26.792  -97.033     51.6   1017.5
     1     1    23     1     5    17     0     1    74.0   26.737  -97.001     53.9   1017.3
     1     1    23     1     5    18     0     0    75.0   26.662  -96.998     53.5   1017.3
     1     1    23     1     5    19     0     1    76.0   26.583  -97.018     50.5   1017.3
     1     1    23     1     5    20     0     2    77.0   26.516  -97.060     45.5   1017.4
     1     1    23     1     5    21     0     3    78.0   26.460  -97.124     39.5   1017.6
     1     1    23     1     5    22     0     2    79.0   26.416  -97.215     34.9   1017.9
     1     1    23     1     5    23     0     1    80.0   26.388  -97.340     33.4   1017.7
     1     1    23     1     6     0     0     0    81.0   26.376  -97.504     36.0   1016.9
     1     1    23     1     6     1     0     1    82.0   26.388  -97.691     42.2   1015.5
     1     1    23     1     6     2     0     2    83.0   26.429  -97.877     49.4   1014.2
     1     1    23     1     6     3     0     3    84.0   26.498  -98.059     54.9   1012.5
     1     1    23     1     6     4     0     2    85.0   26.590  -98.236     55.7   1009.9
     1     1    23     1     6     5     0     1    86.0   26.701  -98.408     50.6   1007.9
     1     1    23     1     6     6     0     0    87.0   26.829  -98.574     42.2   1005.9
     1     1    23     1     6     7     0     1    88.0   26.964  -98.732     32.2   1003.5
     1     1    23     1     6     8     0     2    89.0   27.095  -98.878     23.0   1002.4
     1     1    23     1     6     9     0     3    90.0   27.224  -99.003     16.6   1001.9
     1     1    23     1     6    10     0     2    91.0   27.350  -99.114     12.0   1002.5
     1     1    23     1     6    11     0     1    92.0   27.472  -99.221      8.3   1002.3
     1     1    23     1     6    12     0     0    93.0   27.593  -99.324      5.0   1001.6
     1     1    23     1     6    13     0     1    94.0   27.728  -99.420      2.6   1001.3
     1     1    23     1     6    14     0     2    95.0   27.892  -99.507      1.6   1001.1
     1     1    23     1     6    15     0     3    96.0   28.080  -99.583      1.7   1000.6
     1     1    23     1     6    16     0     2    97.0   28.284  -99.651      2.9    998.3
     1     1    23     1     6    17     0     1    98.0   28.505  -99.712      4.9    995.9
     1     1    23     1     6    18     0     0    99.0   28.756  -99.765      7.9    993.4
     1     1    23     1     6    19     0     1   100.0   29.030  -99.815     12.9    988.9
     1     1    23     1     6    20     0     2   101.0   29.326  -99.858     23.5    972.3
     1     1    23     1     6    21     0     3   102.0   29.663  -99.880     43.1    953.2
     1     1    23     1     6    22     0     2   103.0   30.039  -99.875     69.7    934.2
     1     1    23     1     6    23     0     1   104.0   30.427  -99.831     92.9    930.9
     1     1    23     1     7     0     0     0   105.0   30.796  -99.740    100.1    930.8
     1     1    23     1     7     1     0     1   106.0   31.135  -99.624     95.6    934.7
     1     1    23     1     7     2     0     2   107.0   31.441  -99.500     93.0    940.1
     1     1    23     1     7     3     0     3   108.0   31.724  -99.368     97.0    943.7
     1     1    23     1     7     4     0     2   109.0   31.990  -99.214    105.5    946.7
     1     1    23     1     7     5     0     1   110.0   32.230  -99.017    110.8    950.0
     1     1    23     1     7     6     0     0   111.0   32.417  -98.782    104.7    954.9
     1     1    23     1     7     7     0     1   112.0   32.553  -98.555     91.5    960.0
     1     1    23     1     7     8     0     2   113.0   32.637  -98.359     79.0    964.3
     1     1    23     1     7     9     0     3   114.0   32.667  -98.182     71.0    967.4
     1     1    23     1     7    10     0     2   115.0   32.650  -98.019     64.5    969.7
     1     1    23     1     7    11     0     1   116.0   32.602  -97.874     56.8    974.0
     1     1    23     1     7    12     0     0   117.0   32.530  -97.741     48.7    977.7
     1     1    23     1     7    13     0     1   118.0   32.444  -97.619     40.5    981.5
     1     1    23     1     7    14     0     2   119.0   32.345  -97.509     32.9    985.0
     1     1    23     1     7    15     0     3   120.0   32.224  -97.406     27.2    988.1
