     8     1
    GDAS    22    12    22     0     0
    GDAS    22    12    29     0     0
    GDAS    23     1     1     0     0
    GDAS    23     1     8     0     0
    GDAS    23     1    15     0     0
    GDAS    23     1    22     0     0
    GDAS    23     1    29     0     0
    GDAS    23     2     1     0     0
     1 FORWARD  OMEGA   
    23     1    20    15   47.487 -110.908   373.1
     1 PRESSURE
     1     1    23     1    20    15     0     3     0.0   47.487 -110.908    373.1    819.5
     1     1    23     1    20    16     0     2     1.0   47.576 -110.589    294.0    848.8
     1     1    23     1    20    17     0     1     2.0   47.625 -110.311    282.9    860.1
     1     1    23     1    20    18     0     0     3.0   47.631 -110.032    333.8    861.3
     1     1    23     1    20    19     0     1     4.0   47.596 -109.724    403.3    848.4
     1     1    23     1    20    20     0     2     5.0   47.529 -109.365    436.8    839.6
     1     1    23     1    20    21     0     3     6.0   47.422 -108.956    411.6    838.7
     1     1    23     1    20    22     0     2     7.0   47.291 -108.577    368.8    858.7
     1     1    23     1    20    23     0     1     8.0   47.143 -108.245    353.9    872.8
     1     1    23     1    21     0     0     0     9.0   46.978 -107.886    386.7    878.2
     1     1    23     1    21     1     0     1    10.0   46.796 -107.455    415.4    861.4
     1     1    23     1    21     2     0     2    11.0   46.604 -107.019    388.1    858.3
     1     1    23     1    21     3     0     3    12.0   46.419 -106.631    374.3    870.6
     1     1    23     1    21     4     0     2    13.0   46.226 -106.253    405.2    872.0
     1     1    23     1    21     5     0     1    14.0   46.015 -105.832    460.1    868.6
     1     1    23     1    21     6     0     0    15.0   45.784 -105.392    513.4    851.4
     1     1    23     1    21     7     0     1    16.0   45.541 -104.962    558.1    839.0
     1     1    23     1    21     8     0     2    17.0   45.285 -104.505    583.9    834.0
     1     1    23     1    21     9     0     3    18.0   45.015 -103.959    561.6    841.2
     1     1    23     1    21    10     0     2    19.0   44.757 -103.414    520.9    846.2
     1     1    23     1    21    11     0     1    20.0   44.522 -102.960    518.2    861.0
     1     1    23     1    21    12     0     0    21.0   44.288 -102.539    539.0    858.5
     1     1    23     1    21    13     0     1    22.0   44.058 -102.100    521.9    863.5
     1     1    23     1    21    14     0     2    23.0   43.843 -101.668    484.1    872.0
     1     1    23     1    21    15     0     3    24.0   43.636 -101.242    467.0    874.5
     1     1    23     1    21    16     0     2    25.0   43.422 -100.831    467.9    873.5
     1     1    23     1    21    17     0     1    26.0   43.203 -100.451    463.8    874.3
     1     1    23     1    21    18     0     0    27.0   43.015 -100.073    444.9    879.9
     1     1    23     1    21    19     0     1    28.0   42.837  -99.715    420.4    886.6
     1     1    23     1    21    20     0     2    29.0   42.639  -99.415    402.7    890.1
     1     1    23     1    21    21     0     3    30.0   42.447  -99.159    404.4    890.5
     1     1    23     1    21    22     0     2    31.0   42.252  -98.938    413.1    887.2
     1     1    23     1    21    23     0     1    32.0   42.035  -98.748    406.4    887.4
     1     1    23     1    22     0     0     0    33.0   41.808  -98.583    395.5    892.8
     1     1    23     1    22     1     0     1    34.0   41.585  -98.440    390.6    896.6
     1     1    23     1    22     2     0     2    35.0   41.372  -98.315    393.1    899.5
     1     1    23     1    22     3     0     3    36.0   41.171  -98.194    410.2    901.2
     1     1    23     1    22     4     0     2    37.0   40.982  -98.079    436.7    899.5
     1     1    23     1    22     5     0     1    38.0   40.795  -97.979    446.3    899.0
     1     1    23     1    22     6     0     0    39.0   40.612  -97.889    441.7    903.2
     1     1    23     1    22     7     0     1    40.0   40.427  -97.806    441.7    905.3
     1     1    23     1    22     8     0     2    41.0   40.235  -97.734    445.3    906.0
     1     1    23     1    22     9     0     3    42.0   40.037  -97.669    444.7    907.3
     1     1    23     1    22    10     0     2    43.0   39.823  -97.608    440.6    909.3
     1     1    23     1    22    11     0     1    44.0   39.581  -97.550    442.8    910.6
     1     1    23     1    22    12     0     0    45.0   39.318  -97.496    459.5    910.3
     1     1    23     1    22    13     0     1    46.0   39.057  -97.447    484.9    908.0
     1     1    23     1    22    14     0     2    47.0   38.819  -97.403    495.3    905.7
     1     1    23     1    22    15     0     3    48.0   38.592  -97.368    482.2    907.2
     1     1    23     1    22    16     0     2    49.0   38.377  -97.329    459.3    911.1
     1     1    23     1    22    17     0     1    50.0   38.184  -97.271    437.3    913.9
     1     1    23     1    22    18     0     0    51.0   38.023  -97.190    420.3    916.5
     1     1    23     1    22    19     0     1    52.0   37.874  -97.089    409.9    918.7
     1     1    23     1    22    20     0     2    53.0   37.710  -96.976    405.7    921.3
     1     1    23     1    22    21     0     3    54.0   37.536  -96.851    414.3    922.8
     1     1    23     1    22    22     0     2    55.0   37.358  -96.725    425.5    922.8
     1     1    23     1    22    23     0     1    56.0   37.179  -96.611    415.6    925.6
     1     1    23     1    23     0     0     0    57.0   36.996  -96.523    369.4    932.7
     1     1    23     1    23     1     0     1    58.0   36.820  -96.462    318.3    945.0
     1     1    23     1    23     2     0     2    59.0   36.663  -96.414    290.7    950.5
     1     1    23     1    23     3     0     3    60.0   36.526  -96.387    284.8    952.9
     1     1    23     1    23     4     0     2    61.0   36.407  -96.370    289.5    952.6
     1     1    23     1    23     5     0     1    62.0   36.306  -96.351    293.5    953.4
     1     1    23     1    23     6     0     0    63.0   36.226  -96.327    294.5    954.5
     1     1    23     1    23     7     0     1    64.0   36.156  -96.295    297.0    956.2
     1     1    23     1    23     8     0     2    65.0   36.086  -96.253    307.9    956.3
     1     1    23     1    23     9     0     3    66.0   36.013  -96.202    332.4    955.1
     1     1    23     1    23    10     0     2    67.0   35.937  -96.154    361.9    951.0
     1     1    23     1    23    11     0     1    68.0   35.857  -96.125    379.0    949.3
     1     1    23     1    23    12     0     0    69.0   35.774  -96.119    380.2    949.4
     1     1    23     1    23    13     0     1    70.0   35.697  -96.136    377.1    951.3
     1     1    23     1    23    14     0     2    71.0   35.631  -96.168    380.8    951.0
     1     1    23     1    23    15     0     3    72.0   35.576  -96.214    392.6    949.8
     1     1    23     1    23    16     0     2    73.0   35.536  -96.254    406.9    947.5
     1     1    23     1    23    17     0     1    74.0   35.513  -96.270    417.3    946.6
     1     1    23     1    23    18     0     0    75.0   35.507  -96.262    424.5    946.4
     1     1    23     1    23    19     0     1    76.0   35.506  -96.245    423.9    945.5
     1     1    23     1    23    20     0     2    77.0   35.496  -96.237    411.4    946.4
     1     1    23     1    23    21     0     3    78.0   35.477  -96.239    387.8    948.4
     1     1    23     1    23    22     0     2    79.0   35.453  -96.262    362.8    951.9
     1     1    23     1    23    23     0     1    80.0   35.430  -96.315    343.8    953.3
     1     1    23     1    24     0     0     0    81.0   35.408  -96.401    330.3    953.8
     1     1    23     1    24     1     0     1    82.0   35.399  -96.514    319.0    953.4
     1     1    23     1    24     2     0     2    83.0   35.417  -96.646    307.1    953.3
     1     1    23     1    24     3     0     3    84.0   35.464  -96.793    293.3    953.5
     1     1    23     1    24     4     0     2    85.0   35.541  -96.941    273.0    954.1
     1     1    23     1    24     5     0     1    86.0   35.644  -97.074    245.8    957.2
     1     1    23     1    24     6     0     0    87.0   35.769  -97.184    220.2    960.6
     1     1    23     1    24     7     0     1    88.0   35.893  -97.281    208.6    962.3
     1     1    23     1    24     8     0     2    89.0   35.995  -97.387    212.9    960.3
     1     1    23     1    24     9     0     3    90.0   36.073  -97.504    226.9    956.4
     1     1    23     1    24    10     0     2    91.0   36.143  -97.619    240.3    952.4
     1     1    23     1    24    11     0     1    92.0   36.220  -97.712    241.9    950.5
     1     1    23     1    24    12     0     0    93.0   36.305  -97.780    232.1    950.4
     1     1    23     1    24    13     0     1    94.0   36.389  -97.831    234.0    951.7
     1     1    23     1    24    14     0     2    95.0   36.466  -97.879    267.7    947.2
     1     1    23     1    24    15     0     3    96.0   36.536  -97.929    340.1    938.0
     1     1    23     1    24    16     0     2    97.0   36.595  -98.013    419.6    922.8
     1     1    23     1    24    17     0     1    98.0   36.628  -98.151    446.9    914.6
     1     1    23     1    24    18     0     0    99.0   36.624  -98.333    429.6    914.4
     1     1    23     1    24    19     0     1   100.0   36.584  -98.525    416.2    914.4
     1     1    23     1    24    20     0     2   101.0   36.518  -98.698    420.1    908.3
     1     1    23     1    24    21     0     3   102.0   36.428  -98.853    422.3    902.4
     1     1    23     1    24    22     0     2   103.0   36.305  -98.978    414.8    899.6
     1     1    23     1    24    23     0     1   104.0   36.145  -99.065    399.8    898.6
     1     1    23     1    25     0     0     0   105.0   35.943  -99.111    373.6    900.1
     1     1    23     1    25     1     0     1   106.0   35.714  -99.134    347.8    907.3
     1     1    23     1    25     2     0     2   107.0   35.480  -99.143    331.3    912.1
     1     1    23     1    25     3     0     3   108.0   35.248  -99.127    318.8    917.1
     1     1    23     1    25     4     0     2   109.0   35.012  -99.084    297.3    922.1
     1     1    23     1    25     5     0     1   110.0   34.770  -99.010    262.6    931.8
     1     1    23     1    25     6     0     0   111.0   34.532  -98.895    229.6    940.7
     1     1    23     1    25     7     0     1   112.0   34.301  -98.740    206.7    948.2
     1     1    23     1    25     8     0     2   113.0   34.082  -98.547    189.9    953.8
     1     1    23     1    25     9     0     3   114.0   33.885  -98.316    168.2    957.9
     1     1    23     1    25    10     0     2   115.0   33.707  -98.074    146.5    962.7
     1     1    23     1    25    11     0     1   116.0   33.537  -97.844    132.8    966.2
     1     1    23     1    25    12     0     0   117.0   33.373  -97.621    125.3    970.0
     1     1    23     1    25    13     0     1   118.0   33.217  -97.402    116.8    975.0
     1     1    23     1    25    14     0     2   119.0   33.077  -97.203    103.0    981.7
     1     1    23     1    25    15     0     3   120.0   32.951  -97.041     85.1    988.7
