     8     1
    GDAS    22    12    22     0     0
    GDAS    22    12    29     0     0
    GDAS    23     1     1     0     0
    GDAS    23     1     8     0     0
    GDAS    23     1    15     0     0
    GDAS    23     1    22     0     0
    GDAS    23     1    29     0     0
    GDAS    23     2     1     0     0
     1 FORWARD  OMEGA   
    23     1     4    13   46.774 -101.376  1040.0
     1 PRESSURE
     1     1    23     1     4    13     0     1     0.0   46.774 -101.376   1040.0    822.1
     1     1    23     1     4    14     0     2     1.0   46.656 -101.380   1045.1    820.2
     1     1    23     1     4    15     0     3     2.0   46.527 -101.377   1036.0    820.8
     1     1    23     1     4    16     0     2     3.0   46.388 -101.367   1021.9    822.5
     1     1    23     1     4    17     0     1     4.0   46.239 -101.354   1010.4    823.1
     1     1    23     1     4    18     0     0     5.0   46.076 -101.335   1001.4    823.4
     1     1    23     1     4    19     0     1     6.0   45.897 -101.304    992.6    823.7
     1     1    23     1     4    20     0     2     7.0   45.699 -101.257    977.3    825.1
     1     1    23     1     4    21     0     3     8.0   45.478 -101.190    946.2    828.2
     1     1    23     1     4    22     0     2     9.0   45.227 -101.110    890.3    834.7
     1     1    23     1     4    23     0     1    10.0   44.941 -101.019    803.9    844.8
     1     1    23     1     5     0     0     0    11.0   44.625 -100.905    737.8    858.1
     1     1    23     1     5     1     0     1    12.0   44.290 -100.767    735.0    860.4
     1     1    23     1     5     2     0     2    13.0   43.940 -100.615    773.5    855.8
     1     1    23     1     5     3     0     3    14.0   43.567 -100.455    798.5    843.3
     1     1    23     1     5     4     0     2    15.0   43.167 -100.270    788.0    839.5
     1     1    23     1     5     5     0     1    16.0   42.742 -100.061    767.3    841.8
     1     1    23     1     5     6     0     0    17.0   42.293  -99.853    751.0    843.4
     1     1    23     1     5     7     0     1    18.0   41.821  -99.625    718.0    844.3
     1     1    23     1     5     8     0     2    19.0   41.336  -99.355    664.0    857.1
     1     1    23     1     5     9     0     3    20.0   40.856  -99.068    644.8    869.6
     1     1    23     1     5    10     0     2    21.0   40.389  -98.782    630.8    871.7
     1     1    23     1     5    11     0     1    22.0   39.930  -98.488    580.4    887.7
     1     1    23     1     5    12     0     0    23.0   39.482  -98.182    550.1    899.6
     1     1    23     1     5    13     0     1    24.0   39.062  -97.859    559.4    901.6
     1     1    23     1     5    14     0     2    25.0   38.672  -97.514    566.6    902.2
     1     1    23     1     5    15     0     3    26.0   38.300  -97.144    546.8    907.4
     1     1    23     1     5    16     0     2    27.0   37.960  -96.757    515.9    913.8
     1     1    23     1     5    17     0     1    28.0   37.671  -96.374    491.9    922.9
     1     1    23     1     5    18     0     0    29.0   37.426  -96.018    477.3    928.7
     1     1    23     1     5    19     0     1    30.0   37.218  -95.679    461.0    932.1
     1     1    23     1     5    20     0     2    31.0   37.040  -95.336    439.0    935.7
     1     1    23     1     5    21     0     3    32.0   36.888  -94.983    413.6    938.6
     1     1    23     1     5    22     0     2    33.0   36.750  -94.621    408.0    935.6
     1     1    23     1     5    23     0     1    34.0   36.609  -94.251    428.0    925.3
     1     1    23     1     6     0     0     0    35.0   36.456  -93.875    438.5    917.3
     1     1    23     1     6     1     0     1    36.0   36.292  -93.499    422.6    922.6
     1     1    23     1     6     2     0     2    37.0   36.123  -93.127    391.2    932.1
     1     1    23     1     6     3     0     3    38.0   35.952  -92.765    364.1    943.6
     1     1    23     1     6     4     0     2    39.0   35.787  -92.428    340.0    953.0
     1     1    23     1     6     5     0     1    40.0   35.641  -92.125    305.7    963.7
     1     1    23     1     6     6     0     0    41.0   35.507  -91.858    266.9    974.1
     1     1    23     1     6     7     0     1    42.0   35.381  -91.628    233.3    981.5
     1     1    23     1     6     8     0     2    43.0   35.263  -91.439    209.8    986.1
     1     1    23     1     6     9     0     3    44.0   35.153  -91.291    194.6    989.0
     1     1    23     1     6    10     0     2    45.0   35.053  -91.178    185.2    990.8
     1     1    23     1     6    11     0     1    46.0   34.967  -91.095    179.8    992.1
     1     1    23     1     6    12     0     0    47.0   34.896  -91.037    177.7    993.3
     1     1    23     1     6    13     0     1    48.0   34.844  -91.003    174.6    994.0
     1     1    23     1     6    14     0     2    49.0   34.817  -90.996    167.0    995.5
     1     1    23     1     6    15     0     3    50.0   34.816  -91.015    154.6    997.4
     1     1    23     1     6    16     0     2    51.0   34.844  -91.043    142.5    999.2
     1     1    23     1     6    17     0     1    52.0   34.904  -91.062    135.1    999.2
     1     1    23     1     6    18     0     0    53.0   34.996  -91.070    132.6    998.4
     1     1    23     1     6    19     0     1    54.0   35.113  -91.074    132.7    997.3
     1     1    23     1     6    20     0     2    55.0   35.246  -91.083    132.1    996.3
     1     1    23     1     6    21     0     3    56.0   35.391  -91.098    129.2    995.5
     1     1    23     1     6    22     0     2    57.0   35.548  -91.126    122.8    995.6
     1     1    23     1     6    23     0     1    58.0   35.715  -91.174    114.9    995.8
     1     1    23     1     7     0     0     0    59.0   35.895  -91.244    109.4    995.1
     1     1    23     1     7     1     0     1    60.0   36.083  -91.325    109.4    992.0
     1     1    23     1     7     2     0     2    61.0   36.271  -91.407    116.7    986.2
     1     1    23     1     7     3     0     3    62.0   36.469  -91.491    131.1    979.2
     1     1    23     1     7     4     0     2    63.0   36.676  -91.574    151.7    971.0
     1     1    23     1     7     5     0     1    64.0   36.896  -91.650    179.1    961.7
     1     1    23     1     7     6     0     0    65.0   37.134  -91.714    214.9    954.9
     1     1    23     1     7     7     0     1    66.0   37.367  -91.781    248.8    950.9
     1     1    23     1     7     8     0     2    67.0   37.573  -91.872    276.7    949.2
     1     1    23     1     7     9     0     3    68.0   37.759  -91.989    314.0    946.8
     1     1    23     1     7    10     0     2    69.0   37.917  -92.152    378.5    942.5
     1     1    23     1     7    11     0     1    70.0   38.026  -92.392    466.0    932.7
     1     1    23     1     7    12     0     0    71.0   38.095  -92.720    556.3    921.5
     1     1    23     1     7    13     0     1    72.0   38.154  -93.114    632.1    914.2
     1     1    23     1     7    14     0     2    73.0   38.213  -93.544    709.0    909.9
     1     1    23     1     7    15     0     3    74.0   38.263  -93.987    809.9    900.7
     1     1    23     1     7    16     0     2    75.0   38.297  -94.401    905.9    885.1
     1     1    23     1     7    17     0     1    76.0   38.302  -94.753    964.0    876.9
     1     1    23     1     7    18     0     0    77.0   38.274  -95.046    984.2    873.7
     1     1    23     1     7    19     0     1    78.0   38.208  -95.294    991.9    873.9
     1     1    23     1     7    20     0     2    79.0   38.105  -95.495   1009.1    870.2
     1     1    23     1     7    21     0     3    80.0   37.968  -95.649   1025.1    866.9
     1     1    23     1     7    22     0     2    81.0   37.806  -95.744   1030.3    866.6
     1     1    23     1     7    23     0     1    82.0   37.625  -95.786   1022.9    868.7
     1     1    23     1     8     0     0     0    83.0   37.425  -95.794   1004.2    872.1
     1     1    23     1     8     1     0     1    84.0   37.213  -95.782    974.6    876.8
     1     1    23     1     8     2     0     2    85.0   36.999  -95.759    934.3    882.5
     1     1    23     1     8     3     0     3    86.0   36.790  -95.728    876.1    889.8
     1     1    23     1     8     4     0     2    87.0   36.589  -95.687    798.7    899.8
     1     1    23     1     8     5     0     1    88.0   36.390  -95.630    710.8    910.8
     1     1    23     1     8     6     0     0    89.0   36.193  -95.571    620.3    922.6
     1     1    23     1     8     7     0     1    90.0   35.991  -95.513    539.5    932.6
     1     1    23     1     8     8     0     2    91.0   35.772  -95.456    473.6    940.4
     1     1    23     1     8     9     0     3    92.0   35.524  -95.403    418.5    947.3
     1     1    23     1     8    10     0     2    93.0   35.254  -95.358    379.2    953.5
     1     1    23     1     8    11     0     1    94.0   34.971  -95.328    363.0    956.7
     1     1    23     1     8    12     0     0    95.0   34.669  -95.314    353.3    957.9
     1     1    23     1     8    13     0     1    96.0   34.362  -95.319    329.8    962.7
     1     1    23     1     8    14     0     2    97.0   34.058  -95.348    295.3    970.1
     1     1    23     1     8    15     0     3    98.0   33.759  -95.410    261.8    976.0
     1     1    23     1     8    16     0     2    99.0   33.495  -95.484    234.0    979.0
     1     1    23     1     8    17     0     1   100.0   33.286  -95.541    212.1    982.0
     1     1    23     1     8    18     0     0   101.0   33.123  -95.578    199.0    983.9
     1     1    23     1     8    19     0     1   102.0   32.985  -95.603    189.8    983.7
     1     1    23     1     8    20     0     2   103.0   32.853  -95.624    178.6    984.9
     1     1    23     1     8    21     0     3   104.0   32.726  -95.641    165.1    986.6
     1     1    23     1     8    22     0     2   105.0   32.604  -95.666    150.5    989.2
     1     1    23     1     8    23     0     1   106.0   32.484  -95.710    135.9    991.8
     1     1    23     1     9     0     0     0   107.0   32.368  -95.775    122.1    994.1
     1     1    23     1     9     1     0     1   108.0   32.265  -95.858    111.8    996.6
     1     1    23     1     9     2     0     2   109.0   32.181  -95.959    106.2    998.3
     1     1    23     1     9     3     0     3   110.0   32.118  -96.078    104.1    998.4
     1     1    23     1     9     4     0     2   111.0   32.085  -96.193    103.6    997.4
     1     1    23     1     9     5     0     1   112.0   32.088  -96.286    102.4    996.6
     1     1    23     1     9     6     0     0   113.0   32.125  -96.359    100.3    995.9
     1     1    23     1     9     7     0     1   114.0   32.181  -96.426     99.2    994.8
     1     1    23     1     9     8     0     2   115.0   32.240  -96.498    101.3    993.2
     1     1    23     1     9     9     0     3   116.0   32.306  -96.570    107.2    991.3
     1     1    23     1     9    10     0     2   117.0   32.386  -96.635    114.2    989.6
     1     1    23     1     9    11     0     1   118.0   32.484  -96.687    119.5    988.6
     1     1    23     1     9    12     0     0   119.0   32.598  -96.726    124.8    988.0
     1     1    23     1     9    13     0     1   120.0   32.731  -96.752    133.1    987.9
