     8     1
    GDAS    22    12    22     0     0
    GDAS    22    12    29     0     0
    GDAS    23     1     1     0     0
    GDAS    23     1     8     0     0
    GDAS    23     1    15     0     0
    GDAS    23     1    22     0     0
    GDAS    23     1    29     0     0
    GDAS    23     2     1     0     0
     1 FORWARD  OMEGA   
    23     1    18    12   44.007 -122.951   873.9
     1 PRESSURE
     1     1    23     1    18    12     0     0     0.0   44.007 -122.951    873.9    882.0
     1     1    23     1    18    13     0     1     1.0   44.362 -122.676    901.0    847.5
     1     1    23     1    18    14     0     2     2.0   44.775 -122.361    817.4    830.2
     1     1    23     1    18    15     0     3     3.0   45.180 -122.100    691.7    831.4
     1     1    23     1    18    16     0     2     4.0   45.513 -121.958    636.4    843.0
     1     1    23     1    18    17     0     1     5.0   45.795 -121.873    721.1    840.0
     1     1    23     1    18    18     0     0     6.0   46.095 -121.737    967.9    817.9
     1     1    23     1    18    19     0     1     7.0   46.433 -121.480   1204.4    767.4
     1     1    23     1    18    20     0     2     8.0   46.747 -121.164   1238.1    749.1
     1     1    23     1    18    21     0     3     9.0   47.028 -120.839   1144.7    756.3
     1     1    23     1    18    22     0     2    10.0   47.258 -120.594   1117.7    788.5
     1     1    23     1    18    23     0     1    11.0   47.462 -120.375   1233.7    779.9
     1     1    23     1    19     0     0     0    12.0   47.678 -120.155   1391.6    769.7
     1     1    23     1    19     1     0     1    13.0   47.884 -119.926   1522.0    757.9
     1     1    23     1    19     2     0     2    14.0   48.051 -119.689   1626.4    746.6
     1     1    23     1    19     3     0     3    15.0   48.191 -119.449   1782.6    730.7
     1     1    23     1    19     4     0     2    16.0   48.322 -119.221   2010.2    704.7
     1     1    23     1    19     5     0     1    17.0   48.453 -119.036   2296.5    680.8
     1     1    23     1    19     6     0     0    18.0   48.591 -118.885   2641.2    645.4
     1     1    23     1    19     7     0     1    19.0   48.745 -118.757   2957.9    606.3
     1     1    23     1    19     8     0     2    20.0   48.914 -118.646   3177.4    584.6
     1     1    23     1    19     9     0     3    21.0   49.106 -118.556   3300.4    569.3
     1     1    23     1    19    10     0     2    22.0   49.302 -118.464   3353.8    564.9
     1     1    23     1    19    11     0     1    23.0   49.501 -118.361   3390.0    560.2
     1     1    23     1    19    12     0     0    24.0   49.704 -118.256   3423.3    555.6
     1     1    23     1    19    13     0     1    25.0   49.893 -118.165   3446.1    551.5
     1     1    23     1    19    14     0     2    26.0   50.039 -118.093   3434.1    550.4
     1     1    23     1    19    15     0     3    27.0   50.127 -118.035   3376.9    555.3
     1     1    23     1    19    16     0     2    28.0   50.168 -117.978   3295.2    562.5
     1     1    23     1    19    17     0     1    29.0   50.183 -117.909   3207.5    568.2
     1     1    23     1    19    18     0     0    30.0   50.176 -117.835   3119.0    574.1
     1     1    23     1    19    19     0     1    31.0   50.146 -117.748   3034.3    580.3
     1     1    23     1    19    20     0     2    32.0   50.103 -117.631   2950.5    585.6
     1     1    23     1    19    21     0     3    33.0   50.062 -117.476   2857.4    590.9
     1     1    23     1    19    22     0     2    34.0   49.999 -117.292   2741.4    597.9
     1     1    23     1    19    23     0     1    35.0   49.896 -117.109   2601.5    606.6
     1     1    23     1    20     0     0     0    36.0   49.779 -116.925   2462.9    614.9
     1     1    23     1    20     1     0     1    37.0   49.658 -116.731   2341.8    623.5
     1     1    23     1    20     2     0     2    38.0   49.535 -116.523   2248.0    631.1
     1     1    23     1    20     3     0     3    39.0   49.418 -116.296   2181.1    637.3
     1     1    23     1    20     4     0     2    40.0   49.322 -116.045   2126.3    643.0
     1     1    23     1    20     5     0     1    41.0   49.244 -115.768   2066.0    651.1
     1     1    23     1    20     6     0     0    42.0   49.175 -115.457   1995.6    662.1
     1     1    23     1    20     7     0     1    43.0   49.112 -115.106   1915.3    674.4
     1     1    23     1    20     8     0     2    44.0   49.041 -114.724   1798.8    675.8
     1     1    23     1    20     9     0     3    45.0   48.934 -114.344   1658.7    673.4
     1     1    23     1    20    10     0     2    46.0   48.804 -113.970   1497.0    677.0
     1     1    23     1    20    11     0     1    47.0   48.694 -113.584   1300.4    709.6
     1     1    23     1    20    12     0     0    48.0   48.565 -113.162   1136.2    727.8
     1     1    23     1    20    13     0     1    49.0   48.403 -112.726   1019.6    741.5
     1     1    23     1    20    14     0     2    50.0   48.270 -112.356    954.9    769.0
     1     1    23     1    20    15     0     3    51.0   48.149 -112.073    963.9    787.4
     1     1    23     1    20    16     0     2    52.0   48.027 -111.836    996.4    787.8
     1     1    23     1    20    17     0     1    53.0   47.917 -111.601   1017.2    784.6
     1     1    23     1    20    18     0     0    54.0   47.802 -111.356   1019.1    779.0
     1     1    23     1    20    19     0     1    55.0   47.666 -111.093   1009.1    770.2
     1     1    23     1    20    20     0     2    56.0   47.506 -110.806   1005.2    761.6
     1     1    23     1    20    21     0     3    57.0   47.326 -110.498   1012.0    757.2
     1     1    23     1    20    22     0     2    58.0   47.123 -110.179   1060.5    756.6
     1     1    23     1    20    23     0     1    59.0   46.872 -109.859   1194.8    746.1
     1     1    23     1    21     0     0     0    60.0   46.567 -109.568   1364.0    726.4
     1     1    23     1    21     1     0     1    61.0   46.250 -109.309   1516.5    714.0
     1     1    23     1    21     2     0     2    62.0   45.954 -109.077   1633.7    709.0
     1     1    23     1    21     3     0     3    63.0   45.668 -108.861   1701.7    701.1
     1     1    23     1    21     4     0     2    64.0   45.367 -108.628   1732.7    687.5
     1     1    23     1    21     5     0     1    65.0   45.023 -108.377   1719.9    658.7
     1     1    23     1    21     6     0     0    66.0   44.632 -108.123   1703.8    663.2
     1     1    23     1    21     7     0     1    67.0   44.224 -107.884   1717.9    681.2
     1     1    23     1    21     8     0     2    68.0   43.828 -107.675   1713.8    668.0
     1     1    23     1    21     9     0     3    69.0   43.458 -107.496   1677.2    658.3
     1     1    23     1    21    10     0     2    70.0   43.116 -107.341   1622.4    663.8
     1     1    23     1    21    11     0     1    71.0   42.776 -107.218   1571.6    665.5
     1     1    23     1    21    12     0     0    72.0   42.395 -107.111   1546.9    658.5
     1     1    23     1    21    13     0     1    73.0   41.950 -106.998   1567.9    645.1
     1     1    23     1    21    14     0     2    74.0   41.481 -106.888   1589.0    617.8
     1     1    23     1    21    15     0     3    75.0   41.002 -106.786   1584.9    596.7
     1     1    23     1    21    16     0     2    76.0   40.517 -106.698   1588.1    589.9
     1     1    23     1    21    17     0     1    77.0   40.031 -106.627   1606.4    582.0
     1     1    23     1    21    18     0     0    78.0   39.518 -106.563   1615.9    567.2
     1     1    23     1    21    19     0     1    79.0   38.997 -106.509   1566.1    557.6
     1     1    23     1    21    20     0     2    80.0   38.549 -106.437   1520.0    578.5
     1     1    23     1    21    21     0     3    81.0   38.195 -106.336   1504.6    594.6
     1     1    23     1    21    22     0     2    82.0   37.902 -106.210   1514.1    612.1
     1     1    23     1    21    23     0     1    83.0   37.628 -106.061   1577.4    617.0
     1     1    23     1    22     0     0     0    84.0   37.325 -105.867   1679.1    603.6
     1     1    23     1    22     1     0     1    85.0   36.966 -105.626   1692.7    591.5
     1     1    23     1    22     2     0     2    86.0   36.631 -105.360   1674.0    612.1
     1     1    23     1    22     3     0     3    87.0   36.319 -105.074   1727.7    615.8
     1     1    23     1    22     4     0     2    88.0   36.026 -104.759   1816.0    619.9
     1     1    23     1    22     5     0     1    89.0   35.786 -104.420   1865.7    639.8
     1     1    23     1    22     6     0     0    90.0   35.583 -104.048   1894.1    655.8
     1     1    23     1    22     7     0     1    91.0   35.381 -103.644   1892.9    667.5
     1     1    23     1    22     8     0     2    92.0   35.154 -103.212   1852.4    680.3
     1     1    23     1    22     9     0     3    93.0   34.916 -102.718   1795.2    695.4
     1     1    23     1    22    10     0     2    94.0   34.661 -102.210   1744.5    710.0
     1     1    23     1    22    11     0     1    95.0   34.379 -101.740   1684.8    724.8
     1     1    23     1    22    12     0     0    96.0   34.067 -101.277   1629.2    742.2
     1     1    23     1    22    13     0     1    97.0   33.754 -100.817   1578.9    758.5
     1     1    23     1    22    14     0     2    98.0   33.470 -100.389   1525.6    781.0
     1     1    23     1    22    15     0     3    99.0   33.198  -99.949   1481.7    798.9
     1     1    23     1    22    16     0     2   100.0   32.943  -99.469   1461.2    806.4
     1     1    23     1    22    17     0     1   101.0   32.704  -98.971   1441.1    806.5
     1     1    23     1    22    18     0     0   102.0   32.459  -98.497   1382.4    815.2
     1     1    23     1    22    19     0     1   103.0   32.206  -98.057   1307.5    829.5
     1     1    23     1    22    20     0     2   104.0   31.958  -97.663   1230.5    841.8
     1     1    23     1    22    21     0     3   105.0   31.730  -97.339   1154.5    856.7
     1     1    23     1    22    22     0     2   106.0   31.511  -97.075   1102.1    869.4
     1     1    23     1    22    23     0     1   107.0   31.283  -96.839   1076.7    875.6
     1     1    23     1    23     0     0     0   108.0   31.036  -96.626   1061.6    880.0
     1     1    23     1    23     1     0     1   109.0   30.785  -96.439   1050.2    883.9
     1     1    23     1    23     2     0     2   110.0   30.545  -96.282   1029.9    886.7
     1     1    23     1    23     3     0     3   111.0   30.313  -96.157    975.7    892.6
     1     1    23     1    23     4     0     2   112.0   30.089  -96.072    876.0    904.8
     1     1    23     1    23     5     0     1   113.0   29.873  -96.051    757.9    922.0
     1     1    23     1    23     6     0     0   114.0   29.664  -96.116    648.3    937.6
     1     1    23     1    23     7     0     1   115.0   29.464  -96.281    561.0    950.2
     1     1    23     1    23     8     0     2   116.0   29.289  -96.539    512.1    957.9
     1     1    23     1    23     9     0     3   117.0   29.159  -96.862    500.5    959.9
     1     1    23     1    23    10     0     2   118.0   29.084  -97.211    501.4    956.6
     1     1    23     1    23    11     0     1   119.0   29.063  -97.565    499.3    954.1
     1     1    23     1    23    12     0     0   120.0   29.072  -97.928    496.8    950.7
