     8     1
    GDAS    22    12    22     0     0
    GDAS    22    12    29     0     0
    GDAS    23     1     1     0     0
    GDAS    23     1     8     0     0
    GDAS    23     1    15     0     0
    GDAS    23     1    22     0     0
    GDAS    23     1    29     0     0
    GDAS    23     2     1     0     0
     1 FORWARD  OMEGA   
    23     1    18    11   42.882 -171.941  3085.8
     1 PRESSURE
     1     1    23     1    18    11     0     1     0.0   42.882 -171.941   3085.8    667.9
     1     1    23     1    18    12     0     0     1.0   43.048 -170.532   2952.1    678.9
     1     1    23     1    18    13     0     1     2.0   43.268 -169.028   2714.8    701.8
     1     1    23     1    18    14     0     2     3.0   43.564 -167.497   2582.1    713.5
     1     1    23     1    18    15     0     3     4.0   43.922 -165.952   2457.5    726.2
     1     1    23     1    18    16     0     2     5.0   44.301 -164.362   2372.8    734.2
     1     1    23     1    18    17     0     1     6.0   44.738 -162.859   2296.0    741.6
     1     1    23     1    18    18     0     0     7.0   45.213 -161.449   2239.8    747.0
     1     1    23     1    18    19     0     1     8.0   45.697 -160.044   2166.9    754.6
     1     1    23     1    18    20     0     2     9.0   46.246 -158.713   2083.1    763.5
     1     1    23     1    18    21     0     3    10.0   46.816 -157.455   2047.2    767.3
     1     1    23     1    18    22     0     2    11.0   47.401 -156.160   2040.4    766.4
     1     1    23     1    18    23     0     1    12.0   47.987 -154.900   1986.1    771.1
     1     1    23     1    19     0     0     0    13.0   48.541 -153.631   1951.8    774.8
     1     1    23     1    19     1     0     1    14.0   49.062 -152.335   1923.9    779.3
     1     1    23     1    19     2     0     2    15.0   49.576 -151.125   1900.6    780.5
     1     1    23     1    19     3     0     3    16.0   50.033 -149.941   1836.6    787.0
     1     1    23     1    19     4     0     2    17.0   50.458 -148.793   1742.3    800.2
     1     1    23     1    19     5     0     1    18.0   50.910 -147.714   1749.2    798.0
     1     1    23     1    19     6     0     0    19.0   51.336 -146.663   1716.8    802.6
     1     1    23     1    19     7     0     1    20.0   51.752 -145.598   1721.8    801.4
     1     1    23     1    19     8     0     2    21.0   52.189 -144.556   1726.9    802.1
     1     1    23     1    19     9     0     3    22.0   52.596 -143.486   1721.4    802.3
     1     1    23     1    19    10     0     2    23.0   52.979 -142.432   1683.0    807.3
     1     1    23     1    19    11     0     1    24.0   53.370 -141.424   1658.5    811.8
     1     1    23     1    19    12     0     0    25.0   53.719 -140.424   1664.3    811.6
     1     1    23     1    19    13     0     1    26.0   54.048 -139.469   1719.3    804.4
     1     1    23     1    19    14     0     2    27.0   54.395 -138.584   1712.8    808.3
     1     1    23     1    19    15     0     3    28.0   54.701 -137.728   1748.4    803.2
     1     1    23     1    19    16     0     2    29.0   55.002 -136.937   1751.1    804.5
     1     1    23     1    19    17     0     1    30.0   55.307 -136.215   1860.8    795.9
     1     1    23     1    19    18     0     0    31.0   55.597 -135.578   2050.0    776.6
     1     1    23     1    19    19     0     1    32.0   55.891 -135.030   2270.3    758.8
     1     1    23     1    19    20     0     2    33.0   56.224 -134.508   2506.9    724.9
     1     1    23     1    19    21     0     3    34.0   56.612 -133.989   2742.8    706.4
     1     1    23     1    19    22     0     2    35.0   57.063 -133.405   3005.0    674.1
     1     1    23     1    19    23     0     1    36.0   57.503 -132.492   3038.6    583.0
     1     1    23     1    20     0     0     0    37.0   57.919 -131.189   2590.7    645.3
     1     1    23     1    20     1     0     1    38.0   58.296 -129.795   2385.5    642.4
     1     1    23     1    20     2     0     2    39.0   58.468 -128.247   2497.7    620.2
     1     1    23     1    20     3     0     3    40.0   58.456 -126.728   2613.1    600.6
     1     1    23     1    20     4     0     2    41.0   58.307 -125.333   2762.5    574.0
     1     1    23     1    20     5     0     1    42.0   58.059 -124.052   2248.3    622.4
     1     1    23     1    20     6     0     0    43.0   57.791 -122.967   1474.2    765.8
     1     1    23     1    20     7     0     1    44.0   57.540 -122.062   1223.0    790.2
     1     1    23     1    20     8     0     2    45.0   57.276 -121.240   1277.1    791.3
     1     1    23     1    20     9     0     3    46.0   57.045 -120.573   1474.1    767.7
     1     1    23     1    20    10     0     2    47.0   56.869 -119.996   1616.4    752.9
     1     1    23     1    20    11     0     1    48.0   56.695 -119.388   1672.2    743.9
     1     1    23     1    20    12     0     0    49.0   56.494 -118.701   1663.8    751.9
     1     1    23     1    20    13     0     1    50.0   56.292 -117.987   1618.7    764.7
     1     1    23     1    20    14     0     2    51.0   56.093 -117.279   1602.3    775.2
     1     1    23     1    20    15     0     3    52.0   55.893 -116.591   1637.1    763.3
     1     1    23     1    20    16     0     2    53.0   55.669 -115.876   1655.8    750.2
     1     1    23     1    20    17     0     1    54.0   55.387 -115.091   1520.6    753.3
     1     1    23     1    20    18     0     0    55.0   55.034 -114.314   1296.4    790.6
     1     1    23     1    20    19     0     1    56.0   54.685 -113.639   1267.8    800.1
     1     1    23     1    20    20     0     2    57.0   54.338 -113.025   1320.2    799.8
     1     1    23     1    20    21     0     3    58.0   53.974 -112.476   1391.2    783.4
     1     1    23     1    20    22     0     2    59.0   53.608 -111.947   1411.0    781.6
     1     1    23     1    20    23     0     1    60.0   53.248 -111.416   1410.4    786.1
     1     1    23     1    21     0     0     0    61.0   52.882 -110.929   1416.1    783.6
     1     1    23     1    21     1     0     1    62.0   52.505 -110.452   1419.8    782.0
     1     1    23     1    21     2     0     2    63.0   52.116 -109.972   1420.9    779.4
     1     1    23     1    21     3     0     3    64.0   51.734 -109.513   1420.1    782.6
     1     1    23     1    21     4     0     2    65.0   51.379 -109.037   1405.8    784.9
     1     1    23     1    21     5     0     1    66.0   51.033 -108.551   1388.0    789.2
     1     1    23     1    21     6     0     0    67.0   50.667 -108.088   1411.4    782.8
     1     1    23     1    21     7     0     1    68.0   50.279 -107.622   1460.7    770.4
     1     1    23     1    21     8     0     2    69.0   49.881 -107.178   1528.6    766.5
     1     1    23     1    21     9     0     3    70.0   49.492 -106.791   1612.0    756.0
     1     1    23     1    21    10     0     2    71.0   49.115 -106.420   1681.8    742.8
     1     1    23     1    21    11     0     1    72.0   48.728 -106.036   1729.8    739.6
     1     1    23     1    21    12     0     0    73.0   48.335 -105.641   1773.2    745.2
     1     1    23     1    21    13     0     1    74.0   47.952 -105.231   1811.1    745.3
     1     1    23     1    21    14     0     2    75.0   47.563 -104.821   1874.4    738.3
     1     1    23     1    21    15     0     3    76.0   47.140 -104.424   1999.2    717.1
     1     1    23     1    21    16     0     2    77.0   46.688 -104.032   2095.2    694.0
     1     1    23     1    21    17     0     1    78.0   46.237 -103.669   2137.8    694.8
     1     1    23     1    21    18     0     0    79.0   45.792 -103.376   2196.4    690.9
     1     1    23     1    21    19     0     1    80.0   45.350 -103.121   2252.1    684.1
     1     1    23     1    21    20     0     2    81.0   44.916 -102.871   2283.2    683.4
     1     1    23     1    21    21     0     3    82.0   44.494 -102.631   2304.5    683.0
     1     1    23     1    21    22     0     2    83.0   44.087 -102.407   2337.8    680.8
     1     1    23     1    21    23     0     1    84.0   43.671 -102.201   2386.3    671.9
     1     1    23     1    22     0     0     0    85.0   43.224 -102.004   2454.5    657.1
     1     1    23     1    22     1     0     1    86.0   42.770 -101.836   2501.6    642.8
     1     1    23     1    22     2     0     2    87.0   42.335 -101.710   2484.0    642.3
     1     1    23     1    22     3     0     3    88.0   41.917 -101.597   2443.8    647.8
     1     1    23     1    22     4     0     2    89.0   41.526 -101.472   2431.1    654.1
     1     1    23     1    22     5     0     1    90.0   41.157 -101.328   2418.6    656.6
     1     1    23     1    22     6     0     0    91.0   40.793 -101.169   2363.4    663.9
     1     1    23     1    22     7     0     1    92.0   40.425 -100.999   2274.9    676.0
     1     1    23     1    22     8     0     2    93.0   40.062 -100.814   2179.3    688.5
     1     1    23     1    22     9     0     3    94.0   39.719 -100.628   2104.5    699.9
     1     1    23     1    22    10     0     2    95.0   39.383 -100.461   2054.3    706.1
     1     1    23     1    22    11     0     1    96.0   39.041 -100.305   2029.0    712.1
     1     1    23     1    22    12     0     0    97.0   38.695 -100.143   2025.5    712.3
     1     1    23     1    22    13     0     1    98.0   38.360  -99.976   2001.2    712.7
     1     1    23     1    22    14     0     2    99.0   38.039  -99.807   1938.6    720.6
     1     1    23     1    22    15     0     3   100.0   37.733  -99.637   1877.4    735.1
     1     1    23     1    22    16     0     2   101.0   37.450  -99.475   1847.5    744.5
     1     1    23     1    22    17     0     1   102.0   37.184  -99.317   1841.5    748.6
     1     1    23     1    22    18     0     0   103.0   36.925  -99.151   1840.3    751.7
     1     1    23     1    22    19     0     1   104.0   36.674  -98.965   1823.3    752.7
     1     1    23     1    22    20     0     2   105.0   36.436  -98.764   1786.8    759.6
     1     1    23     1    22    21     0     3   106.0   36.206  -98.550   1738.2    768.2
     1     1    23     1    22    22     0     2   107.0   35.983  -98.327   1646.0    780.6
     1     1    23     1    22    23     0     1   108.0   35.769  -98.116   1515.4    803.6
     1     1    23     1    23     0     0     0   109.0   35.562  -97.923   1401.1    821.3
     1     1    23     1    23     1     0     1   110.0   35.362  -97.738   1321.9    830.0
     1     1    23     1    23     2     0     2   111.0   35.171  -97.558   1250.4    835.4
     1     1    23     1    23     3     0     3   112.0   34.986  -97.380   1145.7    845.0
     1     1    23     1    23     4     0     2   113.0   34.811  -97.228   1052.4    864.2
     1     1    23     1    23     5     0     1   114.0   34.650  -97.110   1022.5    869.3
     1     1    23     1    23     6     0     0   115.0   34.502  -97.012   1047.5    869.2
     1     1    23     1    23     7     0     1   116.0   34.363  -96.912   1078.2    863.9
     1     1    23     1    23     8     0     2   117.0   34.230  -96.803   1064.8    868.6
     1     1    23     1    23     9     0     3   118.0   34.105  -96.694   1012.0    877.2
     1     1    23     1    23    10     0     2   119.0   33.980  -96.616    944.5    889.4
     1     1    23     1    23    11     0     1   120.0   33.844  -96.593    885.9    897.5
