     8     1
    GDAS    22    12    22     0     0
    GDAS    22    12    29     0     0
    GDAS    23     1     1     0     0
    GDAS    23     1     8     0     0
    GDAS    23     1    15     0     0
    GDAS    23     1    22     0     0
    GDAS    23     1    29     0     0
    GDAS    23     2     1     0     0
     1 FORWARD  OMEGA   
    23     1     6    15   31.881 -107.821   578.3
     1 PRESSURE
     1     1    23     1     6    15     0     3     0.0   31.881 -107.821    578.3    808.8
     1     1    23     1     6    16     0     2     1.0   31.853 -107.504    523.4    817.5
     1     1    23     1     6    17     0     1     2.0   31.838 -107.219    480.6    823.5
     1     1    23     1     6    18     0     0     3.0   31.825 -106.970    438.8    828.8
     1     1    23     1     6    19     0     1     4.0   31.812 -106.741    394.2    828.4
     1     1    23     1     6    20     0     2     5.0   31.804 -106.509    358.3    827.4
     1     1    23     1     6    21     0     3     6.0   31.799 -106.279    346.5    824.2
     1     1    23     1     6    22     0     2     7.0   31.790 -106.054    352.2    818.1
     1     1    23     1     6    23     0     1     8.0   31.767 -105.839    372.4    818.3
     1     1    23     1     7     0     0     0     9.0   31.717 -105.637    390.3    818.2
     1     1    23     1     7     1     0     1    10.0   31.644 -105.451    389.0    820.8
     1     1    23     1     7     2     0     2    11.0   31.556 -105.280    355.0    824.7
     1     1    23     1     7     3     0     3    12.0   31.455 -105.128    269.0    833.7
     1     1    23     1     7     4     0     2    13.0   31.347 -105.006    166.0    848.1
     1     1    23     1     7     5     0     1    14.0   31.251 -104.913     97.6    858.0
     1     1    23     1     7     6     0     0    15.0   31.168 -104.841     62.7    861.9
     1     1    23     1     7     7     0     1    16.0   31.092 -104.790     48.5    861.3
     1     1    23     1     7     8     0     2    17.0   31.019 -104.767     43.7    859.9
     1     1    23     1     7     9     0     3    18.0   30.948 -104.774     46.1    859.0
     1     1    23     1     7    10     0     2    19.0   30.885 -104.802     51.5    858.8
     1     1    23     1     7    11     0     1    20.0   30.832 -104.846     56.0    858.6
     1     1    23     1     7    12     0     0    21.0   30.791 -104.908     59.4    858.3
     1     1    23     1     7    13     0     1    22.0   30.753 -104.979     59.8    858.6
     1     1    23     1     7    14     0     2    23.0   30.713 -105.047     55.7    859.9
     1     1    23     1     7    15     0     3    24.0   30.669 -105.105     48.1    861.5
     1     1    23     1     7    16     0     2    25.0   30.624 -105.164     41.5    862.5
     1     1    23     1     7    17     0     1    26.0   30.580 -105.234     39.6    862.6
     1     1    23     1     7    18     0     0    27.0   30.537 -105.316     43.7    862.1
     1     1    23     1     7    19     0     1    28.0   30.496 -105.393     54.0    860.4
     1     1    23     1     7    20     0     2    29.0   30.454 -105.448     69.0    857.7
     1     1    23     1     7    21     0     3    30.0   30.410 -105.486     89.3    854.9
     1     1    23     1     7    22     0     2    31.0   30.361 -105.535    109.8    852.3
     1     1    23     1     7    23     0     1    32.0   30.303 -105.625    122.7    850.6
     1     1    23     1     8     0     0     0    33.0   30.242 -105.776    124.5    849.3
     1     1    23     1     8     1     0     1    34.0   30.201 -105.963    119.5    848.9
     1     1    23     1     8     2     0     2    35.0   30.185 -106.111    117.4    849.7
     1     1    23     1     8     3     0     3    36.0   30.188 -106.205    115.4    850.0
     1     1    23     1     8     4     0     2    37.0   30.202 -106.262    111.3    850.7
     1     1    23     1     8     5     0     1    38.0   30.218 -106.301    107.0    851.3
     1     1    23     1     8     6     0     0    39.0   30.236 -106.323    102.5    852.0
     1     1    23     1     8     7     0     1    40.0   30.253 -106.342    103.0    852.3
     1     1    23     1     8     8     0     2    41.0   30.269 -106.369    114.1    850.9
     1     1    23     1     8     9     0     3    42.0   30.285 -106.403    137.1    848.6
     1     1    23     1     8    10     0     2    43.0   30.306 -106.440    158.9    844.8
     1     1    23     1     8    11     0     1    44.0   30.331 -106.475    167.1    844.4
     1     1    23     1     8    12     0     0    45.0   30.357 -106.506    163.1    845.3
     1     1    23     1     8    13     0     1    46.0   30.384 -106.536    155.8    847.8
     1     1    23     1     8    14     0     2    47.0   30.413 -106.565    153.6    848.9
     1     1    23     1     8    15     0     3    48.0   30.442 -106.595    156.7    849.4
     1     1    23     1     8    16     0     2    49.0   30.477 -106.629    161.6    849.4
     1     1    23     1     8    17     0     1    50.0   30.518 -106.667    163.8    850.4
     1     1    23     1     8    18     0     0    51.0   30.564 -106.709    163.3    852.1
     1     1    23     1     8    19     0     1    52.0   30.611 -106.753    159.9    852.8
     1     1    23     1     8    20     0     2    53.0   30.654 -106.799    152.5    854.0
     1     1    23     1     8    21     0     3    54.0   30.690 -106.847    140.3    855.9
     1     1    23     1     8    22     0     2    55.0   30.705 -106.887    129.4    858.7
     1     1    23     1     8    23     0     1    56.0   30.690 -106.906    127.1    858.8
     1     1    23     1     9     0     0     0    57.0   30.643 -106.906    136.3    856.8
     1     1    23     1     9     1     0     1    58.0   30.593 -106.901    148.8    852.9
     1     1    23     1     9     2     0     2    59.0   30.564 -106.902    149.8    852.2
     1     1    23     1     9     3     0     3    60.0   30.557 -106.906    136.6    853.8
     1     1    23     1     9     4     0     2    61.0   30.560 -106.904    120.3    857.1
     1     1    23     1     9     5     0     1    62.0   30.562 -106.886    110.6    858.3
     1     1    23     1     9     6     0     0    63.0   30.566 -106.853    106.8    858.7
     1     1    23     1     9     7     0     1    64.0   30.572 -106.813    104.3    857.9
     1     1    23     1     9     8     0     2    65.0   30.582 -106.773     98.9    857.9
     1     1    23     1     9     9     0     3    66.0   30.591 -106.733     91.1    858.1
     1     1    23     1     9    10     0     2    67.0   30.603 -106.692     80.1    858.7
     1     1    23     1     9    11     0     1    68.0   30.625 -106.653     64.9    860.1
     1     1    23     1     9    12     0     0    69.0   30.654 -106.616     46.8    862.1
     1     1    23     1     9    13     0     1    70.0   30.685 -106.585     32.5    864.7
     1     1    23     1     9    14     0     2    71.0   30.716 -106.561     24.6    866.3
     1     1    23     1     9    15     0     3    72.0   30.746 -106.545     20.8    867.6
     1     1    23     1     9    16     0     2    73.0   30.774 -106.533     19.0    867.7
     1     1    23     1     9    17     0     1    74.0   30.798 -106.519     17.6    867.9
     1     1    23     1     9    18     0     0    75.0   30.818 -106.505     16.4    867.9
     1     1    23     1     9    19     0     1    76.0   30.838 -106.479     15.5    867.3
     1     1    23     1     9    20     0     2    77.0   30.861 -106.433     15.0    866.1
     1     1    23     1     9    21     0     3    78.0   30.887 -106.360     14.8    864.1
     1     1    23     1     9    22     0     2    79.0   30.913 -106.273     14.8    862.0
     1     1    23     1     9    23     0     1    80.0   30.937 -106.186     14.7    859.6
     1     1    23     1    10     0     0     0    81.0   30.961 -106.097     14.7    857.1
     1     1    23     1    10     1     0     1    82.0   30.986 -106.013     14.7    854.6
     1     1    23     1    10     2     0     2    83.0   31.008 -105.950     14.6    854.4
     1     1    23     1    10     3     0     3    84.0   31.024 -105.912     14.8    854.7
     1     1    23     1    10     4     0     2    85.0   31.043 -105.884     13.2    854.8
     1     1    23     1    10     5     0     1    86.0   31.072 -105.855      9.5    856.0
     1     1    23     1    10     6     0     0    87.0   31.110 -105.824      4.8    856.4
     1     1    23     1    10     7     0     1    88.0   31.157 -105.791      0.8    856.7
     1     1    23     1    10     8     0     2    89.0   31.210 -105.756      0.0    857.1
     1     1    23     1    10     9     0     3    90.0   31.271 -105.719      2.4    857.6
     1     1    23     1    10    10     0     2    91.0   31.337 -105.681      5.8    858.1
     1     1    23     1    10    11     0     1    92.0   31.402 -105.643      8.2    858.7
     1     1    23     1    10    12     0     0    93.0   31.463 -105.603      9.9    859.2
     1     1    23     1    10    13     0     1    94.0   31.522 -105.565     12.5    859.7
     1     1    23     1    10    14     0     2    95.0   31.581 -105.528     19.0    859.4
     1     1    23     1    10    15     0     3    96.0   31.639 -105.491     30.7    858.7
     1     1    23     1    10    16     0     2    97.0   31.705 -105.443     50.5    858.0
     1     1    23     1    10    17     0     1    98.0   31.783 -105.372     82.9    856.2
     1     1    23     1    10    18     0     0    99.0   31.875 -105.279    140.0    854.1
     1     1    23     1    10    19     0     1   100.0   31.967 -105.134    329.5    846.8
     1     1    23     1    10    20     0     2   101.0   32.037 -104.844    780.4    808.7
     1     1    23     1    10    21     0     3   102.0   32.055 -104.406   1337.0    760.9
     1     1    23     1    10    22     0     2   103.0   32.024 -103.956   1826.9    723.2
     1     1    23     1    10    23     0     1   104.0   31.991 -103.523   2108.2    697.6
     1     1    23     1    11     0     0     0   105.0   31.974 -103.050   2221.8    694.0
     1     1    23     1    11     1     0     1   106.0   31.966 -102.533   2251.5    694.2
     1     1    23     1    11     2     0     2   107.0   31.948 -101.995   2223.1    703.1
     1     1    23     1    11     3     0     3   108.0   31.937 -101.451   2242.7    713.6
     1     1    23     1    11     4     0     2   109.0   31.943 -100.904   2361.9    705.9
     1     1    23     1    11     5     0     1   110.0   31.951 -100.354   2474.0    696.5
     1     1    23     1    11     6     0     0   111.0   31.948  -99.793   2540.3    699.5
     1     1    23     1    11     7     0     1   112.0   31.925  -99.227   2549.6    701.1
     1     1    23     1    11     8     0     2   113.0   31.908  -98.664   2478.7    714.2
     1     1    23     1    11     9     0     3   114.0   31.915  -98.098   2351.6    733.5
     1     1    23     1    11    10     0     2   115.0   31.933  -97.518   2277.6    755.9
     1     1    23     1    11    11     0     1   116.0   31.939  -96.941   2304.6    755.5
     1     1    23     1    11    12     0     0   117.0   31.944  -96.377   2329.5    755.0
     1     1    23     1    11    13     0     1   118.0   31.971  -95.819   2350.8    760.8
     1     1    23     1    11    14     0     2   119.0   32.030  -95.261   2366.6    752.2
     1     1    23     1    11    15     0     3   120.0   32.121  -94.704   2364.4    754.0
