     8     1
    GDAS    22    12    22     0     0
    GDAS    22    12    29     0     0
    GDAS    23     1     1     0     0
    GDAS    23     1     8     0     0
    GDAS    23     1    15     0     0
    GDAS    23     1    22     0     0
    GDAS    23     1    29     0     0
    GDAS    23     2     1     0     0
     1 FORWARD  OMEGA   
    23     1    12    13   32.053 -118.907    30.6
     1 PRESSURE
     1     1    23     1    12    13     0     1     0.0   32.053 -118.907     30.6   1017.7
     1     1    23     1    12    14     0     2     1.0   31.961 -118.916     29.1   1017.8
     1     1    23     1    12    15     0     3     2.0   31.872 -118.933     27.8   1017.9
     1     1    23     1    12    16     0     2     3.0   31.795 -118.958     26.7   1018.0
     1     1    23     1    12    17     0     1     4.0   31.736 -118.994     26.0   1018.1
     1     1    23     1    12    18     0     0     5.0   31.697 -119.040     25.5   1018.1
     1     1    23     1    12    19     0     1     6.0   31.672 -119.083     25.0   1018.0
     1     1    23     1    12    20     0     2     7.0   31.654 -119.105     24.1   1017.9
     1     1    23     1    12    21     0     3     8.0   31.639 -119.106     22.9   1017.9
     1     1    23     1    12    22     0     2     9.0   31.626 -119.105     21.5   1018.0
     1     1    23     1    12    23     0     1    10.0   31.618 -119.124     20.1   1018.1
     1     1    23     1    13     0     0     0    11.0   31.617 -119.163     18.6   1018.3
     1     1    23     1    13     1     0     1    12.0   31.631 -119.207     17.6   1018.4
     1     1    23     1    13     2     0     2    13.0   31.665 -119.239     17.5   1018.2
     1     1    23     1    13     3     0     3    14.0   31.717 -119.256     18.4   1018.0
     1     1    23     1    13     4     0     2    15.0   31.775 -119.257     19.5   1017.7
     1     1    23     1    13     5     0     1    16.0   31.827 -119.236     20.0   1017.6
     1     1    23     1    13     6     0     0    17.0   31.872 -119.195     19.7   1017.6
     1     1    23     1    13     7     0     1    18.0   31.903 -119.126     19.6   1017.8
     1     1    23     1    13     8     0     2    19.0   31.914 -119.023     20.8   1017.6
     1     1    23     1    13     9     0     3    20.0   31.905 -118.892     23.6   1017.2
     1     1    23     1    13    10     0     2    21.0   31.886 -118.756     25.4   1016.6
     1     1    23     1    13    11     0     1    22.0   31.862 -118.625     24.0   1016.7
     1     1    23     1    13    12     0     0    23.0   31.828 -118.493     20.0   1017.3
     1     1    23     1    13    13     0     1    24.0   31.788 -118.373     15.2   1018.2
     1     1    23     1    13    14     0     2    25.0   31.743 -118.279     11.1   1019.0
     1     1    23     1    13    15     0     3    26.0   31.690 -118.207      7.0   1019.0
     1     1    23     1    13    16     0     2    27.0   31.637 -118.140      3.5   1019.5
     1     1    23     1    13    17     0     1    28.0   31.590 -118.060      1.5   1020.1
     1     1    23     1    13    18     0     0    29.0   31.552 -117.972      1.2   1020.9
     1     1    23     1    13    19     0     1    30.0   31.519 -117.879      1.8   1020.4
     1     1    23     1    13    20     0     2    31.0   31.484 -117.780      2.3   1019.9
     1     1    23     1    13    21     0     3    32.0   31.445 -117.670      2.7   1019.4
     1     1    23     1    13    22     0     2    33.0   31.393 -117.559      2.9   1018.9
     1     1    23     1    13    23     0     1    34.0   31.321 -117.459      3.1   1018.1
     1     1    23     1    14     0     0     0    35.0   31.222 -117.363      3.0   1017.0
     1     1    23     1    14     1     0     1    36.0   31.103 -117.260      2.8   1017.6
     1     1    23     1    14     2     0     2    37.0   30.973 -117.148      2.5   1018.3
     1     1    23     1    14     3     0     3    38.0   30.835 -117.030      2.4   1019.3
     1     1    23     1    14     4     0     2    39.0   30.699 -116.915      2.5   1017.1
     1     1    23     1    14     5     0     1    40.0   30.573 -116.803      2.9   1015.1
     1     1    23     1    14     6     0     0    41.0   30.453 -116.692      3.5   1013.8
     1     1    23     1    14     7     0     1    42.0   30.332 -116.585      4.1   1012.8
     1     1    23     1    14     8     0     2    43.0   30.202 -116.484      4.7   1013.0
     1     1    23     1    14     9     0     3    44.0   30.054 -116.390      5.0   1014.7
     1     1    23     1    14    10     0     2    45.0   29.891 -116.295      4.6   1015.8
     1     1    23     1    14    11     0     1    46.0   29.720 -116.195      3.8   1015.8
     1     1    23     1    14    12     0     0    47.0   29.539 -116.090      3.2   1015.8
     1     1    23     1    14    13     0     1    48.0   29.360 -115.983      2.9   1015.2
     1     1    23     1    14    14     0     2    49.0   29.201 -115.866      2.7   1013.6
     1     1    23     1    14    15     0     3    50.0   29.061 -115.726      1.9   1014.4
     1     1    23     1    14    16     0     2    51.0   28.940 -115.568      0.8   1015.7
     1     1    23     1    14    17     0     1    52.0   28.847 -115.421      0.1   1015.9
     1     1    23     1    14    18     0     0    53.0   28.789 -115.301      0.0   1016.0
     1     1    23     1    14    19     0     1    54.0   28.755 -115.191      0.1   1015.8
     1     1    23     1    14    20     0     2    55.0   28.736 -115.074      0.6   1015.6
     1     1    23     1    14    21     0     3    56.0   28.731 -114.949      1.7   1013.8
     1     1    23     1    14    22     0     2    57.0   28.729 -114.814      3.5   1009.4
     1     1    23     1    14    23     0     1    58.0   28.725 -114.665      5.7   1004.6
     1     1    23     1    15     0     0     0    59.0   28.721 -114.502      8.4    999.4
     1     1    23     1    15     1     0     1    60.0   28.723 -114.341     11.6    993.9
     1     1    23     1    15     2     0     2    61.0   28.733 -114.205     16.9    988.4
     1     1    23     1    15     3     0     3    62.0   28.748 -114.100     26.2    983.3
     1     1    23     1    15     4     0     2    63.0   28.770 -114.010     41.7    978.3
     1     1    23     1    15     5     0     1    64.0   28.805 -113.912     62.8    976.4
     1     1    23     1    15     6     0     0    65.0   28.850 -113.796     84.5    975.1
     1     1    23     1    15     7     0     1    66.0   28.908 -113.662    100.1    975.1
     1     1    23     1    15     8     0     2    67.0   28.979 -113.516    107.7    978.4
     1     1    23     1    15     9     0     3    68.0   29.055 -113.368    109.2    984.4
     1     1    23     1    15    10     0     2    69.0   29.120 -113.229    113.0    990.6
     1     1    23     1    15    11     0     1    70.0   29.159 -113.113    128.7    993.3
     1     1    23     1    15    12     0     0    71.0   29.166 -113.025    162.8    992.9
     1     1    23     1    15    13     0     1    72.0   29.161 -112.927    205.6    985.3
     1     1    23     1    15    14     0     2    73.0   29.171 -112.789    226.3    979.9
     1     1    23     1    15    15     0     3    74.0   29.185 -112.637    218.5    977.5
     1     1    23     1    15    16     0     2    75.0   29.202 -112.515    198.0    979.2
     1     1    23     1    15    17     0     1    76.0   29.240 -112.433    186.4    978.4
     1     1    23     1    15    18     0     0    77.0   29.304 -112.365    190.8    974.6
     1     1    23     1    15    19     0     1    78.0   29.399 -112.276    214.1    963.8
     1     1    23     1    15    20     0     2    79.0   29.524 -112.134    254.2    946.5
     1     1    23     1    15    21     0     3    80.0   29.690 -111.925    301.8    922.3
     1     1    23     1    15    22     0     2    81.0   29.889 -111.648    360.2    901.3
     1     1    23     1    15    23     0     1    82.0   30.089 -111.359    434.5    882.5
     1     1    23     1    16     0     0     0    83.0   30.272 -111.099    557.6    860.9
     1     1    23     1    16     1     0     1    84.0   30.467 -110.821    755.0    821.0
     1     1    23     1    16     2     0     2    85.0   30.710 -110.417    908.2    768.1
     1     1    23     1    16     3     0     3    86.0   31.005 -109.853    881.9    736.8
     1     1    23     1    16     4     0     2    87.0   31.310 -109.202    789.5    753.8
     1     1    23     1    16     5     0     1    88.0   31.553 -108.562    733.6    778.8
     1     1    23     1    16     6     0     0    89.0   31.753 -107.891    731.5    787.7
     1     1    23     1    16     7     0     1    90.0   31.921 -107.134    761.8    788.1
     1     1    23     1    16     8     0     2    91.0   32.053 -106.321    873.4    766.1
     1     1    23     1    16     9     0     3    92.0   32.141 -105.483   1149.8    741.6
     1     1    23     1    16    10     0     2    93.0   32.187 -104.597   1364.3    733.3
     1     1    23     1    16    11     0     1    94.0   32.221 -103.828   1182.9    776.9
     1     1    23     1    16    12     0     0    95.0   32.269 -103.117    963.0    800.2
     1     1    23     1    16    13     0     1    96.0   32.309 -102.354    847.8    818.5
     1     1    23     1    16    14     0     2    97.0   32.327 -101.583    800.3    831.6
     1     1    23     1    16    15     0     3    98.0   32.310 -100.817    754.0    848.7
     1     1    23     1    16    16     0     2    99.0   32.285 -100.128    689.7    867.0
     1     1    23     1    16    17     0     1   100.0   32.282  -99.551    652.0    882.6
     1     1    23     1    16    18     0     0   101.0   32.295  -99.012    679.0    885.6
     1     1    23     1    16    19     0     1   102.0   32.329  -98.490    706.2    881.2
     1     1    23     1    16    20     0     2   103.0   32.391  -98.004    666.8    889.7
     1     1    23     1    16    21     0     3   104.0   32.470  -97.557    631.8    908.9
     1     1    23     1    16    22     0     2   105.0   32.574  -97.157    681.3    911.1
     1     1    23     1    16    23     0     1   106.0   32.705  -96.789    769.8    901.2
     1     1    23     1    17     0     0     0   107.0   32.861  -96.422    819.1    893.8
     1     1    23     1    17     1     0     1   108.0   33.049  -96.052    837.5    896.8
     1     1    23     1    17     2     0     2   109.0   33.241  -95.668    883.9    892.8
     1     1    23     1    17     3     0     3   110.0   33.400  -95.263    932.0    884.3
     1     1    23     1    17     4     0     2   111.0   33.546  -94.852    962.3    883.3
     1     1    23     1    17     5     0     1   112.0   33.702  -94.436   1005.9    880.5
     1     1    23     1    17     6     0     0   113.0   33.863  -94.012   1072.4    873.4
     1     1    23     1    17     7     0     1   114.0   34.014  -93.572   1140.0    866.1
     1     1    23     1    17     8     0     2   115.0   34.152  -93.111   1183.3    863.0
     1     1    23     1    17     9     0     3   116.0   34.274  -92.637   1193.0    862.2
     1     1    23     1    17    10     0     2   117.0   34.376  -92.160   1168.8    866.1
     1     1    23     1    17    11     0     1   118.0   34.464  -91.684   1147.8    874.0
     1     1    23     1    17    12     0     0   119.0   34.544  -91.218   1153.8    874.4
     1     1    23     1    17    13     0     1   120.0   34.613  -90.757   1176.0    871.8
