     8     1
    GDAS    22    12    22     0     0
    GDAS    22    12    29     0     0
    GDAS    23     1     1     0     0
    GDAS    23     1     8     0     0
    GDAS    23     1    15     0     0
    GDAS    23     1    22     0     0
    GDAS    23     1    29     0     0
    GDAS    23     2     1     0     0
     1 FORWARD  OMEGA   
    22    12    27    11   22.049 -105.312  2663.6
     1 PRESSURE
     1     1    22    12    27    11     0     1     0.0   22.049 -105.312   2663.6    726.9
     1     1    22    12    27    12     0     0     1.0   22.132 -105.457   2624.5    728.6
     1     1    22    12    27    13     0     1     2.0   22.214 -105.600   2582.1    734.9
     1     1    22    12    27    14     0     2     3.0   22.295 -105.741   2540.7    742.1
     1     1    22    12    27    15     0     3     4.0   22.371 -105.877   2494.2    752.1
     1     1    22    12    27    16     0     2     5.0   22.446 -106.006   2444.5    764.0
     1     1    22    12    27    17     0     1     6.0   22.529 -106.123   2383.2    769.5
     1     1    22    12    27    18     0     0     7.0   22.626 -106.232   2312.8    776.0
     1     1    22    12    27    19     0     1     8.0   22.730 -106.331   2240.3    783.0
     1     1    22    12    27    20     0     2     9.0   22.837 -106.414   2175.0    788.3
     1     1    22    12    27    21     0     3    10.0   22.945 -106.482   2119.3    793.1
     1     1    22    12    27    22     0     2    11.0   23.047 -106.534   2075.2    794.8
     1     1    22    12    27    23     0     1    12.0   23.140 -106.574   2041.8    793.4
     1     1    22    12    28     0     0     0    13.0   23.223 -106.602   2017.5    792.1
     1     1    22    12    28     1     0     1    14.0   23.306 -106.624   1987.6    791.0
     1     1    22    12    28     2     0     2    15.0   23.395 -106.642   1941.3    792.9
     1     1    22    12    28     3     0     3    16.0   23.488 -106.659   1884.2    796.0
     1     1    22    12    28     4     0     2    17.0   23.580 -106.668   1840.9    799.4
     1     1    22    12    28     5     0     1    18.0   23.673 -106.663   1827.6    796.4
     1     1    22    12    28     6     0     0    19.0   23.771 -106.644   1834.9    790.1
     1     1    22    12    28     7     0     1    20.0   23.876 -106.612   1855.7    780.0
     1     1    22    12    28     8     0     2    21.0   23.991 -106.568   1892.8    766.6
     1     1    22    12    28     9     0     3    22.0   24.122 -106.507   1940.2    744.5
     1     1    22    12    28    10     0     2    23.0   24.269 -106.418   1952.1    718.0
     1     1    22    12    28    11     0     1    24.0   24.424 -106.294   1883.8    694.6
     1     1    22    12    28    12     0     0    25.0   24.575 -106.117   1706.4    670.0
     1     1    22    12    28    13     0     1    26.0   24.732 -105.867   1417.7    660.7
     1     1    22    12    28    14     0     2    27.0   24.917 -105.543   1127.2    679.5
     1     1    22    12    28    15     0     3    28.0   25.102 -105.182    916.6    706.0
     1     1    22    12    28    16     0     2    29.0   25.271 -104.824    747.8    732.8
     1     1    22    12    28    17     0     1    30.0   25.439 -104.493    592.7    767.2
     1     1    22    12    28    18     0     0    31.0   25.613 -104.199    465.7    797.7
     1     1    22    12    28    19     0     1    32.0   25.778 -103.960    372.1    821.4
     1     1    22    12    28    20     0     2    33.0   25.935 -103.761    292.7    835.8
     1     1    22    12    28    21     0     3    34.0   26.080 -103.567    195.3    850.4
     1     1    22    12    28    22     0     2    35.0   26.177 -103.393    104.0    867.5
     1     1    22    12    28    23     0     1    36.0   26.219 -103.279     53.0    876.5
     1     1    22    12    29     0     0     0    37.0   26.220 -103.236     27.6    878.6
     1     1    22    12    29     1     0     1    38.0   26.219 -103.212     11.2    879.4
     1     1    22    12    29     2     0     2    39.0   26.245 -103.179      4.9    880.1
     1     1    22    12    29     3     0     3    40.0   26.301 -103.140      1.6    880.9
     1     1    22    12    29     4     0     2    41.0   26.362 -103.102      0.7    882.5
     1     1    22    12    29     5     0     1    42.0   26.404 -103.064      2.2    884.2
     1     1    22    12    29     6     0     0    43.0   26.425 -103.020      6.3    886.1
     1     1    22    12    29     7     0     1    44.0   26.441 -102.967     12.8    885.8
     1     1    22    12    29     8     0     2    45.0   26.461 -102.899     23.1    884.2
     1     1    22    12    29     9     0     3    46.0   26.481 -102.812     36.7    882.5
     1     1    22    12    29    10     0     2    47.0   26.493 -102.714     47.0    881.1
     1     1    22    12    29    11     0     1    48.0   26.494 -102.616     46.9    880.8
     1     1    22    12    29    12     0     0    49.0   26.487 -102.526     35.5    881.5
     1     1    22    12    29    13     0     1    50.0   26.483 -102.448     24.4    883.4
     1     1    22    12    29    14     0     2    51.0   26.494 -102.379     18.5    884.4
     1     1    22    12    29    15     0     3    52.0   26.519 -102.318     16.2    885.6
     1     1    22    12    29    16     0     2    53.0   26.557 -102.260     16.8    886.6
     1     1    22    12    29    17     0     1    54.0   26.606 -102.199     20.5    888.0
     1     1    22    12    29    18     0     0    55.0   26.665 -102.139     30.6    889.7
     1     1    22    12    29    19     0     1    56.0   26.732 -102.073     57.7    891.1
     1     1    22    12    29    20     0     2    57.0   26.810 -101.994    130.6    889.8
     1     1    22    12    29    21     0     3    58.0   26.903 -101.899    260.8    881.9
     1     1    22    12    29    22     0     2    59.0   26.996 -101.819    408.0    871.5
     1     1    22    12    29    23     0     1    60.0   27.078 -101.774    548.3    855.4
     1     1    22    12    30     0     0     0    61.0   27.147 -101.754    681.4    842.2
     1     1    22    12    30     1     0     1    62.0   27.205 -101.742    806.3    828.6
     1     1    22    12    30     2     0     2    63.0   27.259 -101.727    915.6    817.9
     1     1    22    12    30     3     0     3    64.0   27.320 -101.708   1017.3    808.5
     1     1    22    12    30     4     0     2    65.0   27.397 -101.661   1144.1    800.0
     1     1    22    12    30     5     0     1    66.0   27.499 -101.569   1308.9    786.0
     1     1    22    12    30     6     0     0    67.0   27.627 -101.446   1495.2    773.4
     1     1    22    12    30     7     0     1    68.0   27.789 -101.303   1657.8    762.2
     1     1    22    12    30     8     0     2    69.0   27.980 -101.162   1767.4    763.3
     1     1    22    12    30     9     0     3    70.0   28.185 -101.022   1841.3    769.5
     1     1    22    12    30    10     0     2    71.0   28.375 -100.887   1910.9    771.4
     1     1    22    12    30    11     0     1    72.0   28.545 -100.761   2026.7    766.8
     1     1    22    12    30    12     0     0    73.0   28.722 -100.646   2241.3    751.9
     1     1    22    12    30    13     0     1    74.0   28.921 -100.542   2537.9    723.5
     1     1    22    12    30    14     0     2    75.0   29.176 -100.445   2777.5    690.3
     1     1    22    12    30    15     0     3    76.0   29.488 -100.332   2884.0    673.2
     1     1    22    12    30    16     0     2    77.0   29.833 -100.149   2916.5    662.6
     1     1    22    12    30    17     0     1    78.0   30.229  -99.903   2971.2    654.7
     1     1    22    12    30    18     0     0    79.0   30.653  -99.598   3213.0    644.8
     1     1    22    12    30    19     0     1    80.0   31.022  -99.220   3485.0    609.6
     1     1    22    12    30    20     0     2    81.0   31.355  -98.809   3614.5    607.5
     1     1    22    12    30    21     0     3    82.0   31.688  -98.361   3759.7    612.3
     1     1    22    12    30    22     0     2    83.0   31.989  -97.886   4007.5    595.0
     1     1    22    12    30    23     0     1    84.0   32.243  -97.430   4237.6    576.4
     1     1    22    12    31     0     0     0    85.0   32.489  -96.973   4414.7    572.5
     1     1    22    12    31     1     0     1    86.0   32.728  -96.513   4542.1    563.4
     1     1    22    12    31     2     0     2    87.0   32.955  -96.080   4613.9    559.7
     1     1    22    12    31     3     0     3    88.0   33.182  -95.678   4677.2    556.9
     1     1    22    12    31     4     0     2    89.0   33.417  -95.275   4722.9    550.7
     1     1    22    12    31     5     0     1    90.0   33.670  -94.845   4709.6    550.8
     1     1    22    12    31     6     0     0    91.0   33.941  -94.398   4678.5    556.5
     1     1    22    12    31     7     0     1    92.0   34.219  -93.936   4702.4    554.4
     1     1    22    12    31     8     0     2    93.0   34.509  -93.444   4745.7    546.9
     1     1    22    12    31     9     0     3    94.0   34.811  -92.917   4746.1    549.3
     1     1    22    12    31    10     0     2    95.0   35.115  -92.372   4728.1    552.5
     1     1    22    12    31    11     0     1    96.0   35.421  -91.813   4708.6    553.3
     1     1    22    12    31    12     0     0    97.0   35.742  -91.232   4721.9    555.9
     1     1    22    12    31    13     0     1    98.0   36.076  -90.625   4732.6    551.8
     1     1    22    12    31    14     0     2    99.0   36.404  -89.980   4672.6    555.1
     1     1    22    12    31    15     0     3   100.0   36.737  -89.288   4616.1    564.4
     1     1    22    12    31    16     0     2   101.0   37.087  -88.549   4587.0    563.1
     1     1    22    12    31    17     0     1   102.0   37.432  -87.783   4561.2    563.5
     1     1    22    12    31    18     0     0   103.0   37.758  -86.969   4524.5    564.4
     1     1    22    12    31    19     0     1   104.0   38.076  -86.092   4460.7    564.3
     1     1    22    12    31    20     0     2   105.0   38.369  -85.180   4417.9    567.7
     1     1    22    12    31    21     0     3   106.0   38.632  -84.241   4375.1    567.1
     1     1    22    12    31    22     0     2   107.0   38.879  -83.278   4410.8    567.3
     1     1    22    12    31    23     0     1   108.0   39.096  -82.325   4426.3    563.8
     1     1    23     1     1     0     0     0   109.0   39.297  -81.396   4279.7    574.2
     1     1    23     1     1     1     0     1   110.0   39.470  -80.478   4086.2    578.3
     1     1    23     1     1     2     0     2   111.0   39.627  -79.540   3903.5    583.8
     1     1    23     1     1     3     0     3   112.0   39.793  -78.654   3751.1    592.5
     1     1    23     1     1     4     0     2   113.0   39.946  -77.838   3632.8    622.4
     1     1    23     1     1     5     0     1   114.0   40.035  -76.994   3620.3    635.1
     1     1    23     1     1     6     0     0   115.0   40.134  -76.108   3466.5    640.5
     1     1    23     1     1     7     0     1   116.0   40.235  -75.230   3264.1    671.8
     1     1    23     1     1     8     0     2   117.0   40.283  -74.362   3277.3    672.8
     1     1    23     1     1     9     0     3   118.0   40.275  -73.398   3287.6    670.7
     1     1    23     1     1    10     0     2   119.0   40.253  -72.395   3149.7    687.6
     1     1    23     1     1    11     0     1   120.0   40.216  -71.407   3056.8    693.9
