     8     1
    GDAS    22    12    22     0     0
    GDAS    22    12    29     0     0
    GDAS    23     1     1     0     0
    GDAS    23     1     8     0     0
    GDAS    23     1    15     0     0
    GDAS    23     1    22     0     0
    GDAS    23     1    29     0     0
    GDAS    23     2     1     0     0
     1 FORWARD  OMEGA   
    23     1    24    15   58.327 -154.586  6959.1
     1 PRESSURE
     1     1    23     1    24    15     0     3     0.0   58.327 -154.586   6959.1    383.1
     1     1    23     1    24    16     0     2     1.0   58.772 -154.237   6968.7    380.6
     1     1    23     1    24    17     0     1     2.0   59.276 -153.880   6993.4    373.9
     1     1    23     1    24    18     0     0     3.0   59.786 -153.459   6983.7    360.1
     1     1    23     1    24    19     0     1     4.0   60.326 -152.817   6888.0    354.0
     1     1    23     1    24    20     0     2     5.0   60.934 -152.087   6970.6    374.9
     1     1    23     1    24    21     0     3     6.0   61.531 -151.375   7118.5    375.5
     1     1    23     1    24    22     0     2     7.0   62.107 -150.545   7160.8    362.6
     1     1    23     1    24    23     0     1     8.0   62.691 -149.500   6962.9    341.7
     1     1    23     1    25     0     0     0     9.0   63.239 -148.357   6966.2    336.8
     1     1    23     1    25     1     0     1    10.0   63.768 -147.167   7064.4    341.0
     1     1    23     1    25     2     0     2    11.0   64.257 -146.050   7303.6    350.3
     1     1    23     1    25     3     0     3    12.0   64.737 -144.940   7339.6    328.1
     1     1    23     1    25     4     0     2    13.0   65.247 -143.544   7458.5    325.5
     1     1    23     1    25     5     0     1    14.0   65.705 -141.884   7605.2    334.6
     1     1    23     1    25     6     0     0    15.0   66.048 -140.133   7500.1    319.5
     1     1    23     1    25     7     0     1    16.0   66.327 -138.124   7612.7    331.8
     1     1    23     1    25     8     0     2    17.0   66.548 -135.996   7579.9    329.4
     1     1    23     1    25     9     0     3    18.0   66.695 -133.834   7703.4    346.6
     1     1    23     1    25    10     0     2    19.0   66.740 -131.485   7675.3    341.6
     1     1    23     1    25    11     0     1    20.0   66.654 -128.856   7670.6    345.1
     1     1    23     1    25    12     0     0    21.0   66.448 -126.284   7590.9    343.8
     1     1    23     1    25    13     0     1    22.0   66.102 -123.723   7538.3    351.3
     1     1    23     1    25    14     0     2    23.0   65.556 -121.098   7561.9    351.8
     1     1    23     1    25    15     0     3    24.0   64.848 -118.528   7528.8    349.3
     1     1    23     1    25    16     0     2    25.0   64.075 -116.205   7516.9    349.8
     1     1    23     1    25    17     0     1    26.0   63.057 -113.962   7506.4    349.6
     1     1    23     1    25    18     0     0    27.0   61.878 -111.967   7566.6    352.3
     1     1    23     1    25    19     0     1    28.0   60.672 -110.237   7491.8    347.8
     1     1    23     1    25    20     0     2    29.0   59.342 -108.781   7459.2    350.1
     1     1    23     1    25    21     0     3    30.0   57.831 -107.661   7303.3    350.3
     1     1    23     1    25    22     0     2    31.0   56.468 -106.837   7246.6    355.8
     1     1    23     1    25    23     0     1    32.0   55.123 -106.216   7207.2    361.7
     1     1    23     1    26     0     0     0    33.0   53.666 -105.849   7173.9    358.8
     1     1    23     1    26     1     0     1    34.0   52.316 -105.636   7131.7    362.8
     1     1    23     1    26     2     0     2    35.0   50.980 -105.475   7070.0    364.0
     1     1    23     1    26     3     0     3    36.0   49.601 -105.500   6998.8    361.8
     1     1    23     1    26     4     0     2    37.0   48.313 -105.521   7013.9    359.6
     1     1    23     1    26     5     0     1    38.0   47.044 -105.673   6986.2    358.1
     1     1    23     1    26     6     0     0    39.0   45.676 -106.009   6989.3    348.7
     1     1    23     1    26     7     0     1    40.0   44.387 -106.358   6849.1    330.3
     1     1    23     1    26     8     0     2    41.0   43.090 -106.920   6929.9    309.8
     1     1    23     1    26     9     0     3    42.0   41.743 -107.748   7017.2    295.1
     1     1    23     1    26    10     0     2    43.0   40.520 -108.647   7051.0    295.9
     1     1    23     1    26    11     0     1    44.0   39.410 -109.565   7165.3    309.6
     1     1    23     1    26    12     0     0    45.0   38.361 -110.521   7180.6    304.1
     1     1    23     1    26    13     0     1    46.0   37.421 -111.390   7096.7    307.7
     1     1    23     1    26    14     0     2    47.0   36.521 -112.227   7008.6    316.2
     1     1    23     1    26    15     0     3    48.0   35.598 -112.960   6952.7    317.3
     1     1    23     1    26    16     0     2    49.0   34.722 -113.499   7056.7    341.2
     1     1    23     1    26    17     0     1    50.0   33.865 -113.881   6822.3    396.4
     1     1    23     1    26    18     0     0    51.0   33.074 -113.988   6154.1    448.6
     1     1    23     1    26    19     0     1    52.0   32.398 -113.857   5615.6    485.0
     1     1    23     1    26    20     0     2    53.0   31.781 -113.583   5062.7    530.7
     1     1    23     1    26    21     0     3    54.0   31.262 -113.254   4601.2    568.9
     1     1    23     1    26    22     0     2    55.0   30.806 -112.998   4160.3    608.9
     1     1    23     1    26    23     0     1    56.0   30.402 -112.822   3751.1    640.0
     1     1    23     1    27     0     0     0    57.0   30.091 -112.601   3472.0    647.3
     1     1    23     1    27     1     0     1    58.0   29.833 -112.391   3288.8    656.2
     1     1    23     1    27     2     0     2    59.0   29.604 -112.168   3192.4    662.4
     1     1    23     1    27     3     0     3    60.0   29.398 -111.915   3151.4    667.2
     1     1    23     1    27     4     0     2    61.0   29.222 -111.626   3115.2    674.0
     1     1    23     1    27     5     0     1    62.0   29.079 -111.309   3033.0    682.8
     1     1    23     1    27     6     0     0    63.0   28.958 -110.984   2881.4    695.2
     1     1    23     1    27     7     0     1    64.0   28.866 -110.681   2730.6    704.7
     1     1    23     1    27     8     0     2    65.0   28.840 -110.354   2675.6    697.0
     1     1    23     1    27     9     0     3    66.0   28.910 -109.947   2748.5    673.7
     1     1    23     1    27    10     0     2    67.0   29.088 -109.401   2891.3    629.5
     1     1    23     1    27    11     0     1    68.0   29.320 -108.780   2971.3    589.3
     1     1    23     1    27    12     0     0    69.0   29.551 -108.075   2944.2    549.4
     1     1    23     1    27    13     0     1    70.0   29.756 -107.301   2975.0    566.5
     1     1    23     1    27    14     0     2    71.0   29.907 -106.508   3053.4    580.7
     1     1    23     1    27    15     0     3    72.0   30.002 -105.613   3110.9    585.9
     1     1    23     1    27    16     0     2    73.0   30.044 -104.732   3150.1    586.3
     1     1    23     1    27    17     0     1    74.0   30.055 -103.925   3110.9    588.7
     1     1    23     1    27    18     0     0    75.0   30.058 -103.138   3075.8    607.6
     1     1    23     1    27    19     0     1    76.0   30.077 -102.388   3053.8    636.5
     1     1    23     1    27    20     0     2    77.0   30.123 -101.712   3075.0    649.3
     1     1    23     1    27    21     0     3    78.0   30.184 -101.079   3085.1    648.9
     1     1    23     1    27    22     0     2    79.0   30.251 -100.483   3074.2    646.4
     1     1    23     1    27    23     0     1    80.0   30.321  -99.907   3050.8    646.2
     1     1    23     1    28     0     0     0    81.0   30.395  -99.364   3035.1    655.2
     1     1    23     1    28     1     0     1    82.0   30.484  -98.858   3022.5    661.9
     1     1    23     1    28     2     0     2    83.0   30.608  -98.378   2990.3    672.5
     1     1    23     1    28     3     0     3    84.0   30.769  -97.911   2954.8    686.3
     1     1    23     1    28     4     0     2    85.0   30.952  -97.426   2933.9    693.6
     1     1    23     1    28     5     0     1    86.0   31.160  -96.899   2888.4    702.2
     1     1    23     1    28     6     0     0    87.0   31.400  -96.364   2827.0    713.4
     1     1    23     1    28     7     0     1    88.0   31.659  -95.832   2800.6    719.4
     1     1    23     1    28     8     0     2    89.0   31.921  -95.287   2836.4    714.2
     1     1    23     1    28     9     0     3    90.0   32.178  -94.720   2930.9    702.9
     1     1    23     1    28    10     0     2    91.0   32.438  -94.129   3017.7    695.1
     1     1    23     1    28    11     0     1    92.0   32.704  -93.518   3073.2    693.0
     1     1    23     1    28    12     0     0    93.0   32.974  -92.885   3132.2    689.2
     1     1    23     1    28    13     0     1    94.0   33.236  -92.238   3116.1    687.3
     1     1    23     1    28    14     0     2    95.0   33.479  -91.569   3074.1    703.8
     1     1    23     1    28    15     0     3    96.0   33.699  -90.872   3136.5    700.9
     1     1    23     1    28    16     0     2    97.0   33.898  -90.158   3154.1    681.1
     1     1    23     1    28    17     0     1    98.0   34.074  -89.407   3088.9    692.2
     1     1    23     1    28    18     0     0    99.0   34.186  -88.603   3012.2    697.4
     1     1    23     1    28    19     0     1   100.0   34.273  -87.878   3015.8    691.9
     1     1    23     1    28    20     0     2   101.0   34.316  -87.171   3046.9    685.6
     1     1    23     1    28    21     0     3   102.0   34.305  -86.468   3059.9    680.3
     1     1    23     1    28    22     0     2   103.0   34.276  -85.810   3048.7    679.9
     1     1    23     1    28    23     0     1   104.0   34.226  -85.186   3021.7    682.8
     1     1    23     1    29     0     0     0   105.0   34.120  -84.572   2958.5    683.6
     1     1    23     1    29     1     0     1   106.0   33.995  -84.010   2879.4    691.7
     1     1    23     1    29     2     0     2   107.0   33.879  -83.494   2840.3    706.5
     1     1    23     1    29     3     0     3   108.0   33.743  -82.990   2781.3    715.5
     1     1    23     1    29     4     0     2   109.0   33.604  -82.514   2689.4    729.9
     1     1    23     1    29     5     0     1   110.0   33.503  -82.053   2635.7    735.8
     1     1    23     1    29     6     0     0   111.0   33.416  -81.607   2610.6    739.8
     1     1    23     1    29     7     0     1   112.0   33.352  -81.175   2582.2    745.0
     1     1    23     1    29     8     0     2   113.0   33.316  -80.757   2548.5    751.6
     1     1    23     1    29     9     0     3   114.0   33.297  -80.342   2536.6    755.1
     1     1    23     1    29    10     0     2   115.0   33.296  -79.925   2540.2    753.8
     1     1    23     1    29    11     0     1   116.0   33.317  -79.511   2533.0    754.1
     1     1    23     1    29    12     0     0   117.0   33.339  -79.092   2538.4    756.1
     1     1    23     1    29    13     0     1   118.0   33.360  -78.666   2557.7    752.6
     1     1    23     1    29    14     0     2   119.0   33.394  -78.242   2549.3    752.0
     1     1    23     1    29    15     0     3   120.0   33.434  -77.829   2493.9    757.4
