     8     1
    GDAS    22    12    22     0     0
    GDAS    22    12    29     0     0
    GDAS    23     1     1     0     0
    GDAS    23     1     8     0     0
    GDAS    23     1    15     0     0
    GDAS    23     1    22     0     0
    GDAS    23     1    29     0     0
    GDAS    23     2     1     0     0
     1 FORWARD  OMEGA   
    23     1     6    11   29.183 -178.489  3802.8
     1 PRESSURE
     1     1    23     1     6    11     0     1     0.0   29.183 -178.489   3802.8    642.5
     1     1    23     1     6    12     0     0     1.0   29.578 -177.500   3820.7    642.1
     1     1    23     1     6    13     0     1     2.0   29.969 -176.469   3933.5    631.1
     1     1    23     1     6    14     0     2     3.0   30.367 -175.370   4066.2    620.6
     1     1    23     1     6    15     0     3     4.0   30.772 -174.214   4207.2    608.1
     1     1    23     1     6    16     0     2     5.0   31.176 -172.990   4326.9    599.8
     1     1    23     1     6    17     0     1     6.0   31.561 -171.688   4414.7    592.3
     1     1    23     1     6    18     0     0     7.0   31.921 -170.316   4509.2    584.3
     1     1    23     1     6    19     0     1     8.0   32.251 -168.880   4586.5    580.0
     1     1    23     1     6    20     0     2     9.0   32.533 -167.386   4663.0    573.6
     1     1    23     1     6    21     0     3    10.0   32.773 -165.834   4730.2    568.6
     1     1    23     1     6    22     0     2    11.0   32.959 -164.233   4754.2    567.3
     1     1    23     1     6    23     0     1    12.0   33.079 -162.599   4783.4    563.7
     1     1    23     1     7     0     0     0    13.0   33.144 -160.930   4788.6    562.8
     1     1    23     1     7     1     0     1    14.0   33.158 -159.244   4767.9    564.6
     1     1    23     1     7     2     0     2    15.0   33.114 -157.560   4786.2    563.0
     1     1    23     1     7     3     0     3    16.0   33.023 -155.878   4824.9    560.4
     1     1    23     1     7     4     0     2    17.0   32.879 -154.224   4846.9    558.9
     1     1    23     1     7     5     0     1    18.0   32.704 -152.597   4895.5    555.2
     1     1    23     1     7     6     0     0    19.0   32.495 -150.978   4888.4    555.8
     1     1    23     1     7     7     0     1    20.0   32.258 -149.416   4812.0    562.2
     1     1    23     1     7     8     0     2    21.0   32.011 -147.898   4796.8    563.3
     1     1    23     1     7     9     0     3    22.0   31.781 -146.410   4813.7    560.8
     1     1    23     1     7    10     0     2    23.0   31.558 -144.973   4881.2    561.3
     1     1    23     1     7    11     0     1    24.0   31.310 -143.554   4976.3    548.7
     1     1    23     1     7    12     0     0    25.0   31.083 -142.176   4974.1    550.2
     1     1    23     1     7    13     0     1    26.0   30.892 -140.845   4932.4    552.6
     1     1    23     1     7    14     0     2    27.0   30.716 -139.564   4913.5    555.7
     1     1    23     1     7    15     0     3    28.0   30.561 -138.316   4996.7    547.2
     1     1    23     1     7    16     0     2    29.0   30.434 -137.104   4981.3    549.1
     1     1    23     1     7    17     0     1    30.0   30.335 -135.955   4936.6    554.0
     1     1    23     1     7    18     0     0    31.0   30.280 -134.831   4967.5    551.8
     1     1    23     1     7    19     0     1    32.0   30.219 -133.711   5078.8    543.3
     1     1    23     1     7    20     0     2    33.0   30.176 -132.624   5156.9    537.6
     1     1    23     1     7    21     0     3    34.0   30.183 -131.556   5238.4    531.7
     1     1    23     1     7    22     0     2    35.0   30.199 -130.543   5253.4    529.5
     1     1    23     1     7    23     0     1    36.0   30.225 -129.580   5229.4    534.3
     1     1    23     1     8     0     0     0    37.0   30.279 -128.641   5357.0    522.1
     1     1    23     1     8     1     0     1    38.0   30.346 -127.723   5372.7    521.7
     1     1    23     1     8     2     0     2    39.0   30.424 -126.837   5371.3    523.6
     1     1    23     1     8     3     0     3    40.0   30.536 -125.996   5408.7    518.6
     1     1    23     1     8     4     0     2    41.0   30.647 -125.191   5439.0    519.2
     1     1    23     1     8     5     0     1    42.0   30.747 -124.400   5492.3    514.4
     1     1    23     1     8     6     0     0    43.0   30.872 -123.627   5517.2    514.2
     1     1    23     1     8     7     0     1    44.0   30.985 -122.878   5515.3    512.0
     1     1    23     1     8     8     0     2    45.0   31.086 -122.162   5541.1    519.3
     1     1    23     1     8     9     0     3    46.0   31.195 -121.461   5701.6    502.9
     1     1    23     1     8    10     0     2    47.0   31.299 -120.775   5820.8    488.1
     1     1    23     1     8    11     0     1    48.0   31.388 -120.093   5874.0    489.6
     1     1    23     1     8    12     0     0    49.0   31.467 -119.405   5871.7    485.7
     1     1    23     1     8    13     0     1    50.0   31.551 -118.761   5794.0    493.9
     1     1    23     1     8    14     0     2    51.0   31.644 -118.181   5721.6    501.6
     1     1    23     1     8    15     0     3    52.0   31.738 -117.646   5641.3    503.2
     1     1    23     1     8    16     0     2    53.0   31.815 -117.131   5487.5    513.7
     1     1    23     1     8    17     0     1    54.0   31.872 -116.606   5189.5    503.5
     1     1    23     1     8    18     0     0    55.0   31.897 -116.066   4877.6    477.9
     1     1    23     1     8    19     0     1    56.0   31.888 -115.559   4850.9    510.5
     1     1    23     1     8    20     0     2    57.0   31.891 -115.113   4872.7    550.0
     1     1    23     1     8    21     0     3    58.0   31.906 -114.680   4838.1    557.3
     1     1    23     1     8    22     0     2    59.0   31.911 -114.245   4718.3    559.5
     1     1    23     1     8    23     0     1    60.0   31.902 -113.827   4558.1    570.7
     1     1    23     1     9     0     0     0    61.0   31.879 -113.420   4404.7    575.7
     1     1    23     1     9     1     0     1    62.0   31.832 -113.030   4243.3    581.2
     1     1    23     1     9     2     0     2    63.0   31.772 -112.653   4098.2    589.3
     1     1    23     1     9     3     0     3    64.0   31.700 -112.268   4007.8    587.0
     1     1    23     1     9     4     0     2    65.0   31.619 -111.885   3937.0    580.2
     1     1    23     1     9     5     0     1    66.0   31.540 -111.520   3856.1    574.3
     1     1    23     1     9     6     0     0    67.0   31.456 -111.160   3777.1    568.7
     1     1    23     1     9     7     0     1    68.0   31.356 -110.798   3701.8    558.5
     1     1    23     1     9     8     0     2    69.0   31.235 -110.440   3605.4    551.4
     1     1    23     1     9     9     0     3    70.0   31.101 -110.093   3467.3    548.2
     1     1    23     1     9    10     0     2    71.0   30.955 -109.763   3295.6    556.3
     1     1    23     1     9    11     0     1    72.0   30.797 -109.455   3112.1    572.5
     1     1    23     1     9    12     0     0    73.0   30.640 -109.173   2936.3    588.0
     1     1    23     1     9    13     0     1    74.0   30.501 -108.919   2812.8    599.8
     1     1    23     1     9    14     0     2    75.0   30.378 -108.687   2734.0    602.6
     1     1    23     1     9    15     0     3    76.0   30.253 -108.477   2666.6    602.6
     1     1    23     1     9    16     0     2    77.0   30.125 -108.276   2600.2    599.0
     1     1    23     1     9    17     0     1    78.0   30.008 -108.071   2537.4    592.6
     1     1    23     1     9    18     0     0    79.0   29.914 -107.872   2516.1    595.6
     1     1    23     1     9    19     0     1    80.0   29.842 -107.673   2468.2    599.8
     1     1    23     1     9    20     0     2    81.0   29.797 -107.473   2343.8    615.3
     1     1    23     1     9    21     0     3    82.0   29.781 -107.279   2168.2    634.5
     1     1    23     1     9    22     0     2    83.0   29.788 -107.092   2009.3    658.5
     1     1    23     1     9    23     0     1    84.0   29.805 -106.893   1905.7    671.3
     1     1    23     1    10     0     0     0    85.0   29.832 -106.670   1848.4    681.3
     1     1    23     1    10     1     0     1    86.0   29.850 -106.420   1809.8    686.0
     1     1    23     1    10     2     0     2    87.0   29.845 -106.152   1720.5    695.2
     1     1    23     1    10     3     0     3    88.0   29.821 -105.878   1550.2    713.2
     1     1    23     1    10     4     0     2    89.0   29.804 -105.632   1383.1    739.0
     1     1    23     1    10     5     0     1    90.0   29.792 -105.409   1289.1    749.9
     1     1    23     1    10     6     0     0    91.0   29.771 -105.201   1263.2    755.4
     1     1    23     1    10     7     0     1    92.0   29.750 -104.995   1268.8    754.2
     1     1    23     1    10     8     0     2    93.0   29.743 -104.786   1266.9    751.8
     1     1    23     1    10     9     0     3    94.0   29.746 -104.568   1260.4    750.0
     1     1    23     1    10    10     0     2    95.0   29.751 -104.332   1258.2    748.3
     1     1    23     1    10    11     0     1    96.0   29.755 -104.068   1267.1    744.8
     1     1    23     1    10    12     0     0    97.0   29.761 -103.780   1283.1    748.5
     1     1    23     1    10    13     0     1    98.0   29.772 -103.489   1279.8    756.7
     1     1    23     1    10    14     0     2    99.0   29.788 -103.208   1235.7    768.4
     1     1    23     1    10    15     0     3   100.0   29.813 -102.943   1143.3    784.9
     1     1    23     1    10    16     0     2   101.0   29.849 -102.675   1038.0    806.4
     1     1    23     1    10    17     0     1   102.0   29.890 -102.387    965.4    825.8
     1     1    23     1    10    18     0     0   103.0   29.935 -102.084    939.8    843.7
     1     1    23     1    10    19     0     1   104.0   29.986 -101.785    946.4    849.6
     1     1    23     1    10    20     0     2   105.0   30.046 -101.500    953.8    848.6
     1     1    23     1    10    21     0     3   106.0   30.112 -101.233    954.7    847.7
     1     1    23     1    10    22     0     2   107.0   30.180 -100.964    952.1    847.4
     1     1    23     1    10    23     0     1   108.0   30.248 -100.671    949.8    844.5
     1     1    23     1    11     0     0     0   109.0   30.315 -100.349    943.3    841.6
     1     1    23     1    11     1     0     1   110.0   30.381  -99.994    902.6    842.3
     1     1    23     1    11     2     0     2   111.0   30.456  -99.610    837.4    856.7
     1     1    23     1    11     3     0     3   112.0   30.546  -99.206    779.6    868.5
     1     1    23     1    11     4     0     2   113.0   30.657  -98.779    733.9    879.9
     1     1    23     1    11     5     0     1   114.0   30.796  -98.321    675.7    893.2
     1     1    23     1    11     6     0     0   115.0   30.968  -97.833    598.8    912.0
     1     1    23     1    11     7     0     1   116.0   31.176  -97.317    554.2    928.6
     1     1    23     1    11     8     0     2   117.0   31.399  -96.771    550.0    933.4
     1     1    23     1    11     9     0     3   118.0   31.621  -96.201    605.2    936.1
     1     1    23     1    11    10     0     2   119.0   31.814  -95.586    734.7    919.4
     1     1    23     1    11    11     0     1   120.0   31.958  -94.931    851.0    898.5
