     8     1
    GDAS    22    12    22     0     0
    GDAS    22    12    29     0     0
    GDAS    23     1     1     0     0
    GDAS    23     1     8     0     0
    GDAS    23     1    15     0     0
    GDAS    23     1    22     0     0
    GDAS    23     1    29     0     0
    GDAS    23     2     1     0     0
     1 FORWARD  OMEGA   
    23     1    20    14   43.284 -101.587   357.2
     1 PRESSURE
     1     1    23     1    20    14     0     2     0.0   43.284 -101.587    357.2    873.1
     1     1    23     1    20    15     0     3     1.0   43.050 -101.309    354.1    871.3
     1     1    23     1    20    16     0     2     2.0   42.789 -101.015    346.8    872.4
     1     1    23     1    20    17     0     1     3.0   42.563 -100.765    337.8    878.8
     1     1    23     1    20    18     0     0     4.0   42.390 -100.562    334.5    882.2
     1     1    23     1    20    19     0     1     5.0   42.244 -100.376    330.8    884.8
     1     1    23     1    20    20     0     2     6.0   42.103 -100.187    322.8    888.3
     1     1    23     1    20    21     0     3     7.0   41.956  -99.981    312.7    892.8
     1     1    23     1    20    22     0     2     8.0   41.807  -99.787    298.8    895.5
     1     1    23     1    20    23     0     1     9.0   41.662  -99.638    278.6    899.6
     1     1    23     1    21     0     0     0    10.0   41.514  -99.534    254.6    904.2
     1     1    23     1    21     1     0     1    11.0   41.377  -99.462    236.4    908.3
     1     1    23     1    21     2     0     2    12.0   41.270  -99.396    231.6    910.3
     1     1    23     1    21     3     0     3    13.0   41.191  -99.334    242.7    910.7
     1     1    23     1    21     4     0     2    14.0   41.130  -99.264    261.8    908.9
     1     1    23     1    21     5     0     1    15.0   41.076  -99.178    277.4    908.2
     1     1    23     1    21     6     0     0    16.0   41.032  -99.073    284.9    908.7
     1     1    23     1    21     7     0     1    17.0   40.995  -98.964    286.0    910.6
     1     1    23     1    21     8     0     2    18.0   40.965  -98.870    284.5    911.8
     1     1    23     1    21     9     0     3    19.0   40.941  -98.785    278.3    913.5
     1     1    23     1    21    10     0     2    20.0   40.914  -98.698    268.3    916.0
     1     1    23     1    21    11     0     1    21.0   40.878  -98.598    256.5    918.9
     1     1    23     1    21    12     0     0    22.0   40.833  -98.487    244.4    921.8
     1     1    23     1    21    13     0     1    23.0   40.780  -98.379    233.1    924.9
     1     1    23     1    21    14     0     2    24.0   40.723  -98.291    221.9    927.5
     1     1    23     1    21    15     0     3    25.0   40.662  -98.224    208.7    930.1
     1     1    23     1    21    16     0     2    26.0   40.603  -98.175    195.2    933.0
     1     1    23     1    21    17     0     1    27.0   40.551  -98.144    185.7    934.9
     1     1    23     1    21    18     0     0    28.0   40.504  -98.131    182.2    935.8
     1     1    23     1    21    19     0     1    29.0   40.451  -98.125    181.0    935.1
     1     1    23     1    21    20     0     2    30.0   40.379  -98.112    176.2    935.5
     1     1    23     1    21    21     0     3    31.0   40.286  -98.095    164.6    936.8
     1     1    23     1    21    22     0     2    32.0   40.175  -98.078    148.9    940.5
     1     1    23     1    21    23     0     1    33.0   40.049  -98.062    135.8    943.5
     1     1    23     1    22     0     0     0    34.0   39.907  -98.044    130.6    944.8
     1     1    23     1    22     1     0     1    35.0   39.752  -98.022    127.4    944.3
     1     1    23     1    22     2     0     2    36.0   39.590  -97.995    118.4    945.4
     1     1    23     1    22     3     0     3    37.0   39.427  -97.957    106.3    947.3
     1     1    23     1    22     4     0     2    38.0   39.275  -97.904     97.1    949.4
     1     1    23     1    22     5     0     1    39.0   39.132  -97.840     93.4    950.2
     1     1    23     1    22     6     0     0    40.0   38.990  -97.763     92.4    950.9
     1     1    23     1    22     7     0     1    41.0   38.842  -97.677     90.8    951.2
     1     1    23     1    22     8     0     2    42.0   38.685  -97.585     86.8    952.0
     1     1    23     1    22     9     0     3    43.0   38.520  -97.488     81.0    952.8
     1     1    23     1    22    10     0     2    44.0   38.349  -97.388     73.4    953.7
     1     1    23     1    22    11     0     1    45.0   38.172  -97.288     63.7    954.7
     1     1    23     1    22    12     0     0    46.0   37.987  -97.186     52.6    955.8
     1     1    23     1    22    13     0     1    47.0   37.803  -97.095     42.5    958.9
     1     1    23     1    22    14     0     2    48.0   37.629  -97.027     34.5    961.8
     1     1    23     1    22    15     0     3    49.0   37.464  -96.979     28.2    965.0
     1     1    23     1    22    16     0     2    50.0   37.311  -96.932     23.8    968.0
     1     1    23     1    22    17     0     1    51.0   37.165  -96.871     21.7    970.4
     1     1    23     1    22    18     0     0    52.0   37.021  -96.800     21.1    972.5
     1     1    23     1    22    19     0     1    53.0   36.878  -96.720     21.5    974.4
     1     1    23     1    22    20     0     2    54.0   36.739  -96.629     22.0    976.1
     1     1    23     1    22    21     0     3    55.0   36.604  -96.527     21.3    978.0
     1     1    23     1    22    22     0     2    56.0   36.474  -96.429     18.8    980.3
     1     1    23     1    22    23     0     1    57.0   36.355  -96.353     15.6    982.6
     1     1    23     1    23     0     0     0    58.0   36.247  -96.298     12.9    984.4
     1     1    23     1    23     1     0     1    59.0   36.153  -96.258     11.2    986.9
     1     1    23     1    23     2     0     2    60.0   36.079  -96.232     10.8    988.8
     1     1    23     1    23     3     0     3    61.0   36.026  -96.228     11.3    990.3
     1     1    23     1    23     4     0     2    62.0   35.986  -96.230     12.3    990.2
     1     1    23     1    23     5     0     1    63.0   35.950  -96.222     12.8    990.3
     1     1    23     1    23     6     0     0    64.0   35.920  -96.204     12.8    990.6
     1     1    23     1    23     7     0     1    65.0   35.891  -96.180     12.8    991.1
     1     1    23     1    23     8     0     2    66.0   35.859  -96.155     13.3    991.3
     1     1    23     1    23     9     0     3    67.0   35.826  -96.129     14.7    991.5
     1     1    23     1    23    10     0     2    68.0   35.790  -96.110     16.6    992.4
     1     1    23     1    23    11     0     1    69.0   35.753  -96.110     18.1    993.1
     1     1    23     1    23    12     0     0    70.0   35.714  -96.131     19.2    993.6
     1     1    23     1    23    13     0     1    71.0   35.678  -96.164     20.1    993.4
     1     1    23     1    23    14     0     2    72.0   35.648  -96.203     21.3    993.2
     1     1    23     1    23    15     0     3    73.0   35.624  -96.245     22.8    993.0
     1     1    23     1    23    16     0     2    74.0   35.608  -96.278     24.0    992.5
     1     1    23     1    23    17     0     1    75.0   35.601  -96.288     24.4    992.5
     1     1    23     1    23    18     0     0    76.0   35.602  -96.276     23.8    992.8
     1     1    23     1    23    19     0     1    77.0   35.604  -96.257     22.6    992.9
     1     1    23     1    23    20     0     2    78.0   35.599  -96.243     21.2    992.9
     1     1    23     1    23    21     0     3    79.0   35.587  -96.236     19.6    992.9
     1     1    23     1    23    22     0     2    80.0   35.572  -96.244     18.4    992.5
     1     1    23     1    23    23     0     1    81.0   35.559  -96.276     18.2    991.6
     1     1    23     1    24     0     0     0    82.0   35.548  -96.332     18.9    990.5
     1     1    23     1    24     1     0     1    83.0   35.546  -96.405     19.8    989.7
     1     1    23     1    24     2     0     2    84.0   35.557  -96.485     20.3    989.0
     1     1    23     1    24     3     0     3    85.0   35.583  -96.572     20.3    988.4
     1     1    23     1    24     4     0     2    86.0   35.623  -96.659     19.8    987.6
     1     1    23     1    24     5     0     1    87.0   35.675  -96.737     18.8    987.0
     1     1    23     1    24     6     0     0    88.0   35.739  -96.804     17.4    986.8
     1     1    23     1    24     7     0     1    89.0   35.802  -96.872     16.7    986.6
     1     1    23     1    24     8     0     2    90.0   35.851  -96.955     17.2    986.0
     1     1    23     1    24     9     0     3    91.0   35.884  -97.056     19.0    985.1
     1     1    23     1    24    10     0     2    92.0   35.908  -97.164     22.3    982.9
     1     1    23     1    24    11     0     1    93.0   35.932  -97.265     26.2    980.9
     1     1    23     1    24    12     0     0    94.0   35.957  -97.353     29.1    979.3
     1     1    23     1    24    13     0     1    95.0   35.975  -97.425     31.1    979.1
     1     1    23     1    24    14     0     2    96.0   35.979  -97.481     34.3    978.6
     1     1    23     1    24    15     0     3    97.0   35.969  -97.529     40.5    977.9
     1     1    23     1    24    16     0     2    98.0   35.944  -97.596     48.3    976.0
     1     1    23     1    24    17     0     1    99.0   35.904  -97.705     55.2    973.9
     1     1    23     1    24    18     0     0   100.0   35.855  -97.856     60.5    971.4
     1     1    23     1    24    19     0     1   101.0   35.800  -98.019     66.9    967.9
     1     1    23     1    24    20     0     2   102.0   35.733  -98.166     77.2    961.6
     1     1    23     1    24    21     0     3   103.0   35.647  -98.301     90.9    955.6
     1     1    23     1    24    22     0     2   104.0   35.527  -98.415    104.3    951.7
     1     1    23     1    24    23     0     1   105.0   35.362  -98.497    112.0    949.7
     1     1    23     1    25     0     0     0   106.0   35.152  -98.547    109.0    950.1
     1     1    23     1    25     1     0     1   107.0   34.926  -98.566     99.1    953.6
     1     1    23     1    25     2     0     2   108.0   34.710  -98.551     89.9    957.9
     1     1    23     1    25     3     0     3   109.0   34.504  -98.497     79.1    962.2
     1     1    23     1    25     4     0     2   110.0   34.305  -98.408     66.4    967.0
     1     1    23     1    25     5     0     1   111.0   34.108  -98.290     54.5    971.9
     1     1    23     1    25     6     0     0   112.0   33.900  -98.152     45.6    974.2
     1     1    23     1    25     7     0     1   113.0   33.696  -97.993     40.3    974.4
     1     1    23     1    25     8     0     2   114.0   33.517  -97.813     36.3    975.5
     1     1    23     1    25     9     0     3   115.0   33.363  -97.615     32.1    978.1
     1     1    23     1    25    10     0     2   116.0   33.223  -97.414     28.3    982.6
     1     1    23     1    25    11     0     1   117.0   33.088  -97.222     25.0    987.6
     1     1    23     1    25    12     0     0   118.0   32.956  -97.041     20.8    993.0
     1     1    23     1    25    13     0     1   119.0   32.830  -96.873     15.7    995.9
     1     1    23     1    25    14     0     2   120.0   32.710  -96.718     11.0    998.2
