     8     1
    GDAS    22    12    22     0     0
    GDAS    22    12    29     0     0
    GDAS    23     1     1     0     0
    GDAS    23     1     8     0     0
    GDAS    23     1    15     0     0
    GDAS    23     1    22     0     0
    GDAS    23     1    29     0     0
    GDAS    23     2     1     0     0
     1 FORWARD  OMEGA   
    22    12    31    14   52.361 -110.715   548.0
     1 PRESSURE
     1     1    22    12    31    14     0     2     0.0   52.361 -110.715    548.0    851.1
     1     1    22    12    31    15     0     3     1.0   52.265 -110.665    537.9    851.5
     1     1    22    12    31    16     0     2     2.0   52.156 -110.588    532.0    852.1
     1     1    22    12    31    17     0     1     3.0   52.031 -110.498    535.2    851.3
     1     1    22    12    31    18     0     0     4.0   51.894 -110.397    546.8    851.5
     1     1    22    12    31    19     0     1     5.0   51.751 -110.284    559.1    851.9
     1     1    22    12    31    20     0     2     6.0   51.608 -110.155    566.9    853.5
     1     1    22    12    31    21     0     3     7.0   51.465 -110.010    570.7    855.6
     1     1    22    12    31    22     0     2     8.0   51.324 -109.853    572.4    857.5
     1     1    22    12    31    23     0     1     9.0   51.185 -109.686    574.4    858.9
     1     1    23     1     1     0     0     0    10.0   51.043 -109.511    576.9    859.9
     1     1    23     1     1     1     0     1    11.0   50.898 -109.325    577.1    858.9
     1     1    23     1     1     2     0     2    12.0   50.751 -109.127    576.5    857.8
     1     1    23     1     1     3     0     3    13.0   50.600 -108.919    580.3    855.8
     1     1    23     1     1     4     0     2    14.0   50.440 -108.695    585.8    852.2
     1     1    23     1     1     5     0     1    15.0   50.270 -108.449    583.2    848.3
     1     1    23     1     1     6     0     0    16.0   50.088 -108.183    558.8    845.6
     1     1    23     1     1     7     0     1    17.0   49.899 -107.907    523.8    849.9
     1     1    23     1     1     8     0     2    18.0   49.712 -107.631    511.0    856.4
     1     1    23     1     1     9     0     3    19.0   49.532 -107.360    530.2    856.9
     1     1    23     1     1    10     0     2    20.0   49.349 -107.093    572.6    853.9
     1     1    23     1     1    11     0     1    21.0   49.153 -106.827    621.8    847.1
     1     1    23     1     1    12     0     0    22.0   48.943 -106.547    664.3    839.7
     1     1    23     1     1    13     0     1    23.0   48.728 -106.256    693.6    838.6
     1     1    23     1     1    14     0     2    24.0   48.518 -105.966    709.8    841.6
     1     1    23     1     1    15     0     3    25.0   48.318 -105.683    714.1    846.7
     1     1    23     1     1    16     0     2    26.0   48.135 -105.401    704.0    852.1
     1     1    23     1     1    17     0     1    27.0   47.972 -105.115    682.7    856.7
     1     1    23     1     1    18     0     0    28.0   47.824 -104.826    667.8    859.6
     1     1    23     1     1    19     0     1    29.0   47.677 -104.532    673.2    857.0
     1     1    23     1     1    20     0     2    30.0   47.522 -104.223    685.4    851.3
     1     1    23     1     1    21     0     3    31.0   47.356 -103.892    682.4    846.4
     1     1    23     1     1    22     0     2    32.0   47.182 -103.543    667.5    846.8
     1     1    23     1     1    23     0     1    33.0   46.996 -103.184    665.7    847.0
     1     1    23     1     2     0     0     0    34.0   46.798 -102.850    676.2    847.0
     1     1    23     1     2     1     0     1    35.0   46.613 -102.561    674.7    849.0
     1     1    23     1     2     2     0     2    36.0   46.455 -102.305    650.8    855.1
     1     1    23     1     2     3     0     3    37.0   46.319 -102.069    609.9    863.0
     1     1    23     1     2     4     0     2    38.0   46.201 -101.840    564.6    869.9
     1     1    23     1     2     5     0     1    39.0   46.094 -101.608    525.8    874.9
     1     1    23     1     2     6     0     0    40.0   45.992 -101.381    493.1    879.2
     1     1    23     1     2     7     0     1    41.0   45.901 -101.170    475.0    884.0
     1     1    23     1     2     8     0     2    42.0   45.828 -100.976    474.1    884.8
     1     1    23     1     2     9     0     3    43.0   45.774 -100.792    481.2    884.8
     1     1    23     1     2    10     0     2    44.0   45.735 -100.611    482.8    884.8
     1     1    23     1     2    11     0     1    45.0   45.707 -100.428    470.6    887.8
     1     1    23     1     2    12     0     0    46.0   45.686 -100.242    447.5    891.9
     1     1    23     1     2    13     0     1    47.0   45.670 -100.056    420.8    897.3
     1     1    23     1     2    14     0     2    48.0   45.659  -99.875    393.8    900.9
     1     1    23     1     2    15     0     3    49.0   45.658  -99.695    360.7    905.0
     1     1    23     1     2    16     0     2    50.0   45.663  -99.518    325.8    910.5
     1     1    23     1     2    17     0     1    51.0   45.664  -99.344    297.6    914.7
     1     1    23     1     2    18     0     0    52.0   45.657  -99.174    278.4    918.0
     1     1    23     1     2    19     0     1    53.0   45.634  -99.008    263.3    920.0
     1     1    23     1     2    20     0     2    54.0   45.592  -98.857    249.1    924.5
     1     1    23     1     2    21     0     3    55.0   45.534  -98.733    242.4    928.0
     1     1    23     1     2    22     0     2    56.0   45.463  -98.654    243.4    929.1
     1     1    23     1     2    23     0     1    57.0   45.382  -98.634    247.8    929.3
     1     1    23     1     3     0     0     0    58.0   45.287  -98.670    256.8    928.6
     1     1    23     1     3     1     0     1    59.0   45.179  -98.750    273.5    926.6
     1     1    23     1     3     2     0     2    60.0   45.057  -98.864    293.8    923.8
     1     1    23     1     3     3     0     3    61.0   44.918  -99.015    305.0    920.0
     1     1    23     1     3     4     0     2    62.0   44.773  -99.201    314.2    917.3
     1     1    23     1     3     5     0     1    63.0   44.625  -99.412    342.5    911.4
     1     1    23     1     3     6     0     0    64.0   44.460  -99.647    396.1    903.3
     1     1    23     1     3     7     0     1    65.0   44.259  -99.901    465.3    892.9
     1     1    23     1     3     8     0     2    66.0   44.011 -100.153    539.0    883.2
     1     1    23     1     3     9     0     3    67.0   43.703 -100.415    609.6    863.4
     1     1    23     1     3    10     0     2    68.0   43.329 -100.712    647.9    842.5
     1     1    23     1     3    11     0     1    69.0   42.893 -100.992    662.8    828.1
     1     1    23     1     3    12     0     0    70.0   42.391 -101.233    659.8    818.2
     1     1    23     1     3    13     0     1    71.0   41.835 -101.429    645.4    816.5
     1     1    23     1     3    14     0     2    72.0   41.263 -101.564    672.9    816.6
     1     1    23     1     3    15     0     3    73.0   40.693 -101.638    750.0    808.9
     1     1    23     1     3    16     0     2    74.0   40.147 -101.667    852.2    800.4
     1     1    23     1     3    17     0     1    75.0   39.646 -101.615    913.8    787.9
     1     1    23     1     3    18     0     0    76.0   39.177 -101.476    907.7    789.6
     1     1    23     1     3    19     0     1    77.0   38.736 -101.284    881.6    801.2
     1     1    23     1     3    20     0     2    78.0   38.340 -101.066    861.1    808.3
     1     1    23     1     3    21     0     3    79.0   38.014 -100.845    834.4    814.1
     1     1    23     1     3    22     0     2    80.0   37.727 -100.622    798.7    823.5
     1     1    23     1     3    23     0     1    81.0   37.452 -100.395    746.3    835.4
     1     1    23     1     4     0     0     0    82.0   37.203 -100.166    681.1    851.0
     1     1    23     1     4     1     0     1    83.0   36.975  -99.932    618.4    866.3
     1     1    23     1     4     2     0     2    84.0   36.749  -99.692    554.5    874.0
     1     1    23     1     4     3     0     3    85.0   36.512  -99.454    478.5    884.2
     1     1    23     1     4     4     0     2    86.0   36.263  -99.230    400.5    895.6
     1     1    23     1     4     5     0     1    87.0   36.006  -99.023    328.0    904.1
     1     1    23     1     4     6     0     0    88.0   35.769  -98.842    263.0    920.4
     1     1    23     1     4     7     0     1    89.0   35.567  -98.694    217.0    932.5
     1     1    23     1     4     8     0     2    90.0   35.389  -98.570    194.9    938.8
     1     1    23     1     4     9     0     3    91.0   35.228  -98.463    189.6    942.4
     1     1    23     1     4    10     0     2    92.0   35.070  -98.374    193.2    944.1
     1     1    23     1     4    11     0     1    93.0   34.902  -98.307    199.2    946.0
     1     1    23     1     4    12     0     0    94.0   34.720  -98.259    206.7    948.0
     1     1    23     1     4    13     0     1    95.0   34.547  -98.230    213.5    949.9
     1     1    23     1     4    14     0     2    96.0   34.403  -98.219    217.2    951.6
     1     1    23     1     4    15     0     3    97.0   34.283  -98.225    216.9    953.5
     1     1    23     1     4    16     0     2    98.0   34.188  -98.226    211.9    955.2
     1     1    23     1     4    17     0     1    99.0   34.121  -98.204    200.9    957.6
     1     1    23     1     4    18     0     0   100.0   34.080  -98.154    183.8    960.8
     1     1    23     1     4    19     0     1   101.0   34.053  -98.078    164.6    964.1
     1     1    23     1     4    20     0     2   102.0   34.035  -97.982    146.8    966.9
     1     1    23     1     4    21     0     3   103.0   34.027  -97.866    130.8    969.2
     1     1    23     1     4    22     0     2   104.0   34.019  -97.743    115.2    972.0
     1     1    23     1     4    23     0     1   105.0   33.999  -97.624     99.7    975.1
     1     1    23     1     5     0     0     0   106.0   33.968  -97.513     85.5    977.7
     1     1    23     1     5     1     0     1   107.0   33.918  -97.416     72.4    980.7
     1     1    23     1     5     2     0     2   108.0   33.845  -97.343     60.4    983.9
     1     1    23     1     5     3     0     3   109.0   33.755  -97.293     50.0    986.7
     1     1    23     1     5     4     0     2   110.0   33.660  -97.255     42.7    988.4
     1     1    23     1     5     5     0     1   111.0   33.573  -97.209     38.6    989.9
     1     1    23     1     5     6     0     0   112.0   33.493  -97.154     36.7    991.5
     1     1    23     1     5     7     0     1   113.0   33.413  -97.095     34.3    993.7
     1     1    23     1     5     8     0     2   114.0   33.324  -97.034     29.0    996.6
     1     1    23     1     5     9     0     3   115.0   33.226  -96.969     21.6    999.6
     1     1    23     1     5    10     0     2   116.0   33.127  -96.901     15.7   1001.8
     1     1    23     1     5    11     0     1   117.0   33.031  -96.840     12.7   1002.9
     1     1    23     1     5    12     0     0   118.0   32.932  -96.789     11.2   1003.2
     1     1    23     1     5    13     0     1   119.0   32.831  -96.744     10.2   1004.2
     1     1    23     1     5    14     0     2   120.0   32.730  -96.704      9.1   1005.2
