     8     1
    GDAS    22    12    22     0     0
    GDAS    22    12    29     0     0
    GDAS    23     1     1     0     0
    GDAS    23     1     8     0     0
    GDAS    23     1    15     0     0
    GDAS    23     1    22     0     0
    GDAS    23     1    29     0     0
    GDAS    23     2     1     0     0
     1 FORWARD  OMEGA   
    23     1    26    11   67.388 -110.377   738.4
     1 PRESSURE
     1     1    23     1    26    11     0     1     0.0   67.388 -110.377    738.4    889.8
     1     1    23     1    26    12     0     0     1.0   67.103 -110.351    737.0    875.6
     1     1    23     1    26    13     0     1     2.0   66.793 -110.364    733.1    867.8
     1     1    23     1    26    14     0     2     3.0   66.474 -110.385    721.0    864.3
     1     1    23     1    26    15     0     3     4.0   66.151 -110.442    694.0    862.6
     1     1    23     1    26    16     0     2     5.0   65.829 -110.521    656.8    867.4
     1     1    23     1    26    17     0     1     6.0   65.523 -110.592    623.8    875.3
     1     1    23     1    26    18     0     0     7.0   65.238 -110.675    602.5    880.4
     1     1    23     1    26    19     0     1     8.0   64.971 -110.748    592.5    884.0
     1     1    23     1    26    20     0     2     9.0   64.710 -110.779    587.2    886.5
     1     1    23     1    26    21     0     3    10.0   64.452 -110.782    581.4    889.6
     1     1    23     1    26    22     0     2    11.0   64.194 -110.779    581.4    892.7
     1     1    23     1    26    23     0     1    12.0   63.933 -110.776    593.1    893.6
     1     1    23     1    27     0     0     0    13.0   63.669 -110.764    616.0    892.4
     1     1    23     1    27     1     0     1    14.0   63.402 -110.745    642.8    889.7
     1     1    23     1    27     2     0     2    15.0   63.134 -110.722    670.4    888.3
     1     1    23     1    27     3     0     3    16.0   62.862 -110.690    703.4    886.0
     1     1    23     1    27     4     0     2    17.0   62.584 -110.629    734.8    882.8
     1     1    23     1    27     5     0     1    18.0   62.304 -110.535    755.2    881.3
     1     1    23     1    27     6     0     0    19.0   62.023 -110.412    762.5    880.7
     1     1    23     1    27     7     0     1    20.0   61.736 -110.265    768.1    881.7
     1     1    23     1    27     8     0     2    21.0   61.434 -110.095    780.7    880.2
     1     1    23     1    27     9     0     3    22.0   61.117 -109.900    789.8    877.9
     1     1    23     1    27    10     0     2    23.0   60.786 -109.691    792.0    876.5
     1     1    23     1    27    11     0     1    24.0   60.444 -109.474    794.3    875.1
     1     1    23     1    27    12     0     0    25.0   60.091 -109.247    803.6    872.9
     1     1    23     1    27    13     0     1    26.0   59.732 -109.017    820.9    872.7
     1     1    23     1    27    14     0     2    27.0   59.376 -108.799    838.4    874.2
     1     1    23     1    27    15     0     3    28.0   59.024 -108.589    854.0    876.3
     1     1    23     1    27    16     0     2    29.0   58.662 -108.374    858.6    865.5
     1     1    23     1    27    17     0     1    30.0   58.282 -108.138    849.5    856.5
     1     1    23     1    27    18     0     0    31.0   57.900 -107.883    838.2    853.9
     1     1    23     1    27    19     0     1    32.0   57.521 -107.616    843.2    856.5
     1     1    23     1    27    20     0     2    33.0   57.137 -107.335    852.0    852.8
     1     1    23     1    27    21     0     3    34.0   56.746 -107.030    849.5    854.1
     1     1    23     1    27    22     0     2    35.0   56.350 -106.724    847.4    860.2
     1     1    23     1    27    23     0     1    36.0   55.940 -106.431    839.5    861.9
     1     1    23     1    28     0     0     0    37.0   55.514 -106.139    819.6    866.1
     1     1    23     1    28     1     0     1    38.0   55.088 -105.852    832.0    872.9
     1     1    23     1    28     2     0     2    39.0   54.666 -105.592    862.6    860.5
     1     1    23     1    28     3     0     3    40.0   54.231 -105.348    828.4    849.6
     1     1    23     1    28     4     0     2    41.0   53.792 -105.099    734.1    861.1
     1     1    23     1    28     5     0     1    42.0   53.379 -104.868    686.0    882.1
     1     1    23     1    28     6     0     0    43.0   53.009 -104.682    723.7    882.6
     1     1    23     1    28     7     0     1    44.0   52.670 -104.487    788.3    867.5
     1     1    23     1    28     8     0     2    45.0   52.347 -104.235    849.3    858.8
     1     1    23     1    28     9     0     3    46.0   52.030 -103.909    911.6    846.1
     1     1    23     1    28    10     0     2    47.0   51.703 -103.516    946.2    835.5
     1     1    23     1    28    11     0     1    48.0   51.363 -103.096    958.4    834.1
     1     1    23     1    28    12     0     0    49.0   51.015 -102.660    956.9    835.4
     1     1    23     1    28    13     0     1    50.0   50.666 -102.222    917.6    838.4
     1     1    23     1    28    14     0     2    51.0   50.304 -101.795    850.2    846.6
     1     1    23     1    28    15     0     3    52.0   49.928 -101.386    800.1    863.0
     1     1    23     1    28    16     0     2    53.0   49.575 -101.007    782.6    872.5
     1     1    23     1    28    17     0     1    54.0   49.268 -100.643    755.5    867.2
     1     1    23     1    28    18     0     0    55.0   48.990 -100.265    695.1    864.0
     1     1    23     1    28    19     0     1    56.0   48.724  -99.862    623.6    877.5
     1     1    23     1    28    20     0     2    57.0   48.468  -99.442    577.3    894.3
     1     1    23     1    28    21     0     3    58.0   48.213  -99.010    575.4    899.7
     1     1    23     1    28    22     0     2    59.0   47.952  -98.580    586.4    894.1
     1     1    23     1    28    23     0     1    60.0   47.694  -98.174    567.4    897.3
     1     1    23     1    29     0     0     0    61.0   47.440  -97.797    529.2    911.0
     1     1    23     1    29     1     0     1    62.0   47.189  -97.454    511.4    923.9
     1     1    23     1    29     2     0     2    63.0   46.943  -97.157    539.8    925.9
     1     1    23     1    29     3     0     3    64.0   46.699  -96.898    593.0    916.0
     1     1    23     1    29     4     0     2    65.0   46.459  -96.647    622.7    906.0
     1     1    23     1    29     5     0     1    66.0   46.229  -96.383    616.7    907.0
     1     1    23     1    29     6     0     0    67.0   46.014  -96.094    605.1    910.9
     1     1    23     1    29     7     0     1    68.0   45.797  -95.802    602.6    909.7
     1     1    23     1    29     8     0     2    69.0   45.567  -95.537    600.4    908.2
     1     1    23     1    29     9     0     3    70.0   45.336  -95.297    588.3    909.6
     1     1    23     1    29    10     0     2    71.0   45.101  -95.084    567.3    913.5
     1     1    23     1    29    11     0     1    72.0   44.855  -94.901    547.4    916.9
     1     1    23     1    29    12     0     0    73.0   44.598  -94.748    532.9    918.3
     1     1    23     1    29    13     0     1    74.0   44.337  -94.620    518.4    920.1
     1     1    23     1    29    14     0     2    75.0   44.079  -94.507    500.4    923.5
     1     1    23     1    29    15     0     3    76.0   43.824  -94.406    484.7    927.2
     1     1    23     1    29    16     0     2    77.0   43.573  -94.317    473.8    928.3
     1     1    23     1    29    17     0     1    78.0   43.327  -94.239    461.6    929.1
     1     1    23     1    29    18     0     0    79.0   43.086  -94.170    439.7    930.8
     1     1    23     1    29    19     0     1    80.0   42.849  -94.105    410.4    934.7
     1     1    23     1    29    20     0     2    81.0   42.615  -94.039    381.7    938.3
     1     1    23     1    29    21     0     3    82.0   42.391  -93.975    355.9    941.5
     1     1    23     1    29    22     0     2    83.0   42.166  -93.916    336.6    944.9
     1     1    23     1    29    23     0     1    84.0   41.920  -93.869    326.1    946.8
     1     1    23     1    30     0     0     0    85.0   41.650  -93.835    317.7    947.5
     1     1    23     1    30     1     0     1    86.0   41.367  -93.818    304.7    949.5
     1     1    23     1    30     2     0     2    87.0   41.081  -93.825    285.7    952.3
     1     1    23     1    30     3     0     3    88.0   40.799  -93.861    263.2    957.2
     1     1    23     1    30     4     0     2    89.0   40.523  -93.910    243.4    961.5
     1     1    23     1    30     5     0     1    90.0   40.250  -93.959    229.1    965.0
     1     1    23     1    30     6     0     0    91.0   39.974  -94.008    220.0    968.1
     1     1    23     1    30     7     0     1    92.0   39.698  -94.058    219.2    968.6
     1     1    23     1    30     8     0     2    93.0   39.426  -94.115    227.8    967.2
     1     1    23     1    30     9     0     3    94.0   39.153  -94.181    242.3    965.3
     1     1    23     1    30    10     0     2    95.0   38.881  -94.263    259.0    963.8
     1     1    23     1    30    11     0     1    96.0   38.613  -94.365    272.4    962.9
     1     1    23     1    30    12     0     0    97.0   38.350  -94.484    280.9    962.8
     1     1    23     1    30    13     0     1    98.0   38.096  -94.617    286.4    962.3
     1     1    23     1    30    14     0     2    99.0   37.854  -94.760    287.4    960.6
     1     1    23     1    30    15     0     3   100.0   37.622  -94.910    279.9    960.3
     1     1    23     1    30    16     0     2   101.0   37.398  -95.060    276.8    962.6
     1     1    23     1    30    17     0     1   102.0   37.181  -95.198    298.9    960.0
     1     1    23     1    30    18     0     0   103.0   36.974  -95.321    357.1    953.1
     1     1    23     1    30    19     0     1   104.0   36.769  -95.429    408.7    941.0
     1     1    23     1    30    20     0     2   105.0   36.557  -95.525    404.9    943.0
     1     1    23     1    30    21     0     3   106.0   36.342  -95.609    373.1    949.0
     1     1    23     1    30    22     0     2   107.0   36.124  -95.696    338.8    956.1
     1     1    23     1    30    23     0     1   108.0   35.903  -95.797    318.8    961.3
     1     1    23     1    31     0     0     0   109.0   35.674  -95.908    317.3    962.2
     1     1    23     1    31     1     0     1   110.0   35.431  -96.025    316.0    960.8
     1     1    23     1    31     2     0     2   111.0   35.169  -96.144    300.9    961.1
     1     1    23     1    31     3     0     3   112.0   34.892  -96.262    280.9    963.6
     1     1    23     1    31     4     0     2   113.0   34.606  -96.362    260.8    967.5
     1     1    23     1    31     5     0     1   114.0   34.319  -96.434    238.2    971.9
     1     1    23     1    31     6     0     0   115.0   34.038  -96.487    213.0    977.2
     1     1    23     1    31     7     0     1   116.0   33.765  -96.537    191.4    981.2
     1     1    23     1    31     8     0     2   117.0   33.496  -96.598    176.4    983.4
     1     1    23     1    31     9     0     3   118.0   33.235  -96.667    162.2    985.8
     1     1    23     1    31    10     0     2   119.0   32.983  -96.732    145.1    989.4
     1     1    23     1    31    11     0     1   120.0   32.738  -96.779    126.7    991.0
