     8     1
    GDAS    22    12    22     0     0
    GDAS    22    12    29     0     0
    GDAS    23     1     1     0     0
    GDAS    23     1     8     0     0
    GDAS    23     1    15     0     0
    GDAS    23     1    22     0     0
    GDAS    23     1    29     0     0
    GDAS    23     2     1     0     0
     1 FORWARD  OMEGA   
    23     1    18    13   46.652 -116.698   889.7
     1 PRESSURE
     1     1    23     1    18    13     0     1     0.0   46.652 -116.698    889.7    806.9
     1     1    23     1    18    14     0     2     1.0   46.795 -116.488    935.3    794.4
     1     1    23     1    18    15     0     3     2.0   46.929 -116.225    993.8    774.7
     1     1    23     1    18    16     0     2     3.0   47.049 -115.911   1050.5    753.8
     1     1    23     1    18    17     0     1     4.0   47.141 -115.536   1088.5    738.5
     1     1    23     1    18    18     0     0     5.0   47.190 -115.080   1089.4    724.5
     1     1    23     1    18    19     0     1     6.0   47.222 -114.610   1079.2    731.9
     1     1    23     1    18    20     0     2     7.0   47.267 -114.203   1091.6    739.0
     1     1    23     1    18    21     0     3     8.0   47.298 -113.806   1115.6    734.2
     1     1    23     1    18    22     0     2     9.0   47.278 -113.316   1078.0    722.5
     1     1    23     1    18    23     0     1    10.0   47.223 -112.731    991.5    738.8
     1     1    23     1    19     0     0     0    11.0   47.185 -112.160    927.9    761.9
     1     1    23     1    19     1     0     1    12.0   47.171 -111.641    855.5    756.1
     1     1    23     1    19     2     0     2    13.0   47.179 -111.175    761.1    749.2
     1     1    23     1    19     3     0     3    14.0   47.202 -110.751    686.1    762.7
     1     1    23     1    19     4     0     2    15.0   47.228 -110.374    654.8    784.3
     1     1    23     1    19     5     0     1    16.0   47.227 -110.030    698.2    795.3
     1     1    23     1    19     6     0     0    17.0   47.180 -109.674    798.4    781.4
     1     1    23     1    19     7     0     1    18.0   47.090 -109.284    869.8    769.7
     1     1    23     1    19     8     0     2    19.0   46.975 -108.884    882.9    772.7
     1     1    23     1    19     9     0     3    20.0   46.867 -108.527    883.3    791.8
     1     1    23     1    19    10     0     2    21.0   46.766 -108.214    885.3    802.4
     1     1    23     1    19    11     0     1    22.0   46.669 -107.917    866.6    810.4
     1     1    23     1    19    12     0     0    23.0   46.574 -107.610    819.8    811.1
     1     1    23     1    19    13     0     1    24.0   46.472 -107.278    765.4    813.9
     1     1    23     1    19    14     0     2    25.0   46.348 -106.917    728.2    816.6
     1     1    23     1    19    15     0     3    26.0   46.198 -106.530    734.6    824.2
     1     1    23     1    19    16     0     2    27.0   46.032 -106.141    791.6    824.9
     1     1    23     1    19    17     0     1    28.0   45.866 -105.785    855.8    813.2
     1     1    23     1    19    18     0     0    29.0   45.697 -105.465    892.6    802.1
     1     1    23     1    19    19     0     1    30.0   45.520 -105.133    891.8    795.9
     1     1    23     1    19    20     0     2    31.0   45.335 -104.760    855.6    798.3
     1     1    23     1    19    21     0     3    32.0   45.146 -104.358    807.8    807.3
     1     1    23     1    19    22     0     2    33.0   44.947 -103.943    757.0    813.8
     1     1    23     1    19    23     0     1    34.0   44.725 -103.553    693.0    816.0
     1     1    23     1    20     0     0     0    35.0   44.480 -103.228    644.5    830.3
     1     1    23     1    20     1     0     1    36.0   44.241 -102.962    645.6    844.0
     1     1    23     1    20     2     0     2    37.0   44.015 -102.715    681.7    839.3
     1     1    23     1    20     3     0     3    38.0   43.779 -102.469    726.5    833.9
     1     1    23     1    20     4     0     2    39.0   43.530 -102.218    759.1    826.0
     1     1    23     1    20     5     0     1    40.0   43.284 -101.964    753.6    821.0
     1     1    23     1    20     6     0     0    41.0   43.051 -101.730    716.8    823.4
     1     1    23     1    20     7     0     1    42.0   42.820 -101.512    672.2    829.3
     1     1    23     1    20     8     0     2    43.0   42.580 -101.295    631.2    835.7
     1     1    23     1    20     9     0     3    44.0   42.330 -101.085    598.5    841.4
     1     1    23     1    20    10     0     2    45.0   42.097 -100.897    570.0    846.0
     1     1    23     1    20    11     0     1    46.0   41.902 -100.730    541.8    852.5
     1     1    23     1    20    12     0     0    47.0   41.732 -100.574    516.6    859.2
     1     1    23     1    20    13     0     1    48.0   41.570 -100.426    496.5    865.1
     1     1    23     1    20    14     0     2    49.0   41.407 -100.291    481.1    869.7
     1     1    23     1    20    15     0     3    50.0   41.247 -100.172    467.9    873.6
     1     1    23     1    20    16     0     2    51.0   41.100 -100.080    452.6    876.9
     1     1    23     1    20    17     0     1    52.0   40.974 -100.006    433.2    880.9
     1     1    23     1    20    18     0     0    53.0   40.866  -99.935    413.2    885.7
     1     1    23     1    20    19     0     1    54.0   40.766  -99.858    395.2    888.7
     1     1    23     1    20    20     0     2    55.0   40.668  -99.785    377.9    891.7
     1     1    23     1    20    21     0     3    56.0   40.568  -99.722    360.1    894.7
     1     1    23     1    20    22     0     2    57.0   40.469  -99.684    345.0    897.9
     1     1    23     1    20    23     0     1    58.0   40.376  -99.684    336.6    899.4
     1     1    23     1    21     0     0     0    59.0   40.295  -99.722    335.3    899.5
     1     1    23     1    21     1     0     1    60.0   40.240  -99.767    338.1    898.8
     1     1    23     1    21     2     0     2    61.0   40.218  -99.785    341.2    898.5
     1     1    23     1    21     3     0     3    62.0   40.225  -99.773    343.8    898.6
     1     1    23     1    21     4     0     2    63.0   40.244  -99.743    347.8    898.4
     1     1    23     1    21     5     0     1    64.0   40.261  -99.707    353.5    897.9
     1     1    23     1    21     6     0     0    65.0   40.278  -99.664    359.0    897.5
     1     1    23     1    21     7     0     1    66.0   40.293  -99.607    365.6    897.5
     1     1    23     1    21     8     0     2    67.0   40.301  -99.533    378.1    897.1
     1     1    23     1    21     9     0     3    68.0   40.302  -99.443    401.6    895.9
     1     1    23     1    21    10     0     2    69.0   40.298  -99.349    415.4    892.6
     1     1    23     1    21    11     0     1    70.0   40.287  -99.268    388.0    895.8
     1     1    23     1    21    12     0     0    71.0   40.273  -99.196    317.5    904.2
     1     1    23     1    21    13     0     1    72.0   40.250  -99.130    256.1    917.8
     1     1    23     1    21    14     0     2    73.0   40.211  -99.079    237.6    920.1
     1     1    23     1    21    15     0     3    74.0   40.157  -99.046    264.9    918.3
     1     1    23     1    21    16     0     2    75.0   40.095  -99.040    319.1    909.1
     1     1    23     1    21    17     0     1    76.0   40.030  -99.057    358.5    903.8
     1     1    23     1    21    18     0     0    77.0   39.959  -99.093    371.1    901.9
     1     1    23     1    21    19     0     1    78.0   39.866  -99.133    366.5    902.9
     1     1    23     1    21    20     0     2    79.0   39.735  -99.167    358.1    903.2
     1     1    23     1    21    21     0     3    80.0   39.561  -99.191    342.4    904.6
     1     1    23     1    21    22     0     2    81.0   39.349  -99.208    325.8    908.5
     1     1    23     1    21    23     0     1    82.0   39.109  -99.217    323.7    910.7
     1     1    23     1    22     0     0     0    83.0   38.842  -99.213    346.5    907.9
     1     1    23     1    22     1     0     1    84.0   38.543  -99.206    381.8    900.0
     1     1    23     1    22     2     0     2    85.0   38.217  -99.202    417.9    894.4
     1     1    23     1    22     3     0     3    86.0   37.877  -99.193    463.6    888.8
     1     1    23     1    22     4     0     2    87.0   37.532  -99.157    506.7    885.7
     1     1    23     1    22     5     0     1    88.0   37.180  -99.084    530.8    886.8
     1     1    23     1    22     6     0     0    89.0   36.824  -98.975    521.7    888.2
     1     1    23     1    22     7     0     1    90.0   36.455  -98.833    480.5    894.6
     1     1    23     1    22     8     0     2    91.0   36.083  -98.653    420.3    904.4
     1     1    23     1    22     9     0     3    92.0   35.741  -98.448    367.8    920.3
     1     1    23     1    22    10     0     2    93.0   35.428  -98.248    344.0    928.9
     1     1    23     1    22    11     0     1    94.0   35.138  -98.056    340.1    932.6
     1     1    23     1    22    12     0     0    95.0   34.869  -97.868    337.9    933.7
     1     1    23     1    22    13     0     1    96.0   34.611  -97.683    327.0    938.0
     1     1    23     1    22    14     0     2    97.0   34.366  -97.493    311.2    944.3
     1     1    23     1    22    15     0     3    98.0   34.148  -97.294    303.5    950.4
     1     1    23     1    22    16     0     2    99.0   33.948  -97.084    306.9    953.4
     1     1    23     1    22    17     0     1   100.0   33.752  -96.857    307.4    955.4
     1     1    23     1    22    18     0     0   101.0   33.555  -96.607    301.6    959.6
     1     1    23     1    22    19     0     1   102.0   33.354  -96.342    302.7    961.0
     1     1    23     1    22    20     0     2   103.0   33.142  -96.062    315.6    959.8
     1     1    23     1    22    21     0     3   104.0   32.917  -95.767    315.4    957.0
     1     1    23     1    22    22     0     2   105.0   32.685  -95.488    287.1    963.1
     1     1    23     1    22    23     0     1   106.0   32.450  -95.246    252.2    968.8
     1     1    23     1    23     0     0     0   107.0   32.213  -95.032    216.2    972.6
     1     1    23     1    23     1     0     1   108.0   31.979  -94.867    188.2    978.9
     1     1    23     1    23     2     0     2   109.0   31.750  -94.764    169.4    983.4
     1     1    23     1    23     3     0     3   110.0   31.531  -94.715    154.1    987.5
     1     1    23     1    23     4     0     2   111.0   31.340  -94.702    139.0    990.8
     1     1    23     1    23     5     0     1   112.0   31.192  -94.717    119.7    993.8
     1     1    23     1    23     6     0     0   113.0   31.081  -94.767     94.3    997.7
     1     1    23     1    23     7     0     1   114.0   30.987  -94.843     69.7   1002.3
     1     1    23     1    23     8     0     2   115.0   30.888  -94.932     50.8   1005.7
     1     1    23     1    23     9     0     3   116.0   30.787  -95.032     37.2   1007.6
     1     1    23     1    23    10     0     2   117.0   30.693  -95.141     28.4   1009.4
     1     1    23     1    23    11     0     1   118.0   30.613  -95.253     23.8   1010.3
     1     1    23     1    23    12     0     0   119.0   30.546  -95.367     22.0   1010.9
     1     1    23     1    23    13     0     1   120.0   30.489  -95.480     21.5   1012.1
