     8     1
    GDAS    22    12    22     0     0
    GDAS    22    12    29     0     0
    GDAS    23     1     1     0     0
    GDAS    23     1     8     0     0
    GDAS    23     1    15     0     0
    GDAS    23     1    22     0     0
    GDAS    23     1    29     0     0
    GDAS    23     2     1     0     0
     1 FORWARD  OMEGA   
    23     1    10    14   47.209 -100.364   473.3
     1 PRESSURE
     1     1    23     1    10    14     0     2     0.0   47.209 -100.364    473.3    888.9
     1     1    23     1    10    15     0     3     1.0   47.313 -100.222    467.4    891.6
     1     1    23     1    10    16     0     2     2.0   47.431 -100.073    460.1    893.3
     1     1    23     1    10    17     0     1     3.0   47.556  -99.900    440.1    896.9
     1     1    23     1    10    18     0     0     4.0   47.684  -99.700    409.2    901.8
     1     1    23     1    10    19     0     1     5.0   47.811  -99.486    387.6    906.2
     1     1    23     1    10    20     0     2     6.0   47.935  -99.268    388.5    906.3
     1     1    23     1    10    21     0     3     7.0   48.058  -99.036    406.2    903.9
     1     1    23     1    10    22     0     2     8.0   48.178  -98.812    429.7    901.4
     1     1    23     1    10    23     0     1     9.0   48.284  -98.620    451.2    900.0
     1     1    23     1    11     0     0     0    10.0   48.369  -98.458    467.3    899.3
     1     1    23     1    11     1     0     1    11.0   48.449  -98.310    486.7    899.7
     1     1    23     1    11     2     0     2    12.0   48.542  -98.167    528.7    897.9
     1     1    23     1    11     3     0     3    13.0   48.644  -98.036    622.1    891.8
     1     1    23     1    11     4     0     2    14.0   48.745  -97.920    746.0    876.0
     1     1    23     1    11     5     0     1    15.0   48.838  -97.808    856.1    866.4
     1     1    23     1    11     6     0     0    16.0   48.936  -97.702    955.7    857.3
     1     1    23     1    11     7     0     1    17.0   49.017  -97.609   1028.3    848.9
     1     1    23     1    11     8     0     2    18.0   49.051  -97.534   1058.9    847.0
     1     1    23     1    11     9     0     3    19.0   49.040  -97.483   1056.0    848.1
     1     1    23     1    11    10     0     2    20.0   48.994  -97.462   1035.9    851.6
     1     1    23     1    11    11     0     1    21.0   48.921  -97.463   1014.1    853.5
     1     1    23     1    11    12     0     0    22.0   48.819  -97.483    991.4    855.2
     1     1    23     1    11    13     0     1    23.0   48.687  -97.493    976.8    857.1
     1     1    23     1    11    14     0     2    24.0   48.530  -97.475    984.1    856.3
     1     1    23     1    11    15     0     3    25.0   48.346  -97.444   1026.1    852.1
     1     1    23     1    11    16     0     2    26.0   48.140  -97.400   1076.5    843.2
     1     1    23     1    11    17     0     1    27.0   47.912  -97.330   1091.2    842.0
     1     1    23     1    11    18     0     0    28.0   47.650  -97.230   1065.2    848.1
     1     1    23     1    11    19     0     1    29.0   47.356  -97.124   1042.0    857.4
     1     1    23     1    11    20     0     2    30.0   47.049  -97.017   1059.1    858.2
     1     1    23     1    11    21     0     3    31.0   46.735  -96.903   1088.2    850.1
     1     1    23     1    11    22     0     2    32.0   46.407  -96.770   1087.2    846.8
     1     1    23     1    11    23     0     1    33.0   46.057  -96.615   1066.6    850.6
     1     1    23     1    12     0     0     0    34.0   45.680  -96.459   1043.1    849.3
     1     1    23     1    12     1     0     1    35.0   45.292  -96.312   1001.5    850.8
     1     1    23     1    12     2     0     2    36.0   44.902  -96.180    931.9    858.8
     1     1    23     1    12     3     0     3    37.0   44.486  -96.080    861.8    864.9
     1     1    23     1    12     4     0     2    38.0   44.034  -96.009    826.0    861.0
     1     1    23     1    12     5     0     1    39.0   43.578  -95.959    791.2    866.1
     1     1    23     1    12     6     0     0    40.0   43.117  -95.954    716.4    882.1
     1     1    23     1    12     7     0     1    41.0   42.628  -95.979    638.8    899.7
     1     1    23     1    12     8     0     2    42.0   42.100  -95.987    607.5    908.2
     1     1    23     1    12     9     0     3    43.0   41.513  -95.995    596.1    907.0
     1     1    23     1    12    10     0     2    44.0   40.880  -96.013    581.8    909.6
     1     1    23     1    12    11     0     1    45.0   40.219  -96.049    588.0    910.0
     1     1    23     1    12    12     0     0    46.0   39.536  -96.109    597.9    906.7
     1     1    23     1    12    13     0     1    47.0   38.886  -96.155    604.0    908.9
     1     1    23     1    12    14     0     2    48.0   38.246  -96.208    574.2    906.2
     1     1    23     1    12    15     0     3    49.0   37.635  -96.218    482.8    923.2
     1     1    23     1    12    16     0     2    50.0   37.081  -96.170    382.9    942.4
     1     1    23     1    12    17     0     1    51.0   36.586  -96.102    311.6    958.6
     1     1    23     1    12    18     0     0    52.0   36.141  -96.039    276.1    966.5
     1     1    23     1    12    19     0     1    53.0   35.728  -95.965    252.4    968.6
     1     1    23     1    12    20     0     2    54.0   35.337  -95.854    226.4    971.2
     1     1    23     1    12    21     0     3    55.0   34.971  -95.712    201.4    974.7
     1     1    23     1    12    22     0     2    56.0   34.628  -95.565    173.1    979.9
     1     1    23     1    12    23     0     1    57.0   34.307  -95.438    134.8    987.7
     1     1    23     1    13     0     0     0    58.0   34.006  -95.336     87.2    995.9
     1     1    23     1    13     1     0     1    59.0   33.739  -95.249     50.1   1003.8
     1     1    23     1    13     2     0     2    60.0   33.508  -95.167     30.6   1007.2
     1     1    23     1    13     3     0     3    61.0   33.305  -95.092     21.7   1008.9
     1     1    23     1    13     4     0     2    62.0   33.120  -95.035     17.5   1009.2
     1     1    23     1    13     5     0     1    63.0   32.950  -95.009     14.5   1009.7
     1     1    23     1    13     6     0     0    64.0   32.788  -95.017     11.8   1010.3
     1     1    23     1    13     7     0     1    65.0   32.634  -95.022     10.2   1010.8
     1     1    23     1    13     8     0     2    66.0   32.496  -94.986      9.9   1010.9
     1     1    23     1    13     9     0     3    67.0   32.382  -94.906     10.5   1011.3
     1     1    23     1    13    10     0     2    68.0   32.271  -94.819     11.0   1011.4
     1     1    23     1    13    11     0     1    69.0   32.140  -94.763     11.0   1011.7
     1     1    23     1    13    12     0     0    70.0   31.986  -94.737     11.0   1011.8
     1     1    23     1    13    13     0     1    71.0   31.830  -94.721     11.0   1013.5
     1     1    23     1    13    14     0     2    72.0   31.691  -94.698     10.9   1015.0
     1     1    23     1    13    15     0     3    73.0   31.561  -94.674     10.5   1016.4
     1     1    23     1    13    16     0     2    74.0   31.438  -94.652      9.8   1015.9
     1     1    23     1    13    17     0     1    75.0   31.318  -94.629      8.9   1015.2
     1     1    23     1    13    18     0     0    76.0   31.201  -94.605      7.8   1014.7
     1     1    23     1    13    19     0     1    77.0   31.083  -94.575      6.9   1015.1
     1     1    23     1    13    20     0     2    78.0   30.959  -94.538      6.3   1015.7
     1     1    23     1    13    21     0     3    79.0   30.824  -94.492      6.0   1016.8
     1     1    23     1    13    22     0     2    80.0   30.689  -94.445      5.6   1017.9
     1     1    23     1    13    23     0     1    81.0   30.570  -94.407      5.1   1018.9
     1     1    23     1    14     0     0     0    82.0   30.468  -94.377      4.5   1019.8
     1     1    23     1    14     1     0     1    83.0   30.375  -94.356      3.9   1021.0
     1     1    23     1    14     2     0     2    84.0   30.283  -94.345      3.2   1022.4
     1     1    23     1    14     3     0     3    85.0   30.190  -94.344      2.4   1024.0
     1     1    23     1    14     4     0     2    86.0   30.100  -94.355      1.6   1024.2
     1     1    23     1    14     5     0     1    87.0   30.015  -94.381      0.8   1024.3
     1     1    23     1    14     6     0     0    88.0   29.932  -94.425      0.0   1023.7
     1     1    23     1    14     7     0     1    89.0   29.847  -94.487      0.0   1023.9
     1     1    23     1    14     8     0     2    90.0   29.762  -94.565      0.0   1023.9
     1     1    23     1    14     9     0     3    91.0   29.681  -94.656      0.0   1023.7
     1     1    23     1    14    10     0     2    92.0   29.609  -94.755      0.2   1023.8
     1     1    23     1    14    11     0     1    93.0   29.551  -94.857      0.4   1023.8
     1     1    23     1    14    12     0     0    94.0   29.507  -94.961      0.8   1023.8
     1     1    23     1    14    13     0     1    95.0   29.480  -95.071      1.3   1024.2
     1     1    23     1    14    14     0     2    96.0   29.476  -95.192      1.8   1024.3
     1     1    23     1    14    15     0     3    97.0   29.492  -95.319      2.3   1024.3
     1     1    23     1    14    16     0     2    98.0   29.527  -95.441      2.8   1023.1
     1     1    23     1    14    17     0     1    99.0   29.578  -95.553      3.1   1021.7
     1     1    23     1    14    18     0     0   100.0   29.646  -95.659      3.2   1020.2
     1     1    23     1    14    19     0     1   101.0   29.734  -95.755      3.4   1017.9
     1     1    23     1    14    20     0     2   102.0   29.844  -95.836      4.0   1015.3
     1     1    23     1    14    21     0     3   103.0   29.973  -95.900      5.0   1012.5
     1     1    23     1    14    22     0     2   104.0   30.110  -95.959      6.4   1011.4
     1     1    23     1    14    23     0     1   105.0   30.243  -96.026      8.0   1010.5
     1     1    23     1    15     0     0     0   106.0   30.370  -96.095     10.1   1009.6
     1     1    23     1    15     1     0     1   107.0   30.500  -96.169     13.9   1008.1
     1     1    23     1    15     2     0     2   108.0   30.649  -96.255     21.7   1005.8
     1     1    23     1    15     3     0     3   109.0   30.824  -96.358     37.3   1002.8
     1     1    23     1    15     4     0     2   110.0   31.035  -96.459     60.9    998.9
     1     1    23     1    15     5     0     1   111.0   31.291  -96.535     85.7    993.3
     1     1    23     1    15     6     0     0   112.0   31.599  -96.579    106.7    988.3
     1     1    23     1    15     7     0     1   113.0   31.958  -96.594    127.3    983.3
     1     1    23     1    15     8     0     2   114.0   32.350  -96.584    152.4    979.5
     1     1    23     1    15     9     0     3   115.0   32.749  -96.555    177.5    975.4
     1     1    23     1    15    10     0     2   116.0   33.150  -96.522    200.0    972.0
     1     1    23     1    15    11     0     1   117.0   33.566  -96.499    226.7    967.5
     1     1    23     1    15    12     0     0   118.0   34.005  -96.491    263.2    961.4
     1     1    23     1    15    13     0     1   119.0   34.489  -96.448    300.7    950.0
     1     1    23     1    15    14     0     2   120.0   35.038  -96.343    328.4    941.6
