     8     1
    GDAS    22    12    22     0     0
    GDAS    22    12    29     0     0
    GDAS    23     1     1     0     0
    GDAS    23     1     8     0     0
    GDAS    23     1    15     0     0
    GDAS    23     1    22     0     0
    GDAS    23     1    29     0     0
    GDAS    23     2     1     0     0
     1 FORWARD  OMEGA   
    23     1    16    14   44.473 -157.787  4398.5
     1 PRESSURE
     1     1    23     1    16    14     0     2     0.0   44.473 -157.787   4398.5    577.8
     1     1    23     1    16    15     0     3     1.0   44.806 -156.234   4510.0    569.4
     1     1    23     1    16    16     0     2     2.0   45.105 -154.648   4699.5    553.7
     1     1    23     1    16    17     0     1     3.0   45.419 -153.025   4752.5    549.8
     1     1    23     1    16    18     0     0     4.0   45.713 -151.375   4825.2    544.7
     1     1    23     1    16    19     0     1     5.0   45.985 -149.775   4950.0    536.1
     1     1    23     1    16    20     0     2     6.0   46.252 -148.136   5093.9    524.7
     1     1    23     1    16    21     0     3     7.0   46.465 -146.477   5308.8    508.8
     1     1    23     1    16    22     0     2     8.0   46.654 -144.847   5383.1    506.2
     1     1    23     1    16    23     0     1     9.0   46.808 -143.248   5503.8    496.5
     1     1    23     1    17     0     0     0    10.0   46.873 -141.682   5546.4    495.2
     1     1    23     1    17     1     0     1    11.0   46.913 -140.169   5688.8    484.0
     1     1    23     1    17     2     0     2    12.0   46.898 -138.744   5728.4    483.3
     1     1    23     1    17     3     0     3    13.0   46.814 -137.418   5796.8    478.0
     1     1    23     1    17     4     0     2    14.0   46.680 -136.179   5900.4    472.5
     1     1    23     1    17     5     0     1    15.0   46.541 -135.019   6080.2    461.8
     1     1    23     1    17     6     0     0    16.0   46.333 -133.949   6219.2    452.6
     1     1    23     1    17     7     0     1    17.0   46.084 -132.942   6382.0    443.8
     1     1    23     1    17     8     0     2    18.0   45.816 -132.000   6564.3    431.1
     1     1    23     1    17     9     0     3    19.0   45.510 -131.139   6681.0    425.6
     1     1    23     1    17    10     0     2    20.0   45.190 -130.350   6766.3    419.0
     1     1    23     1    17    11     0     1    21.0   44.852 -129.587   6699.2    424.4
     1     1    23     1    17    12     0     0    22.0   44.481 -128.898   6605.2    430.8
     1     1    23     1    17    13     0     1    23.0   44.102 -128.274   6508.0    436.0
     1     1    23     1    17    14     0     2    24.0   43.721 -127.686   6410.6    443.6
     1     1    23     1    17    15     0     3    25.0   43.329 -127.114   6319.3    448.5
     1     1    23     1    17    16     0     2    26.0   42.917 -126.562   6250.5    455.2
     1     1    23     1    17    17     0     1    27.0   42.484 -126.035   6248.1    456.5
     1     1    23     1    17    18     0     0    28.0   42.037 -125.551   6257.0    452.2
     1     1    23     1    17    19     0     1    29.0   41.570 -125.097   6221.2    455.0
     1     1    23     1    17    20     0     2    30.0   41.072 -124.659   6152.0    455.2
     1     1    23     1    17    21     0     3    31.0   40.543 -124.240   6117.2    453.3
     1     1    23     1    17    22     0     2    32.0   39.982 -123.822   6044.4    443.1
     1     1    23     1    17    23     0     1    33.0   39.394 -123.403   5956.8    437.8
     1     1    23     1    18     0     0     0    34.0   38.781 -122.997   6011.1    447.8
     1     1    23     1    18     1     0     1    35.0   38.149 -122.593   6107.2    455.1
     1     1    23     1    18     2     0     2    36.0   37.507 -122.180   6020.6    462.5
     1     1    23     1    18     3     0     3    37.0   36.872 -121.758   5863.3    468.4
     1     1    23     1    18     4     0     2    38.0   36.256 -121.342   5684.4    479.7
     1     1    23     1    18     5     0     1    39.0   35.678 -120.917   5520.9    487.7
     1     1    23     1    18     6     0     0    40.0   35.139 -120.478   5265.1    494.0
     1     1    23     1    18     7     0     1    41.0   34.629 -120.047   4991.0    514.2
     1     1    23     1    18     8     0     2    42.0   34.146 -119.630   4894.3    547.4
     1     1    23     1    18     9     0     3    43.0   33.695 -119.208   4775.4    556.1
     1     1    23     1    18    10     0     2    44.0   33.272 -118.776   4601.6    572.0
     1     1    23     1    18    11     0     1    45.0   32.875 -118.334   4458.7    584.7
     1     1    23     1    18    12     0     0    46.0   32.500 -117.872   4354.1    591.3
     1     1    23     1    18    13     0     1    47.0   32.143 -117.401   4267.5    596.2
     1     1    23     1    18    14     0     2    48.0   31.802 -116.939   4185.1    600.9
     1     1    23     1    18    15     0     3    49.0   31.483 -116.468   4066.5    581.5
     1     1    23     1    18    16     0     2    50.0   31.189 -115.983   3991.8    582.8
     1     1    23     1    18    17     0     1    51.0   30.929 -115.511   3935.4    599.2
     1     1    23     1    18    18     0     0    52.0   30.704 -115.043   3837.2    598.5
     1     1    23     1    18    19     0     1    53.0   30.506 -114.569   3817.1    614.2
     1     1    23     1    18    20     0     2    54.0   30.324 -114.089   3851.0    631.0
     1     1    23     1    18    21     0     3    55.0   30.170 -113.600   3869.5    631.5
     1     1    23     1    18    22     0     2    56.0   30.041 -113.108   3833.7    631.3
     1     1    23     1    18    23     0     1    57.0   29.921 -112.614   3708.9    625.0
     1     1    23     1    19     0     0     0    58.0   29.815 -112.098   3595.0    615.8
     1     1    23     1    19     1     0     1    59.0   29.723 -111.563   3534.5    615.7
     1     1    23     1    19     2     0     2    60.0   29.639 -111.026   3478.2    620.9
     1     1    23     1    19     3     0     3    61.0   29.582 -110.485   3357.9    612.0
     1     1    23     1    19     4     0     2    62.0   29.561 -109.930   3203.7    609.1
     1     1    23     1    19     5     0     1    63.0   29.558 -109.369   3108.4    604.5
     1     1    23     1    19     6     0     0    64.0   29.580 -108.797   3034.9    583.2
     1     1    23     1    19     7     0     1    65.0   29.652 -108.173   2858.5    559.3
     1     1    23     1    19     8     0     2    66.0   29.759 -107.513   2684.9    583.0
     1     1    23     1    19     9     0     3    67.0   29.858 -106.867   2610.8    612.8
     1     1    23     1    19    10     0     2    68.0   29.957 -106.230   2603.2    620.4
     1     1    23     1    19    11     0     1    69.0   30.072 -105.574   2583.8    622.5
     1     1    23     1    19    12     0     0    70.0   30.192 -104.904   2497.1    633.9
     1     1    23     1    19    13     0     1    71.0   30.319 -104.245   2426.5    645.3
     1     1    23     1    19    14     0     2    72.0   30.458 -103.597   2439.9    653.0
     1     1    23     1    19    15     0     3    73.0   30.594 -102.976   2448.9    670.1
     1     1    23     1    19    16     0     2    74.0   30.726 -102.387   2428.4    687.1
     1     1    23     1    19    17     0     1    75.0   30.863 -101.789   2399.8    692.8
     1     1    23     1    19    18     0     0    76.0   30.996 -101.156   2354.3    694.8
     1     1    23     1    19    19     0     1    77.0   31.118 -100.519   2308.6    704.2
     1     1    23     1    19    20     0     2    78.0   31.230  -99.913   2241.3    716.5
     1     1    23     1    19    21     0     3    79.0   31.327  -99.345   2161.1    732.4
     1     1    23     1    19    22     0     2    80.0   31.403  -98.810   2088.0    746.4
     1     1    23     1    19    23     0     1    81.0   31.457  -98.315   2005.9    760.6
     1     1    23     1    20     0     0     0    82.0   31.487  -97.870   1909.9    777.9
     1     1    23     1    20     1     0     1    83.0   31.501  -97.488   1827.3    794.3
     1     1    23     1    20     2     0     2    84.0   31.512  -97.164   1765.7    804.4
     1     1    23     1    20     3     0     3    85.0   31.523  -96.889   1708.4    813.5
     1     1    23     1    20     4     0     2    86.0   31.540  -96.652   1670.5    821.6
     1     1    23     1    20     5     0     1    87.0   31.567  -96.431   1663.3    823.5
     1     1    23     1    20     6     0     0    88.0   31.605  -96.222   1665.2    824.6
     1     1    23     1    20     7     0     1    89.0   31.648  -96.026   1660.6    826.5
     1     1    23     1    20     8     0     2    90.0   31.690  -95.842   1648.9    827.8
     1     1    23     1    20     9     0     3    91.0   31.734  -95.662   1638.7    828.0
     1     1    23     1    20    10     0     2    92.0   31.780  -95.477   1629.3    827.8
     1     1    23     1    20    11     0     1    93.0   31.825  -95.281   1622.5    827.7
     1     1    23     1    20    12     0     0    94.0   31.872  -95.068   1624.4    826.5
     1     1    23     1    20    13     0     1    95.0   31.912  -94.838   1628.2    825.7
     1     1    23     1    20    14     0     2    96.0   31.933  -94.603   1617.3    828.0
     1     1    23     1    20    15     0     3    97.0   31.936  -94.374   1582.2    833.0
     1     1    23     1    20    16     0     2    98.0   31.920  -94.174   1522.9    840.7
     1     1    23     1    20    17     0     1    99.0   31.878  -94.023   1442.1    849.4
     1     1    23     1    20    18     0     0   100.0   31.810  -93.932   1356.1    859.9
     1     1    23     1    20    19     0     1   101.0   31.740  -93.899   1300.3    867.8
     1     1    23     1    20    20     0     2   102.0   31.689  -93.898   1289.7    867.8
     1     1    23     1    20    21     0     3   103.0   31.660  -93.914   1315.8    864.2
     1     1    23     1    20    22     0     2   104.0   31.645  -93.926   1341.8    858.2
     1     1    23     1    20    23     0     1   105.0   31.638  -93.933   1334.4    859.1
     1     1    23     1    21     0     0     0   106.0   31.633  -93.941   1289.6    863.7
     1     1    23     1    21     1     0     1   107.0   31.633  -93.974   1223.5    872.8
     1     1    23     1    21     2     0     2   108.0   31.650  -94.051   1162.9    879.5
     1     1    23     1    21     3     0     3   109.0   31.694  -94.169   1115.0    884.2
     1     1    23     1    21     4     0     2   110.0   31.773  -94.305   1090.3    886.2
     1     1    23     1    21     5     0     1   111.0   31.891  -94.426   1103.2    884.6
     1     1    23     1    21     6     0     0   112.0   32.050  -94.505   1173.6    877.2
     1     1    23     1    21     7     0     1   113.0   32.227  -94.543   1262.4    862.0
     1     1    23     1    21     8     0     2   114.0   32.408  -94.567   1326.9    855.2
     1     1    23     1    21     9     0     3   115.0   32.598  -94.578   1373.4    850.1
     1     1    23     1    21    10     0     2   116.0   32.798  -94.586   1417.4    846.5
     1     1    23     1    21    11     0     1   117.0   33.003  -94.593   1475.6    840.5
     1     1    23     1    21    12     0     0   118.0   33.205  -94.582   1546.6    831.8
     1     1    23     1    21    13     0     1   119.0   33.410  -94.536   1611.5    823.5
     1     1    23     1    21    14     0     2   120.0   33.628  -94.465   1656.4    818.4
