     8     1
    GDAS    22    12    22     0     0
    GDAS    22    12    29     0     0
    GDAS    23     1     1     0     0
    GDAS    23     1     8     0     0
    GDAS    23     1    15     0     0
    GDAS    23     1    22     0     0
    GDAS    23     1    29     0     0
    GDAS    23     2     1     0     0
     1 FORWARD  OMEGA   
    23     1    10    14   45.133 -111.194  3009.7
     1 PRESSURE
     1     1    23     1    10    14     0     2     0.0   45.133 -111.194   3009.7    509.7
     1     1    23     1    10    15     0     3     1.0   45.064 -110.711   3073.7    492.3
     1     1    23     1    10    16     0     2     2.0   45.020 -110.191   2953.5    488.3
     1     1    23     1    10    17     0     1     3.0   44.956 -109.776   2822.7    525.4
     1     1    23     1    10    18     0     0     4.0   44.907 -109.436   2832.9    556.3
     1     1    23     1    10    19     0     1     5.0   44.881 -109.136   2930.5    568.7
     1     1    23     1    10    20     0     2     6.0   44.854 -108.838   2976.2    568.0
     1     1    23     1    10    21     0     3     7.0   44.822 -108.491   2932.6    559.5
     1     1    23     1    10    22     0     2     8.0   44.790 -108.075   2841.1    557.3
     1     1    23     1    10    23     0     1     9.0   44.740 -107.619   2758.5    574.1
     1     1    23     1    11     0     0     0    10.0   44.658 -107.134   2683.9    587.1
     1     1    23     1    11     1     0     1    11.0   44.548 -106.636   2663.2    595.8
     1     1    23     1    11     2     0     2    12.0   44.423 -106.194   2716.8    604.3
     1     1    23     1    11     3     0     3    13.0   44.302 -105.826   2778.0    603.2
     1     1    23     1    11     4     0     2    14.0   44.213 -105.481   2804.6    598.3
     1     1    23     1    11     5     0     1    15.0   44.160 -105.110   2857.1    594.7
     1     1    23     1    11     6     0     0    16.0   44.127 -104.711   2944.1    577.6
     1     1    23     1    11     7     0     1    17.0   44.093 -104.268   3011.0    555.3
     1     1    23     1    11     8     0     2    18.0   44.053 -103.810   3058.6    554.8
     1     1    23     1    11     9     0     3    19.0   44.025 -103.417   3108.4    577.6
     1     1    23     1    11    10     0     2    20.0   44.002 -103.118   3130.5    598.6
     1     1    23     1    11    11     0     1    21.0   43.964 -102.875   3127.6    607.7
     1     1    23     1    11    12     0     0    22.0   43.908 -102.649   3102.8    611.7
     1     1    23     1    11    13     0     1    23.0   43.845 -102.422   3072.5    615.3
     1     1    23     1    11    14     0     2    24.0   43.783 -102.205   3037.7    618.9
     1     1    23     1    11    15     0     3    25.0   43.716 -102.009   3007.7    622.0
     1     1    23     1    11    16     0     2    26.0   43.648 -101.834   3000.7    624.0
     1     1    23     1    11    17     0     1    27.0   43.583 -101.672   3014.2    622.6
     1     1    23     1    11    18     0     0    28.0   43.526 -101.529   3021.8    621.4
     1     1    23     1    11    19     0     1    29.0   43.453 -101.397   3005.8    622.3
     1     1    23     1    11    20     0     2    30.0   43.339 -101.279   2966.9    624.9
     1     1    23     1    11    21     0     3    31.0   43.182 -101.194   2911.2    627.4
     1     1    23     1    11    22     0     2    32.0   42.987 -101.144   2861.5    630.4
     1     1    23     1    11    23     0     1    33.0   42.765 -101.111   2846.5    631.4
     1     1    23     1    12     0     0     0    34.0   42.512 -101.097   2838.2    629.1
     1     1    23     1    12     1     0     1    35.0   42.238 -101.119   2815.7    630.5
     1     1    23     1    12     2     0     2    36.0   41.966 -101.181   2809.8    630.5
     1     1    23     1    12     3     0     3    37.0   41.690 -101.270   2827.2    628.6
     1     1    23     1    12     4     0     2    38.0   41.402 -101.346   2849.4    627.7
     1     1    23     1    12     5     0     1    39.0   41.108 -101.402   2876.7    626.8
     1     1    23     1    12     6     0     0    40.0   40.814 -101.460   2913.4    624.6
     1     1    23     1    12     7     0     1    41.0   40.507 -101.500   2925.5    621.2
     1     1    23     1    12     8     0     2    42.0   40.182 -101.501   2865.6    626.7
     1     1    23     1    12     9     0     3    43.0   39.848 -101.478   2723.0    638.8
     1     1    23     1    12    10     0     2    44.0   39.502 -101.422   2568.1    657.6
     1     1    23     1    12    11     0     1    45.0   39.141 -101.334   2495.0    666.2
     1     1    23     1    12    12     0     0    46.0   38.776 -101.221   2528.7    666.3
     1     1    23     1    12    13     0     1    47.0   38.416 -101.082   2586.1    658.6
     1     1    23     1    12    14     0     2    48.0   38.065 -100.932   2603.9    660.4
     1     1    23     1    12    15     0     3    49.0   37.710 -100.773   2639.5    665.8
     1     1    23     1    12    16     0     2    50.0   37.330 -100.590   2703.2    663.1
     1     1    23     1    12    17     0     1    51.0   36.927 -100.392   2751.3    664.1
     1     1    23     1    12    18     0     0    52.0   36.529 -100.188   2767.4    664.8
     1     1    23     1    12    19     0     1    53.0   36.140  -99.975   2735.0    666.5
     1     1    23     1    12    20     0     2    54.0   35.739  -99.753   2665.3    679.6
     1     1    23     1    12    21     0     3    55.0   35.320  -99.520   2573.7    694.0
     1     1    23     1    12    22     0     2    56.0   34.896  -99.298   2450.6    713.3
     1     1    23     1    12    23     0     1    57.0   34.465  -99.102   2372.6    734.2
     1     1    23     1    13     0     0     0    58.0   34.023  -98.914   2388.6    738.5
     1     1    23     1    13     1     0     1    59.0   33.566  -98.725   2397.4    729.3
     1     1    23     1    13     2     0     2    60.0   33.100  -98.556   2352.2    735.6
     1     1    23     1    13     3     0     3    61.0   32.623  -98.419   2296.6    740.8
     1     1    23     1    13     4     0     2    62.0   32.152  -98.313   2225.5    747.4
     1     1    23     1    13     5     0     1    63.0   31.710  -98.229   2119.2    756.5
     1     1    23     1    13     6     0     0    64.0   31.301  -98.157   1966.4    771.9
     1     1    23     1    13     7     0     1    65.0   30.916  -98.079   1832.5    792.6
     1     1    23     1    13     8     0     2    66.0   30.541  -98.002   1801.6    802.1
     1     1    23     1    13     9     0     3    67.0   30.179  -97.934   1892.1    796.1
     1     1    23     1    13    10     0     2    68.0   29.840  -97.841   2006.6    780.9
     1     1    23     1    13    11     0     1    69.0   29.502  -97.731   2041.6    784.7
     1     1    23     1    13    12     0     0    70.0   29.161  -97.634   2022.1    795.3
     1     1    23     1    13    13     0     1    71.0   28.823  -97.563   1998.3    803.7
     1     1    23     1    13    14     0     2    72.0   28.497  -97.507   1999.8    804.5
     1     1    23     1    13    15     0     3    73.0   28.185  -97.455   2029.3    802.1
     1     1    23     1    13    16     0     2    74.0   27.884  -97.396   2050.1    797.6
     1     1    23     1    13    17     0     1    75.0   27.595  -97.331   2027.2    801.3
     1     1    23     1    13    18     0     0    76.0   27.322  -97.259   1966.6    809.2
     1     1    23     1    13    19     0     1    77.0   27.063  -97.183   1897.6    818.4
     1     1    23     1    13    20     0     2    78.0   26.811  -97.108   1849.4    823.1
     1     1    23     1    13    21     0     3    79.0   26.564  -97.035   1823.8    824.6
     1     1    23     1    13    22     0     2    80.0   26.321  -96.966   1800.2    825.4
     1     1    23     1    13    23     0     1    81.0   26.086  -96.909   1754.6    829.1
     1     1    23     1    14     0     0     0    82.0   25.857  -96.869   1685.5    836.9
     1     1    23     1    14     1     0     1    83.0   25.632  -96.846   1619.3    846.2
     1     1    23     1    14     2     0     2    84.0   25.416  -96.834   1572.8    851.0
     1     1    23     1    14     3     0     3    85.0   25.213  -96.834   1536.5    854.7
     1     1    23     1    14     4     0     2    86.0   25.029  -96.839   1495.4    857.9
     1     1    23     1    14     5     0     1    87.0   24.869  -96.844   1443.8    863.5
     1     1    23     1    14     6     0     0    88.0   24.733  -96.844   1384.6    869.3
     1     1    23     1    14     7     0     1    89.0   24.617  -96.838   1330.9    875.9
     1     1    23     1    14     8     0     2    90.0   24.514  -96.824   1298.1    878.8
     1     1    23     1    14     9     0     3    91.0   24.423  -96.801   1287.9    879.5
     1     1    23     1    14    10     0     2    92.0   24.343  -96.777   1295.5    878.0
     1     1    23     1    14    11     0     1    93.0   24.272  -96.760   1314.8    875.9
     1     1    23     1    14    12     0     0    94.0   24.213  -96.746   1345.6    872.7
     1     1    23     1    14    13     0     1    95.0   24.168  -96.734   1375.4    868.7
     1     1    23     1    14    14     0     2    96.0   24.139  -96.728   1388.6    867.6
     1     1    23     1    14    15     0     3    97.0   24.127  -96.735   1383.2    868.5
     1     1    23     1    14    16     0     2    98.0   24.131  -96.750   1369.8    870.8
     1     1    23     1    14    17     0     1    99.0   24.151  -96.765   1358.9    871.7
     1     1    23     1    14    18     0     0   100.0   24.188  -96.780   1349.0    872.4
     1     1    23     1    14    19     0     1   101.0   24.245  -96.797   1330.1    872.5
     1     1    23     1    14    20     0     2   102.0   24.323  -96.823   1295.5    875.4
     1     1    23     1    14    21     0     3   103.0   24.423  -96.861   1251.7    879.5
     1     1    23     1    14    22     0     2   104.0   24.541  -96.915   1209.1    884.8
     1     1    23     1    14    23     0     1   105.0   24.674  -96.988   1171.1    888.7
     1     1    23     1    15     0     0     0   106.0   24.824  -97.077   1132.9    892.3
     1     1    23     1    15     1     0     1   107.0   24.997  -97.179   1101.6    896.8
     1     1    23     1    15     2     0     2   108.0   25.202  -97.287   1084.6    898.4
     1     1    23     1    15     3     0     3   109.0   25.445  -97.397   1077.0    899.0
     1     1    23     1    15     4     0     2   110.0   25.737  -97.497   1058.8    898.5
     1     1    23     1    15     5     0     1   111.0   26.084  -97.586   1016.3    903.0
     1     1    23     1    15     6     0     0   112.0   26.483  -97.665    967.5    909.1
     1     1    23     1    15     7     0     1   113.0   26.925  -97.731    926.8    913.3
     1     1    23     1    15     8     0     2   114.0   27.393  -97.787    897.3    912.8
     1     1    23     1    15     9     0     3   115.0   27.875  -97.831    854.7    910.0
     1     1    23     1    15    10     0     2   116.0   28.373  -97.859    810.9    916.6
     1     1    23     1    15    11     0     1   117.0   28.887  -97.857    789.4    917.4
     1     1    23     1    15    12     0     0   118.0   29.423  -97.807    760.0    910.7
     1     1    23     1    15    13     0     1   119.0   29.996  -97.691    728.2    907.3
     1     1    23     1    15    14     0     2   120.0   30.598  -97.510    745.2    908.5
