     8     1
    GDAS    22    12    22     0     0
    GDAS    22    12    29     0     0
    GDAS    23     1     1     0     0
    GDAS    23     1     8     0     0
    GDAS    23     1    15     0     0
    GDAS    23     1    22     0     0
    GDAS    23     1    29     0     0
    GDAS    23     2     1     0     0
     1 FORWARD  OMEGA   
    22    12    27    11   31.008  179.969  1599.0
     1 PRESSURE
     1     1    22    12    27    11     0     1     0.0   31.008  179.969   1599.0    827.8
     1     1    22    12    27    12     0     0     1.0   31.273 -179.021   1637.0    824.3
     1     1    22    12    27    13     0     1     2.0   31.557 -177.980   1658.6    820.7
     1     1    22    12    27    14     0     2     3.0   31.833 -176.936   1650.4    822.3
     1     1    22    12    27    15     0     3     4.0   32.109 -175.912   1654.2    821.9
     1     1    22    12    27    16     0     2     5.0   32.395 -174.876   1674.7    820.4
     1     1    22    12    27    17     0     1     6.0   32.680 -173.843   1708.1    817.0
     1     1    22    12    27    18     0     0     7.0   32.976 -172.830   1796.0    810.0
     1     1    22    12    27    19     0     1     8.0   33.298 -171.786   1883.6    799.7
     1     1    22    12    27    20     0     2     9.0   33.625 -170.735   1918.4    797.8
     1     1    22    12    27    21     0     3    10.0   33.964 -169.704   2017.9    789.2
     1     1    22    12    27    22     0     2    11.0   34.325 -168.641   2139.2    776.4
     1     1    22    12    27    23     0     1    12.0   34.692 -167.560   2227.4    766.8
     1     1    22    12    28     0     0     0    13.0   35.065 -166.472   2286.8    761.7
     1     1    22    12    28     1     0     1    14.0   35.444 -165.367   2265.7    763.9
     1     1    22    12    28     2     0     2    15.0   35.791 -164.258   2174.1    768.7
     1     1    22    12    28     3     0     3    16.0   36.098 -163.178   1728.5    810.7
     1     1    22    12    28     4     0     2    17.0   36.419 -162.172   1436.4    851.3
     1     1    22    12    28     5     0     1    18.0   36.754 -161.194   1359.5    851.2
     1     1    22    12    28     6     0     0    19.0   37.103 -160.203   1253.7    867.4
     1     1    22    12    28     7     0     1    20.0   37.458 -159.193   1208.7    869.1
     1     1    22    12    28     8     0     2    21.0   37.822 -158.175   1185.6    872.3
     1     1    22    12    28     9     0     3    22.0   38.172 -157.132   1284.3    863.0
     1     1    22    12    28    10     0     2    23.0   38.499 -156.082   1365.2    851.2
     1     1    22    12    28    11     0     1    24.0   38.801 -155.034   1446.6    843.5
     1     1    22    12    28    12     0     0    25.0   39.083 -153.941   1568.4    832.5
     1     1    22    12    28    13     0     1    26.0   39.337 -152.797   1672.3    821.9
     1     1    22    12    28    14     0     2    27.0   39.560 -151.698   1750.6    813.2
     1     1    22    12    28    15     0     3    28.0   39.767 -150.616   1963.3    792.2
     1     1    22    12    28    16     0     2    29.0   39.937 -149.496   2051.5    780.8
     1     1    22    12    28    17     0     1    30.0   40.095 -148.396   2053.0    788.6
     1     1    22    12    28    18     0     0    31.0   40.212 -147.310   2267.9    762.8
     1     1    22    12    28    19     0     1    32.0   40.303 -146.193   2299.1    759.9
     1     1    22    12    28    20     0     2    33.0   40.378 -145.088   2280.7    762.4
     1     1    22    12    28    21     0     3    34.0   40.457 -143.994   2316.8    763.4
     1     1    22    12    28    22     0     2    35.0   40.516 -142.911   2453.7    747.7
     1     1    22    12    28    23     0     1    36.0   40.560 -141.790   2597.2    733.7
     1     1    22    12    29     0     0     0    37.0   40.593 -140.603   2568.0    736.3
     1     1    22    12    29     1     0     1    38.0   40.580 -139.503   2614.8    731.0
     1     1    22    12    29     2     0     2    39.0   40.533 -138.428   2641.3    727.7
     1     1    22    12    29     3     0     3    40.0   40.455 -137.334   2619.8    736.7
     1     1    22    12    29     4     0     2    41.0   40.381 -136.253   2738.0    716.5
     1     1    22    12    29     5     0     1    42.0   40.298 -135.258   2592.1    735.4
     1     1    22    12    29     6     0     0    43.0   40.172 -134.352   2475.3    745.7
     1     1    22    12    29     7     0     1    44.0   40.025 -133.479   2465.9    753.5
     1     1    22    12    29     8     0     2    45.0   39.921 -132.563   2844.4    707.4
     1     1    22    12    29     9     0     3    46.0   39.826 -131.598   2832.4    710.7
     1     1    22    12    29    10     0     2    47.0   39.672 -130.610   2717.1    727.0
     1     1    22    12    29    11     0     1    48.0   39.465 -129.635   2771.2    719.3
     1     1    22    12    29    12     0     0    49.0   39.268 -128.725   2746.1    719.8
     1     1    22    12    29    13     0     1    50.0   39.041 -127.943   2528.0    741.5
     1     1    22    12    29    14     0     2    51.0   38.793 -127.220   2316.2    763.4
     1     1    22    12    29    15     0     3    52.0   38.528 -126.541   2178.2    778.6
     1     1    22    12    29    16     0     2    53.0   38.269 -125.953   2103.2    786.7
     1     1    22    12    29    17     0     1    54.0   38.042 -125.449   2119.9    788.0
     1     1    22    12    29    18     0     0    55.0   37.828 -124.970   2248.6    776.6
     1     1    22    12    29    19     0     1    56.0   37.622 -124.461   2359.8    753.5
     1     1    22    12    29    20     0     2    57.0   37.446 -123.947   2356.9    757.7
     1     1    22    12    29    21     0     3    58.0   37.308 -123.467   2307.9    765.0
     1     1    22    12    29    22     0     2    59.0   37.218 -123.021   2235.7    771.0
     1     1    22    12    29    23     0     1    60.0   37.161 -122.596   2215.3    775.6
     1     1    22    12    30     0     0     0    61.0   37.108 -122.181   2308.9    759.5
     1     1    22    12    30     1     0     1    62.0   37.048 -121.723   2516.0    736.9
     1     1    22    12    30     2     0     2    63.0   36.987 -121.191   2710.6    705.0
     1     1    22    12    30     3     0     3    64.0   36.954 -120.669   2789.4    702.2
     1     1    22    12    30     4     0     2    65.0   36.920 -120.215   2850.1    709.2
     1     1    22    12    30     5     0     1    66.0   36.851 -119.717   2926.3    664.6
     1     1    22    12    30     6     0     0    67.0   36.630 -119.047   3002.1    595.4
     1     1    22    12    30     7     0     1    68.0   36.230 -118.336   3006.2    582.1
     1     1    22    12    30     8     0     2    69.0   35.796 -117.738   2934.1    598.3
     1     1    22    12    30     9     0     3    70.0   35.386 -117.213   2988.7    629.1
     1     1    22    12    30    10     0     2    71.0   35.039 -116.737   3042.9    640.0
     1     1    22    12    30    11     0     1    72.0   34.747 -116.333   3014.1    636.7
     1     1    22    12    30    12     0     0    73.0   34.510 -115.982   2905.6    645.4
     1     1    22    12    30    13     0     1    74.0   34.291 -115.604   2810.4    660.4
     1     1    22    12    30    14     0     2    75.0   34.077 -115.159   2745.3    685.3
     1     1    22    12    30    15     0     3    76.0   33.900 -114.702   2675.0    706.3
     1     1    22    12    30    16     0     2    77.0   33.745 -114.302   2628.3    712.4
     1     1    22    12    30    17     0     1    78.0   33.591 -113.956   2604.4    710.6
     1     1    22    12    30    18     0     0    79.0   33.427 -113.633   2570.7    711.2
     1     1    22    12    30    19     0     1    80.0   33.257 -113.331   2528.3    717.6
     1     1    22    12    30    20     0     2    81.0   33.084 -113.043   2484.6    729.6
     1     1    22    12    30    21     0     3    82.0   32.917 -112.766   2442.9    732.6
     1     1    22    12    30    22     0     2    83.0   32.773 -112.507   2409.8    727.5
     1     1    22    12    30    23     0     1    84.0   32.647 -112.268   2380.8    722.8
     1     1    22    12    31     0     0     0    85.0   32.517 -112.047   2349.8    718.3
     1     1    22    12    31     1     0     1    86.0   32.388 -111.826   2318.9    713.0
     1     1    22    12    31     2     0     2    87.0   32.265 -111.593   2304.1    706.8
     1     1    22    12    31     3     0     3    88.0   32.131 -111.355   2324.7    698.2
     1     1    22    12    31     4     0     2    89.0   31.978 -111.105   2382.4    685.4
     1     1    22    12    31     5     0     1    90.0   31.817 -110.829   2433.8    665.4
     1     1    22    12    31     6     0     0    91.0   31.651 -110.523   2452.6    648.3
     1     1    22    12    31     7     0     1    92.0   31.472 -110.169   2438.1    633.0
     1     1    22    12    31     8     0     2    93.0   31.279 -109.766   2394.4    625.7
     1     1    22    12    31     9     0     3    94.0   31.083 -109.357   2290.7    624.9
     1     1    22    12    31    10     0     2    95.0   30.909 -108.962   2094.1    637.7
     1     1    22    12    31    11     0     1    96.0   30.794 -108.568   1897.7    669.9
     1     1    22    12    31    12     0     0    97.0   30.715 -108.182   1779.1    682.4
     1     1    22    12    31    13     0     1    98.0   30.644 -107.793   1732.1    688.7
     1     1    22    12    31    14     0     2    99.0   30.579 -107.380   1749.8    693.3
     1     1    22    12    31    15     0     3   100.0   30.517 -106.944   1801.6    695.1
     1     1    22    12    31    16     0     2   101.0   30.451 -106.496   1822.0    685.7
     1     1    22    12    31    17     0     1   102.0   30.386 -106.025   1793.1    685.8
     1     1    22    12    31    18     0     0   103.0   30.337 -105.527   1742.4    696.4
     1     1    22    12    31    19     0     1   104.0   30.306 -105.031   1718.7    705.6
     1     1    22    12    31    20     0     2   105.0   30.283 -104.536   1733.2    702.9
     1     1    22    12    31    21     0     3   106.0   30.262 -104.036   1731.2    698.0
     1     1    22    12    31    22     0     2   107.0   30.260 -103.541   1676.7    715.8
     1     1    22    12    31    23     0     1   108.0   30.302 -103.070   1618.3    738.3
     1     1    23     1     1     0     0     0   109.0   30.387 -102.629   1644.8    754.8
     1     1    23     1     1     1     0     1   110.0   30.485 -102.194   1731.9    754.4
     1     1    23     1     1     2     0     2   111.0   30.585 -101.749   1794.5    750.9
     1     1    23     1     1     3     0     3   112.0   30.701 -101.295   1812.6    748.5
     1     1    23     1     1     4     0     2   113.0   30.848 -100.813   1775.4    748.5
     1     1    23     1     1     5     0     1   114.0   31.016 -100.293   1620.2    761.3
     1     1    23     1     1     6     0     0   115.0   31.198  -99.732   1363.4    798.6
     1     1    23     1     1     7     0     1   116.0   31.382  -99.162   1209.4    835.1
     1     1    23     1     1     8     0     2   117.0   31.561  -98.610   1182.5    836.3
     1     1    23     1     1     9     0     3   118.0   31.742  -98.070   1165.3    846.2
     1     1    23     1     1    10     0     2   119.0   31.936  -97.540   1132.9    854.5
     1     1    23     1     1    11     0     1   120.0   32.157  -97.040   1106.0    869.0
