     8     1
    GDAS    22    12    22     0     0
    GDAS    22    12    29     0     0
    GDAS    23     1     1     0     0
    GDAS    23     1     8     0     0
    GDAS    23     1    15     0     0
    GDAS    23     1    22     0     0
    GDAS    23     1    29     0     0
    GDAS    23     2     1     0     0
     1 FORWARD  OMEGA   
    22    12    31    15   52.116 -110.939   431.9
     1 PRESSURE
     1     1    22    12    31    15     0     3     0.0   52.116 -110.939    431.9    859.4
     1     1    22    12    31    16     0     2     1.0   52.014 -110.859    432.5    859.7
     1     1    22    12    31    17     0     1     2.0   51.903 -110.763    443.3    860.0
     1     1    22    12    31    18     0     0     3.0   51.786 -110.651    459.7    860.1
     1     1    22    12    31    19     0     1     4.0   51.665 -110.524    475.5    860.1
     1     1    22    12    31    20     0     2     5.0   51.542 -110.386    486.8    861.1
     1     1    22    12    31    21     0     3     6.0   51.419 -110.235    494.2    862.7
     1     1    22    12    31    22     0     2     7.0   51.298 -110.074    498.7    864.8
     1     1    22    12    31    23     0     1     8.0   51.177 -109.906    502.8    866.5
     1     1    23     1     1     0     0     0     9.0   51.054 -109.731    508.3    867.3
     1     1    23     1     1     1     0     1    10.0   50.926 -109.545    510.8    866.3
     1     1    23     1     1     2     0     2    11.0   50.797 -109.349    510.2    865.5
     1     1    23     1     1     3     0     3    12.0   50.665 -109.145    513.1    864.2
     1     1    23     1     1     4     0     2    13.0   50.530 -108.927    522.7    861.6
     1     1    23     1     1     5     0     1    14.0   50.388 -108.688    531.9    857.2
     1     1    23     1     1     6     0     0    15.0   50.235 -108.430    527.7    853.6
     1     1    23     1     1     7     0     1    16.0   50.064 -108.155    507.6    851.7
     1     1    23     1     1     8     0     2    17.0   49.880 -107.869    489.2    855.1
     1     1    23     1     1     9     0     3    18.0   49.697 -107.586    493.4    859.0
     1     1    23     1     1    10     0     2    19.0   49.515 -107.315    517.2    858.3
     1     1    23     1     1    11     0     1    20.0   49.328 -107.062    552.0    856.6
     1     1    23     1     1    12     0     0    21.0   49.130 -106.812    592.9    850.5
     1     1    23     1     1    13     0     1    22.0   48.920 -106.546    630.0    844.6
     1     1    23     1     1    14     0     2    23.0   48.710 -106.269    654.5    843.7
     1     1    23     1     1    15     0     3    24.0   48.508 -105.994    667.1    847.1
     1     1    23     1     1    16     0     2    25.0   48.322 -105.722    671.4    852.0
     1     1    23     1     1    17     0     1    26.0   48.158 -105.447    663.8    856.9
     1     1    23     1     1    18     0     0    27.0   48.011 -105.163    644.5    861.8
     1     1    23     1     1    19     0     1    28.0   47.874 -104.873    630.7    864.4
     1     1    23     1     1    20     0     2    29.0   47.734 -104.578    635.7    862.1
     1     1    23     1     1    21     0     3    30.0   47.586 -104.273    644.4    857.3
     1     1    23     1     1    22     0     2    31.0   47.430 -103.960    640.9    853.7
     1     1    23     1     1    23     0     1    32.0   47.265 -103.640    630.9    852.7
     1     1    23     1     2     0     0     0    33.0   47.081 -103.316    632.3    851.6
     1     1    23     1     2     1     0     1    34.0   46.893 -103.010    647.0    849.5
     1     1    23     1     2     2     0     2    35.0   46.729 -102.741    649.7    850.3
     1     1    23     1     2     3     0     3    36.0   46.592 -102.508    624.8    856.2
     1     1    23     1     2     4     0     2    37.0   46.480 -102.287    581.6    863.9
     1     1    23     1     2     5     0     1    38.0   46.386 -102.057    532.9    872.1
     1     1    23     1     2     6     0     0    39.0   46.303 -101.822    489.8    878.8
     1     1    23     1     2     7     0     1    40.0   46.226 -101.588    463.5    883.7
     1     1    23     1     2     8     0     2    41.0   46.156 -101.361    458.6    885.3
     1     1    23     1     2     9     0     3    42.0   46.095 -101.142    474.7    884.6
     1     1    23     1     2    10     0     2    43.0   46.044 -100.924    491.6    881.5
     1     1    23     1     2    11     0     1    44.0   46.004 -100.703    484.1    883.3
     1     1    23     1     2    12     0     0    45.0   45.977 -100.479    453.0    888.8
     1     1    23     1     2    13     0     1    46.0   45.959 -100.256    421.8    896.5
     1     1    23     1     2    14     0     2    47.0   45.944 -100.036    409.1    899.4
     1     1    23     1     2    15     0     3    48.0   45.929  -99.817    404.2    899.5
     1     1    23     1     2    16     0     2    49.0   45.916  -99.597    395.7    900.2
     1     1    23     1     2    17     0     1    50.0   45.899  -99.379    385.9    902.1
     1     1    23     1     2    18     0     0    51.0   45.874  -99.163    385.5    903.1
     1     1    23     1     2    19     0     1    52.0   45.831  -98.955    385.5    903.0
     1     1    23     1     2    20     0     2    53.0   45.773  -98.769    373.5    908.6
     1     1    23     1     2    21     0     3    54.0   45.703  -98.610    361.5    914.2
     1     1    23     1     2    22     0     2    55.0   45.619  -98.499    356.3    916.9
     1     1    23     1     2    23     0     1    56.0   45.521  -98.452    353.3    918.0
     1     1    23     1     3     0     0     0    57.0   45.407  -98.470    350.2    918.5
     1     1    23     1     3     1     0     1    58.0   45.281  -98.542    352.3    918.5
     1     1    23     1     3     2     0     2    59.0   45.145  -98.656    362.8    917.0
     1     1    23     1     3     3     0     3    60.0   44.995  -98.809    372.5    915.0
     1     1    23     1     3     4     0     2    61.0   44.839  -99.004    380.8    912.1
     1     1    23     1     3     5     0     1    62.0   44.684  -99.237    406.1    906.3
     1     1    23     1     3     6     0     0    63.0   44.519  -99.495    460.4    897.5
     1     1    23     1     3     7     0     1    64.0   44.320  -99.775    534.5    885.3
     1     1    23     1     3     8     0     2    65.0   44.072 -100.058    619.8    876.1
     1     1    23     1     3     9     0     3    66.0   43.768 -100.357    710.7    854.7
     1     1    23     1     3    10     0     2    67.0   43.408 -100.690    762.7    831.8
     1     1    23     1     3    11     0     1    68.0   42.988 -101.008    782.0    816.1
     1     1    23     1     3    12     0     0    69.0   42.507 -101.290    787.0    805.3
     1     1    23     1     3    13     0     1    70.0   41.974 -101.537    761.9    799.6
     1     1    23     1     3    14     0     2    71.0   41.417 -101.721    757.3    803.2
     1     1    23     1     3    15     0     3    72.0   40.855 -101.831    796.6    800.1
     1     1    23     1     3    16     0     2    73.0   40.322 -101.880    871.8    795.6
     1     1    23     1     3    17     0     1    74.0   39.842 -101.846    943.2    786.0
     1     1    23     1     3    18     0     0    75.0   39.395 -101.726    955.2    779.7
     1     1    23     1     3    19     0     1    76.0   38.955 -101.545    910.4    788.8
     1     1    23     1     3    20     0     2    77.0   38.545 -101.337    871.0    803.4
     1     1    23     1     3    21     0     3    78.0   38.201 -101.131    842.4    809.3
     1     1    23     1     3    22     0     2    79.0   37.900 -100.928    809.5    817.2
     1     1    23     1     3    23     0     1    80.0   37.614 -100.722    766.1    826.4
     1     1    23     1     4     0     0     0    81.0   37.353 -100.514    700.9    839.9
     1     1    23     1     4     1     0     1    82.0   37.117 -100.305    627.9    856.6
     1     1    23     1     4     2     0     2    83.0   36.889 -100.089    565.3    869.3
     1     1    23     1     4     3     0     3    84.0   36.654  -99.865    509.0    876.8
     1     1    23     1     4     4     0     2    85.0   36.418  -99.647    452.7    884.9
     1     1    23     1     4     5     0     1    86.0   36.190  -99.445    402.7    891.9
     1     1    23     1     4     6     0     0    87.0   35.967  -99.254    354.8    898.1
     1     1    23     1     4     7     0     1    88.0   35.752  -99.080    308.3    909.8
     1     1    23     1     4     8     0     2    89.0   35.549  -98.931    277.6    920.5
     1     1    23     1     4     9     0     3    90.0   35.366  -98.802    272.6    926.5
     1     1    23     1     4    10     0     2    91.0   35.196  -98.692    280.8    928.0
     1     1    23     1     4    11     0     1    92.0   35.022  -98.612    287.8    930.6
     1     1    23     1     4    12     0     0    93.0   34.838  -98.558    293.7    933.0
     1     1    23     1     4    13     0     1    94.0   34.668  -98.525    299.5    935.5
     1     1    23     1     4    14     0     2    95.0   34.529  -98.512    305.2    937.1
     1     1    23     1     4    15     0     3    96.0   34.416  -98.518    308.5    938.5
     1     1    23     1     4    16     0     2    97.0   34.331  -98.524    307.3    939.8
     1     1    23     1     4    17     0     1    98.0   34.277  -98.507    298.6    941.9
     1     1    23     1     4    18     0     0    99.0   34.250  -98.464    281.8    945.1
     1     1    23     1     4    19     0     1   100.0   34.236  -98.392    260.5    948.7
     1     1    23     1     4    20     0     2   101.0   34.225  -98.291    238.2    951.7
     1     1    23     1     4    21     0     3   102.0   34.218  -98.165    215.7    955.0
     1     1    23     1     4    22     0     2   103.0   34.209  -98.025    191.8    959.3
     1     1    23     1     4    23     0     1   104.0   34.187  -97.886    166.0    964.1
     1     1    23     1     5     0     0     0   105.0   34.154  -97.751    140.7    969.2
     1     1    23     1     5     1     0     1   106.0   34.100  -97.629    118.0    973.4
     1     1    23     1     5     2     0     2   107.0   34.017  -97.531     97.7    977.6
     1     1    23     1     5     3     0     3   108.0   33.909  -97.461     79.3    981.3
     1     1    23     1     5     4     0     2   109.0   33.796  -97.408     66.2    984.2
     1     1    23     1     5     5     0     1   110.0   33.690  -97.352     58.9    986.1
     1     1    23     1     5     6     0     0   111.0   33.595  -97.290     55.4    987.8
     1     1    23     1     5     7     0     1   112.0   33.502  -97.226     52.2    989.9
     1     1    23     1     5     8     0     2   113.0   33.401  -97.165     46.1    992.5
     1     1    23     1     5     9     0     3   114.0   33.291  -97.101     36.8    995.7
     1     1    23     1     5    10     0     2   115.0   33.182  -97.036     28.2    999.0
     1     1    23     1     5    11     0     1   116.0   33.079  -96.977     23.2   1001.2
     1     1    23     1     5    12     0     0   117.0   32.977  -96.926     21.3   1002.1
     1     1    23     1     5    13     0     1   118.0   32.872  -96.883     20.0   1002.6
     1     1    23     1     5    14     0     2   119.0   32.764  -96.844     17.6   1003.6
     1     1    23     1     5    15     0     3   120.0   32.659  -96.810     15.1   1004.8
