     8     1
    GDAS    22    12    22     0     0
    GDAS    22    12    29     0     0
    GDAS    23     1     1     0     0
    GDAS    23     1     8     0     0
    GDAS    23     1    15     0     0
    GDAS    23     1    22     0     0
    GDAS    23     1    29     0     0
    GDAS    23     2     1     0     0
     1 FORWARD  OMEGA   
    23     1    26    11   43.542 -104.212  5217.5
     1 PRESSURE
     1     1    23     1    26    11     0     1     0.0   43.542 -104.212   5217.5    415.7
     1     1    23     1    26    12     0     0     1.0   42.633 -104.333   5207.5    431.2
     1     1    23     1    26    13     0     1     2.0   41.797 -104.314   5142.5    431.1
     1     1    23     1    26    14     0     2     3.0   40.915 -104.431   5135.9    411.8
     1     1    23     1    26    15     0     3     4.0   39.966 -104.711   5180.7    416.2
     1     1    23     1    26    16     0     2     5.0   39.042 -105.029   4787.5    382.1
     1     1    23     1    26    17     0     1     6.0   38.135 -105.509   4735.9    398.5
     1     1    23     1    26    18     0     0     7.0   37.233 -106.115   4634.8    398.3
     1     1    23     1    26    19     0     1     8.0   36.463 -106.611   4440.3    427.5
     1     1    23     1    26    20     0     2     9.0   35.820 -107.069   4188.7    449.8
     1     1    23     1    26    21     0     3    10.0   35.227 -107.525   3960.1    474.5
     1     1    23     1    26    22     0     2    11.0   34.669 -107.958   3696.9    478.5
     1     1    23     1    26    23     0     1    12.0   34.116 -108.413   3465.8    490.1
     1     1    23     1    27     0     0     0    13.0   33.582 -108.898   3286.6    514.5
     1     1    23     1    27     1     0     1    14.0   33.121 -109.326   3178.2    562.3
     1     1    23     1    27     2     0     2    15.0   32.717 -109.685   2989.0    596.7
     1     1    23     1    27     3     0     3    16.0   32.349 -110.032   2700.3    621.4
     1     1    23     1    27     4     0     2    17.0   32.034 -110.389   2371.6    654.6
     1     1    23     1    27     5     0     1    18.0   31.784 -110.750   2003.7    695.7
     1     1    23     1    27     6     0     0    19.0   31.599 -111.116   1575.1    744.0
     1     1    23     1    27     7     0     1    20.0   31.447 -111.495   1183.2    803.7
     1     1    23     1    27     8     0     2    21.0   31.275 -111.863    907.9    846.7
     1     1    23     1    27     9     0     3    22.0   31.047 -112.174    718.3    886.6
     1     1    23     1    27    10     0     2    23.0   30.779 -112.438    597.9    914.0
     1     1    23     1    27    11     0     1    24.0   30.494 -112.676    537.5    937.7
     1     1    23     1    27    12     0     0    25.0   30.202 -112.868    560.7    948.2
     1     1    23     1    27    13     0     1    26.0   29.901 -112.983    611.6    945.3
     1     1    23     1    27    14     0     2    27.0   29.565 -113.009    659.4    942.4
     1     1    23     1    27    15     0     3    28.0   29.190 -112.964    744.9    932.9
     1     1    23     1    27    16     0     2    29.0   28.823 -112.937    828.0    911.8
     1     1    23     1    27    17     0     1    30.0   28.497 -112.972    846.3    891.8
     1     1    23     1    27    18     0     0    31.0   28.233 -113.067    821.0    886.6
     1     1    23     1    27    19     0     1    32.0   28.052 -113.188    781.3    887.5
     1     1    23     1    27    20     0     2    33.0   27.935 -113.285    737.4    896.9
     1     1    23     1    27    21     0     3    34.0   27.855 -113.347    691.9    906.8
     1     1    23     1    27    22     0     2    35.0   27.790 -113.392    647.6    915.3
     1     1    23     1    27    23     0     1    36.0   27.730 -113.435    603.7    922.9
     1     1    23     1    28     0     0     0    37.0   27.673 -113.479    558.6    930.5
     1     1    23     1    28     1     0     1    38.0   27.619 -113.519    515.8    938.3
     1     1    23     1    28     2     0     2    39.0   27.567 -113.556    478.8    945.1
     1     1    23     1    28     3     0     3    40.0   27.513 -113.593    447.2    951.1
     1     1    23     1    28     4     0     2    41.0   27.456 -113.630    416.1    956.3
     1     1    23     1    28     5     0     1    42.0   27.400 -113.661    380.0    961.8
     1     1    23     1    28     6     0     0    43.0   27.344 -113.689    337.5    968.0
     1     1    23     1    28     7     0     1    44.0   27.286 -113.718    299.8    975.0
     1     1    23     1    28     8     0     2    45.0   27.231 -113.747    279.1    978.7
     1     1    23     1    28     9     0     3    46.0   27.181 -113.774    278.1    979.8
     1     1    23     1    28    10     0     2    47.0   27.139 -113.801    284.8    977.7
     1     1    23     1    28    11     0     1    48.0   27.102 -113.832    281.2    978.5
     1     1    23     1    28    12     0     0    49.0   27.065 -113.871    262.7    981.1
     1     1    23     1    28    13     0     1    50.0   27.026 -113.918    231.8    986.3
     1     1    23     1    28    14     0     2    51.0   26.985 -113.971    194.3    991.7
     1     1    23     1    28    15     0     3    52.0   26.939 -114.025    152.0    998.0
     1     1    23     1    28    16     0     2    53.0   26.891 -114.064    117.6   1003.1
     1     1    23     1    28    17     0     1    54.0   26.853 -114.078     96.5   1005.7
     1     1    23     1    28    18     0     0    55.0   26.827 -114.073     85.0   1007.5
     1     1    23     1    28    19     0     1    56.0   26.819 -114.040     81.0   1007.1
     1     1    23     1    28    20     0     2    57.0   26.836 -113.971     84.6   1005.6
     1     1    23     1    28    21     0     3    58.0   26.883 -113.866    100.9   1002.4
     1     1    23     1    28    22     0     2    59.0   26.947 -113.746    131.1    997.7
     1     1    23     1    28    23     0     1    60.0   27.009 -113.629    161.6    991.5
     1     1    23     1    29     0     0     0    61.0   27.068 -113.514    178.9    985.9
     1     1    23     1    29     1     0     1    62.0   27.131 -113.402    184.2    983.2
     1     1    23     1    29     2     0     2    63.0   27.204 -113.299    178.5    980.0
     1     1    23     1    29     3     0     3    64.0   27.283 -113.210    157.0    978.2
     1     1    23     1    29     4     0     2    65.0   27.353 -113.134    124.1    978.6
     1     1    23     1    29     5     0     1    66.0   27.411 -113.062     91.3    978.5
     1     1    23     1    29     6     0     0    67.0   27.461 -112.991     64.6    978.7
     1     1    23     1    29     7     0     1    68.0   27.506 -112.918     41.8    980.9
     1     1    23     1    29     8     0     2    69.0   27.542 -112.844     24.0    984.3
     1     1    23     1    29     9     0     3    70.0   27.572 -112.767     12.9    987.5
     1     1    23     1    29    10     0     2    71.0   27.599 -112.693      5.1    988.7
     1     1    23     1    29    11     0     1    72.0   27.627 -112.628      0.0    989.7
     1     1    23     1    29    12     0     0    73.0   27.656 -112.572      0.0    990.4
     1     1    23     1    29    13     0     1    74.0   27.688 -112.527      0.0    991.6
     1     1    23     1    29    14     0     2    75.0   27.724 -112.495      0.0    992.6
     1     1    23     1    29    15     0     3    76.0   27.763 -112.475      0.0    993.1
     1     1    23     1    29    16     0     2    77.0   27.810 -112.460      0.0    993.4
     1     1    23     1    29    17     0     1    78.0   27.868 -112.443      0.0    993.6
     1     1    23     1    29    18     0     0    79.0   27.942 -112.422      0.0    993.8
     1     1    23     1    29    19     0     1    80.0   28.028 -112.392      0.0    993.6
     1     1    23     1    29    20     0     2    81.0   28.120 -112.355      0.0    995.4
     1     1    23     1    29    21     0     3    82.0   28.221 -112.315      0.0    997.0
     1     1    23     1    29    22     0     2    83.0   28.329 -112.283      0.0    999.0
     1     1    23     1    29    23     0     1    84.0   28.436 -112.266      0.8   1000.3
     1     1    23     1    30     0     0     0    85.0   28.536 -112.258      3.1   1001.0
     1     1    23     1    30     1     0     1    86.0   28.629 -112.252      6.3   1002.0
     1     1    23     1    30     2     0     2    87.0   28.716 -112.240     10.0   1002.8
     1     1    23     1    30     3     0     3    88.0   28.794 -112.223     14.2   1002.6
     1     1    23     1    30     4     0     2    89.0   28.863 -112.203     20.7   1002.9
     1     1    23     1    30     5     0     1    90.0   28.930 -112.186     33.7   1002.0
     1     1    23     1    30     6     0     0    91.0   28.999 -112.170     58.8    999.9
     1     1    23     1    30     7     0     1    92.0   29.080 -112.150     93.3    989.9
     1     1    23     1    30     8     0     2    93.0   29.178 -112.125    126.7    980.0
     1     1    23     1    30     9     0     3    94.0   29.288 -112.103    154.6    969.4
     1     1    23     1    30    10     0     2    95.0   29.403 -112.085    177.0    959.5
     1     1    23     1    30    11     0     1    96.0   29.519 -112.067    195.9    949.6
     1     1    23     1    30    12     0     0    97.0   29.637 -112.048    212.1    939.7
     1     1    23     1    30    13     0     1    98.0   29.753 -112.023    222.6    929.9
     1     1    23     1    30    14     0     2    99.0   29.864 -111.990    223.7    921.3
     1     1    23     1    30    15     0     3   100.0   29.967 -111.947    214.3    915.6
     1     1    23     1    30    16     0     2   101.0   30.069 -111.906    206.6    915.8
     1     1    23     1    30    17     0     1   102.0   30.178 -111.873    214.5    915.1
     1     1    23     1    30    18     0     0   103.0   30.294 -111.844    238.2    912.2
     1     1    23     1    30    19     0     1   104.0   30.426 -111.806    282.7    905.6
     1     1    23     1    30    20     0     2   105.0   30.587 -111.741    355.9    893.2
     1     1    23     1    30    21     0     3   106.0   30.784 -111.647    469.0    874.5
     1     1    23     1    30    22     0     2   107.0   31.009 -111.523    627.1    846.6
     1     1    23     1    30    23     0     1   108.0   31.252 -111.374    779.3    820.4
     1     1    23     1    31     0     0     0   109.0   31.505 -111.201    866.8    806.6
     1     1    23     1    31     1     0     1   110.0   31.738 -111.020    901.8    804.2
     1     1    23     1    31     2     0     2   111.0   31.938 -110.845    927.9    802.3
     1     1    23     1    31     3     0     3   112.0   32.114 -110.676    968.0    793.3
     1     1    23     1    31     4     0     2   113.0   32.285 -110.523    992.0    784.8
     1     1    23     1    31     5     0     1   114.0   32.445 -110.390    997.1    785.2
     1     1    23     1    31     6     0     0   115.0   32.591 -110.281   1020.4    784.7
     1     1    23     1    31     7     0     1   116.0   32.729 -110.185   1064.3    780.5
     1     1    23     1    31     8     0     2   117.0   32.859 -110.093   1107.8    777.5
     1     1    23     1    31     9     0     3   118.0   32.981 -110.005   1130.0    776.2
     1     1    23     1    31    10     0     2   119.0   33.106 -109.910   1144.4    764.2
     1     1    23     1    31    11     0     1   120.0   33.268 -109.767   1185.7    739.6
