     8     1
    GDAS    22    12    22     0     0
    GDAS    22    12    29     0     0
    GDAS    23     1     1     0     0
    GDAS    23     1     8     0     0
    GDAS    23     1    15     0     0
    GDAS    23     1    22     0     0
    GDAS    23     1    29     0     0
    GDAS    23     2     1     0     0
     1 FORWARD  OMEGA   
    23     1     8    16   52.939 -119.207  2684.3
     1 PRESSURE
     1     1    23     1     8    16     0     2     0.0   52.939 -119.207   2684.3    562.3
     1     1    23     1     8    17     0     1     1.0   53.245 -118.826   2553.4    582.4
     1     1    23     1     8    18     0     0     2.0   53.477 -118.436   2427.7    609.6
     1     1    23     1     8    19     0     1     3.0   53.639 -118.116   2345.1    627.2
     1     1    23     1     8    20     0     2     4.0   53.755 -117.869   2309.2    636.4
     1     1    23     1     8    21     0     3     5.0   53.849 -117.666   2290.7    642.8
     1     1    23     1     8    22     0     2     6.0   53.944 -117.486   2269.4    651.0
     1     1    23     1     8    23     0     1     7.0   54.047 -117.314   2248.4    660.0
     1     1    23     1     9     0     0     0     8.0   54.159 -117.132   2234.4    667.7
     1     1    23     1     9     1     0     1     9.0   54.281 -116.936   2229.3    673.5
     1     1    23     1     9     2     0     2    10.0   54.406 -116.737   2230.1    677.0
     1     1    23     1     9     3     0     3    11.0   54.526 -116.539   2232.7    678.9
     1     1    23     1     9     4     0     2    12.0   54.636 -116.322   2236.0    680.0
     1     1    23     1     9     5     0     1    13.0   54.731 -116.063   2245.3    679.3
     1     1    23     1     9     6     0     0    14.0   54.805 -115.755   2262.6    677.1
     1     1    23     1     9     7     0     1    15.0   54.846 -115.417   2284.2    674.5
     1     1    23     1     9     8     0     2    16.0   54.850 -115.063   2305.3    671.1
     1     1    23     1     9     9     0     3    17.0   54.819 -114.697   2331.5    675.5
     1     1    23     1     9    10     0     2    18.0   54.766 -114.341   2373.5    680.2
     1     1    23     1     9    11     0     1    19.0   54.698 -114.005   2443.9    680.7
     1     1    23     1     9    12     0     0    20.0   54.616 -113.679   2528.9    673.4
     1     1    23     1     9    13     0     1    21.0   54.529 -113.361   2581.0    666.2
     1     1    23     1     9    14     0     2    22.0   54.441 -113.042   2570.7    668.4
     1     1    23     1     9    15     0     3    23.0   54.347 -112.718   2531.3    673.3
     1     1    23     1     9    16     0     2    24.0   54.252 -112.402   2505.3    676.5
     1     1    23     1     9    17     0     1    25.0   54.163 -112.108   2484.6    675.6
     1     1    23     1     9    18     0     0    26.0   54.084 -111.829   2423.5    678.5
     1     1    23     1     9    19     0     1    27.0   54.012 -111.538   2328.6    688.9
     1     1    23     1     9    20     0     2    28.0   53.946 -111.212   2228.7    698.1
     1     1    23     1     9    21     0     3    29.0   53.894 -110.842   2137.2    707.4
     1     1    23     1     9    22     0     2    30.0   53.844 -110.469   2060.8    713.7
     1     1    23     1     9    23     0     1    31.0   53.779 -110.116   1980.7    720.9
     1     1    23     1    10     0     0     0    32.0   53.697 -109.769   1892.5    732.2
     1     1    23     1    10     1     0     1    33.0   53.602 -109.447   1815.3    745.1
     1     1    23     1    10     2     0     2    34.0   53.510 -109.160   1770.8    752.8
     1     1    23     1    10     3     0     3    35.0   53.436 -108.901   1772.4    754.7
     1     1    23     1    10     4     0     2    36.0   53.372 -108.639   1798.3    748.1
     1     1    23     1    10     5     0     1    37.0   53.304 -108.363   1798.9    745.2
     1     1    23     1    10     6     0     0    38.0   53.236 -108.087   1744.0    747.4
     1     1    23     1    10     7     0     1    39.0   53.172 -107.827   1659.7    758.5
     1     1    23     1    10     8     0     2    40.0   53.109 -107.579   1582.5    765.4
     1     1    23     1    10     9     0     3    41.0   53.047 -107.337   1498.2    772.4
     1     1    23     1    10    10     0     2    42.0   52.978 -107.107   1428.4    782.3
     1     1    23     1    10    11     0     1    43.0   52.891 -106.888   1405.2    786.3
     1     1    23     1    10    12     0     0    44.0   52.788 -106.673   1416.1    787.0
     1     1    23     1    10    13     0     1    45.0   52.672 -106.458   1433.0    785.9
     1     1    23     1    10    14     0     2    46.0   52.544 -106.251   1440.6    786.8
     1     1    23     1    10    15     0     3    47.0   52.401 -106.054   1441.9    787.3
     1     1    23     1    10    16     0     2    48.0   52.252 -105.874   1438.9    787.3
     1     1    23     1    10    17     0     1    49.0   52.104 -105.709   1433.7    787.0
     1     1    23     1    10    18     0     0    50.0   51.960 -105.557   1426.1    787.1
     1     1    23     1    10    19     0     1    51.0   51.824 -105.397   1419.4    787.8
     1     1    23     1    10    20     0     2    52.0   51.694 -105.217   1424.8    788.1
     1     1    23     1    10    21     0     3    53.0   51.565 -105.023   1458.2    785.9
     1     1    23     1    10    22     0     2    54.0   51.427 -104.815   1506.6    778.7
     1     1    23     1    10    23     0     1    55.0   51.276 -104.599   1549.4    773.3
     1     1    23     1    11     0     0     0    56.0   51.117 -104.380   1583.8    768.5
     1     1    23     1    11     1     0     1    57.0   50.948 -104.165   1604.0    764.2
     1     1    23     1    11     2     0     2    58.0   50.768 -103.950   1599.7    762.9
     1     1    23     1    11     3     0     3    59.0   50.579 -103.743   1577.5    765.8
     1     1    23     1    11     4     0     2    60.0   50.392 -103.541   1561.2    767.6
     1     1    23     1    11     5     0     1    61.0   50.211 -103.336   1547.8    766.0
     1     1    23     1    11     6     0     0    62.0   50.029 -103.116   1507.8    766.6
     1     1    23     1    11     7     0     1    63.0   49.841 -102.879   1445.7    775.1
     1     1    23     1    11     8     0     2    64.0   49.640 -102.627   1393.1    783.4
     1     1    23     1    11     9     0     3    65.0   49.416 -102.374   1357.8    789.8
     1     1    23     1    11    10     0     2    66.0   49.168 -102.131   1335.1    796.2
     1     1    23     1    11    11     0     1    67.0   48.910 -101.895   1321.7    800.2
     1     1    23     1    11    12     0     0    68.0   48.650 -101.665   1310.1    800.0
     1     1    23     1    11    13     0     1    69.0   48.384 -101.443   1277.1    801.0
     1     1    23     1    11    14     0     2    70.0   48.108 -101.233   1208.4    809.1
     1     1    23     1    11    15     0     3    71.0   47.826 -101.039   1131.8    820.4
     1     1    23     1    11    16     0     2    72.0   47.542 -100.853   1079.8    827.1
     1     1    23     1    11    17     0     1    73.0   47.264 -100.668   1053.0    828.6
     1     1    23     1    11    18     0     0    74.0   46.988 -100.491   1036.2    830.0
     1     1    23     1    11    19     0     1    75.0   46.710 -100.296   1032.1    831.0
     1     1    23     1    11    20     0     2    76.0   46.420 -100.066   1029.4    829.4
     1     1    23     1    11    21     0     3    77.0   46.117  -99.829    999.5    830.5
     1     1    23     1    11    22     0     2    78.0   45.792  -99.612    957.6    838.4
     1     1    23     1    11    23     0     1    79.0   45.442  -99.426    909.9    845.8
     1     1    23     1    12     0     0     0    80.0   45.077  -99.283    825.3    859.3
     1     1    23     1    12     1     0     1    81.0   44.703  -99.181    740.3    875.0
     1     1    23     1    12     2     0     2    82.0   44.324  -99.099    698.7    878.7
     1     1    23     1    12     3     0     3    83.0   43.935  -99.029    693.6    876.8
     1     1    23     1    12     4     0     2    84.0   43.536  -98.950    718.4    872.4
     1     1    23     1    12     5     0     1    85.0   43.130  -98.854    754.8    865.6
     1     1    23     1    12     6     0     0    86.0   42.711  -98.763    784.6    859.0
     1     1    23     1    12     7     0     1    87.0   42.263  -98.688    797.4    852.1
     1     1    23     1    12     8     0     2    88.0   41.772  -98.619    778.5    852.4
     1     1    23     1    12     9     0     3    89.0   41.242  -98.550    720.3    863.7
     1     1    23     1    12    10     0     2    90.0   40.675  -98.485    651.3    880.0
     1     1    23     1    12    11     0     1    91.0   40.074  -98.449    597.6    890.8
     1     1    23     1    12    12     0     0    92.0   39.462  -98.441    585.5    897.7
     1     1    23     1    12    13     0     1    93.0   38.844  -98.465    621.4    893.2
     1     1    23     1    12    14     0     2    94.0   38.228  -98.506    649.8    884.4
     1     1    23     1    12    15     0     3    95.0   37.614  -98.558    660.1    887.9
     1     1    23     1    12    16     0     2    96.0   37.027  -98.604    679.2    890.7
     1     1    23     1    12    17     0     1    97.0   36.511  -98.609    681.5    887.9
     1     1    23     1    12    18     0     0    98.0   36.072  -98.577    649.9    893.0
     1     1    23     1    12    19     0     1    99.0   35.675  -98.524    606.9    903.8
     1     1    23     1    12    20     0     2   100.0   35.280  -98.457    562.2    912.1
     1     1    23     1    12    21     0     3   101.0   34.879  -98.376    508.4    922.0
     1     1    23     1    12    22     0     2   102.0   34.488  -98.289    450.9    934.6
     1     1    23     1    12    23     0     1   103.0   34.126  -98.217    387.1    945.1
     1     1    23     1    13     0     0     0   104.0   33.796  -98.166    316.4    954.1
     1     1    23     1    13     1     0     1   105.0   33.481  -98.139    258.4    961.0
     1     1    23     1    13     2     0     2   106.0   33.162  -98.136    220.1    962.6
     1     1    23     1    13     3     0     3   107.0   32.844  -98.147    194.2    964.2
     1     1    23     1    13     4     0     2   108.0   32.540  -98.149    175.4    965.8
     1     1    23     1    13     5     0     1   109.0   32.254  -98.127    154.4    967.8
     1     1    23     1    13     6     0     0   110.0   31.984  -98.081    123.4    972.0
     1     1    23     1    13     7     0     1   111.0   31.743  -98.033     95.4    977.5
     1     1    23     1    13     8     0     2   112.0   31.525  -97.999     78.5    980.1
     1     1    23     1    13     9     0     3   113.0   31.336  -97.971     68.6    982.1
     1     1    23     1    13    10     0     2   114.0   31.166  -97.951     67.9    983.5
     1     1    23     1    13    11     0     1   115.0   30.990  -97.952     82.2    981.5
     1     1    23     1    13    12     0     0   116.0   30.788  -97.982    108.1    977.5
     1     1    23     1    13    13     0     1   117.0   30.577  -98.019    118.4    975.1
     1     1    23     1    13    14     0     2   118.0   30.390  -98.031    101.3    979.0
     1     1    23     1    13    15     0     3   119.0   30.226  -98.020     74.1    985.1
     1     1    23     1    13    16     0     2   120.0   30.073  -98.005     52.2    990.1
