     8     1
    GDAS    22    12    22     0     0
    GDAS    22    12    29     0     0
    GDAS    23     1     1     0     0
    GDAS    23     1     8     0     0
    GDAS    23     1    15     0     0
    GDAS    23     1    22     0     0
    GDAS    23     1    29     0     0
    GDAS    23     2     1     0     0
     1 FORWARD  OMEGA   
    23     1    16    15   51.620  -92.327  1355.9
     1 PRESSURE
     1     1    23     1    16    15     0     3     0.0   51.620  -92.327   1355.9    806.5
     1     1    23     1    16    16     0     2     1.0   51.673  -92.147   1403.8    802.2
     1     1    23     1    16    17     0     1     2.0   51.723  -91.965   1457.0    796.5
     1     1    23     1    16    18     0     0     3.0   51.776  -91.780   1508.1    791.0
     1     1    23     1    16    19     0     1     4.0   51.828  -91.599   1550.7    786.2
     1     1    23     1    16    20     0     2     5.0   51.865  -91.427   1583.4    782.9
     1     1    23     1    16    21     0     3     6.0   51.884  -91.269   1608.8    780.4
     1     1    23     1    16    22     0     2     7.0   51.885  -91.136   1626.2    778.5
     1     1    23     1    16    23     0     1     8.0   51.866  -91.042   1627.5    777.6
     1     1    23     1    17     0     0     0     9.0   51.820  -90.991   1607.0    779.5
     1     1    23     1    17     1     0     1    10.0   51.750  -90.988   1575.5    783.8
     1     1    23     1    17     2     0     2    11.0   51.663  -91.030   1545.5    786.7
     1     1    23     1    17     3     0     3    12.0   51.558  -91.123   1520.3    789.3
     1     1    23     1    17     4     0     2    13.0   51.433  -91.260   1496.2    791.1
     1     1    23     1    17     5     0     1    14.0   51.289  -91.433   1471.2    793.5
     1     1    23     1    17     6     0     0    15.0   51.132  -91.640   1445.2    795.8
     1     1    23     1    17     7     0     1    16.0   50.961  -91.871   1419.2    798.6
     1     1    23     1    17     8     0     2    17.0   50.767  -92.119   1402.2    800.9
     1     1    23     1    17     9     0     3    18.0   50.540  -92.384   1398.9    801.0
     1     1    23     1    17    10     0     2    19.0   50.282  -92.667   1401.6    800.4
     1     1    23     1    17    11     0     1    20.0   50.006  -92.961   1397.6    800.2
     1     1    23     1    17    12     0     0    21.0   49.714  -93.265   1381.0    802.5
     1     1    23     1    17    13     0     1    22.0   49.407  -93.583   1362.7    807.4
     1     1    23     1    17    14     0     2    23.0   49.112  -93.901   1353.1    811.9
     1     1    23     1    17    15     0     3    24.0   48.838  -94.207   1345.6    813.0
     1     1    23     1    17    16     0     2    25.0   48.565  -94.494   1336.6    813.7
     1     1    23     1    17    17     0     1    26.0   48.289  -94.747   1332.0    815.2
     1     1    23     1    17    18     0     0    27.0   48.026  -94.945   1336.8    816.1
     1     1    23     1    17    19     0     1    28.0   47.775  -95.101   1334.6    812.7
     1     1    23     1    17    20     0     2    29.0   47.526  -95.236   1320.3    812.6
     1     1    23     1    17    21     0     3    30.0   47.283  -95.340   1308.4    812.7
     1     1    23     1    17    22     0     2    31.0   47.049  -95.420   1303.7    811.4
     1     1    23     1    17    23     0     1    32.0   46.822  -95.481   1298.1    812.8
     1     1    23     1    18     0     0     0    33.0   46.598  -95.522   1281.9    816.7
     1     1    23     1    18     1     0     1    34.0   46.385  -95.546   1260.7    821.6
     1     1    23     1    18     2     0     2    35.0   46.189  -95.557   1241.7    825.4
     1     1    23     1    18     3     0     3    36.0   46.010  -95.560   1226.3    828.7
     1     1    23     1    18     4     0     2    37.0   45.853  -95.543   1202.2    830.8
     1     1    23     1    18     5     0     1    38.0   45.721  -95.498   1159.9    836.1
     1     1    23     1    18     6     0     0    39.0   45.611  -95.431   1105.7    842.6
     1     1    23     1    18     7     0     1    40.0   45.511  -95.366   1061.0    849.6
     1     1    23     1    18     8     0     2    41.0   45.415  -95.318   1033.2    852.5
     1     1    23     1    18     9     0     3    42.0   45.328  -95.285   1013.8    855.0
     1     1    23     1    18    10     0     2    43.0   45.249  -95.268    993.4    857.0
     1     1    23     1    18    11     0     1    44.0   45.176  -95.269    967.4    860.5
     1     1    23     1    18    12     0     0    45.0   45.110  -95.289    940.2    864.2
     1     1    23     1    18    13     0     1    46.0   45.045  -95.338    907.2    867.5
     1     1    23     1    18    14     0     2    47.0   44.980  -95.430    866.6    872.7
     1     1    23     1    18    15     0     3    48.0   44.919  -95.565    828.3    876.5
     1     1    23     1    18    16     0     2    49.0   44.869  -95.736    800.7    878.4
     1     1    23     1    18    17     0     1    50.0   44.836  -95.941    780.2    878.6
     1     1    23     1    18    18     0     0    51.0   44.811  -96.177    764.0    875.6
     1     1    23     1    18    19     0     1    52.0   44.775  -96.428    768.8    869.8
     1     1    23     1    18    20     0     2    53.0   44.723  -96.684    793.0    859.6
     1     1    23     1    18    21     0     3    54.0   44.656  -96.948    817.0    850.7
     1     1    23     1    18    22     0     2    55.0   44.570  -97.241    839.6    852.3
     1     1    23     1    18    23     0     1    56.0   44.455  -97.574    872.3    855.8
     1     1    23     1    19     0     0     0    57.0   44.303  -97.924    941.5    855.8
     1     1    23     1    19     1     0     1    58.0   44.123  -98.264   1047.5    840.0
     1     1    23     1    19     2     0     2    59.0   43.929  -98.590   1146.0    822.0
     1     1    23     1    19     3     0     3    60.0   43.714  -98.918   1190.8    809.0
     1     1    23     1    19     4     0     2    61.0   43.460  -99.232   1231.0    807.1
     1     1    23     1    19     5     0     1    62.0   43.153  -99.511   1324.2    789.8
     1     1    23     1    19     6     0     0    63.0   42.795  -99.747   1460.4    769.8
     1     1    23     1    19     7     0     1    64.0   42.392  -99.934   1629.9    746.9
     1     1    23     1    19     8     0     2    65.0   41.941 -100.047   1781.7    726.1
     1     1    23     1    19     9     0     3    66.0   41.451 -100.056   1868.7    715.8
     1     1    23     1    19    10     0     2    67.0   40.938  -99.959   1894.4    718.5
     1     1    23     1    19    11     0     1    68.0   40.404  -99.763   1869.1    725.1
     1     1    23     1    19    12     0     0    69.0   39.856  -99.470   1778.4    741.3
     1     1    23     1    19    13     0     1    70.0   39.294  -99.113   1665.3    764.0
     1     1    23     1    19    14     0     2    71.0   38.723  -98.716   1556.1    779.3
     1     1    23     1    19    15     0     3    72.0   38.149  -98.291   1433.3    794.9
     1     1    23     1    19    16     0     2    73.0   37.602  -97.858   1307.8    816.6
     1     1    23     1    19    17     0     1    74.0   37.125  -97.430   1196.1    836.9
     1     1    23     1    19    18     0     0    75.0   36.722  -97.013   1089.6    852.9
     1     1    23     1    19    19     0     1    76.0   36.395  -96.618    987.0    870.3
     1     1    23     1    19    20     0     2    77.0   36.138  -96.255    899.9    885.4
     1     1    23     1    19    21     0     3    78.0   35.938  -95.916    836.0    895.4
     1     1    23     1    19    22     0     2    79.0   35.766  -95.583    788.4    898.3
     1     1    23     1    19    23     0     1    80.0   35.604  -95.240    748.2    902.3
     1     1    23     1    20     0     0     0    81.0   35.444  -94.890    718.1    905.2
     1     1    23     1    20     1     0     1    82.0   35.272  -94.535    686.4    905.3
     1     1    23     1    20     2     0     2    83.0   35.084  -94.177    638.2    910.9
     1     1    23     1    20     3     0     3    84.0   34.887  -93.835    584.2    923.0
     1     1    23     1    20     4     0     2    85.0   34.687  -93.528    538.3    935.3
     1     1    23     1    20     5     0     1    86.0   34.486  -93.264    495.2    945.0
     1     1    23     1    20     6     0     0    87.0   34.280  -93.038    443.9    955.2
     1     1    23     1    20     7     0     1    88.0   34.067  -92.863    393.4    964.8
     1     1    23     1    20     8     0     2    89.0   33.847  -92.741    356.3    970.0
     1     1    23     1    20     9     0     3    90.0   33.617  -92.663    331.1    974.0
     1     1    23     1    20    10     0     2    91.0   33.385  -92.633    312.6    977.0
     1     1    23     1    20    11     0     1    92.0   33.154  -92.657    297.6    979.8
     1     1    23     1    20    12     0     0    93.0   32.920  -92.737    285.6    981.2
     1     1    23     1    20    13     0     1    94.0   32.701  -92.863    274.4    981.7
     1     1    23     1    20    14     0     2    95.0   32.513  -93.023    261.4    982.2
     1     1    23     1    20    15     0     3    96.0   32.359  -93.208    247.3    984.5
     1     1    23     1    20    16     0     2    97.0   32.233  -93.398    230.9    985.8
     1     1    23     1    20    17     0     1    98.0   32.127  -93.577    208.1    988.1
     1     1    23     1    20    18     0     0    99.0   32.034  -93.745    177.1    991.5
     1     1    23     1    20    19     0     1   100.0   31.967  -93.894    149.5    996.3
     1     1    23     1    20    20     0     2   101.0   31.940  -94.025    135.5    997.1
     1     1    23     1    20    21     0     3   102.0   31.955  -94.144    133.7    995.8
     1     1    23     1    20    22     0     2   103.0   31.985  -94.265    128.2    993.9
     1     1    23     1    20    23     0     1   104.0   32.000  -94.389    106.9    995.4
     1     1    23     1    21     0     0     0   105.0   32.001  -94.506     77.5    998.5
     1     1    23     1    21     1     0     1   106.0   32.001  -94.622     55.5   1001.6
     1     1    23     1    21     2     0     2   107.0   32.004  -94.760     45.6   1000.9
     1     1    23     1    21     3     0     3   108.0   32.008  -94.923     43.3    999.4
     1     1    23     1    21     4     0     2   109.0   32.020  -95.098     44.5    998.6
     1     1    23     1    21     5     0     1   110.0   32.048  -95.265     45.8    999.2
     1     1    23     1    21     6     0     0   111.0   32.089  -95.421     47.2    999.8
     1     1    23     1    21     7     0     1   112.0   32.137  -95.575     48.9    999.8
     1     1    23     1    21     8     0     2   113.0   32.186  -95.734     50.9    999.9
     1     1    23     1    21     9     0     3   114.0   32.234  -95.897     53.4    999.9
     1     1    23     1    21    10     0     2   115.0   32.285  -96.063     56.6    998.5
     1     1    23     1    21    11     0     1   116.0   32.349  -96.230     62.5    995.4
     1     1    23     1    21    12     0     0   117.0   32.433  -96.392     74.0    991.8
     1     1    23     1    21    13     0     1   118.0   32.537  -96.540     90.9    988.2
     1     1    23     1    21    14     0     2   119.0   32.658  -96.665    111.1    985.1
     1     1    23     1    21    15     0     3   120.0   32.799  -96.772    135.7    982.6
