     8     1
    GDAS    22    12    22     0     0
    GDAS    22    12    29     0     0
    GDAS    23     1     1     0     0
    GDAS    23     1     8     0     0
    GDAS    23     1    15     0     0
    GDAS    23     1    22     0     0
    GDAS    23     1    29     0     0
    GDAS    23     2     1     0     0
     1 FORWARD  OMEGA   
    23     1    20    11   51.139 -111.265  1944.1
     1 PRESSURE
     1     1    23     1    20    11     0     1     0.0   51.139 -111.265   1944.1    727.7
     1     1    23     1    20    12     0     0     1.0   51.069 -110.932   1936.0    730.7
     1     1    23     1    20    13     0     1     2.0   50.979 -110.593   1933.7    731.0
     1     1    23     1    20    14     0     2     3.0   50.874 -110.246   1918.0    733.8
     1     1    23     1    20    15     0     3     4.0   50.768 -109.907   1893.1    736.0
     1     1    23     1    20    16     0     2     5.0   50.642 -109.564   1850.9    738.1
     1     1    23     1    20    17     0     1     6.0   50.492 -109.197   1789.3    742.6
     1     1    23     1    20    18     0     0     7.0   50.345 -108.815   1726.4    747.7
     1     1    23     1    20    19     0     1     8.0   50.183 -108.429   1698.1    747.8
     1     1    23     1    20    20     0     2     9.0   49.992 -108.040   1725.2    739.7
     1     1    23     1    20    21     0     3    10.0   49.793 -107.631   1778.3    734.7
     1     1    23     1    20    22     0     2    11.0   49.597 -107.219   1818.5    735.4
     1     1    23     1    20    23     0     1    12.0   49.390 -106.833   1865.9    732.6
     1     1    23     1    21     0     0     0    13.0   49.149 -106.485   1910.8    722.9
     1     1    23     1    21     1     0     1    14.0   48.883 -106.149   1934.4    718.3
     1     1    23     1    21     2     0     2    15.0   48.620 -105.780   1942.4    723.9
     1     1    23     1    21     3     0     3    16.0   48.355 -105.416   1943.0    729.8
     1     1    23     1    21     4     0     2    17.0   48.068 -105.066   1951.1    733.6
     1     1    23     1    21     5     0     1    18.0   47.778 -104.691   1976.3    730.2
     1     1    23     1    21     6     0     0    19.0   47.494 -104.303   1996.6    721.4
     1     1    23     1    21     7     0     1    20.0   47.200 -103.915   1981.7    715.0
     1     1    23     1    21     8     0     2    21.0   46.903 -103.523   1964.0    717.2
     1     1    23     1    21     9     0     3    22.0   46.600 -103.156   1979.4    715.8
     1     1    23     1    21    10     0     2    23.0   46.293 -102.799   2005.5    712.9
     1     1    23     1    21    11     0     1    24.0   45.996 -102.436   2004.1    713.9
     1     1    23     1    21    12     0     0    25.0   45.695 -102.085   1960.9    722.0
     1     1    23     1    21    13     0     1    26.0   45.395 -101.733   1929.4    732.9
     1     1    23     1    21    14     0     2    27.0   45.106 -101.382   1967.7    731.5
     1     1    23     1    21    15     0     3    28.0   44.805 -101.053   2053.9    722.9
     1     1    23     1    21    16     0     2    29.0   44.519 -100.743   2097.6    715.5
     1     1    23     1    21    17     0     1    30.0   44.270 -100.446   2095.1    724.6
     1     1    23     1    21    18     0     0    31.0   44.027 -100.179   2127.2    727.8
     1     1    23     1    21    19     0     1    32.0   43.799  -99.931   2165.0    718.3
     1     1    23     1    21    20     0     2    33.0   43.606  -99.678   2151.1    715.4
     1     1    23     1    21    21     0     3    34.0   43.423  -99.425   2083.1    721.5
     1     1    23     1    21    22     0     2    35.0   43.230  -99.179   2024.0    731.9
     1     1    23     1    21    23     0     1    36.0   43.033  -98.946   2014.4    733.1
     1     1    23     1    22     0     0     0    37.0   42.828  -98.733   2032.3    730.4
     1     1    23     1    22     1     0     1    38.0   42.622  -98.545   2042.5    726.8
     1     1    23     1    22     2     0     2    39.0   42.418  -98.390   2030.7    727.8
     1     1    23     1    22     3     0     3    40.0   42.203  -98.278   2015.3    728.9
     1     1    23     1    22     4     0     2    41.0   41.988  -98.192   2017.0    728.1
     1     1    23     1    22     5     0     1    42.0   41.787  -98.109   2035.5    726.9
     1     1    23     1    22     6     0     0    43.0   41.595  -98.030   2051.9    726.9
     1     1    23     1    22     7     0     1    44.0   41.409  -97.957   2053.4    727.6
     1     1    23     1    22     8     0     2    45.0   41.233  -97.890   2031.3    731.0
     1     1    23     1    22     9     0     3    46.0   41.069  -97.825   1988.6    736.4
     1     1    23     1    22    10     0     2    47.0   40.906  -97.760   1937.6    743.4
     1     1    23     1    22    11     0     1    48.0   40.729  -97.694   1887.0    749.6
     1     1    23     1    22    12     0     0    49.0   40.536  -97.620   1834.3    756.2
     1     1    23     1    22    13     0     1    50.0   40.331  -97.549   1791.4    763.5
     1     1    23     1    22    14     0     2    51.0   40.118  -97.495   1772.9    767.4
     1     1    23     1    22    15     0     3    52.0   39.898  -97.462   1775.0    768.2
     1     1    23     1    22    16     0     2    53.0   39.681  -97.435   1775.8    767.9
     1     1    23     1    22    17     0     1    54.0   39.478  -97.404   1763.7    770.9
     1     1    23     1    22    18     0     0    55.0   39.288  -97.373   1746.9    774.3
     1     1    23     1    22    19     0     1    56.0   39.102  -97.324   1728.5    777.4
     1     1    23     1    22    20     0     2    57.0   38.908  -97.240   1710.8    780.5
     1     1    23     1    22    21     0     3    58.0   38.702  -97.121   1696.2    782.1
     1     1    23     1    22    22     0     2    59.0   38.482  -96.979   1673.3    783.9
     1     1    23     1    22    23     0     1    60.0   38.249  -96.830   1629.6    787.8
     1     1    23     1    23     0     0     0    61.0   38.004  -96.675   1563.3    794.7
     1     1    23     1    23     1     0     1    62.0   37.758  -96.523   1498.3    807.2
     1     1    23     1    23     2     0     2    63.0   37.523  -96.384   1446.5    814.7
     1     1    23     1    23     3     0     3    64.0   37.297  -96.261   1393.0    822.3
     1     1    23     1    23     4     0     2    65.0   37.085  -96.147   1339.2    831.4
     1     1    23     1    23     5     0     1    66.0   36.886  -96.031   1297.3    839.1
     1     1    23     1    23     6     0     0    67.0   36.699  -95.915   1267.0    843.6
     1     1    23     1    23     7     0     1    68.0   36.525  -95.795   1241.7    847.4
     1     1    23     1    23     8     0     2    69.0   36.358  -95.665   1232.1    850.7
     1     1    23     1    23     9     0     3    70.0   36.200  -95.523   1255.5    849.0
     1     1    23     1    23    10     0     2    71.0   36.046  -95.375   1274.1    842.6
     1     1    23     1    23    11     0     1    72.0   35.892  -95.236   1250.4    845.4
     1     1    23     1    23    12     0     0    73.0   35.737  -95.111   1194.4    853.2
     1     1    23     1    23    13     0     1    74.0   35.585  -95.009   1130.9    863.0
     1     1    23     1    23    14     0     2    75.0   35.442  -94.940   1075.3    869.6
     1     1    23     1    23    15     0     3    76.0   35.308  -94.909   1027.6    875.9
     1     1    23     1    23    16     0     2    77.0   35.196  -94.907    994.0    881.7
     1     1    23     1    23    17     0     1    78.0   35.123  -94.918    978.7    884.2
     1     1    23     1    23    18     0     0    79.0   35.090  -94.933    979.4    884.8
     1     1    23     1    23    19     0     1    80.0   35.079  -94.945    978.5    882.9
     1     1    23     1    23    20     0     2    81.0   35.073  -94.951    958.0    885.0
     1     1    23     1    23    21     0     3    82.0   35.067  -94.951    921.4    889.2
     1     1    23     1    23    22     0     2    83.0   35.072  -94.952    870.3    895.1
     1     1    23     1    23    23     0     1    84.0   35.093  -94.963    802.8    902.4
     1     1    23     1    24     0     0     0    85.0   35.119  -94.990    722.3    911.8
     1     1    23     1    24     1     0     1    86.0   35.138  -95.045    645.2    922.5
     1     1    23     1    24     2     0     2    87.0   35.158  -95.130    584.4    929.1
     1     1    23     1    24     3     0     3    88.0   35.188  -95.237    537.7    934.0
     1     1    23     1    24     4     0     2    89.0   35.241  -95.346    505.2    937.8
     1     1    23     1    24     5     0     1    90.0   35.326  -95.436    487.5    939.5
     1     1    23     1    24     6     0     0    91.0   35.442  -95.505    482.7    939.5
     1     1    23     1    24     7     0     1    92.0   35.575  -95.567    485.0    937.8
     1     1    23     1    24     8     0     2    93.0   35.708  -95.638    486.2    936.4
     1     1    23     1    24     9     0     3    94.0   35.835  -95.719    478.0    936.4
     1     1    23     1    24    10     0     2    95.0   35.945  -95.816    458.6    939.1
     1     1    23     1    24    11     0     1    96.0   36.036  -95.937    438.5    942.6
     1     1    23     1    24    12     0     0    97.0   36.114  -96.081    432.3    943.1
     1     1    23     1    24    13     0     1    98.0   36.194  -96.224    449.4    939.6
     1     1    23     1    24    14     0     2    99.0   36.281  -96.342    490.0    933.5
     1     1    23     1    24    15     0     3   100.0   36.373  -96.434    558.7    924.8
     1     1    23     1    24    16     0     2   101.0   36.454  -96.523    626.4    911.8
     1     1    23     1    24    17     0     1   102.0   36.506  -96.638    650.1    906.0
     1     1    23     1    24    18     0     0   103.0   36.527  -96.794    610.3    907.7
     1     1    23     1    24    19     0     1   104.0   36.512  -96.996    548.8    917.6
     1     1    23     1    24    20     0     2   105.0   36.466  -97.233    516.7    918.8
     1     1    23     1    24    21     0     3   106.0   36.393  -97.484    519.2    916.8
     1     1    23     1    24    22     0     2   107.0   36.292  -97.718    570.4    910.8
     1     1    23     1    24    23     0     1   108.0   36.165  -97.910    682.5    897.6
     1     1    23     1    25     0     0     0   109.0   36.019  -98.051    864.9    876.7
     1     1    23     1    25     1     0     1   110.0   35.854  -98.147   1054.7    845.3
     1     1    23     1    25     2     0     2   111.0   35.647  -98.201   1151.8    834.3
     1     1    23     1    25     3     0     3   112.0   35.394  -98.215   1184.8    833.8
     1     1    23     1    25     4     0     2   113.0   35.109  -98.194   1182.3    835.2
     1     1    23     1    25     5     0     1   114.0   34.806  -98.136   1149.7    841.1
     1     1    23     1    25     6     0     0   115.0   34.483  -98.027   1119.4    850.6
     1     1    23     1    25     7     0     1   116.0   34.145  -97.869   1114.1    853.7
     1     1    23     1    25     8     0     2   117.0   33.804  -97.662   1098.7    854.9
     1     1    23     1    25     9     0     3   118.0   33.460  -97.397   1058.6    863.2
     1     1    23     1    25    10     0     2   119.0   33.100  -97.088   1025.6    876.3
     1     1    23     1    25    11     0     1   120.0   32.735  -96.759   1003.0    879.0
