     8     1
    GDAS    22    12    22     0     0
    GDAS    22    12    29     0     0
    GDAS    23     1     1     0     0
    GDAS    23     1     8     0     0
    GDAS    23     1    15     0     0
    GDAS    23     1    22     0     0
    GDAS    23     1    29     0     0
    GDAS    23     2     1     0     0
     1 FORWARD  OMEGA   
    22    12    31    14   45.706 -117.364  4011.9
     1 PRESSURE
     1     1    22    12    31    14     0     2     0.0   45.706 -117.364   4011.9    519.5
     1     1    22    12    31    15     0     3     1.0   45.527 -116.688   3846.9    532.8
     1     1    22    12    31    16     0     2     2.0   45.333 -115.981   3729.2    507.4
     1     1    22    12    31    17     0     1     3.0   45.150 -115.250   3718.3    489.5
     1     1    22    12    31    18     0     0     4.0   44.958 -114.480   3805.9    471.0
     1     1    22    12    31    19     0     1     5.0   44.773 -113.653   3839.1    468.2
     1     1    22    12    31    20     0     2     6.0   44.636 -112.835   3717.2    480.5
     1     1    22    12    31    21     0     3     7.0   44.508 -112.033   3525.3    499.9
     1     1    22    12    31    22     0     2     8.0   44.398 -111.217   3305.4    497.3
     1     1    22    12    31    23     0     1     9.0   44.316 -110.297   2986.7    485.4
     1     1    23     1     1     0     0     0    10.0   44.200 -109.324   2712.5    533.8
     1     1    23     1     1     1     0     1    11.0   44.026 -108.557   2652.5    575.4
     1     1    23     1     1     2     0     2    12.0   43.871 -107.944   2680.0    601.0
     1     1    23     1     1     3     0     3    13.0   43.756 -107.318   2562.8    567.7
     1     1    23     1     1     4     0     2    14.0   43.697 -106.622   2510.1    574.7
     1     1    23     1     1     5     0     1    15.0   43.661 -106.062   2475.7    609.2
     1     1    23     1     1     6     0     0    16.0   43.633 -105.598   2432.5    621.6
     1     1    23     1     1     7     0     1    17.0   43.604 -105.118   2444.9    620.9
     1     1    23     1     1     8     0     2    18.0   43.566 -104.596   2409.8    612.4
     1     1    23     1     1     9     0     3    19.0   43.504 -104.054   2270.2    621.4
     1     1    23     1     1    10     0     2    20.0   43.418 -103.590   2171.0    660.2
     1     1    23     1     1    11     0     1    21.0   43.321 -103.218   2113.7    681.1
     1     1    23     1     1    12     0     0    22.0   43.223 -102.899   2049.9    693.1
     1     1    23     1     1    13     0     1    23.0   43.136 -102.632   2002.8    699.9
     1     1    23     1     1    14     0     2    24.0   43.073 -102.414   2018.8    697.0
     1     1    23     1     1    15     0     3    25.0   43.038 -102.232   2096.7    688.9
     1     1    23     1     1    16     0     2    26.0   43.034 -102.062   2178.2    676.0
     1     1    23     1     1    17     0     1    27.0   43.065 -101.900   2206.8    675.0
     1     1    23     1     1    18     0     0    28.0   43.120 -101.756   2177.5    680.8
     1     1    23     1     1    19     0     1    29.0   43.189 -101.617   2128.6    691.7
     1     1    23     1     1    20     0     2    30.0   43.277 -101.449   2097.1    697.6
     1     1    23     1     1    21     0     3    31.0   43.381 -101.262   2069.8    703.9
     1     1    23     1     1    22     0     2    32.0   43.495 -101.067   2051.9    711.8
     1     1    23     1     1    23     0     1    33.0   43.614 -100.864   2055.6    717.3
     1     1    23     1     2     0     0     0    34.0   43.731 -100.656   2084.9    720.8
     1     1    23     1     2     1     0     1    35.0   43.839 -100.445   2128.9    720.6
     1     1    23     1     2     2     0     2    36.0   43.931 -100.233   2168.9    721.3
     1     1    23     1     2     3     0     3    37.0   44.011 -100.017   2193.6    722.5
     1     1    23     1     2     4     0     2    38.0   44.085  -99.783   2193.8    722.4
     1     1    23     1     2     5     0     1    39.0   44.157  -99.521   2167.5    724.4
     1     1    23     1     2     6     0     0    40.0   44.220  -99.238   2105.0    730.4
     1     1    23     1     2     7     0     1    41.0   44.269  -98.960   2027.6    741.4
     1     1    23     1     2     8     0     2    42.0   44.310  -98.694   1965.6    750.4
     1     1    23     1     2     9     0     3    43.0   44.346  -98.441   1911.6    757.8
     1     1    23     1     2    10     0     2    44.0   44.374  -98.202   1856.4    765.5
     1     1    23     1     2    11     0     1    45.0   44.391  -97.987   1795.5    773.2
     1     1    23     1     2    12     0     0    46.0   44.400  -97.796   1722.9    777.2
     1     1    23     1     2    13     0     1    47.0   44.401  -97.616   1634.8    782.5
     1     1    23     1     2    14     0     2    48.0   44.392  -97.443   1523.6    791.0
     1     1    23     1     2    15     0     3    49.0   44.372  -97.282   1385.5    802.1
     1     1    23     1     2    16     0     2    50.0   44.343  -97.147   1239.5    817.1
     1     1    23     1     2    17     0     1    51.0   44.304  -97.049   1110.8    829.1
     1     1    23     1     2    18     0     0    52.0   44.247  -96.995   1003.0    839.9
     1     1    23     1     2    19     0     1    53.0   44.174  -96.994    907.3    849.0
     1     1    23     1     2    20     0     2    54.0   44.087  -97.050    804.3    860.1
     1     1    23     1     2    21     0     3    55.0   43.971  -97.175    676.6    874.7
     1     1    23     1     2    22     0     2    56.0   43.814  -97.396    554.3    895.9
     1     1    23     1     2    23     0     1    57.0   43.641  -97.723    491.7    907.0
     1     1    23     1     3     0     0     0    58.0   43.468  -98.152    483.2    903.9
     1     1    23     1     3     1     0     1    59.0   43.297  -98.656    519.5    891.4
     1     1    23     1     3     2     0     2    60.0   43.131  -99.182    586.7    873.4
     1     1    23     1     3     3     0     3    61.0   42.969  -99.704    635.9    855.7
     1     1    23     1     3     4     0     2    62.0   42.780 -100.260    689.2    844.0
     1     1    23     1     3     5     0     1    63.0   42.548 -100.894    815.3    816.5
     1     1    23     1     3     6     0     0    64.0   42.289 -101.551   1011.7    780.6
     1     1    23     1     3     7     0     1    65.0   41.996 -102.130   1193.2    744.7
     1     1    23     1     3     8     0     2    66.0   41.671 -102.568   1307.0    732.9
     1     1    23     1     3     9     0     3    67.0   41.323 -102.861   1376.3    723.0
     1     1    23     1     3    10     0     2    68.0   40.945 -103.040   1372.7    714.5
     1     1    23     1     3    11     0     1    69.0   40.541 -103.082   1313.1    721.1
     1     1    23     1     3    12     0     0    70.0   40.101 -102.972   1327.4    726.9
     1     1    23     1     3    13     0     1    71.0   39.629 -102.749   1342.3    712.7
     1     1    23     1     3    14     0     2    72.0   39.126 -102.476   1207.0    729.1
     1     1    23     1     3    15     0     3    73.0   38.612 -102.232   1010.7    767.4
     1     1    23     1     3    16     0     2    74.0   38.145 -102.045    862.8    798.9
     1     1    23     1     3    17     0     1    75.0   37.735 -101.855    780.2    809.2
     1     1    23     1     3    18     0     0    76.0   37.373 -101.652    747.7    815.3
     1     1    23     1     3    19     0     1    77.0   37.055 -101.457    733.3    817.4
     1     1    23     1     3    20     0     2    78.0   36.795 -101.279    702.7    825.6
     1     1    23     1     3    21     0     3    79.0   36.594 -101.125    667.8    834.4
     1     1    23     1     3    22     0     2    80.0   36.431 -100.992    627.2    841.9
     1     1    23     1     3    23     0     1    81.0   36.287 -100.870    570.3    850.2
     1     1    23     1     4     0     0     0    82.0   36.152 -100.762    499.8    859.9
     1     1    23     1     4     1     0     1    83.0   36.013 -100.672    430.4    870.4
     1     1    23     1     4     2     0     2    84.0   35.861 -100.603    375.7    878.5
     1     1    23     1     4     3     0     3    85.0   35.698 -100.561    339.9    884.5
     1     1    23     1     4     4     0     2    86.0   35.556 -100.542    326.6    887.7
     1     1    23     1     4     5     0     1    87.0   35.458 -100.534    334.4    887.3
     1     1    23     1     4     6     0     0    88.0   35.404 -100.530    359.3    884.9
     1     1    23     1     4     7     0     1    89.0   35.377 -100.514    392.1    881.3
     1     1    23     1     4     8     0     2    90.0   35.362 -100.472    423.3    879.0
     1     1    23     1     4     9     0     3    91.0   35.355 -100.398    449.1    877.6
     1     1    23     1     4    10     0     2    92.0   35.339 -100.301    463.5    878.2
     1     1    23     1     4    11     0     1    93.0   35.301 -100.202    467.5    881.0
     1     1    23     1     4    12     0     0    94.0   35.242 -100.109    465.2    884.8
     1     1    23     1     4    13     0     1    95.0   35.178 -100.033    464.7    888.9
     1     1    23     1     4    14     0     2    96.0   35.124  -99.973    472.3    890.8
     1     1    23     1     4    15     0     3    97.0   35.081  -99.923    489.5    890.9
     1     1    23     1     4    16     0     2    98.0   35.056  -99.870    501.8    889.4
     1     1    23     1     4    17     0     1    99.0   35.055  -99.799    494.2    891.6
     1     1    23     1     4    18     0     0   100.0   35.080  -99.708    469.8    896.0
     1     1    23     1     4    19     0     1   101.0   35.112  -99.588    442.6    901.5
     1     1    23     1     4    20     0     2   102.0   35.129  -99.434    421.3    905.5
     1     1    23     1     4    21     0     3   103.0   35.133  -99.245    400.9    909.7
     1     1    23     1     4    22     0     2   104.0   35.114  -99.035    378.6    915.9
     1     1    23     1     4    23     0     1   105.0   35.070  -98.822    351.2    923.0
     1     1    23     1     5     0     0     0   106.0   35.014  -98.599    316.4    931.3
     1     1    23     1     5     1     0     1   107.0   34.927  -98.381    289.7    941.0
     1     1    23     1     5     2     0     2   108.0   34.791  -98.181    283.5    946.0
     1     1    23     1     5     3     0     3   109.0   34.611  -97.999    293.0    948.8
     1     1    23     1     5     4     0     2   110.0   34.400  -97.845    295.2    948.6
     1     1    23     1     5     5     0     1   111.0   34.179  -97.721    278.7    955.1
     1     1    23     1     5     6     0     0   112.0   33.962  -97.611    264.0    961.0
     1     1    23     1     5     7     0     1   113.0   33.753  -97.515    255.7    962.4
     1     1    23     1     5     8     0     2   114.0   33.545  -97.439    247.1    964.3
     1     1    23     1     5     9     0     3   115.0   33.333  -97.372    233.8    967.4
     1     1    23     1     5    10     0     2   116.0   33.131  -97.311    218.9    971.5
     1     1    23     1     5    11     0     1   117.0   32.948  -97.263    210.2    974.5
     1     1    23     1     5    12     0     0   118.0   32.771  -97.230    210.1    974.4
     1     1    23     1     5    13     0     1   119.0   32.596  -97.210    210.5    973.5
     1     1    23     1     5    14     0     2   120.0   32.428  -97.199    207.0    974.2
