     8     1
    GDAS    22    12    22     0     0
    GDAS    22    12    29     0     0
    GDAS    23     1     1     0     0
    GDAS    23     1     8     0     0
    GDAS    23     1    15     0     0
    GDAS    23     1    22     0     0
    GDAS    23     1    29     0     0
    GDAS    23     2     1     0     0
     1 FORWARD  OMEGA   
    22    12    31    11   32.231 -125.730    61.9
     1 PRESSURE
     1     1    22    12    31    11     0     1     0.0   32.231 -125.730     61.9   1009.2
     1     1    22    12    31    12     0     0     1.0   32.403 -125.458     61.5   1008.4
     1     1    22    12    31    13     0     1     2.0   32.594 -125.170     61.0   1007.6
     1     1    22    12    31    14     0     2     3.0   32.800 -124.859     59.7   1007.2
     1     1    22    12    31    15     0     3     4.0   33.028 -124.532     57.3   1006.6
     1     1    22    12    31    16     0     2     5.0   33.292 -124.218     52.2   1006.6
     1     1    22    12    31    17     0     1     6.0   33.604 -123.934     44.9   1006.3
     1     1    22    12    31    18     0     0     7.0   33.973 -123.686     36.4   1006.0
     1     1    22    12    31    19     0     1     8.0   34.362 -123.442     31.6   1005.9
     1     1    22    12    31    20     0     2     9.0   34.763 -123.178     32.8   1003.6
     1     1    22    12    31    21     0     3    10.0   35.220 -122.946     37.7   1001.1
     1     1    22    12    31    22     0     2    11.0   35.602 -122.769     49.1    999.4
     1     1    22    12    31    23     0     1    12.0   35.790 -122.587     70.6    996.7
     1     1    23     1     1     0     0     0    13.0   35.911 -122.365    122.2    991.1
     1     1    23     1     1     1     0     1    14.0   36.037 -122.103    228.7    978.2
     1     1    23     1     1     2     0     2    15.0   36.041 -121.781    303.7    952.1
     1     1    23     1     1     3     0     3    16.0   35.917 -121.387    246.0    944.4
     1     1    23     1     1     4     0     2    17.0   35.852 -121.034    148.1    957.9
     1     1    23     1     1     5     0     1    18.0   35.843 -120.759     93.4    963.6
     1     1    23     1     1     6     0     0    19.0   35.798 -120.502     57.9    966.3
     1     1    23     1     1     7     0     1    20.0   35.754 -120.260     27.3    968.5
     1     1    23     1     1     8     0     2    21.0   35.738 -120.060      6.8    968.6
     1     1    23     1     1     9     0     3    22.0   35.718 -119.907      0.0    967.8
     1     1    23     1     1    10     0     2    23.0   35.683 -119.789      0.0    965.8
     1     1    23     1     1    11     0     1    24.0   35.645 -119.695      4.4    963.7
     1     1    23     1     1    12     0     0    25.0   35.617 -119.621     11.6    962.1
     1     1    23     1     1    13     0     1    26.0   35.598 -119.558     24.7    959.6
     1     1    23     1     1    14     0     2    27.0   35.588 -119.501     45.8    956.7
     1     1    23     1     1    15     0     3    28.0   35.584 -119.448     70.5    953.7
     1     1    23     1     1    16     0     2    29.0   35.561 -119.369    135.7    950.4
     1     1    23     1     1    17     0     1    30.0   35.482 -119.195    368.4    927.0
     1     1    23     1     1    18     0     0    31.0   35.325 -118.873    800.3    864.2
     1     1    23     1     1    19     0     1    32.0   35.090 -118.462   1049.2    794.4
     1     1    23     1     1    20     0     2    33.0   34.852 -118.029    922.4    815.8
     1     1    23     1     1    21     0     3    34.0   34.724 -117.657    741.1    863.0
     1     1    23     1     1    22     0     2    35.0   34.638 -117.283    746.6    846.3
     1     1    23     1     1    23     0     1    36.0   34.554 -116.908    826.8    813.1
     1     1    23     1     2     0     0     0    37.0   34.452 -116.561    827.7    810.5
     1     1    23     1     2     1     0     1    38.0   34.339 -116.256    786.1    821.3
     1     1    23     1     2     2     0     2    39.0   34.230 -115.991    767.1    818.9
     1     1    23     1     2     3     0     3    40.0   34.132 -115.751    775.1    829.6
     1     1    23     1     2     4     0     2    41.0   34.024 -115.490    811.2    840.2
     1     1    23     1     2     5     0     1    42.0   33.911 -115.179    861.3    861.7
     1     1    23     1     2     6     0     0    43.0   33.817 -114.822    911.6    867.5
     1     1    23     1     2     7     0     1    44.0   33.749 -114.468    922.3    863.4
     1     1    23     1     2     8     0     2    45.0   33.695 -114.133    896.5    868.1
     1     1    23     1     2     9     0     3    46.0   33.649 -113.802    881.2    867.7
     1     1    23     1     2    10     0     2    47.0   33.616 -113.453    899.0    859.5
     1     1    23     1     2    11     0     1    48.0   33.598 -113.075    941.6    847.6
     1     1    23     1     2    12     0     0    49.0   33.592 -112.690   1011.5    833.3
     1     1    23     1     2    13     0     1    50.0   33.594 -112.325   1135.0    814.3
     1     1    23     1     2    14     0     2    51.0   33.605 -111.971   1309.8    785.7
     1     1    23     1     2    15     0     3    52.0   33.626 -111.595   1468.4    744.9
     1     1    23     1     2    16     0     2    53.0   33.667 -111.168   1587.8    710.3
     1     1    23     1     2    17     0     1    54.0   33.745 -110.694   1734.7    679.6
     1     1    23     1     2    18     0     0    55.0   33.875 -110.208   1983.2    639.7
     1     1    23     1     2    19     0     1    56.0   33.970 -109.706   2174.9    586.3
     1     1    23     1     2    20     0     2    57.0   33.958 -109.194   2249.9    563.3
     1     1    23     1     2    21     0     3    58.0   33.889 -108.669   2269.9    563.5
     1     1    23     1     2    22     0     2    59.0   33.815 -108.112   2190.4    573.1
     1     1    23     1     2    23     0     1    60.0   33.736 -107.557   2163.9    611.3
     1     1    23     1     3     0     0     0    61.0   33.671 -107.061   2566.4    617.5
     1     1    23     1     3     1     0     1    62.0   33.625 -106.522   3102.7    536.0
     1     1    23     1     3     2     0     2    63.0   33.590 -105.853   3118.2    530.2
     1     1    23     1     3     3     0     3    64.0   33.544 -105.209   3016.6    579.2
     1     1    23     1     3     4     0     2    65.0   33.486 -104.597   3059.0    583.6
     1     1    23     1     3     5     0     1    66.0   33.487 -103.926   2992.4    584.6
     1     1    23     1     3     6     0     0    67.0   33.539 -103.222   2786.7    617.0
     1     1    23     1     3     7     0     1    68.0   33.626 -102.502   2581.7    639.5
     1     1    23     1     3     8     0     2    69.0   33.748 -101.769   2326.5    669.4
     1     1    23     1     3     9     0     3    70.0   33.884 -101.039   1961.6    708.7
     1     1    23     1     3    10     0     2    71.0   33.967 -100.336   1699.0    775.8
     1     1    23     1     3    11     0     1    72.0   33.999  -99.691   1680.3    780.3
     1     1    23     1     3    12     0     0    73.0   34.026  -99.071   1726.6    784.8
     1     1    23     1     3    13     0     1    74.0   34.093  -98.453   1762.3    781.5
     1     1    23     1     3    14     0     2    75.0   34.202  -97.842   1801.3    785.9
     1     1    23     1     3    15     0     3    76.0   34.347  -97.231   1830.5    778.4
     1     1    23     1     3    16     0     2    77.0   34.521  -96.623   1809.3    785.2
     1     1    23     1     3    17     0     1    78.0   34.725  -96.018   1795.1    793.8
     1     1    23     1     3    18     0     0    79.0   34.959  -95.406   1818.8    790.6
     1     1    23     1     3    19     0     1    80.0   35.221  -94.771   1873.9    779.4
     1     1    23     1     3    20     0     2    81.0   35.511  -94.103   1827.8    762.4
     1     1    23     1     3    21     0     3    82.0   35.806  -93.428   1741.1    785.1
     1     1    23     1     3    22     0     2    83.0   36.104  -92.745   1774.3    786.5
     1     1    23     1     3    23     0     1    84.0   36.419  -92.060   1789.6    773.4
     1     1    23     1     4     0     0     0    85.0   36.724  -91.399   1748.6    792.7
     1     1    23     1     4     1     0     1    86.0   37.037  -90.769   1744.7    797.1
     1     1    23     1     4     2     0     2    87.0   37.386  -90.167   1761.1    797.9
     1     1    23     1     4     3     0     3    88.0   37.770  -89.602   1832.7    797.0
     1     1    23     1     4     4     0     2    89.0   38.204  -89.067   1913.5    779.2
     1     1    23     1     4     5     0     1    90.0   38.677  -88.559   1949.7    779.8
     1     1    23     1     4     6     0     0    91.0   39.179  -88.081   1980.1    774.5
     1     1    23     1     4     7     0     1    92.0   39.711  -87.601   1992.9    768.1
     1     1    23     1     4     8     0     2    93.0   40.264  -87.100   2016.2    767.6
     1     1    23     1     4     9     0     3    94.0   40.835  -86.598   2049.6    758.0
     1     1    23     1     4    10     0     2    95.0   41.384  -86.118   2088.5    754.6
     1     1    23     1     4    11     0     1    96.0   41.886  -85.650   2154.2    746.2
     1     1    23     1     4    12     0     0    97.0   42.340  -85.209   2241.5    740.7
     1     1    23     1     4    13     0     1    98.0   42.748  -84.827   2311.3    732.3
     1     1    23     1     4    14     0     2    99.0   43.116  -84.526   2329.5    733.2
     1     1    23     1     4    15     0     3   100.0   43.459  -84.318   2373.1    734.1
     1     1    23     1     4    16     0     2   101.0   43.778  -84.189   2478.2    721.2
     1     1    23     1     4    17     0     1   102.0   44.091  -84.117   2578.6    707.8
     1     1    23     1     4    18     0     0   103.0   44.408  -84.110   2636.8    700.9
     1     1    23     1     4    19     0     1   104.0   44.712  -84.172   2683.0    696.6
     1     1    23     1     4    20     0     2   105.0   45.003  -84.280   2735.3    689.0
     1     1    23     1     4    21     0     3   106.0   45.289  -84.422   2878.0    684.8
     1     1    23     1     4    22     0     2   107.0   45.553  -84.620   3227.8    657.8
     1     1    23     1     4    23     0     1   108.0   45.782  -84.862   3774.9    611.1
     1     1    23     1     5     0     0     0   109.0   45.947  -85.148   4315.1    559.3
     1     1    23     1     5     1     0     1   110.0   46.094  -85.487   4758.1    531.2
     1     1    23     1     5     2     0     2   111.0   46.261  -85.913   5081.5    503.2
     1     1    23     1     5     3     0     3   112.0   46.410  -86.415   5234.6    495.0
     1     1    23     1     5     4     0     2   113.0   46.542  -86.941   5303.9    495.1
     1     1    23     1     5     5     0     1   114.0   46.656  -87.475   5348.2    489.6
     1     1    23     1     5     6     0     0   115.0   46.718  -88.041   5377.0    483.7
     1     1    23     1     5     7     0     1   116.0   46.731  -88.615   5386.6    481.8
     1     1    23     1     5     8     0     2   117.0   46.724  -89.179   5351.7    482.3
     1     1    23     1     5     9     0     3   118.0   46.684  -89.766   5286.6    490.5
     1     1    23     1     5    10     0     2   119.0   46.574  -90.361   5246.6    493.8
     1     1    23     1     5    11     0     1   120.0   46.402  -90.937   5246.2    489.7
