     8     1
    GDAS    22    12    22     0     0
    GDAS    22    12    29     0     0
    GDAS    23     1     1     0     0
    GDAS    23     1     8     0     0
    GDAS    23     1    15     0     0
    GDAS    23     1    22     0     0
    GDAS    23     1    29     0     0
    GDAS    23     2     1     0     0
     1 FORWARD  OMEGA   
    23     1    20    11   43.857 -102.482   417.2
     1 PRESSURE
     1     1    23     1    20    11     0     1     0.0   43.857 -102.482    417.2    871.2
     1     1    23     1    20    12     0     0     1.0   43.666 -102.170    385.8    872.2
     1     1    23     1    20    13     0     1     2.0   43.461 -101.870    350.3    875.4
     1     1    23     1    20    14     0     2     3.0   43.257 -101.607    333.1    875.8
     1     1    23     1    20    15     0     3     4.0   43.034 -101.341    331.5    873.0
     1     1    23     1    20    16     0     2     5.0   42.785 -101.063    327.3    873.8
     1     1    23     1    20    17     0     1     6.0   42.566 -100.824    320.2    879.4
     1     1    23     1    20    18     0     0     7.0   42.400 -100.625    317.6    882.8
     1     1    23     1    20    19     0     1     8.0   42.263 -100.444    315.2    885.3
     1     1    23     1    20    20     0     2     9.0   42.133 -100.262    309.3    888.5
     1     1    23     1    20    21     0     3    10.0   41.997 -100.062    302.0    892.7
     1     1    23     1    20    22     0     2    11.0   41.854  -99.866    289.9    895.8
     1     1    23     1    20    23     0     1    12.0   41.710  -99.713    270.4    899.8
     1     1    23     1    21     0     0     0    13.0   41.565  -99.606    247.0    904.0
     1     1    23     1    21     1     0     1    14.0   41.435  -99.529    228.7    908.1
     1     1    23     1    21     2     0     2    15.0   41.333  -99.458    222.6    910.1
     1     1    23     1    21     3     0     3    16.0   41.257  -99.388    230.2    910.8
     1     1    23     1    21     4     0     2    17.0   41.198  -99.311    245.2    909.7
     1     1    23     1    21     5     0     1    18.0   41.145  -99.217    257.9    909.7
     1     1    23     1    21     6     0     0    19.0   41.100  -99.105    264.5    910.4
     1     1    23     1    21     7     0     1    20.0   41.059  -98.990    265.6    912.2
     1     1    23     1    21     8     0     2    21.0   41.024  -98.889    263.1    913.7
     1     1    23     1    21     9     0     3    22.0   40.998  -98.803    255.0    915.7
     1     1    23     1    21    10     0     2    23.0   40.970  -98.716    244.7    918.2
     1     1    23     1    21    11     0     1    24.0   40.934  -98.614    235.3    920.5
     1     1    23     1    21    12     0     0    25.0   40.886  -98.500    227.2    923.0
     1     1    23     1    21    13     0     1    26.0   40.832  -98.389    219.7    925.7
     1     1    23     1    21    14     0     2    27.0   40.774  -98.297    211.5    928.2
     1     1    23     1    21    15     0     3    28.0   40.713  -98.225    201.1    930.6
     1     1    23     1    21    16     0     2    29.0   40.654  -98.172    190.0    933.2
     1     1    23     1    21    17     0     1    30.0   40.603  -98.134    181.8    935.1
     1     1    23     1    21    18     0     0    31.0   40.559  -98.114    178.8    936.0
     1     1    23     1    21    19     0     1    32.0   40.510  -98.099    178.0    935.4
     1     1    23     1    21    20     0     2    33.0   40.444  -98.078    174.5    935.8
     1     1    23     1    21    21     0     3    34.0   40.360  -98.053    165.4    936.9
     1     1    23     1    21    22     0     2    35.0   40.259  -98.028    152.6    940.1
     1     1    23     1    21    23     0     1    36.0   40.143  -98.006    142.0    942.9
     1     1    23     1    22     0     0     0    37.0   40.009  -97.982    137.8    944.7
     1     1    23     1    22     1     0     1    38.0   39.857  -97.957    132.8    944.3
     1     1    23     1    22     2     0     2    39.0   39.699  -97.927    120.6    945.8
     1     1    23     1    22     3     0     3    40.0   39.542  -97.888    105.2    948.0
     1     1    23     1    22     4     0     2    41.0   39.397  -97.835     93.0    950.4
     1     1    23     1    22     5     0     1    42.0   39.264  -97.770     86.6    951.6
     1     1    23     1    22     6     0     0    43.0   39.135  -97.694     83.6    952.5
     1     1    23     1    22     7     0     1    44.0   39.001  -97.610     82.3    953.7
     1     1    23     1    22     8     0     2    45.0   38.857  -97.521     80.9    954.0
     1     1    23     1    22     9     0     3    46.0   38.704  -97.426     77.9    954.6
     1     1    23     1    22    10     0     2    47.0   38.542  -97.332     73.3    955.2
     1     1    23     1    22    11     0     1    48.0   38.372  -97.239     66.4    955.8
     1     1    23     1    22    12     0     0    49.0   38.194  -97.144     57.2    956.6
     1     1    23     1    22    13     0     1    50.0   38.006  -97.059     46.8    957.0
     1     1    23     1    22    14     0     2    51.0   37.823  -96.996     37.4    959.9
     1     1    23     1    22    15     0     3    52.0   37.651  -96.953     30.1    963.0
     1     1    23     1    22    16     0     2    53.0   37.494  -96.910     25.2    966.2
     1     1    23     1    22    17     0     1    54.0   37.349  -96.849     22.7    968.8
     1     1    23     1    22    18     0     0    55.0   37.209  -96.777     21.9    971.1
     1     1    23     1    22    19     0     1    56.0   37.069  -96.698     22.1    972.9
     1     1    23     1    22    20     0     2    57.0   36.932  -96.612     22.7    974.7
     1     1    23     1    22    21     0     3    58.0   36.798  -96.514     22.4    976.5
     1     1    23     1    22    22     0     2    59.0   36.669  -96.421     19.7    978.9
     1     1    23     1    22    23     0     1    60.0   36.549  -96.351     15.7    981.4
     1     1    23     1    23     0     0     0    61.0   36.440  -96.304     12.1    983.4
     1     1    23     1    23     1     0     1    62.0   36.345  -96.272      9.8    985.8
     1     1    23     1    23     2     0     2    63.0   36.267  -96.250      8.9    987.7
     1     1    23     1    23     3     0     3    64.0   36.207  -96.243      8.9    989.4
     1     1    23     1    23     4     0     2    65.0   36.160  -96.240      9.3    989.8
     1     1    23     1    23     5     0     1    66.0   36.120  -96.229      9.6    990.3
     1     1    23     1    23     6     0     0    67.0   36.087  -96.207      9.7    990.8
     1     1    23     1    23     7     0     1    68.0   36.056  -96.179      9.9    991.3
     1     1    23     1    23     8     0     2    69.0   36.025  -96.151     10.5    991.8
     1     1    23     1    23     9     0     3    70.0   35.993  -96.122     11.8    992.1
     1     1    23     1    23    10     0     2    71.0   35.957  -96.101     13.6    993.2
     1     1    23     1    23    11     0     1    72.0   35.921  -96.099     15.1    994.1
     1     1    23     1    23    12     0     0    73.0   35.883  -96.115     16.2    994.9
     1     1    23     1    23    13     0     1    74.0   35.847  -96.144     17.1    994.5
     1     1    23     1    23    14     0     2    75.0   35.818  -96.178     18.2    994.2
     1     1    23     1    23    15     0     3    76.0   35.794  -96.216     19.4    993.9
     1     1    23     1    23    16     0     2    77.0   35.779  -96.242     20.3    993.6
     1     1    23     1    23    17     0     1    78.0   35.775  -96.243     20.3    993.6
     1     1    23     1    23    18     0     0    79.0   35.782  -96.220     19.4    994.1
     1     1    23     1    23    19     0     1    80.0   35.791  -96.186     17.9    994.6
     1     1    23     1    23    20     0     2    81.0   35.793  -96.155     16.6    995.0
     1     1    23     1    23    21     0     3    82.0   35.790  -96.128     15.2    995.4
     1     1    23     1    23    22     0     2    83.0   35.786  -96.115     14.5    994.8
     1     1    23     1    23    23     0     1    84.0   35.786  -96.129     14.9    993.8
     1     1    23     1    24     0     0     0    85.0   35.790  -96.169     16.5    992.4
     1     1    23     1    24     1     0     1    86.0   35.803  -96.225     18.5    991.6
     1     1    23     1    24     2     0     2    87.0   35.828  -96.286     19.7    991.0
     1     1    23     1    24     3     0     3    88.0   35.868  -96.352     20.0    990.6
     1     1    23     1    24     4     0     2    89.0   35.919  -96.415     19.9    990.2
     1     1    23     1    24     5     0     1    90.0   35.978  -96.466     19.8    990.0
     1     1    23     1    24     6     0     0    91.0   36.044  -96.503     19.8    989.6
     1     1    23     1    24     7     0     1    92.0   36.105  -96.541     20.2    989.0
     1     1    23     1    24     8     0     2    93.0   36.149  -96.598     20.9    988.1
     1     1    23     1    24     9     0     3    94.0   36.175  -96.674     22.2    987.1
     1     1    23     1    24    10     0     2    95.0   36.195  -96.765     24.5    984.9
     1     1    23     1    24    11     0     1    96.0   36.221  -96.865     29.4    982.3
     1     1    23     1    24    12     0     0    97.0   36.252  -96.973     38.4    979.4
     1     1    23     1    24    13     0     1    98.0   36.284  -97.068     50.6    977.8
     1     1    23     1    24    14     0     2    99.0   36.308  -97.130     64.8    976.0
     1     1    23     1    24    15     0     3   100.0   36.326  -97.164     84.7    973.6
     1     1    23     1    24    16     0     2   101.0   36.328  -97.206    107.3    969.6
     1     1    23     1    24    17     0     1   102.0   36.303  -97.295    121.6    966.8
     1     1    23     1    24    18     0     0   103.0   36.250  -97.433    124.0    965.1
     1     1    23     1    24    19     0     1   104.0   36.180  -97.601    123.4    964.1
     1     1    23     1    24    20     0     2   105.0   36.106  -97.770    129.5    961.7
     1     1    23     1    24    21     0     3   106.0   36.026  -97.929    146.6    958.5
     1     1    23     1    24    22     0     2   107.0   35.921  -98.062    176.8    952.0
     1     1    23     1    24    23     0     1   108.0   35.765  -98.160    214.1    944.4
     1     1    23     1    25     0     0     0   109.0   35.544  -98.233    246.8    938.8
     1     1    23     1    25     1     0     1   110.0   35.276  -98.292    260.8    936.1
     1     1    23     1    25     2     0     2   111.0   34.989  -98.319    256.9    938.4
     1     1    23     1    25     3     0     3   112.0   34.694  -98.293    242.0    943.5
     1     1    23     1    25     4     0     2   113.0   34.405  -98.216    220.0    949.5
     1     1    23     1    25     5     0     1   114.0   34.126  -98.099    200.1    955.8
     1     1    23     1    25     6     0     0   115.0   33.850  -97.943    190.9    958.1
     1     1    23     1    25     7     0     1   116.0   33.584  -97.751    183.3    958.6
     1     1    23     1    25     8     0     2   117.0   33.348  -97.524    168.8    963.9
     1     1    23     1    25     9     0     3   118.0   33.135  -97.269    155.4    971.3
     1     1    23     1    25    10     0     2   119.0   32.930  -97.004    144.2    978.7
     1     1    23     1    25    11     0     1   120.0   32.725  -96.743    126.1    980.5
