     8     1
    GDAS    22    12    22     0     0
    GDAS    22    12    29     0     0
    GDAS    23     1     1     0     0
    GDAS    23     1     8     0     0
    GDAS    23     1    15     0     0
    GDAS    23     1    22     0     0
    GDAS    23     1    29     0     0
    GDAS    23     2     1     0     0
     1 FORWARD  OMEGA   
    23     1    14    15   46.202  -96.673    40.6
     1 PRESSURE
     1     1    23     1    14    15     0     3     0.0   46.202  -96.673     40.6    964.2
     1     1    23     1    14    16     0     2     1.0   46.364  -96.766     34.3    965.1
     1     1    23     1    14    17     0     1     2.0   46.525  -96.874     28.8    966.8
     1     1    23     1    14    18     0     0     3.0   46.685  -96.989     25.3    969.3
     1     1    23     1    14    19     0     1     4.0   46.845  -97.113     24.7    968.2
     1     1    23     1    14    20     0     2     5.0   47.002  -97.257     27.1    965.2
     1     1    23     1    14    21     0     3     6.0   47.156  -97.424     31.4    960.2
     1     1    23     1    14    22     0     2     7.0   47.307  -97.600     37.5    955.3
     1     1    23     1    14    23     0     1     8.0   47.461  -97.776     47.4    950.0
     1     1    23     1    15     0     0     0     9.0   47.624  -97.966     65.1    943.1
     1     1    23     1    15     1     0     1    10.0   47.820  -98.160     88.3    935.2
     1     1    23     1    15     2     0     2    11.0   48.045  -98.333    105.1    931.4
     1     1    23     1    15     3     0     3    12.0   48.274  -98.474    116.5    931.6
     1     1    23     1    15     4     0     2    13.0   48.476  -98.582    128.0    931.1
     1     1    23     1    15     5     0     1    14.0   48.635  -98.663    138.9    929.5
     1     1    23     1    15     6     0     0    15.0   48.752  -98.724    144.3    928.1
     1     1    23     1    15     7     0     1    16.0   48.842  -98.766    144.3    928.4
     1     1    23     1    15     8     0     2    17.0   48.919  -98.784    142.5    929.0
     1     1    23     1    15     9     0     3    18.0   48.987  -98.774    141.4    929.8
     1     1    23     1    15    10     0     2    19.0   49.028  -98.734    140.7    930.9
     1     1    23     1    15    11     0     1    20.0   49.029  -98.656    138.0    932.5
     1     1    23     1    15    12     0     0    21.0   48.989  -98.536    131.6    934.7
     1     1    23     1    15    13     0     1    22.0   48.932  -98.399    117.5    937.6
     1     1    23     1    15    14     0     2    23.0   48.876  -98.273     96.0    941.7
     1     1    23     1    15    15     0     3    24.0   48.817  -98.147     70.4    946.5
     1     1    23     1    15    16     0     2    25.0   48.771  -98.024     47.6    951.6
     1     1    23     1    15    17     0     1    26.0   48.756  -97.918     32.8    954.9
     1     1    23     1    15    18     0     0    27.0   48.768  -97.834     24.5    957.2
     1     1    23     1    15    19     0     1    28.0   48.790  -97.775     21.2    958.8
     1     1    23     1    15    20     0     2    29.0   48.805  -97.746     22.1    959.2
     1     1    23     1    15    21     0     3    30.0   48.812  -97.745     27.2    958.6
     1     1    23     1    15    22     0     2    31.0   48.814  -97.766     35.0    957.2
     1     1    23     1    15    23     0     1    32.0   48.817  -97.801     42.3    956.1
     1     1    23     1    16     0     0     0    33.0   48.821  -97.854     48.0    955.2
     1     1    23     1    16     1     0     1    34.0   48.825  -97.914     53.2    954.2
     1     1    23     1    16     2     0     2    35.0   48.830  -97.967     59.1    952.9
     1     1    23     1    16     3     0     3    36.0   48.836  -98.014     66.0    951.6
     1     1    23     1    16     4     0     2    37.0   48.832  -98.063     77.4    950.4
     1     1    23     1    16     5     0     1    38.0   48.805  -98.126     98.1    947.3
     1     1    23     1    16     6     0     0    39.0   48.753  -98.208    129.8    942.5
     1     1    23     1    16     7     0     1    40.0   48.675  -98.315    168.4    935.0
     1     1    23     1    16     8     0     2    41.0   48.576  -98.454    206.0    928.0
     1     1    23     1    16     9     0     3    42.0   48.459  -98.633    240.1    921.9
     1     1    23     1    16    10     0     2    43.0   48.334  -98.855    265.7    916.9
     1     1    23     1    16    11     0     1    44.0   48.205  -99.119    281.0    914.1
     1     1    23     1    16    12     0     0    45.0   48.071  -99.418    294.7    913.2
     1     1    23     1    16    13     0     1    46.0   47.931  -99.724    318.4    911.3
     1     1    23     1    16    14     0     2    47.0   47.786 -100.021    348.7    905.7
     1     1    23     1    16    15     0     3    48.0   47.634 -100.312    380.7    899.6
     1     1    23     1    16    16     0     2    49.0   47.478 -100.582    416.9    892.7
     1     1    23     1    16    17     0     1    50.0   47.325 -100.809    448.5    885.7
     1     1    23     1    16    18     0     0    51.0   47.179 -100.993    465.4    881.1
     1     1    23     1    16    19     0     1    52.0   47.024 -101.139    470.9    878.9
     1     1    23     1    16    20     0     2    53.0   46.844 -101.253    473.9    876.6
     1     1    23     1    16    21     0     3    54.0   46.642 -101.333    476.2    874.1
     1     1    23     1    16    22     0     2    55.0   46.427 -101.395    477.8    872.4
     1     1    23     1    16    23     0     1    56.0   46.211 -101.453    481.6    870.7
     1     1    23     1    17     0     0     0    57.0   45.992 -101.506    491.5    868.3
     1     1    23     1    17     1     0     1    58.0   45.777 -101.548    497.5    866.3
     1     1    23     1    17     2     0     2    59.0   45.575 -101.572    487.8    867.5
     1     1    23     1    17     3     0     3    60.0   45.381 -101.584    463.1    870.5
     1     1    23     1    17     4     0     2    61.0   45.196 -101.582    429.8    875.3
     1     1    23     1    17     5     0     1    62.0   45.022 -101.563    391.0    879.6
     1     1    23     1    17     6     0     0    63.0   44.859 -101.528    349.0    884.6
     1     1    23     1    17     7     0     1    64.0   44.702 -101.479    313.2    889.3
     1     1    23     1    17     8     0     2    65.0   44.545 -101.419    290.1    892.4
     1     1    23     1    17     9     0     3    66.0   44.389 -101.348    281.4    894.1
     1     1    23     1    17    10     0     2    67.0   44.231 -101.268    284.0    894.1
     1     1    23     1    17    11     0     1    68.0   44.069 -101.180    295.1    893.9
     1     1    23     1    17    12     0     0    69.0   43.907 -101.084    310.5    890.4
     1     1    23     1    17    13     0     1    70.0   43.760 -100.987    319.8    886.5
     1     1    23     1    17    14     0     2    71.0   43.638 -100.896    320.8    885.2
     1     1    23     1    17    15     0     3    72.0   43.534 -100.813    318.6    885.0
     1     1    23     1    17    16     0     2    73.0   43.439 -100.729    313.4    884.5
     1     1    23     1    17    17     0     1    74.0   43.347 -100.640    301.1    885.3
     1     1    23     1    17    18     0     0    75.0   43.258 -100.548    280.4    887.4
     1     1    23     1    17    19     0     1    76.0   43.173 -100.464    262.6    890.6
     1     1    23     1    17    20     0     2    77.0   43.097 -100.393    260.0    890.6
     1     1    23     1    17    21     0     3    78.0   43.033 -100.337    276.7    888.6
     1     1    23     1    17    22     0     2    79.0   42.968 -100.301    297.3    884.0
     1     1    23     1    17    23     0     1    80.0   42.892 -100.294    302.0    883.3
     1     1    23     1    18     0     0     0    81.0   42.808 -100.320    293.2    883.8
     1     1    23     1    18     1     0     1    82.0   42.724 -100.374    284.0    884.4
     1     1    23     1    18     2     0     2    83.0   42.645 -100.447    282.3    882.6
     1     1    23     1    18     3     0     3    84.0   42.569 -100.537    288.6    879.4
     1     1    23     1    18     4     0     2    85.0   42.500 -100.650    307.3    874.8
     1     1    23     1    18     5     0     1    86.0   42.445 -100.788    344.4    867.4
     1     1    23     1    18     6     0     0    87.0   42.404 -100.952    406.4    857.5
     1     1    23     1    18     7     0     1    88.0   42.381 -101.145    479.5    843.4
     1     1    23     1    18     8     0     2    89.0   42.374 -101.370    538.1    832.7
     1     1    23     1    18     9     0     3    90.0   42.374 -101.632    579.2    823.7
     1     1    23     1    18    10     0     2    91.0   42.361 -101.931    610.5    815.6
     1     1    23     1    18    11     0     1    92.0   42.320 -102.256    657.1    809.5
     1     1    23     1    18    12     0     0    93.0   42.246 -102.595    738.5    798.6
     1     1    23     1    18    13     0     1    94.0   42.146 -102.940    845.3    783.4
     1     1    23     1    18    14     0     2    95.0   42.032 -103.279    970.7    767.9
     1     1    23     1    18    15     0     3    96.0   41.906 -103.606   1139.2    750.9
     1     1    23     1    18    16     0     2    97.0   41.745 -103.892   1339.0    723.1
     1     1    23     1    18    17     0     1    98.0   41.519 -104.127   1502.9    693.2
     1     1    23     1    18    18     0     0    99.0   41.206 -104.329   1573.8    667.9
     1     1    23     1    18    19     0     1   100.0   40.795 -104.476   1560.0    664.7
     1     1    23     1    18    20     0     2   101.0   40.309 -104.485   1558.1    678.4
     1     1    23     1    18    21     0     3   102.0   39.782 -104.360   1570.4    670.3
     1     1    23     1    18    22     0     2   103.0   39.182 -104.171   1310.8    653.7
     1     1    23     1    18    23     0     1   104.0   38.497 -103.897    930.2    757.4
     1     1    23     1    19     0     0     0   105.0   37.887 -103.610   1005.5    777.2
     1     1    23     1    19     1     0     1   106.0   37.336 -103.187   1248.4    706.4
     1     1    23     1    19     2     0     2   107.0   36.778 -102.642   1261.8    728.1
     1     1    23     1    19     3     0     3   108.0   36.251 -102.055   1168.4    758.5
     1     1    23     1    19     4     0     2   109.0   35.755 -101.460    969.3    787.9
     1     1    23     1    19     5     0     1   110.0   35.262 -100.897    653.0    839.3
     1     1    23     1    19     6     0     0   111.0   34.851 -100.428    382.3    896.2
     1     1    23     1    19     7     0     1   112.0   34.540 -100.039    228.1    926.5
     1     1    23     1    19     8     0     2   113.0   34.307  -99.703    152.0    939.9
     1     1    23     1    19     9     0     3   114.0   34.135  -99.409    112.5    950.5
     1     1    23     1    19    10     0     2   115.0   33.995  -99.148     89.9    960.1
     1     1    23     1    19    11     0     1   116.0   33.854  -98.904     73.5    965.9
     1     1    23     1    19    12     0     0   117.0   33.712  -98.663     59.5    969.5
     1     1    23     1    19    13     0     1   118.0   33.577  -98.434     48.2    972.4
     1     1    23     1    19    14     0     2   119.0   33.444  -98.224     40.4    974.3
     1     1    23     1    19    15     0     3   120.0   33.297  -98.022     36.2    975.3
