     8     1
    GDAS    22    12    22     0     0
    GDAS    22    12    29     0     0
    GDAS    23     1     1     0     0
    GDAS    23     1     8     0     0
    GDAS    23     1    15     0     0
    GDAS    23     1    22     0     0
    GDAS    23     1    29     0     0
    GDAS    23     2     1     0     0
     1 FORWARD  OMEGA   
    23     1     2    15   32.692 -126.533  2239.5
     1 PRESSURE
     1     1    23     1     2    15     0     3     0.0   32.692 -126.533   2239.5    775.6
     1     1    23     1     2    16     0     2     1.0   32.690 -125.932   2188.9    773.8
     1     1    23     1     2    17     0     1     2.0   32.682 -125.350   2023.5    792.7
     1     1    23     1     2    18     0     0     3.0   32.681 -124.811   1874.6    816.4
     1     1    23     1     2    19     0     1     4.0   32.700 -124.304   1838.9    821.4
     1     1    23     1     2    20     0     2     5.0   32.752 -123.795   1830.2    809.0
     1     1    23     1     2    21     0     3     6.0   32.840 -123.263   1881.1    818.9
     1     1    23     1     2    22     0     2     7.0   32.920 -122.633   2109.0    790.6
     1     1    23     1     2    23     0     1     8.0   32.912 -121.914   2093.5    761.9
     1     1    23     1     3     0     0     0     9.0   32.947 -121.316   1968.2    805.9
     1     1    23     1     3     1     0     1    10.0   33.036 -120.776   1949.1    806.3
     1     1    23     1     3     2     0     2    11.0   33.169 -120.226   2096.8    797.3
     1     1    23     1     3     3     0     3    12.0   33.254 -119.579   2373.2    760.6
     1     1    23     1     3     4     0     2    13.0   33.198 -118.851   2526.6    732.4
     1     1    23     1     3     5     0     1    14.0   33.167 -118.149   2453.7    745.9
     1     1    23     1     3     6     0     0    15.0   33.196 -117.486   2415.2    744.8
     1     1    23     1     3     7     0     1    16.0   33.137 -116.770   2600.8    713.6
     1     1    23     1     3     8     0     2    17.0   32.992 -116.018   2797.9    703.6
     1     1    23     1     3     9     0     3    18.0   32.836 -115.244   2811.5    701.7
     1     1    23     1     3    10     0     2    19.0   32.669 -114.507   2902.9    691.6
     1     1    23     1     3    11     0     1    20.0   32.522 -113.822   2937.1    681.0
     1     1    23     1     3    12     0     0    21.0   32.391 -113.142   3001.2    681.0
     1     1    23     1     3    13     0     1    22.0   32.229 -112.429   3094.6    649.1
     1     1    23     1     3    14     0     2    23.0   32.056 -111.666   3176.5    627.8
     1     1    23     1     3    15     0     3    24.0   31.904 -110.787   3257.8    592.2
     1     1    23     1     3    16     0     2    25.0   31.742 -109.833   3134.5    570.6
     1     1    23     1     3    17     0     1    26.0   31.565 -108.840   2955.5    583.5
     1     1    23     1     3    18     0     0    27.0   31.370 -107.868   2894.2    601.6
     1     1    23     1     3    19     0     1    28.0   31.183 -106.919   2942.3    604.3
     1     1    23     1     3    20     0     2    29.0   31.012 -105.925   2755.4    593.9
     1     1    23     1     3    21     0     3    30.0   30.883 -104.918   2215.6    648.6
     1     1    23     1     3    22     0     2    31.0   30.746 -103.963   1678.4    702.3
     1     1    23     1     3    23     0     1    32.0   30.701 -103.175   1177.0    785.7
     1     1    23     1     4     0     0     0    33.0   30.675 -102.527    927.2    821.2
     1     1    23     1     4     1     0     1    34.0   30.587 -101.929    776.1    854.3
     1     1    23     1     4     2     0     2    35.0   30.443 -101.351    683.7    867.1
     1     1    23     1     4     3     0     3    36.0   30.254 -100.816    640.9    877.7
     1     1    23     1     4     4     0     2    37.0   30.031 -100.328    605.0    875.9
     1     1    23     1     4     5     0     1    38.0   29.794  -99.866    546.6    890.2
     1     1    23     1     4     6     0     0    39.0   29.558  -99.447    498.6    911.9
     1     1    23     1     4     7     0     1    40.0   29.321  -99.088    471.5    925.4
     1     1    23     1     4     8     0     2    41.0   29.070  -98.792    458.2    939.4
     1     1    23     1     4     9     0     3    42.0   28.809  -98.559    454.5    946.9
     1     1    23     1     4    10     0     2    43.0   28.572  -98.378    450.3    950.5
     1     1    23     1     4    11     0     1    44.0   28.357  -98.245    425.4    954.1
     1     1    23     1     4    12     0     0    45.0   28.121  -98.162    362.4    962.0
     1     1    23     1     4    13     0     1    46.0   27.881  -98.116    288.5    975.8
     1     1    23     1     4    14     0     2    47.0   27.669  -98.085    230.6    985.5
     1     1    23     1     4    15     0     3    48.0   27.467  -98.075    190.6    992.3
     1     1    23     1     4    16     0     2    49.0   27.266  -98.089    169.3    996.9
     1     1    23     1     4    17     0     1    50.0   27.079  -98.131    165.9    997.9
     1     1    23     1     4    18     0     0    51.0   26.920  -98.204    174.0    996.1
     1     1    23     1     4    19     0     1    52.0   26.790  -98.287    184.9    992.4
     1     1    23     1     4    20     0     2    53.0   26.686  -98.367    193.4    989.7
     1     1    23     1     4    21     0     3    54.0   26.610  -98.448    199.7    987.2
     1     1    23     1     4    22     0     2    55.0   26.556  -98.546    202.5    985.7
     1     1    23     1     4    23     0     1    56.0   26.522  -98.671    199.4    984.5
     1     1    23     1     5     0     0     0    57.0   26.506  -98.816    190.3    983.9
     1     1    23     1     5     1     0     1    58.0   26.522  -98.978    175.3    983.7
     1     1    23     1     5     2     0     2    59.0   26.582  -99.154    154.8    982.3
     1     1    23     1     5     3     0     3    60.0   26.677  -99.326    132.8    982.3
     1     1    23     1     5     4     0     2    61.0   26.791  -99.474    117.5    984.0
     1     1    23     1     5     5     0     1    62.0   26.912  -99.605    114.5    986.5
     1     1    23     1     5     6     0     0    63.0   27.037  -99.740    125.1    988.5
     1     1    23     1     5     7     0     1    64.0   27.170  -99.871    144.6    985.0
     1     1    23     1     5     8     0     2    65.0   27.316  -99.979    163.1    980.9
     1     1    23     1     5     9     0     3    66.0   27.466 -100.059    175.0    975.4
     1     1    23     1     5    10     0     2    67.0   27.601 -100.109    189.6    972.8
     1     1    23     1     5    11     0     1    68.0   27.713 -100.130    222.9    968.7
     1     1    23     1     5    12     0     0    69.0   27.808 -100.126    288.1    962.7
     1     1    23     1     5    13     0     1    70.0   27.884 -100.114    371.1    951.1
     1     1    23     1     5    14     0     2    71.0   27.931 -100.109    431.9    944.1
     1     1    23     1     5    15     0     3    72.0   27.948 -100.111    456.0    941.4
     1     1    23     1     5    16     0     2    73.0   27.944 -100.124    458.9    943.0
     1     1    23     1     5    17     0     1    74.0   27.935 -100.155    463.5    941.7
     1     1    23     1     5    18     0     0    75.0   27.923 -100.202    471.2    939.5
     1     1    23     1     5    19     0     1    76.0   27.923 -100.262    482.6    935.5
     1     1    23     1     5    20     0     2    77.0   27.952 -100.332    496.3    931.0
     1     1    23     1     5    21     0     3    78.0   28.008 -100.412    511.7    926.3
     1     1    23     1     5    22     0     2    79.0   28.083 -100.508    526.2    922.3
     1     1    23     1     5    23     0     1    80.0   28.171 -100.627    528.6    918.7
     1     1    23     1     6     0     0     0    81.0   28.269 -100.769    499.8    918.0
     1     1    23     1     6     1     0     1    82.0   28.392 -100.936    451.2    923.5
     1     1    23     1     6     2     0     2    83.0   28.548 -101.105    419.6    919.1
     1     1    23     1     6     3     0     3    84.0   28.733 -101.253    412.1    905.6
     1     1    23     1     6     4     0     2    85.0   28.943 -101.364    403.7    893.3
     1     1    23     1     6     5     0     1    86.0   29.181 -101.450    384.1    890.5
     1     1    23     1     6     6     0     0    87.0   29.461 -101.537    373.0    894.6
     1     1    23     1     6     7     0     1    88.0   29.786 -101.634    398.8    901.4
     1     1    23     1     6     8     0     2    89.0   30.140 -101.725    454.8    899.1
     1     1    23     1     6     9     0     3    90.0   30.537 -101.776    485.3    882.5
     1     1    23     1     6    10     0     2    91.0   31.021 -101.773    461.0    874.7
     1     1    23     1     6    11     0     1    92.0   31.539 -101.686    411.8    881.1
     1     1    23     1     6    12     0     0    93.0   32.046 -101.484    349.5    887.0
     1     1    23     1     6    13     0     1    94.0   32.540 -101.195    252.4    899.9
     1     1    23     1     6    14     0     2    95.0   32.929 -100.912    139.3    920.1
     1     1    23     1     6    15     0     3    96.0   33.182 -100.710     62.0    933.8
     1     1    23     1     6    16     0     2    97.0   33.376 -100.541     16.1    938.9
     1     1    23     1     6    17     0     1    98.0   33.550 -100.370      0.0    942.7
     1     1    23     1     6    18     0     0    99.0   33.715 -100.181      0.0    947.6
     1     1    23     1     6    19     0     1   100.0   33.877  -99.993      0.0    953.2
     1     1    23     1     6    20     0     2   101.0   34.041  -99.827      0.0    955.0
     1     1    23     1     6    21     0     3   102.0   34.209  -99.674      0.0    955.5
     1     1    23     1     6    22     0     2   103.0   34.371  -99.548      0.0    956.0
     1     1    23     1     6    23     0     1   104.0   34.520  -99.470      0.0    955.4
     1     1    23     1     7     0     0     0   105.0   34.656  -99.445      1.3    954.0
     1     1    23     1     7     1     0     1   106.0   34.766  -99.420      2.2    953.4
     1     1    23     1     7     2     0     2   107.0   34.839  -99.343      1.4    954.2
     1     1    23     1     7     3     0     3   108.0   34.880  -99.217      0.0    955.9
     1     1    23     1     7     4     0     2   109.0   34.890  -99.068      0.0    958.3
     1     1    23     1     7     5     0     1   110.0   34.860  -98.917      0.5    961.1
     1     1    23     1     7     6     0     0   111.0   34.792  -98.756      1.6    964.5
     1     1    23     1     7     7     0     1   112.0   34.697  -98.598      2.0    968.8
     1     1    23     1     7     8     0     2   113.0   34.585  -98.459      1.2    972.6
     1     1    23     1     7     9     0     3   114.0   34.452  -98.333      0.0    976.2
     1     1    23     1     7    10     0     2   115.0   34.315  -98.215      0.0    979.8
     1     1    23     1     7    11     0     1   116.0   34.192  -98.107      0.0    983.5
     1     1    23     1     7    12     0     0   117.0   34.074  -98.016      0.5    987.1
     1     1    23     1     7    13     0     1   118.0   33.953  -97.934      0.9    988.0
     1     1    23     1     7    14     0     2   119.0   33.816  -97.850      0.5    987.8
     1     1    23     1     7    15     0     3   120.0   33.660  -97.767      0.0    988.3
