     8     1
    GDAS    22    12    22     0     0
    GDAS    22    12    29     0     0
    GDAS    23     1     1     0     0
    GDAS    23     1     8     0     0
    GDAS    23     1    15     0     0
    GDAS    23     1    22     0     0
    GDAS    23     1    29     0     0
    GDAS    23     2     1     0     0
     1 FORWARD  OMEGA   
    23     1    10    14   45.069  -98.347   451.0
     1 PRESSURE
     1     1    23     1    10    14     0     2     0.0   45.069  -98.347    451.0    905.7
     1     1    23     1    10    15     0     3     1.0   45.118  -98.319    462.1    904.1
     1     1    23     1    10    16     0     2     2.0   45.199  -98.309    469.8    902.8
     1     1    23     1    10    17     0     1     3.0   45.313  -98.304    473.1    901.8
     1     1    23     1    10    18     0     0     4.0   45.458  -98.297    470.0    901.3
     1     1    23     1    10    19     0     1     5.0   45.616  -98.287    467.1    901.5
     1     1    23     1    10    20     0     2     6.0   45.771  -98.276    476.0    900.0
     1     1    23     1    10    21     0     3     7.0   45.918  -98.258    505.3    896.5
     1     1    23     1    10    22     0     2     8.0   46.063  -98.230    555.7    890.9
     1     1    23     1    10    23     0     1     9.0   46.211  -98.192    620.2    885.0
     1     1    23     1    11     0     0     0    10.0   46.357  -98.145    703.4    877.5
     1     1    23     1    11     1     0     1    11.0   46.499  -98.075    788.3    866.8
     1     1    23     1    11     2     0     2    12.0   46.648  -97.976    837.1    862.5
     1     1    23     1    11     3     0     3    13.0   46.808  -97.853    837.3    863.6
     1     1    23     1    11     4     0     2    14.0   46.983  -97.696    841.1    870.6
     1     1    23     1    11     5     0     1    15.0   47.170  -97.511    889.4    865.6
     1     1    23     1    11     6     0     0    16.0   47.363  -97.318    953.7    859.1
     1     1    23     1    11     7     0     1    17.0   47.551  -97.130   1006.4    854.5
     1     1    23     1    11     8     0     2    18.0   47.730  -96.963   1028.3    853.5
     1     1    23     1    11     9     0     3    19.0   47.897  -96.824   1022.7    853.9
     1     1    23     1    11    10     0     2    20.0   48.022  -96.727   1017.8    855.9
     1     1    23     1    11    11     0     1    21.0   48.093  -96.675   1021.2    854.0
     1     1    23     1    11    12     0     0    22.0   48.116  -96.656   1020.3    853.4
     1     1    23     1    11    13     0     1    23.0   48.096  -96.661   1032.9    854.7
     1     1    23     1    11    14     0     2    24.0   48.035  -96.678   1081.7    849.9
     1     1    23     1    11    15     0     3    25.0   47.933  -96.706   1162.5    841.3
     1     1    23     1    11    16     0     2    26.0   47.789  -96.706   1223.0    830.2
     1     1    23     1    11    17     0     1    27.0   47.610  -96.663   1235.2    829.5
     1     1    23     1    11    18     0     0    28.0   47.386  -96.601   1211.5    832.0
     1     1    23     1    11    19     0     1    29.0   47.127  -96.529   1181.1    837.1
     1     1    23     1    11    20     0     2    30.0   46.848  -96.441   1166.9    837.6
     1     1    23     1    11    21     0     3    31.0   46.543  -96.334   1160.2    837.7
     1     1    23     1    11    22     0     2    32.0   46.215  -96.205   1146.4    839.3
     1     1    23     1    11    23     0     1    33.0   45.865  -96.062   1127.9    843.5
     1     1    23     1    12     0     0     0    34.0   45.489  -95.925   1097.6    845.9
     1     1    23     1    12     1     0     1    35.0   45.107  -95.795   1036.3    852.2
     1     1    23     1    12     2     0     2    36.0   44.724  -95.677    952.9    859.1
     1     1    23     1    12     3     0     3    37.0   44.318  -95.595    881.8    863.8
     1     1    23     1    12     4     0     2    38.0   43.891  -95.548    833.5    864.7
     1     1    23     1    12     5     0     1    39.0   43.462  -95.525    781.1    872.7
     1     1    23     1    12     6     0     0    40.0   43.014  -95.538    738.9    884.4
     1     1    23     1    12     7     0     1    41.0   42.536  -95.567    720.8    887.4
     1     1    23     1    12     8     0     2    42.0   42.022  -95.598    712.0    890.6
     1     1    23     1    12     9     0     3    43.0   41.451  -95.650    691.2    893.4
     1     1    23     1    12    10     0     2    44.0   40.826  -95.722    661.2    900.6
     1     1    23     1    12    11     0     1    45.0   40.160  -95.807    657.6    904.0
     1     1    23     1    12    12     0     0    46.0   39.467  -95.900    662.4    900.0
     1     1    23     1    12    13     0     1    47.0   38.791  -95.977    656.5    901.9
     1     1    23     1    12    14     0     2    48.0   38.128  -96.055    610.4    902.9
     1     1    23     1    12    15     0     3    49.0   37.495  -96.089    511.2    922.1
     1     1    23     1    12    16     0     2    50.0   36.928  -96.053    409.4    941.4
     1     1    23     1    12    17     0     1    51.0   36.427  -95.985    338.7    957.6
     1     1    23     1    12    18     0     0    52.0   35.979  -95.916    307.3    962.5
     1     1    23     1    12    19     0     1    53.0   35.562  -95.827    282.4    963.6
     1     1    23     1    12    20     0     2    54.0   35.163  -95.694    253.4    968.1
     1     1    23     1    12    21     0     3    55.0   34.785  -95.531    221.7    972.9
     1     1    23     1    12    22     0     2    56.0   34.431  -95.369    180.8    980.1
     1     1    23     1    12    23     0     1    57.0   34.104  -95.233    128.2    989.7
     1     1    23     1    13     0     0     0    58.0   33.800  -95.125     76.5    998.5
     1     1    23     1    13     1     0     1    59.0   33.532  -95.034     45.0   1004.9
     1     1    23     1    13     2     0     2    60.0   33.296  -94.948     30.7   1007.1
     1     1    23     1    13     3     0     3    61.0   33.084  -94.869     25.6   1008.6
     1     1    23     1    13     4     0     2    62.0   32.888  -94.805     23.3   1008.8
     1     1    23     1    13     5     0     1    63.0   32.703  -94.768     20.4   1009.4
     1     1    23     1    13     6     0     0    64.0   32.518  -94.766     17.4   1010.0
     1     1    23     1    13     7     0     1    65.0   32.342  -94.767     15.4   1010.7
     1     1    23     1    13     8     0     2    66.0   32.189  -94.733     14.8   1011.0
     1     1    23     1    13     9     0     3    67.0   32.067  -94.659     15.0   1011.3
     1     1    23     1    13    10     0     2    68.0   31.953  -94.579     15.1   1011.7
     1     1    23     1    13    11     0     1    69.0   31.824  -94.522     15.0   1012.3
     1     1    23     1    13    12     0     0    70.0   31.690  -94.480     15.1   1012.8
     1     1    23     1    13    13     0     1    71.0   31.560  -94.444     15.1   1014.0
     1     1    23     1    13    14     0     2    72.0   31.437  -94.412     14.5   1015.0
     1     1    23     1    13    15     0     3    73.0   31.320  -94.387     13.1   1015.9
     1     1    23     1    13    16     0     2    74.0   31.206  -94.365     11.5   1015.7
     1     1    23     1    13    17     0     1    75.0   31.094  -94.340     10.3   1015.5
     1     1    23     1    13    18     0     0    76.0   30.982  -94.311      9.4   1015.4
     1     1    23     1    13    19     0     1    77.0   30.862  -94.277      8.8   1016.6
     1     1    23     1    13    20     0     2    78.0   30.729  -94.235      8.3   1017.8
     1     1    23     1    13    21     0     3    79.0   30.584  -94.183      8.0   1018.8
     1     1    23     1    13    22     0     2    80.0   30.440  -94.130      7.6   1020.0
     1     1    23     1    13    23     0     1    81.0   30.311  -94.086      7.0   1021.0
     1     1    23     1    14     0     0     0    82.0   30.198  -94.053      6.2   1022.0
     1     1    23     1    14     1     0     1    83.0   30.094  -94.029      5.4   1023.9
     1     1    23     1    14     2     0     2    84.0   29.989  -94.010      4.5   1026.1
     1     1    23     1    14     3     0     3    85.0   29.874  -94.001      3.7   1027.3
     1     1    23     1    14     4     0     2    86.0   29.744  -94.012      2.9   1026.1
     1     1    23     1    14     5     0     1    87.0   29.603  -94.054      2.1   1024.9
     1     1    23     1    14     6     0     0    88.0   29.455  -94.128      1.3   1023.9
     1     1    23     1    14     7     0     1    89.0   29.305  -94.229      0.8   1024.1
     1     1    23     1    14     8     0     2    90.0   29.161  -94.349      0.7   1024.1
     1     1    23     1    14     9     0     3    91.0   29.029  -94.483      0.9   1023.7
     1     1    23     1    14    10     0     2    92.0   28.914  -94.621      1.3   1023.8
     1     1    23     1    14    11     0     1    93.0   28.815  -94.753      1.6   1023.8
     1     1    23     1    14    12     0     0    94.0   28.731  -94.879      1.9   1023.8
     1     1    23     1    14    13     0     1    95.0   28.669  -95.012      2.4   1024.6
     1     1    23     1    14    14     0     2    96.0   28.633  -95.157      2.9   1025.1
     1     1    23     1    14    15     0     3    97.0   28.624  -95.311      3.4   1025.3
     1     1    23     1    14    16     0     2    98.0   28.635  -95.462      3.5   1024.6
     1     1    23     1    14    17     0     1    99.0   28.665  -95.603      3.5   1024.0
     1     1    23     1    14    18     0     0   100.0   28.713  -95.734      3.4   1023.7
     1     1    23     1    14    19     0     1   101.0   28.782  -95.855      3.3   1022.5
     1     1    23     1    14    20     0     2   102.0   28.877  -95.962      3.6   1021.1
     1     1    23     1    14    21     0     3   103.0   29.003  -96.056      4.2   1019.4
     1     1    23     1    14    22     0     2   104.0   29.135  -96.147      4.9   1018.0
     1     1    23     1    14    23     0     1   105.0   29.245  -96.245      5.6   1016.7
     1     1    23     1    15     0     0     0   106.0   29.341  -96.350      6.5   1015.3
     1     1    23     1    15     1     0     1   107.0   29.433  -96.458      7.7   1013.5
     1     1    23     1    15     2     0     2   108.0   29.534  -96.566      9.3   1011.4
     1     1    23     1    15     3     0     3   109.0   29.648  -96.674     11.5   1009.2
     1     1    23     1    15     4     0     2   110.0   29.776  -96.774     14.9   1006.9
     1     1    23     1    15     5     0     1   111.0   29.914  -96.859     19.8   1004.7
     1     1    23     1    15     6     0     0   112.0   30.064  -96.932     25.9   1002.9
     1     1    23     1    15     7     0     1   113.0   30.226  -96.991     33.3   1001.3
     1     1    23     1    15     8     0     2   114.0   30.405  -97.033     42.6    998.4
     1     1    23     1    15     9     0     3   115.0   30.604  -97.057     53.1    995.0
     1     1    23     1    15    10     0     2   116.0   30.829  -97.062     64.8    991.7
     1     1    23     1    15    11     0     1   117.0   31.090  -97.042     81.1    988.2
     1     1    23     1    15    12     0     0   118.0   31.398  -96.996    107.0    982.8
     1     1    23     1    15    13     0     1   119.0   31.761  -96.930    135.4    976.1
     1     1    23     1    15    14     0     2   120.0   32.162  -96.852    154.9    973.1
