     8     1
    GDAS    22    12    22     0     0
    GDAS    22    12    29     0     0
    GDAS    23     1     1     0     0
    GDAS    23     1     8     0     0
    GDAS    23     1    15     0     0
    GDAS    23     1    22     0     0
    GDAS    23     1    29     0     0
    GDAS    23     2     1     0     0
     1 FORWARD  OMEGA   
    22    12    31    12   52.662 -110.711   607.4
     1 PRESSURE
     1     1    22    12    31    12     0     0     0.0   52.662 -110.711    607.4    848.6
     1     1    22    12    31    13     0     1     1.0   52.589 -110.739    587.9    849.9
     1     1    22    12    31    14     0     2     2.0   52.511 -110.730    572.8    850.7
     1     1    22    12    31    15     0     3     3.0   52.425 -110.684    560.8    851.3
     1     1    22    12    31    16     0     2     4.0   52.327 -110.609    553.0    852.1
     1     1    22    12    31    17     0     1     5.0   52.213 -110.518    552.3    851.8
     1     1    22    12    31    18     0     0     6.0   52.083 -110.417    559.9    850.6
     1     1    22    12    31    19     0     1     7.0   51.940 -110.309    573.5    849.2
     1     1    22    12    31    20     0     2     8.0   51.793 -110.188    585.5    850.0
     1     1    22    12    31    21     0     3     9.0   51.646 -110.051    592.2    851.7
     1     1    22    12    31    22     0     2    10.0   51.502 -109.902    595.1    853.8
     1     1    22    12    31    23     0     1    11.0   51.362 -109.744    596.9    855.6
     1     1    23     1     1     0     0     0    12.0   51.223 -109.576    598.8    856.9
     1     1    23     1     1     1     0     1    13.0   51.080 -109.397    598.5    857.8
     1     1    23     1     1     2     0     2    14.0   50.935 -109.204    595.5    858.2
     1     1    23     1     1     3     0     3    15.0   50.789 -109.002    595.7    857.1
     1     1    23     1     1     4     0     2    16.0   50.638 -108.784    602.6    854.2
     1     1    23     1     1     5     0     1    17.0   50.474 -108.544    610.0    850.0
     1     1    23     1     1     6     0     0    18.0   50.298 -108.285    605.3    846.0
     1     1    23     1     1     7     0     1    19.0   50.105 -108.007    582.7    843.5
     1     1    23     1     1     8     0     2    20.0   49.902 -107.721    567.3    849.3
     1     1    23     1     1     9     0     3    21.0   49.703 -107.438    582.7    851.3
     1     1    23     1     1    10     0     2    22.0   49.506 -107.166    622.4    849.0
     1     1    23     1     1    11     0     1    23.0   49.304 -106.900    669.0    843.4
     1     1    23     1     1    12     0     0    24.0   49.093 -106.624    709.9    835.7
     1     1    23     1     1    13     0     1    25.0   48.876 -106.333    741.2    831.7
     1     1    23     1     1    14     0     2    26.0   48.662 -106.040    761.8    832.8
     1     1    23     1     1    15     0     3    27.0   48.455 -105.753    769.6    838.1
     1     1    23     1     1    16     0     2    28.0   48.261 -105.467    762.6    843.9
     1     1    23     1     1    17     0     1    29.0   48.087 -105.174    741.3    849.5
     1     1    23     1     1    18     0     0    30.0   47.930 -104.873    718.0    854.6
     1     1    23     1     1    19     0     1    31.0   47.779 -104.566    714.6    854.9
     1     1    23     1     1    20     0     2    32.0   47.620 -104.250    728.4    849.4
     1     1    23     1     1    21     0     3    33.0   47.452 -103.919    735.2    843.4
     1     1    23     1     1    22     0     2    34.0   47.275 -103.572    729.8    841.4
     1     1    23     1     1    23     0     1    35.0   47.087 -103.217    730.4    840.8
     1     1    23     1     2     0     0     0    36.0   46.885 -102.879    743.6    840.2
     1     1    23     1     2     1     0     1    37.0   46.694 -102.581    746.2    841.3
     1     1    23     1     2     2     0     2    38.0   46.532 -102.316    722.7    847.4
     1     1    23     1     2     3     0     3    39.0   46.395 -102.075    680.2    855.3
     1     1    23     1     2     4     0     2    40.0   46.277 -101.837    631.0    863.2
     1     1    23     1     2     5     0     1    41.0   46.172 -101.594    586.2    868.9
     1     1    23     1     2     6     0     0    42.0   46.072 -101.350    546.0    873.9
     1     1    23     1     2     7     0     1    43.0   45.977 -101.118    522.0    879.2
     1     1    23     1     2     8     0     2    44.0   45.895 -100.901    520.1    880.4
     1     1    23     1     2     9     0     3    45.0   45.833 -100.697    530.1    880.1
     1     1    23     1     2    10     0     2    46.0   45.785 -100.499    534.2    879.7
     1     1    23     1     2    11     0     1    47.0   45.746 -100.301    522.0    882.8
     1     1    23     1     2    12     0     0    48.0   45.713 -100.102    498.2    887.0
     1     1    23     1     2    13     0     1    49.0   45.683  -99.907    470.0    892.2
     1     1    23     1     2    14     0     2    50.0   45.660  -99.719    438.4    896.4
     1     1    23     1     2    15     0     3    51.0   45.647  -99.533    395.8    902.0
     1     1    23     1     2    16     0     2    52.0   45.640  -99.349    350.9    908.9
     1     1    23     1     2    17     0     1    53.0   45.629  -99.172    315.5    914.0
     1     1    23     1     2    18     0     0    54.0   45.612  -99.002    291.7    918.0
     1     1    23     1     2    19     0     1    55.0   45.584  -98.845    273.8    922.0
     1     1    23     1     2    20     0     2    56.0   45.542  -98.711    258.8    926.6
     1     1    23     1     2    21     0     3    57.0   45.486  -98.602    254.4    929.3
     1     1    23     1     2    22     0     2    58.0   45.415  -98.538    256.8    929.5
     1     1    23     1     2    23     0     1    59.0   45.332  -98.532    259.0    929.6
     1     1    23     1     3     0     0     0    60.0   45.235  -98.582    262.7    929.2
     1     1    23     1     3     1     0     1    61.0   45.127  -98.674    273.5    928.0
     1     1    23     1     3     2     0     2    62.0   45.005  -98.797    289.4    925.5
     1     1    23     1     3     3     0     3    63.0   44.869  -98.957    299.7    921.1
     1     1    23     1     3     4     0     2    64.0   44.725  -99.154    310.1    917.9
     1     1    23     1     3     5     0     1    65.0   44.577  -99.374    338.3    912.1
     1     1    23     1     3     6     0     0    66.0   44.412  -99.615    390.3    904.1
     1     1    23     1     3     7     0     1    67.0   44.211  -99.873    457.0    894.2
     1     1    23     1     3     8     0     2    68.0   43.959 -100.127    529.6    883.9
     1     1    23     1     3     9     0     3    69.0   43.644 -100.397    599.5    863.1
     1     1    23     1     3    10     0     2    70.0   43.260 -100.701    637.1    842.1
     1     1    23     1     3    11     0     1    71.0   42.813 -100.983    651.0    828.7
     1     1    23     1     3    12     0     0    72.0   42.299 -101.223    643.0    819.1
     1     1    23     1     3    13     0     1    73.0   41.734 -101.408    632.1    820.1
     1     1    23     1     3    14     0     2    74.0   41.158 -101.530    674.5    817.8
     1     1    23     1     3    15     0     3    75.0   40.584 -101.598    765.3    808.1
     1     1    23     1     3    16     0     2    76.0   40.038 -101.617    874.3    798.8
     1     1    23     1     3    17     0     1    77.0   39.532 -101.546    929.1    785.7
     1     1    23     1     3    18     0     0    78.0   39.057 -101.388    915.9    791.0
     1     1    23     1     3    19     0     1    79.0   38.618 -101.181    896.0    802.8
     1     1    23     1     3    20     0     2    80.0   38.228 -100.951    879.3    807.6
     1     1    23     1     3    21     0     3    81.0   37.905 -100.718    850.9    814.9
     1     1    23     1     3    22     0     2    82.0   37.621 -100.485    811.9    825.0
     1     1    23     1     3    23     0     1    83.0   37.352 -100.247    755.1    838.4
     1     1    23     1     4     0     0     0    84.0   37.110 -100.008    692.5    854.6
     1     1    23     1     4     1     0     1    85.0   36.888  -99.764    630.1    865.9
     1     1    23     1     4     2     0     2    86.0   36.667  -99.518    559.7    875.1
     1     1    23     1     4     3     0     3    87.0   36.428  -99.277    477.4    886.2
     1     1    23     1     4     4     0     2    88.0   36.169  -99.051    394.6    898.0
     1     1    23     1     4     5     0     1    89.0   35.912  -98.848    324.0    911.1
     1     1    23     1     4     6     0     0    90.0   35.682  -98.673    266.5    925.5
     1     1    23     1     4     7     0     1    91.0   35.483  -98.526    228.4    935.4
     1     1    23     1     4     8     0     2    92.0   35.304  -98.403    211.5    940.6
     1     1    23     1     4     9     0     3    93.0   35.142  -98.298    209.6    943.3
     1     1    23     1     4    10     0     2    94.0   34.978  -98.209    216.3    944.5
     1     1    23     1     4    11     0     1    95.0   34.799  -98.141    225.7    946.3
     1     1    23     1     4    12     0     0    96.0   34.606  -98.090    236.1    947.9
     1     1    23     1     4    13     0     1    97.0   34.420  -98.058    244.3    949.5
     1     1    23     1     4    14     0     2    98.0   34.264  -98.041    246.0    951.4
     1     1    23     1     4    15     0     3    99.0   34.132  -98.032    240.2    953.8
     1     1    23     1     4    16     0     2   100.0   34.025  -98.018    228.0    956.6
     1     1    23     1     4    17     0     1   101.0   33.946  -97.982    211.5    959.0
     1     1    23     1     4    18     0     0   102.0   33.893  -97.923    193.0    961.8
     1     1    23     1     4    19     0     1   103.0   33.859  -97.843    174.4    964.2
     1     1    23     1     4    20     0     2   104.0   33.836  -97.743    156.0    967.0
     1     1    23     1     4    21     0     3   105.0   33.825  -97.624    137.6    970.2
     1     1    23     1     4    22     0     2   106.0   33.812  -97.500    119.9    973.6
     1     1    23     1     4    23     0     1   107.0   33.783  -97.386    103.8    976.6
     1     1    23     1     5     0     0     0   108.0   33.739  -97.286     89.5    979.5
     1     1    23     1     5     1     0     1   109.0   33.680  -97.206     76.8    982.7
     1     1    23     1     5     2     0     2   110.0   33.604  -97.150     65.8    986.1
     1     1    23     1     5     3     0     3   111.0   33.516  -97.119     57.3    989.3
     1     1    23     1     5     4     0     2   112.0   33.427  -97.098     51.9    991.1
     1     1    23     1     5     5     0     1   113.0   33.346  -97.070     48.9    992.7
     1     1    23     1     5     6     0     0   114.0   33.273  -97.031     47.3    994.4
     1     1    23     1     5     7     0     1   115.0   33.198  -96.984     43.8    996.4
     1     1    23     1     5     8     0     2   116.0   33.111  -96.931     36.6    998.4
     1     1    23     1     5     9     0     3   117.0   33.012  -96.865     27.2   1000.8
     1     1    23     1     5    10     0     2   118.0   32.912  -96.798     20.3   1002.0
     1     1    23     1     5    11     0     1   119.0   32.811  -96.742     16.9   1002.2
     1     1    23     1     5    12     0     0   120.0   32.708  -96.696     15.1   1002.5
