     8     1
    GDAS    22    12    22     0     0
    GDAS    22    12    29     0     0
    GDAS    23     1     1     0     0
    GDAS    23     1     8     0     0
    GDAS    23     1    15     0     0
    GDAS    23     1    22     0     0
    GDAS    23     1    29     0     0
    GDAS    23     2     1     0     0
     1 FORWARD  OMEGA   
    23     1     2    16   28.020 -112.150  1732.2
     1 PRESSURE
     1     1    23     1     2    16     0     2     0.0   28.020 -112.150   1732.2    818.2
     1     1    23     1     2    17     0     1     1.0   28.073 -111.817   1724.8    822.3
     1     1    23     1     2    18     0     0     2.0   28.186 -111.515   1698.2    823.5
     1     1    23     1     2    19     0     1     3.0   28.348 -111.224   1718.1    819.3
     1     1    23     1     2    20     0     2     4.0   28.546 -110.922   1810.6    801.6
     1     1    23     1     2    21     0     3     5.0   28.785 -110.572   1982.3    768.2
     1     1    23     1     2    22     0     2     6.0   29.051 -110.104   2151.6    713.9
     1     1    23     1     2    23     0     1     7.0   29.319 -109.518   2162.9    675.9
     1     1    23     1     3     0     0     0     8.0   29.610 -108.842   2011.9    660.2
     1     1    23     1     3     1     0     1     9.0   29.812 -107.954   1786.6    633.6
     1     1    23     1     3     2     0     2    10.0   29.915 -107.067   1820.9    671.2
     1     1    23     1     3     3     0     3    11.0   30.009 -106.342   1905.1    671.3
     1     1    23     1     3     4     0     2    12.0   30.123 -105.649   1887.4    676.9
     1     1    23     1     3     5     0     1    13.0   30.326 -104.929   1870.5    687.2
     1     1    23     1     3     6     0     0    14.0   30.599 -104.149   1873.6    684.8
     1     1    23     1     3     7     0     1    15.0   30.833 -103.343   1796.9    714.4
     1     1    23     1     3     8     0     2    16.0   30.939 -102.579   1542.0    762.1
     1     1    23     1     3     9     0     3    17.0   30.957 -101.818   1387.9    779.4
     1     1    23     1     3    10     0     2    18.0   30.960 -101.088   1208.1    795.3
     1     1    23     1     3    11     0     1    19.0   30.903 -100.398    993.8    827.6
     1     1    23     1     3    12     0     0    20.0   30.771  -99.758    848.3    852.0
     1     1    23     1     3    13     0     1    21.0   30.594  -99.206    769.0    866.1
     1     1    23     1     3    14     0     2    22.0   30.401  -98.749    688.0    878.9
     1     1    23     1     3    15     0     3    23.0   30.161  -98.369    557.7    904.0
     1     1    23     1     3    16     0     2    24.0   29.882  -98.085    416.1    934.9
     1     1    23     1     3    17     0     1    25.0   29.627  -97.917    326.1    955.8
     1     1    23     1     3    18     0     0    26.0   29.431  -97.834    285.9    964.4
     1     1    23     1     3    19     0     1    27.0   29.277  -97.792    266.3    967.6
     1     1    23     1     3    20     0     2    28.0   29.140  -97.769    249.0    971.4
     1     1    23     1     3    21     0     3    29.0   29.016  -97.760    231.5    974.7
     1     1    23     1     3    22     0     2    30.0   28.913  -97.764    213.0    977.3
     1     1    23     1     3    23     0     1    31.0   28.840  -97.780    194.5    979.5
     1     1    23     1     4     0     0     0    32.0   28.797  -97.807    176.8    981.7
     1     1    23     1     4     1     0     1    33.0   28.776  -97.843    167.7    984.2
     1     1    23     1     4     2     0     2    34.0   28.763  -97.883    173.6    983.9
     1     1    23     1     4     3     0     3    35.0   28.757  -97.927    196.7    981.9
     1     1    23     1     4     4     0     2    36.0   28.757  -97.949    228.4    977.2
     1     1    23     1     4     5     0     1    37.0   28.754  -97.928    251.6    975.0
     1     1    23     1     4     6     0     0    38.0   28.744  -97.863    262.0    974.6
     1     1    23     1     4     7     0     1    39.0   28.710  -97.778    258.6    976.3
     1     1    23     1     4     8     0     2    40.0   28.640  -97.689    247.8    978.9
     1     1    23     1     4     9     0     3    41.0   28.553  -97.594    235.1    981.6
     1     1    23     1     4    10     0     2    42.0   28.459  -97.494    217.5    984.4
     1     1    23     1     4    11     0     1    43.0   28.354  -97.390    189.7    989.1
     1     1    23     1     4    12     0     0    44.0   28.223  -97.272    154.6    995.5
     1     1    23     1     4    13     0     1    45.0   28.072  -97.148    121.3   1002.1
     1     1    23     1     4    14     0     2    46.0   27.917  -97.042     94.6   1006.8
     1     1    23     1     4    15     0     3    47.0   27.759  -96.964     75.1   1010.0
     1     1    23     1     4    16     0     2    48.0   27.595  -96.904     63.4   1011.9
     1     1    23     1     4    17     0     1    49.0   27.427  -96.853     57.4   1013.0
     1     1    23     1     4    18     0     0    50.0   27.261  -96.820     53.9   1014.0
     1     1    23     1     4    19     0     1    51.0   27.095  -96.814     49.8   1013.6
     1     1    23     1     4    20     0     2    52.0   26.925  -96.837     43.3   1013.3
     1     1    23     1     4    21     0     3    53.0   26.750  -96.885     34.7   1013.1
     1     1    23     1     4    22     0     2    54.0   26.582  -96.953     27.2   1014.1
     1     1    23     1     4    23     0     1    55.0   26.433  -97.038     22.9   1014.5
     1     1    23     1     5     0     0     0    56.0   26.303  -97.144     21.3   1014.2
     1     1    23     1     5     1     0     1    57.0   26.201  -97.268     21.1   1014.8
     1     1    23     1     5     2     0     2    58.0   26.133  -97.398     21.4   1015.3
     1     1    23     1     5     3     0     3    59.0   26.097  -97.527     22.5   1015.9
     1     1    23     1     5     4     0     2    60.0   26.088  -97.650     23.9   1015.2
     1     1    23     1     5     5     0     1    61.0   26.097  -97.762     25.1   1014.6
     1     1    23     1     5     6     0     0    62.0   26.125  -97.859     26.4   1014.2
     1     1    23     1     5     7     0     1    63.0   26.167  -97.937     28.1   1013.7
     1     1    23     1     5     8     0     2    64.0   26.221  -97.993     30.2   1013.2
     1     1    23     1     5     9     0     3    65.0   26.284  -98.026     32.5   1012.6
     1     1    23     1     5    10     0     2    66.0   26.348  -98.039     34.3   1013.3
     1     1    23     1     5    11     0     1    67.0   26.404  -98.034     35.0   1014.4
     1     1    23     1     5    12     0     0    68.0   26.452  -98.012     34.1   1015.8
     1     1    23     1     5    13     0     1    69.0   26.490  -97.986     32.9   1016.2
     1     1    23     1     5    14     0     2    70.0   26.518  -97.966     32.6   1016.3
     1     1    23     1     5    15     0     3    71.0   26.537  -97.950     33.3   1016.4
     1     1    23     1     5    16     0     2    72.0   26.550  -97.941     34.6   1016.2
     1     1    23     1     5    17     0     1    73.0   26.564  -97.941     36.1   1016.0
     1     1    23     1     5    18     0     0    74.0   26.579  -97.948     37.9   1015.8
     1     1    23     1     5    19     0     1    75.0   26.595  -97.971     40.0   1015.3
     1     1    23     1     5    20     0     2    76.0   26.616  -98.015     42.7   1014.6
     1     1    23     1     5    21     0     3    77.0   26.644  -98.080     45.6   1013.1
     1     1    23     1     5    22     0     2    78.0   26.679  -98.177     48.5   1011.4
     1     1    23     1     5    23     0     1    79.0   26.725  -98.315     50.4   1009.0
     1     1    23     1     6     0     0     0    80.0   26.783  -98.486     50.1   1006.2
     1     1    23     1     6     1     0     1    81.0   26.854  -98.675     42.4   1003.5
     1     1    23     1     6     2     0     2    82.0   26.929  -98.875     23.2   1001.9
     1     1    23     1     6     3     0     3    83.0   26.997  -99.092      4.5   1001.8
     1     1    23     1     6     4     0     2    84.0   27.073  -99.296      0.0   1001.4
     1     1    23     1     6     5     0     1    85.0   27.171  -99.471      0.0   1000.9
     1     1    23     1     6     6     0     0    86.0   27.287  -99.632      0.6   1000.3
     1     1    23     1     6     7     0     1    87.0   27.415  -99.779      4.4    999.7
     1     1    23     1     6     8     0     2    88.0   27.550  -99.911      9.0    998.9
     1     1    23     1     6     9     0     3    89.0   27.695 -100.032     13.4    996.1
     1     1    23     1     6    10     0     2    90.0   27.846 -100.146     16.2    990.2
     1     1    23     1     6    11     0     1    91.0   27.994 -100.255     16.7    986.0
     1     1    23     1     6    12     0     0    92.0   28.132 -100.358     16.4    982.6
     1     1    23     1     6    13     0     1    93.0   28.265 -100.452     16.7    981.3
     1     1    23     1     6    14     0     2    94.0   28.403 -100.533     18.2    980.2
     1     1    23     1     6    15     0     3    95.0   28.546 -100.604     20.2    979.7
     1     1    23     1     6    16     0     2    96.0   28.709 -100.671     22.5    978.4
     1     1    23     1     6    17     0     1    97.0   28.912 -100.738     25.1    977.7
     1     1    23     1     6    18     0     0    98.0   29.163 -100.805     31.5    972.0
     1     1    23     1     6    19     0     1    99.0   29.450 -100.871     56.9    961.7
     1     1    23     1     6    20     0     2   100.0   29.766 -100.933    115.9    947.0
     1     1    23     1     6    21     0     3   101.0   30.124 -100.976    189.2    928.6
     1     1    23     1     6    22     0     2   102.0   30.515 -100.962    221.9    911.1
     1     1    23     1     6    23     0     1   103.0   30.908 -100.868    200.1    905.5
     1     1    23     1     7     0     0     0   104.0   31.263 -100.718    165.2    913.8
     1     1    23     1     7     1     0     1   105.0   31.573 -100.546    142.6    921.6
     1     1    23     1     7     2     0     2   106.0   31.853 -100.353    141.7    926.9
     1     1    23     1     7     3     0     3   107.0   32.110 -100.133    172.2    930.0
     1     1    23     1     7     4     0     2   108.0   32.338  -99.878    220.7    928.3
     1     1    23     1     7     5     0     1   109.0   32.506  -99.598    246.6    930.2
     1     1    23     1     7     6     0     0   110.0   32.601  -99.283    254.4    935.2
     1     1    23     1     7     7     0     1   111.0   32.649  -98.941    265.8    938.6
     1     1    23     1     7     8     0     2   112.0   32.674  -98.622    280.0    938.9
     1     1    23     1     7     9     0     3   113.0   32.658  -98.346    292.7    940.9
     1     1    23     1     7    10     0     2   114.0   32.607  -98.098    300.3    941.4
     1     1    23     1     7    11     0     1   115.0   32.535  -97.870    297.9    946.2
     1     1    23     1     7    12     0     0   116.0   32.442  -97.656    292.8    950.9
     1     1    23     1     7    13     0     1   117.0   32.350  -97.455    281.7    955.6
     1     1    23     1     7    14     0     2   118.0   32.258  -97.277    266.6    961.3
     1     1    23     1     7    15     0     3   119.0   32.149  -97.118    261.6    965.1
     1     1    23     1     7    16     0     2   120.0   32.039  -96.965    266.5    965.3
