     8     1
    GDAS    22    12    22     0     0
    GDAS    22    12    29     0     0
    GDAS    23     1     1     0     0
    GDAS    23     1     8     0     0
    GDAS    23     1    15     0     0
    GDAS    23     1    22     0     0
    GDAS    23     1    29     0     0
    GDAS    23     2     1     0     0
     1 FORWARD  OMEGA   
    23     1    22    14   49.187 -146.946   333.4
     1 PRESSURE
     1     1    23     1    22    14     0     2     0.0   49.187 -146.946    333.4    962.3
     1     1    23     1    22    15     0     3     1.0   49.889 -146.565    312.0    964.0
     1     1    23     1    22    16     0     2     2.0   50.568 -146.176    309.1    966.7
     1     1    23     1    22    17     0     1     3.0   51.241 -145.776    343.0    961.3
     1     1    23     1    22    18     0     0     4.0   51.919 -145.403    368.7    952.8
     1     1    23     1    22    19     0     1     5.0   52.561 -145.006    383.9    955.4
     1     1    23     1    22    20     0     2     6.0   53.181 -144.561    428.2    950.3
     1     1    23     1    22    21     0     3     7.0   53.802 -144.135    458.0    940.3
     1     1    23     1    22    22     0     2     8.0   54.374 -143.636    458.9    944.6
     1     1    23     1    22    23     0     1     9.0   54.928 -143.023    523.7    942.7
     1     1    23     1    23     0     0     0    10.0   55.474 -142.376    639.3    917.8
     1     1    23     1    23     1     0     1    11.0   55.938 -141.695    709.8    913.0
     1     1    23     1    23     2     0     2    12.0   56.342 -140.975    774.7    907.0
     1     1    23     1    23     3     0     3    13.0   56.738 -140.371    819.4    898.5
     1     1    23     1    23     4     0     2    14.0   57.106 -139.826    883.9    898.6
     1     1    23     1    23     5     0     1    15.0   57.446 -139.293   1033.5    883.0
     1     1    23     1    23     6     0     0    16.0   57.775 -138.947   1223.7    855.8
     1     1    23     1    23     7     0     1    17.0   58.092 -138.702   1449.3    844.6
     1     1    23     1    23     8     0     2    18.0   58.404 -138.420   1909.2    789.3
     1     1    23     1    23     9     0     3    19.0   58.773 -138.229   2641.5    707.2
     1     1    23     1    23    10     0     2    20.0   59.187 -137.995   3656.2    598.6
     1     1    23     1    23    11     0     1    21.0   59.598 -137.408   4247.4    465.7
     1     1    23     1    23    12     0     0    22.0   59.999 -136.447   4062.4    498.0
     1     1    23     1    23    13     0     1    23.0   60.272 -135.402   4138.1    497.3
     1     1    23     1    23    14     0     2    24.0   60.410 -134.510   4402.3    486.0
     1     1    23     1    23    15     0     3    25.0   60.517 -133.587   4451.3    490.3
     1     1    23     1    23    16     0     2    26.0   60.564 -132.737   4698.3    471.7
     1     1    23     1    23    17     0     1    27.0   60.602 -132.041   4830.1    459.3
     1     1    23     1    23    18     0     0    28.0   60.652 -131.415   4740.7    455.8
     1     1    23     1    23    19     0     1    29.0   60.701 -130.818   4601.6    465.6
     1     1    23     1    23    20     0     2    30.0   60.758 -130.207   4584.6    472.2
     1     1    23     1    23    21     0     3    31.0   60.832 -129.508   4603.8    465.7
     1     1    23     1    23    22     0     2    32.0   60.874 -128.667   4400.7    488.1
     1     1    23     1    23    23     0     1    33.0   60.902 -127.758   4240.8    495.2
     1     1    23     1    24     0     0     0    34.0   60.904 -126.817   4284.1    492.0
     1     1    23     1    24     1     0     1    35.0   60.826 -125.898   4360.1    495.0
     1     1    23     1    24     2     0     2    36.0   60.665 -125.049   4297.1    502.8
     1     1    23     1    24     3     0     3    37.0   60.458 -124.238   4283.0    528.5
     1     1    23     1    24     4     0     2    38.0   60.227 -123.476   4319.2    542.9
     1     1    23     1    24     5     0     1    39.0   59.991 -122.753   4329.8    543.2
     1     1    23     1    24     6     0     0    40.0   59.712 -122.023   4379.0    537.2
     1     1    23     1    24     7     0     1    41.0   59.408 -121.334   4448.2    525.0
     1     1    23     1    24     8     0     2    42.0   59.112 -120.692   4518.2    519.5
     1     1    23     1    24     9     0     3    43.0   58.803 -120.051   4574.6    522.8
     1     1    23     1    24    10     0     2    44.0   58.475 -119.427   4593.9    517.2
     1     1    23     1    24    11     0     1    45.0   58.135 -118.832   4634.2    513.2
     1     1    23     1    24    12     0     0    46.0   57.774 -118.255   4733.2    508.6
     1     1    23     1    24    13     0     1    47.0   57.390 -117.665   4807.4    502.3
     1     1    23     1    24    14     0     2    48.0   56.967 -117.034   4797.6    499.0
     1     1    23     1    24    15     0     3    49.0   56.515 -116.388   4727.6    504.6
     1     1    23     1    24    16     0     2    50.0   56.047 -115.794   4716.6    502.0
     1     1    23     1    24    17     0     1    51.0   55.550 -115.270   4720.2    496.2
     1     1    23     1    24    18     0     0    52.0   55.011 -114.825   4840.5    485.8
     1     1    23     1    24    19     0     1    53.0   54.458 -114.414   5053.7    469.4
     1     1    23     1    24    20     0     2    54.0   53.877 -113.972   5094.2    472.2
     1     1    23     1    24    21     0     3    55.0   53.262 -113.551   5052.9    473.6
     1     1    23     1    24    22     0     2    56.0   52.630 -113.154   5065.1    475.2
     1     1    23     1    24    23     0     1    57.0   51.956 -112.789   5115.5    464.2
     1     1    23     1    25     0     0     0    58.0   51.270 -112.438   5168.9    463.6
     1     1    23     1    25     1     0     1    59.0   50.589 -112.109   5223.5    464.0
     1     1    23     1    25     2     0     2    60.0   49.859 -111.868   5219.2    458.3
     1     1    23     1    25     3     0     3    61.0   49.103 -111.720   5155.6    450.3
     1     1    23     1    25     4     0     2    62.0   48.385 -111.588   5167.7    450.4
     1     1    23     1    25     5     0     1    63.0   47.655 -111.479   5166.9    437.3
     1     1    23     1    25     6     0     0    64.0   46.826 -111.429   5007.6    421.3
     1     1    23     1    25     7     0     1    65.0   45.994 -111.399   4912.8    421.8
     1     1    23     1    25     8     0     2    66.0   45.110 -111.376   4668.5    402.8
     1     1    23     1    25     9     0     3    67.0   44.189 -111.352   4561.0    430.9
     1     1    23     1    25    10     0     2    68.0   43.312 -111.287   4500.7    432.3
     1     1    23     1    25    11     0     1    69.0   42.426 -111.182   4457.6    437.0
     1     1    23     1    25    12     0     0    70.0   41.517 -111.064   4397.8    428.1
     1     1    23     1    25    13     0     1    71.0   40.531 -110.850   4129.5    433.6
     1     1    23     1    25    14     0     2    72.0   39.596 -110.612   4017.8    467.3
     1     1    23     1    25    15     0     3    73.0   38.795 -110.384   3855.0    499.9
     1     1    23     1    25    16     0     2    74.0   38.016 -110.110   3468.6    516.1
     1     1    23     1    25    17     0     1    75.0   37.292 -109.864   3199.5    553.8
     1     1    23     1    25    18     0     0    76.0   36.623 -109.654   3026.2    556.4
     1     1    23     1    25    19     0     1    77.0   35.936 -109.384   2799.1    536.7
     1     1    23     1    25    20     0     2    78.0   35.288 -109.066   2602.1    565.2
     1     1    23     1    25    21     0     3    79.0   34.761 -108.722   2359.6    579.9
     1     1    23     1    25    22     0     2    80.0   34.313 -108.335   2185.9    587.5
     1     1    23     1    25    23     0     1    81.0   33.893 -107.916   2198.6    598.2
     1     1    23     1    26     0     0     0    82.0   33.530 -107.470   2298.6    599.7
     1     1    23     1    26     1     0     1    83.0   33.270 -107.067   2344.6    626.1
     1     1    23     1    26     2     0     2    84.0   33.090 -106.684   2345.1    632.8
     1     1    23     1    26     3     0     3    85.0   32.948 -106.288   2305.5    636.2
     1     1    23     1    26     4     0     2    86.0   32.810 -105.886   2252.9    642.0
     1     1    23     1    26     5     0     1    87.0   32.684 -105.511   2257.2    645.6
     1     1    23     1    26     6     0     0    88.0   32.588 -105.160   2310.0    641.7
     1     1    23     1    26     7     0     1    89.0   32.508 -104.818   2353.4    643.0
     1     1    23     1    26     8     0     2    90.0   32.422 -104.509   2357.0    654.7
     1     1    23     1    26     9     0     3    91.0   32.328 -104.257   2347.2    666.7
     1     1    23     1    26    10     0     2    92.0   32.229 -104.069   2350.3    675.6
     1     1    23     1    26    11     0     1    93.0   32.126 -103.919   2371.2    678.1
     1     1    23     1    26    12     0     0    94.0   32.021 -103.786   2405.3    677.3
     1     1    23     1    26    13     0     1    95.0   31.930 -103.636   2413.5    673.0
     1     1    23     1    26    14     0     2    96.0   31.862 -103.484   2371.5    677.2
     1     1    23     1    26    15     0     3    97.0   31.817 -103.356   2294.0    685.3
     1     1    23     1    26    16     0     2    98.0   31.791 -103.262   2208.4    696.0
     1     1    23     1    26    17     0     1    99.0   31.784 -103.183   2136.4    703.3
     1     1    23     1    26    18     0     0   100.0   31.798 -103.112   2071.8    709.5
     1     1    23     1    26    19     0     1   101.0   31.825 -103.039   2017.6    714.9
     1     1    23     1    26    20     0     2   102.0   31.857 -102.955   1982.7    718.0
     1     1    23     1    26    21     0     3   103.0   31.892 -102.850   1968.7    719.0
     1     1    23     1    26    22     0     2   104.0   31.925 -102.715   1956.3    719.1
     1     1    23     1    26    23     0     1   105.0   31.952 -102.555   1924.0    722.7
     1     1    23     1    27     0     0     0   106.0   31.979 -102.376   1863.6    729.0
     1     1    23     1    27     1     0     1   107.0   32.014 -102.185   1789.6    739.0
     1     1    23     1    27     2     0     2   108.0   32.066 -101.971   1727.3    746.7
     1     1    23     1    27     3     0     3   109.0   32.136 -101.725   1684.9    753.7
     1     1    23     1    27     4     0     2   110.0   32.213 -101.440   1638.3    759.1
     1     1    23     1    27     5     0     1   111.0   32.294 -101.122   1560.9    770.6
     1     1    23     1    27     6     0     0   112.0   32.401 -100.771   1468.0    787.2
     1     1    23     1    27     7     0     1   113.0   32.539 -100.399   1402.3    803.3
     1     1    23     1    27     8     0     2   114.0   32.696 -100.001   1360.5    814.5
     1     1    23     1    27     9     0     3   115.0   32.857  -99.565   1338.9    824.2
     1     1    23     1    27    10     0     2   116.0   33.002  -99.095   1396.9    825.1
     1     1    23     1    27    11     0     1   117.0   33.117  -98.594   1436.9    811.9
     1     1    23     1    27    12     0     0   118.0   33.237  -98.051   1314.5    827.6
     1     1    23     1    27    13     0     1   119.0   33.388  -97.489   1224.5    866.6
     1     1    23     1    27    14     0     2   120.0   33.531  -96.928   1284.5    860.2
