     8     1
    GDAS    22    12    22     0     0
    GDAS    22    12    29     0     0
    GDAS    23     1     1     0     0
    GDAS    23     1     8     0     0
    GDAS    23     1    15     0     0
    GDAS    23     1    22     0     0
    GDAS    23     1    29     0     0
    GDAS    23     2     1     0     0
     1 FORWARD  OMEGA   
    23     1    16    14   43.668 -105.639    99.8
     1 PRESSURE
     1     1    23     1    16    14     0     2     0.0   43.668 -105.639     99.8    826.7
     1     1    23     1    16    15     0     3     1.0   43.619 -105.406    102.7    826.9
     1     1    23     1    16    16     0     2     2.0   43.547 -105.159    108.0    827.8
     1     1    23     1    16    17     0     1     3.0   43.463 -104.899    113.9    827.8
     1     1    23     1    16    18     0     0     4.0   43.385 -104.634    110.3    827.2
     1     1    23     1    16    19     0     1     5.0   43.312 -104.373     89.8    830.3
     1     1    23     1    16    20     0     2     6.0   43.239 -104.126     58.1    838.5
     1     1    23     1    16    21     0     3     7.0   43.168 -103.906     32.1    851.1
     1     1    23     1    16    22     0     2     8.0   43.102 -103.728     18.2    863.2
     1     1    23     1    16    23     0     1     9.0   43.047 -103.599     11.9    870.0
     1     1    23     1    17     0     0     0    10.0   43.012 -103.517      9.6    874.3
     1     1    23     1    17     1     0     1    11.0   42.990 -103.465      8.4    876.6
     1     1    23     1    17     2     0     2    12.0   42.974 -103.424      7.0    878.0
     1     1    23     1    17     3     0     3    13.0   42.962 -103.395      5.2    879.0
     1     1    23     1    17     4     0     2    14.0   42.958 -103.367      3.6    879.6
     1     1    23     1    17     5     0     1    15.0   42.964 -103.333      2.6    880.5
     1     1    23     1    17     6     0     0    16.0   42.982 -103.292      2.3    881.9
     1     1    23     1    17     7     0     1    17.0   43.006 -103.251      2.2    883.2
     1     1    23     1    17     8     0     2    18.0   43.030 -103.220      1.9    883.9
     1     1    23     1    17     9     0     3    19.0   43.052 -103.199      1.5    884.3
     1     1    23     1    17    10     0     2    20.0   43.070 -103.184      1.1    884.7
     1     1    23     1    17    11     0     1    21.0   43.081 -103.167      0.9    885.3
     1     1    23     1    17    12     0     0    22.0   43.084 -103.148      0.8    885.9
     1     1    23     1    17    13     0     1    23.0   43.085 -103.139      0.9    886.3
     1     1    23     1    17    14     0     2    24.0   43.087 -103.151      1.2    886.0
     1     1    23     1    17    15     0     3    25.0   43.090 -103.182      1.7    885.1
     1     1    23     1    17    16     0     2    26.0   43.093 -103.229      2.4    884.5
     1     1    23     1    17    17     0     1    27.0   43.095 -103.290      3.4    883.4
     1     1    23     1    17    18     0     0    28.0   43.097 -103.366      4.5    881.5
     1     1    23     1    17    19     0     1    29.0   43.100 -103.453      6.0    877.9
     1     1    23     1    17    20     0     2    30.0   43.104 -103.544      8.1    874.3
     1     1    23     1    17    21     0     3    31.0   43.110 -103.637     10.7    870.5
     1     1    23     1    17    22     0     2    32.0   43.113 -103.737     14.3    867.0
     1     1    23     1    17    23     0     1    33.0   43.113 -103.846     19.0    862.9
     1     1    23     1    18     0     0     0    34.0   43.113 -103.964     24.3    858.3
     1     1    23     1    18     1     0     1    35.0   43.113 -104.087     31.0    855.2
     1     1    23     1    18     2     0     2    36.0   43.112 -104.208     40.8    852.6
     1     1    23     1    18     3     0     3    37.0   43.111 -104.328     53.5    849.9
     1     1    23     1    18     4     0     2    38.0   43.108 -104.447     70.7    846.2
     1     1    23     1    18     5     0     1    39.0   43.096 -104.565     95.3    842.2
     1     1    23     1    18     6     0     0    40.0   43.072 -104.683    129.5    837.6
     1     1    23     1    18     7     0     1    41.0   43.039 -104.799    171.0    831.2
     1     1    23     1    18     8     0     2    42.0   42.999 -104.911    216.6    824.9
     1     1    23     1    18     9     0     3    43.0   42.952 -105.019    271.8    817.4
     1     1    23     1    18    10     0     2    44.0   42.888 -105.134    338.2    806.8
     1     1    23     1    18    11     0     1    45.0   42.792 -105.262    412.8    794.9
     1     1    23     1    18    12     0     0    46.0   42.659 -105.393    495.2    779.5
     1     1    23     1    18    13     0     1    47.0   42.502 -105.522    578.4    763.0
     1     1    23     1    18    14     0     2    48.0   42.324 -105.654    644.9    745.7
     1     1    23     1    18    15     0     3    49.0   42.112 -105.794    664.7    729.4
     1     1    23     1    18    16     0     2    50.0   41.876 -105.907    647.5    719.2
     1     1    23     1    18    17     0     1    51.0   41.641 -105.969    678.1    705.6
     1     1    23     1    18    18     0     0    52.0   41.404 -106.002    791.7    683.5
     1     1    23     1    18    19     0     1    53.0   41.148 -106.012   1021.8    653.1
     1     1    23     1    18    20     0     2    54.0   40.846 -106.007   1363.4    613.8
     1     1    23     1    18    21     0     3    55.0   40.484 -105.983   1718.0    579.0
     1     1    23     1    18    22     0     2    56.0   40.062 -105.913   1995.5    557.7
     1     1    23     1    18    23     0     1    57.0   39.588 -105.800   2166.9    544.5
     1     1    23     1    19     0     0     0    58.0   39.039 -105.710   2238.7    526.4
     1     1    23     1    19     1     0     1    59.0   38.495 -105.620   2366.0    540.3
     1     1    23     1    19     2     0     2    60.0   38.022 -105.492   2562.3    540.0
     1     1    23     1    19     3     0     3    61.0   37.582 -105.322   2734.3    517.8
     1     1    23     1    19     4     0     2    62.0   37.184 -105.070   3028.7    505.0
     1     1    23     1    19     5     0     1    63.0   36.871 -104.701   3646.6    473.6
     1     1    23     1    19     6     0     0    64.0   36.630 -104.210   4058.8    447.4
     1     1    23     1    19     7     0     1    65.0   36.400 -103.641   4040.6    482.1
     1     1    23     1    19     8     0     2    66.0   36.167 -103.031   3967.0    518.0
     1     1    23     1    19     9     0     3    67.0   35.926 -102.378   3851.4    528.9
     1     1    23     1    19    10     0     2    68.0   35.702 -101.694   3686.1    559.6
     1     1    23     1    19    11     0     1    69.0   35.507 -100.969   3636.2    581.9
     1     1    23     1    19    12     0     0    70.0   35.330 -100.190   3597.3    587.3
     1     1    23     1    19    13     0     1    71.0   35.155  -99.361   3469.1    613.7
     1     1    23     1    19    14     0     2    72.0   34.967  -98.503   3299.6    638.5
     1     1    23     1    19    15     0     3    73.0   34.770  -97.609   3068.9    666.6
     1     1    23     1    19    16     0     2    74.0   34.575  -96.704   2871.4    689.8
     1     1    23     1    19    17     0     1    75.0   34.378  -95.790   2702.5    712.1
     1     1    23     1    19    18     0     0    76.0   34.178  -94.878   2500.1    732.1
     1     1    23     1    19    19     0     1    77.0   33.977  -93.975   2268.0    755.7
     1     1    23     1    19    20     0     2    78.0   33.761  -93.103   2085.3    779.4
     1     1    23     1    19    21     0     3    79.0   33.542  -92.287   1931.7    797.4
     1     1    23     1    19    22     0     2    80.0   33.336  -91.540   1804.6    816.5
     1     1    23     1    19    23     0     1    81.0   33.156  -90.863   1743.4    822.8
     1     1    23     1    20     0     0     0    82.0   32.990  -90.227   1710.1    822.3
     1     1    23     1    20     1     0     1    83.0   32.837  -89.614   1672.5    819.1
     1     1    23     1    20     2     0     2    84.0   32.707  -89.025   1610.6    824.7
     1     1    23     1    20     3     0     3    85.0   32.602  -88.465   1554.6    837.2
     1     1    23     1    20     4     0     2    86.0   32.524  -87.928   1509.1    845.4
     1     1    23     1    20     5     0     1    87.0   32.471  -87.387   1457.0    845.9
     1     1    23     1    20     6     0     0    88.0   32.431  -86.825   1391.3    848.2
     1     1    23     1    20     7     0     1    89.0   32.386  -86.237   1308.0    852.8
     1     1    23     1    20     8     0     2    90.0   32.313  -85.631   1216.6    863.7
     1     1    23     1    20     9     0     3    91.0   32.195  -85.026   1127.8    877.4
     1     1    23     1    20    10     0     2    92.0   32.033  -84.436   1056.3    889.1
     1     1    23     1    20    11     0     1    93.0   31.855  -83.858   1017.0    894.0
     1     1    23     1    20    12     0     0    94.0   31.681  -83.290   1005.3    895.0
     1     1    23     1    20    13     0     1    95.0   31.523  -82.741   1001.5    896.6
     1     1    23     1    20    14     0     2    96.0   31.376  -82.230    992.7    903.3
     1     1    23     1    20    15     0     3    97.0   31.239  -81.748    980.5    907.4
     1     1    23     1    20    16     0     2    98.0   31.126  -81.276    947.2    908.8
     1     1    23     1    20    17     0     1    99.0   31.032  -80.807    872.4    916.6
     1     1    23     1    20    18     0     0   100.0   30.946  -80.350    782.6    928.5
     1     1    23     1    20    19     0     1   101.0   30.866  -79.910    714.3    937.6
     1     1    23     1    20    20     0     2   102.0   30.790  -79.483    671.0    941.3
     1     1    23     1    20    21     0     3   103.0   30.720  -79.074    639.9    944.6
     1     1    23     1    20    22     0     2   104.0   30.648  -78.676    612.6    947.2
     1     1    23     1    20    23     0     1   105.0   30.568  -78.284    587.7    950.6
     1     1    23     1    21     0     0     0   106.0   30.483  -77.895    573.5    952.8
     1     1    23     1    21     1     0     1   107.0   30.396  -77.509    561.7    953.0
     1     1    23     1    21     2     0     2   108.0   30.307  -77.122    550.3    955.5
     1     1    23     1    21     3     0     3   109.0   30.215  -76.733    559.0    955.8
     1     1    23     1    21     4     0     2   110.0   30.116  -76.351    575.3    951.3
     1     1    23     1    21     5     0     1   111.0   30.004  -75.983    571.2    951.2
     1     1    23     1    21     6     0     0   112.0   29.872  -75.629    554.5    954.2
     1     1    23     1    21     7     0     1   113.0   29.727  -75.304    549.8    956.1
     1     1    23     1    21     8     0     2   114.0   29.580  -75.014    562.6    953.7
     1     1    23     1    21     9     0     3   115.0   29.435  -74.759    580.0    951.1
     1     1    23     1    21    10     0     2   116.0   29.292  -74.532    587.2    949.8
     1     1    23     1    21    11     0     1   117.0   29.145  -74.328    576.2    951.4
     1     1    23     1    21    12     0     0   118.0   28.989  -74.147    549.3    954.9
     1     1    23     1    21    13     0     1   119.0   28.835  -73.993    521.9    960.0
     1     1    23     1    21    14     0     2   120.0   28.696  -73.870    501.8    962.4
