     8     1
    GDAS    22    12    22     0     0
    GDAS    22    12    29     0     0
    GDAS    23     1     1     0     0
    GDAS    23     1     8     0     0
    GDAS    23     1    15     0     0
    GDAS    23     1    22     0     0
    GDAS    23     1    29     0     0
    GDAS    23     2     1     0     0
     1 FORWARD  OMEGA   
    23     1    10    12   47.065 -100.686   518.3
     1 PRESSURE
     1     1    23     1    10    12     0     0     0.0   47.065 -100.686    518.3    880.7
     1     1    23     1    10    13     0     1     1.0   47.121 -100.537    494.2    885.4
     1     1    23     1    10    14     0     2     2.0   47.204 -100.390    480.4    888.3
     1     1    23     1    10    15     0     3     3.0   47.308 -100.248    474.3    890.6
     1     1    23     1    10    16     0     2     4.0   47.426 -100.098    467.1    892.3
     1     1    23     1    10    17     0     1     5.0   47.551  -99.924    447.0    896.0
     1     1    23     1    10    18     0     0     6.0   47.679  -99.724    415.0    901.1
     1     1    23     1    10    19     0     1     7.0   47.806  -99.510    392.2    905.7
     1     1    23     1    10    20     0     2     8.0   47.930  -99.292    392.5    905.8
     1     1    23     1    10    21     0     3     9.0   48.053  -99.060    410.5    903.5
     1     1    23     1    10    22     0     2    10.0   48.173  -98.835    435.1    900.7
     1     1    23     1    10    23     0     1    11.0   48.279  -98.643    458.0    899.0
     1     1    23     1    11     0     0     0    12.0   48.363  -98.481    475.6    898.2
     1     1    23     1    11     1     0     1    13.0   48.443  -98.332    496.2    898.3
     1     1    23     1    11     2     0     2    14.0   48.536  -98.188    538.8    896.5
     1     1    23     1    11     3     0     3    15.0   48.640  -98.058    631.9    890.5
     1     1    23     1    11     4     0     2    16.0   48.742  -97.941    755.5    874.8
     1     1    23     1    11     5     0     1    17.0   48.835  -97.829    867.2    865.0
     1     1    23     1    11     6     0     0    18.0   48.934  -97.723    969.1    855.7
     1     1    23     1    11     7     0     1    19.0   49.015  -97.630   1043.7    847.0
     1     1    23     1    11     8     0     2    20.0   49.050  -97.555   1074.4    845.1
     1     1    23     1    11     9     0     3    21.0   49.039  -97.503   1069.6    846.4
     1     1    23     1    11    10     0     2    22.0   48.992  -97.482   1047.0    850.3
     1     1    23     1    11    11     0     1    23.0   48.919  -97.484   1023.8    852.4
     1     1    23     1    11    12     0     0    24.0   48.817  -97.503   1000.2    854.0
     1     1    23     1    11    13     0     1    25.0   48.685  -97.513    985.1    856.0
     1     1    23     1    11    14     0     2    26.0   48.528  -97.493    992.3    855.2
     1     1    23     1    11    15     0     3    27.0   48.344  -97.461   1034.2    851.0
     1     1    23     1    11    16     0     2    28.0   48.137  -97.416   1084.6    842.0
     1     1    23     1    11    17     0     1    29.0   47.909  -97.343   1099.2    840.9
     1     1    23     1    11    18     0     0    30.0   47.647  -97.242   1073.1    847.1
     1     1    23     1    11    19     0     1    31.0   47.353  -97.134   1049.6    856.4
     1     1    23     1    11    20     0     2    32.0   47.047  -97.025   1066.5    857.3
     1     1    23     1    11    21     0     3    33.0   46.732  -96.911   1095.2    849.4
     1     1    23     1    11    22     0     2    34.0   46.404  -96.776   1093.9    846.2
     1     1    23     1    11    23     0     1    35.0   46.054  -96.621   1072.7    849.9
     1     1    23     1    12     0     0     0    36.0   45.678  -96.464   1048.8    848.7
     1     1    23     1    12     1     0     1    37.0   45.290  -96.317   1006.6    850.2
     1     1    23     1    12     2     0     2    38.0   44.900  -96.185    936.8    858.2
     1     1    23     1    12     3     0     3    39.0   44.485  -96.084    866.8    864.4
     1     1    23     1    12     4     0     2    40.0   44.033  -96.012    831.4    860.4
     1     1    23     1    12     5     0     1    41.0   43.578  -95.961    797.2    865.5
     1     1    23     1    12     6     0     0    42.0   43.118  -95.955    723.0    881.4
     1     1    23     1    12     7     0     1    43.0   42.629  -95.979    645.5    898.9
     1     1    23     1    12     8     0     2    44.0   42.101  -95.988    614.1    907.4
     1     1    23     1    12     9     0     3    45.0   41.513  -95.997    602.5    906.4
     1     1    23     1    12    10     0     2    46.0   40.878  -96.018    588.2    908.8
     1     1    23     1    12    11     0     1    47.0   40.213  -96.059    593.9    909.2
     1     1    23     1    12    12     0     0    48.0   39.528  -96.122    602.9    906.2
     1     1    23     1    12    13     0     1    49.0   38.875  -96.171    607.9    908.4
     1     1    23     1    12    14     0     2    50.0   38.233  -96.226    575.0    905.9
     1     1    23     1    12    15     0     3    51.0   37.621  -96.235    481.1    923.6
     1     1    23     1    12    16     0     2    52.0   37.068  -96.187    381.2    942.8
     1     1    23     1    12    17     0     1    53.0   36.573  -96.118    311.0    958.7
     1     1    23     1    12    18     0     0    54.0   36.129  -96.055    276.8    966.4
     1     1    23     1    12    19     0     1    55.0   35.716  -95.981    253.6    968.5
     1     1    23     1    12    20     0     2    56.0   35.323  -95.871    227.8    971.1
     1     1    23     1    12    21     0     3    57.0   34.956  -95.729    202.5    974.6
     1     1    23     1    12    22     0     2    58.0   34.612  -95.582    173.5    980.0
     1     1    23     1    12    23     0     1    59.0   34.289  -95.456    134.7    987.9
     1     1    23     1    13     0     0     0    60.0   33.986  -95.354     87.7    996.0
     1     1    23     1    13     1     0     1    61.0   33.718  -95.267     51.1   1003.6
     1     1    23     1    13     2     0     2    62.0   33.484  -95.184     31.7   1006.9
     1     1    23     1    13     3     0     3    63.0   33.278  -95.109     22.9   1008.5
     1     1    23     1    13     4     0     2    64.0   33.090  -95.052     18.7   1008.8
     1     1    23     1    13     5     0     1    65.0   32.915  -95.026     15.7   1009.4
     1     1    23     1    13     6     0     0    66.0   32.747  -95.035     12.9   1010.0
     1     1    23     1    13     7     0     1    67.0   32.588  -95.042     11.2   1010.8
     1     1    23     1    13     8     0     2    68.0   32.446  -95.007     10.9   1010.7
     1     1    23     1    13     9     0     3    69.0   32.328  -94.926     11.6   1010.9
     1     1    23     1    13    10     0     2    70.0   32.214  -94.838     12.3   1011.0
     1     1    23     1    13    11     0     1    71.0   32.078  -94.783     12.4   1011.2
     1     1    23     1    13    12     0     0    72.0   31.921  -94.757     12.5   1011.6
     1     1    23     1    13    13     0     1    73.0   31.766  -94.740     12.5   1013.3
     1     1    23     1    13    14     0     2    74.0   31.627  -94.717     12.3   1014.8
     1     1    23     1    13    15     0     3    75.0   31.497  -94.695     11.7   1016.2
     1     1    23     1    13    16     0     2    76.0   31.374  -94.673     10.7   1015.8
     1     1    23     1    13    17     0     1    77.0   31.255  -94.652      9.7   1015.4
     1     1    23     1    13    18     0     0    78.0   31.140  -94.628      8.5   1014.8
     1     1    23     1    13    19     0     1    79.0   31.024  -94.599      7.5   1015.2
     1     1    23     1    13    20     0     2    80.0   30.900  -94.561      6.8   1016.2
     1     1    23     1    13    21     0     3    81.0   30.762  -94.515      6.3   1017.3
     1     1    23     1    13    22     0     2    82.0   30.624  -94.467      5.8   1018.5
     1     1    23     1    13    23     0     1    83.0   30.502  -94.427      5.3   1019.5
     1     1    23     1    14     0     0     0    84.0   30.398  -94.395      4.7   1020.4
     1     1    23     1    14     1     0     1    85.0   30.303  -94.373      4.1   1021.7
     1     1    23     1    14     2     0     2    86.0   30.208  -94.361      3.5   1023.1
     1     1    23     1    14     3     0     3    87.0   30.113  -94.358      2.7   1024.8
     1     1    23     1    14     4     0     2    88.0   30.021  -94.369      1.9   1025.0
     1     1    23     1    14     5     0     1    89.0   29.929  -94.397      1.1   1024.5
     1     1    23     1    14     6     0     0    90.0   29.835  -94.446      0.3   1023.9
     1     1    23     1    14     7     0     1    91.0   29.739  -94.514      0.0   1024.0
     1     1    23     1    14     8     0     2    92.0   29.644  -94.598      0.0   1024.0
     1     1    23     1    14     9     0     3    93.0   29.555  -94.695      0.0   1023.7
     1     1    23     1    14    10     0     2    94.0   29.475  -94.801      0.1   1023.8
     1     1    23     1    14    11     0     1    95.0   29.409  -94.908      0.4   1023.8
     1     1    23     1    14    12     0     0    96.0   29.355  -95.015      0.8   1023.8
     1     1    23     1    14    13     0     1    97.0   29.321  -95.129      1.2   1024.2
     1     1    23     1    14    14     0     2    98.0   29.310  -95.255      1.7   1024.6
     1     1    23     1    14    15     0     3    99.0   29.322  -95.387      2.2   1024.7
     1     1    23     1    14    16     0     2   100.0   29.353  -95.514      2.6   1023.5
     1     1    23     1    14    17     0     1   101.0   29.398  -95.630      2.8   1022.2
     1     1    23     1    14    18     0     0   102.0   29.459  -95.740      2.8   1020.9
     1     1    23     1    14    19     0     1   103.0   29.542  -95.841      2.9   1018.7
     1     1    23     1    14    20     0     2   104.0   29.649  -95.926      3.5   1016.2
     1     1    23     1    14    21     0     3   105.0   29.779  -95.994      4.4   1013.3
     1     1    23     1    14    22     0     2   106.0   29.916  -96.059      5.7   1011.9
     1     1    23     1    14    23     0     1   107.0   30.047  -96.132      7.2   1010.6
     1     1    23     1    15     0     0     0   108.0   30.173  -96.210      9.2   1009.5
     1     1    23     1    15     1     0     1   109.0   30.302  -96.293     12.6   1008.1
     1     1    23     1    15     2     0     2   110.0   30.448  -96.383     19.3   1006.0
     1     1    23     1    15     3     0     3   111.0   30.621  -96.486     32.5   1003.1
     1     1    23     1    15     4     0     2   112.0   30.827  -96.586     52.7    999.7
     1     1    23     1    15     5     0     1   113.0   31.069  -96.662     75.9    995.0
     1     1    23     1    15     6     0     0   114.0   31.359  -96.708     98.0    989.6
     1     1    23     1    15     7     0     1   115.0   31.701  -96.725    120.6    983.9
     1     1    23     1    15     8     0     2   116.0   32.095  -96.711    149.6    978.2
     1     1    23     1    15     9     0     3   117.0   32.513  -96.670    179.5    974.2
     1     1    23     1    15    10     0     2   118.0   32.925  -96.624    201.5    971.8
     1     1    23     1    15    11     0     1   119.0   33.339  -96.589    221.3    968.6
     1     1    23     1    15    12     0     0   120.0   33.771  -96.567    248.9    963.4
