     8     1
    GDAS    22    12    22     0     0
    GDAS    22    12    29     0     0
    GDAS    23     1     1     0     0
    GDAS    23     1     8     0     0
    GDAS    23     1    15     0     0
    GDAS    23     1    22     0     0
    GDAS    23     1    29     0     0
    GDAS    23     2     1     0     0
     1 FORWARD  OMEGA   
    23     1     4    11   47.325  -99.964  1063.9
     1 PRESSURE
     1     1    23     1     4    11     0     1     0.0   47.325  -99.964   1063.9    831.7
     1     1    23     1     4    12     0     0     1.0   47.201 -100.104   1049.6    832.2
     1     1    23     1     4    13     0     1     2.0   47.069 -100.225   1046.0    831.5
     1     1    23     1     4    14     0     2     3.0   46.930 -100.334   1052.7    829.0
     1     1    23     1     4    15     0     3     4.0   46.783 -100.429   1059.8    826.4
     1     1    23     1     4    16     0     2     5.0   46.630 -100.508   1058.2    825.0
     1     1    23     1     4    17     0     1     6.0   46.470 -100.573   1047.3    825.3
     1     1    23     1     4    18     0     0     7.0   46.299 -100.623   1031.9    825.9
     1     1    23     1     4    19     0     1     8.0   46.111 -100.659   1017.4    826.2
     1     1    23     1     4    20     0     2     9.0   45.906 -100.683   1005.4    826.2
     1     1    23     1     4    21     0     3    10.0   45.680 -100.691    987.6    827.3
     1     1    23     1     4    22     0     2    11.0   45.427 -100.678    957.0    830.8
     1     1    23     1     4    23     0     1    12.0   45.142 -100.650    907.9    836.2
     1     1    23     1     5     0     0     0    13.0   44.826 -100.608    848.6    845.3
     1     1    23     1     5     1     0     1    14.0   44.490 -100.535    814.9    852.8
     1     1    23     1     5     2     0     2    15.0   44.141 -100.432    818.9    854.6
     1     1    23     1     5     3     0     3    16.0   43.777 -100.314    835.0    848.5
     1     1    23     1     5     4     0     2    17.0   43.390 -100.170    834.5    841.3
     1     1    23     1     5     5     0     1    18.0   42.981  -99.996    814.1    838.9
     1     1    23     1     5     6     0     0    19.0   42.545  -99.814    794.4    841.3
     1     1    23     1     5     7     0     1    20.0   42.083  -99.613    768.1    840.2
     1     1    23     1     5     8     0     2    21.0   41.602  -99.369    716.7    848.4
     1     1    23     1     5     9     0     3    22.0   41.119  -99.100    692.4    862.4
     1     1    23     1     5    10     0     2    23.0   40.644  -98.832    692.7    863.7
     1     1    23     1     5    11     0     1    24.0   40.177  -98.556    659.9    874.8
     1     1    23     1     5    12     0     0    25.0   39.712  -98.271    623.7    888.9
     1     1    23     1     5    13     0     1    26.0   39.270  -97.971    618.4    893.9
     1     1    23     1     5    14     0     2    27.0   38.868  -97.648    625.3    895.9
     1     1    23     1     5    15     0     3    28.0   38.487  -97.300    615.0    899.2
     1     1    23     1     5    16     0     2    29.0   38.140  -96.934    582.6    905.0
     1     1    23     1     5    17     0     1    30.0   37.845  -96.564    551.1    913.0
     1     1    23     1     5    18     0     0    31.0   37.594  -96.210    527.1    920.2
     1     1    23     1     5    19     0     1    32.0   37.378  -95.869    504.8    925.8
     1     1    23     1     5    20     0     2    33.0   37.189  -95.527    478.9    930.1
     1     1    23     1     5    21     0     3    34.0   37.029  -95.180    446.9    934.7
     1     1    23     1     5    22     0     2    35.0   36.886  -94.831    424.7    936.7
     1     1    23     1     5    23     0     1    36.0   36.744  -94.481    426.1    930.7
     1     1    23     1     6     0     0     0    37.0   36.595  -94.124    435.8    921.3
     1     1    23     1     6     1     0     1    38.0   36.436  -93.761    434.9    919.5
     1     1    23     1     6     2     0     2    39.0   36.267  -93.396    418.5    925.1
     1     1    23     1     6     3     0     3    40.0   36.088  -93.031    398.9    933.8
     1     1    23     1     6     4     0     2    41.0   35.913  -92.679    381.2    942.7
     1     1    23     1     6     5     0     1    42.0   35.757  -92.359    354.0    952.8
     1     1    23     1     6     6     0     0    43.0   35.618  -92.076    316.2    963.6
     1     1    23     1     6     7     0     1    44.0   35.492  -91.829    278.3    973.6
     1     1    23     1     6     8     0     2    45.0   35.376  -91.621    249.1    979.9
     1     1    23     1     6     9     0     3    46.0   35.268  -91.455    229.3    983.7
     1     1    23     1     6    10     0     2    47.0   35.170  -91.324    216.0    986.3
     1     1    23     1     6    11     0     1    48.0   35.084  -91.224    207.1    988.2
     1     1    23     1     6    12     0     0    49.0   35.013  -91.153    202.8    989.3
     1     1    23     1     6    13     0     1    50.0   34.962  -91.108    198.5    989.9
     1     1    23     1     6    14     0     2    51.0   34.938  -91.091    189.9    991.5
     1     1    23     1     6    15     0     3    52.0   34.940  -91.100    176.8    993.4
     1     1    23     1     6    16     0     2    53.0   34.971  -91.120    163.9    995.2
     1     1    23     1     6    17     0     1    54.0   35.033  -91.132    156.0    995.6
     1     1    23     1     6    18     0     0    55.0   35.125  -91.133    152.2    995.6
     1     1    23     1     6    19     0     1    56.0   35.239  -91.131    149.8    994.7
     1     1    23     1     6    20     0     2    57.0   35.368  -91.135    146.4    994.0
     1     1    23     1     6    21     0     3    58.0   35.510  -91.144    140.0    993.6
     1     1    23     1     6    22     0     2    59.0   35.665  -91.168    130.3    994.2
     1     1    23     1     6    23     0     1    60.0   35.833  -91.213    120.7    994.4
     1     1    23     1     7     0     0     0    61.0   36.016  -91.280    114.6    993.2
     1     1    23     1     7     1     0     1    62.0   36.207  -91.358    115.4    988.6
     1     1    23     1     7     2     0     2    63.0   36.400  -91.437    124.0    982.4
     1     1    23     1     7     3     0     3    64.0   36.604  -91.520    140.0    975.2
     1     1    23     1     7     4     0     2    65.0   36.821  -91.600    163.1    966.2
     1     1    23     1     7     5     0     1    66.0   37.053  -91.672    193.9    957.8
     1     1    23     1     7     6     0     0    67.0   37.296  -91.730    230.6    954.0
     1     1    23     1     7     7     0     1    68.0   37.526  -91.788    264.7    950.9
     1     1    23     1     7     8     0     2    69.0   37.730  -91.870    298.3    948.8
     1     1    23     1     7     9     0     3    70.0   37.917  -91.976    349.3    945.5
     1     1    23     1     7    10     0     2    71.0   38.071  -92.137    425.1    938.0
     1     1    23     1     7    11     0     1    72.0   38.170  -92.383    510.0    927.0
     1     1    23     1     7    12     0     0    73.0   38.228  -92.713    589.4    918.8
     1     1    23     1     7    13     0     1    74.0   38.278  -93.108    659.3    912.3
     1     1    23     1     7    14     0     2    75.0   38.329  -93.534    734.5    907.0
     1     1    23     1     7    15     0     3    76.0   38.373  -93.975    830.7    897.6
     1     1    23     1     7    16     0     2    77.0   38.403  -94.389    920.3    883.4
     1     1    23     1     7    17     0     1    78.0   38.404  -94.742    972.0    875.9
     1     1    23     1     7    18     0     0    79.0   38.374  -95.037    982.3    873.9
     1     1    23     1     7    19     0     1    80.0   38.308  -95.288    979.4    875.6
     1     1    23     1     7    20     0     2    81.0   38.205  -95.494    988.5    872.6
     1     1    23     1     7    21     0     3    82.0   38.069  -95.654    999.5    869.8
     1     1    23     1     7    22     0     2    83.0   37.907  -95.770   1004.8    869.0
     1     1    23     1     7    23     0     1    84.0   37.725  -95.837   1000.7    870.5
     1     1    23     1     8     0     0     0    85.0   37.524  -95.863    987.4    873.4
     1     1    23     1     8     1     0     1    86.0   37.311  -95.866    963.5    877.3
     1     1    23     1     8     2     0     2    87.0   37.097  -95.858    927.9    882.7
     1     1    23     1     8     3     0     3    88.0   36.886  -95.845    875.1    889.7
     1     1    23     1     8     4     0     2    89.0   36.681  -95.820    802.7    899.1
     1     1    23     1     8     5     0     1    90.0   36.479  -95.775    716.4    910.1
     1     1    23     1     8     6     0     0    91.0   36.281  -95.723    623.8    922.5
     1     1    23     1     8     7     0     1    92.0   36.080  -95.671    541.3    933.5
     1     1    23     1     8     8     0     2    93.0   35.864  -95.622    476.6    941.0
     1     1    23     1     8     9     0     3    94.0   35.623  -95.576    424.7    947.2
     1     1    23     1     8    10     0     2    95.0   35.358  -95.541    386.9    952.4
     1     1    23     1     8    11     0     1    96.0   35.074  -95.521    369.9    955.5
     1     1    23     1     8    12     0     0    97.0   34.765  -95.517    363.8    956.6
     1     1    23     1     8    13     0     1    98.0   34.450  -95.531    346.4    960.1
     1     1    23     1     8    14     0     2    99.0   34.138  -95.566    314.7    967.1
     1     1    23     1     8    15     0     3   100.0   33.827  -95.628    280.4    973.6
     1     1    23     1     8    16     0     2   101.0   33.546  -95.700    249.8    977.4
     1     1    23     1     8    17     0     1   102.0   33.323  -95.757    225.5    980.7
     1     1    23     1     8    18     0     0   103.0   33.150  -95.794    211.0    982.7
     1     1    23     1     8    19     0     1   104.0   33.005  -95.821    200.5    982.5
     1     1    23     1     8    20     0     2   105.0   32.869  -95.844    187.3    984.1
     1     1    23     1     8    21     0     3   106.0   32.739  -95.862    171.2    986.3
     1     1    23     1     8    22     0     2   107.0   32.615  -95.890    154.5    989.4
     1     1    23     1     8    23     0     1   108.0   32.497  -95.939    138.7    992.4
     1     1    23     1     9     0     0     0   109.0   32.386  -96.010    124.1    994.7
     1     1    23     1     9     1     0     1   110.0   32.291  -96.097    112.8    996.1
     1     1    23     1     9     2     0     2   111.0   32.219  -96.197    106.2    996.3
     1     1    23     1     9     3     0     3   112.0   32.170  -96.307    103.7    995.8
     1     1    23     1     9     4     0     2   113.0   32.150  -96.412    102.9    994.7
     1     1    23     1     9     5     0     1   114.0   32.164  -96.500    101.0    994.0
     1     1    23     1     9     6     0     0   115.0   32.211  -96.572     97.9    993.6
     1     1    23     1     9     7     0     1   116.0   32.275  -96.636     96.3    993.0
     1     1    23     1     9     8     0     2   117.0   32.345  -96.699     98.5    991.7
     1     1    23     1     9     9     0     3   118.0   32.423  -96.757    104.6    990.2
     1     1    23     1     9    10     0     2   119.0   32.514  -96.807    111.9    988.8
     1     1    23     1     9    11     0     1   120.0   32.620  -96.844    118.4    988.2
