     8     1
    GDAS    22    12    22     0     0
    GDAS    22    12    29     0     0
    GDAS    23     1     1     0     0
    GDAS    23     1     8     0     0
    GDAS    23     1    15     0     0
    GDAS    23     1    22     0     0
    GDAS    23     1    29     0     0
    GDAS    23     2     1     0     0
     1 FORWARD  OMEGA   
    23     1    26    12   66.801 -107.775   728.7
     1 PRESSURE
     1     1    23     1    26    12     0     0     0.0   66.801 -107.775    728.7    907.2
     1     1    23     1    26    13     0     1     1.0   66.497 -107.711    748.7    889.9
     1     1    23     1    26    14     0     2     2.0   66.168 -107.697    748.3    875.9
     1     1    23     1    26    15     0     3     3.0   65.820 -107.747    732.6    872.2
     1     1    23     1    26    16     0     2     4.0   65.474 -107.830    717.8    877.4
     1     1    23     1    26    17     0     1     5.0   65.144 -107.931    710.0    880.7
     1     1    23     1    26    18     0     0     6.0   64.824 -108.060    706.0    880.8
     1     1    23     1    26    19     0     1     7.0   64.513 -108.174    701.9    878.8
     1     1    23     1    26    20     0     2     8.0   64.204 -108.251    697.3    877.9
     1     1    23     1    26    21     0     3     9.0   63.893 -108.322    693.7    877.9
     1     1    23     1    26    22     0     2    10.0   63.583 -108.384    688.3    879.8
     1     1    23     1    26    23     0     1    11.0   63.275 -108.439    681.4    882.9
     1     1    23     1    27     0     0     0    12.0   62.969 -108.508    680.5    885.5
     1     1    23     1    27     1     0     1    13.0   62.665 -108.569    687.4    883.7
     1     1    23     1    27     2     0     2    14.0   62.359 -108.604    696.2    881.2
     1     1    23     1    27     3     0     3    15.0   62.052 -108.643    698.4    879.2
     1     1    23     1    27     4     0     2    16.0   61.747 -108.673    698.3    879.5
     1     1    23     1    27     5     0     1    17.0   61.446 -108.667    702.6    878.3
     1     1    23     1    27     6     0     0    18.0   61.147 -108.643    708.9    876.7
     1     1    23     1    27     7     0     1    19.0   60.843 -108.595    714.3    875.5
     1     1    23     1    27     8     0     2    20.0   60.530 -108.510    713.9    874.9
     1     1    23     1    27     9     0     3    21.0   60.213 -108.400    700.8    875.6
     1     1    23     1    27    10     0     2    22.0   59.894 -108.281    681.0    880.0
     1     1    23     1    27    11     0     1    23.0   59.575 -108.151    668.0    886.2
     1     1    23     1    27    12     0     0    24.0   59.262 -108.008    662.3    890.6
     1     1    23     1    27    13     0     1    25.0   58.954 -107.860    657.4    892.8
     1     1    23     1    27    14     0     2    26.0   58.640 -107.712    651.8    887.2
     1     1    23     1    27    15     0     3    27.0   58.304 -107.568    660.1    881.4
     1     1    23     1    27    16     0     2    28.0   57.950 -107.419    692.2    874.0
     1     1    23     1    27    17     0     1    29.0   57.590 -107.249    732.2    866.9
     1     1    23     1    27    18     0     0    30.0   57.237 -107.057    750.0    861.9
     1     1    23     1    27    19     0     1    31.0   56.886 -106.843    745.5    863.0
     1     1    23     1    27    20     0     2    32.0   56.534 -106.612    742.1    869.1
     1     1    23     1    27    21     0     3    33.0   56.186 -106.358    743.8    870.7
     1     1    23     1    27    22     0     2    34.0   55.828 -106.087    734.0    872.0
     1     1    23     1    27    23     0     1    35.0   55.455 -105.807    722.4    879.6
     1     1    23     1    28     0     0     0    36.0   55.073 -105.516    743.4    884.8
     1     1    23     1    28     1     0     1    37.0   54.678 -105.240    771.5    871.0
     1     1    23     1    28     2     0     2    38.0   54.260 -104.981    726.9    859.9
     1     1    23     1    28     3     0     3    39.0   53.822 -104.739    623.4    878.7
     1     1    23     1    28     4     0     2    40.0   53.412 -104.528    570.9    900.0
     1     1    23     1    28     5     0     1    41.0   53.051 -104.362    608.2    898.5
     1     1    23     1    28     6     0     0    42.0   52.718 -104.217    677.3    882.8
     1     1    23     1    28     7     0     1    43.0   52.402 -104.030    743.6    871.6
     1     1    23     1    28     8     0     2    44.0   52.090 -103.766    798.8    857.4
     1     1    23     1    28     9     0     3    45.0   51.776 -103.433    823.7    850.2
     1     1    23     1    28    10     0     2    46.0   51.458 -103.061    829.9    848.5
     1     1    23     1    28    11     0     1    47.0   51.132 -102.671    823.5    851.3
     1     1    23     1    28    12     0     0    48.0   50.799 -102.259    780.5    854.9
     1     1    23     1    28    13     0     1    49.0   50.454 -101.843    708.7    863.6
     1     1    23     1    28    14     0     2    50.0   50.093 -101.444    646.6    877.9
     1     1    23     1    28    15     0     3    51.0   49.730 -101.080    620.9    892.0
     1     1    23     1    28    16     0     2    52.0   49.399 -100.744    608.1    888.2
     1     1    23     1    28    17     0     1    53.0   49.102 -100.405    566.0    883.3
     1     1    23     1    28    18     0     0    54.0   48.822 -100.037    498.3    887.2
     1     1    23     1    28    19     0     1    55.0   48.558  -99.644    442.8    907.5
     1     1    23     1    28    20     0     2    56.0   48.313  -99.241    421.7    916.7
     1     1    23     1    28    21     0     3    57.0   48.065  -98.826    433.3    916.5
     1     1    23     1    28    22     0     2    58.0   47.814  -98.414    436.1    911.4
     1     1    23     1    28    23     0     1    59.0   47.571  -98.020    398.6    920.2
     1     1    23     1    29     0     0     0    60.0   47.341  -97.651    356.2    937.7
     1     1    23     1    29     1     0     1    61.0   47.118  -97.314    347.2    947.4
     1     1    23     1    29     2     0     2    62.0   46.892  -97.019    379.3    947.1
     1     1    23     1    29     3     0     3    63.0   46.653  -96.752    425.3    934.7
     1     1    23     1    29     4     0     2    64.0   46.415  -96.490    449.7    927.1
     1     1    23     1    29     5     0     1    65.0   46.193  -96.219    451.9    927.5
     1     1    23     1    29     6     0     0    66.0   45.982  -95.932    452.6    929.3
     1     1    23     1    29     7     0     1    67.0   45.760  -95.653    457.1    926.3
     1     1    23     1    29     8     0     2    68.0   45.524  -95.402    456.6    925.2
     1     1    23     1    29     9     0     3    69.0   45.286  -95.173    442.8    927.4
     1     1    23     1    29    10     0     2    70.0   45.047  -94.968    419.7    933.0
     1     1    23     1    29    11     0     1    71.0   44.797  -94.792    399.9    936.4
     1     1    23     1    29    12     0     0    72.0   44.535  -94.645    388.7    937.5
     1     1    23     1    29    13     0     1    73.0   44.271  -94.522    379.8    938.8
     1     1    23     1    29    14     0     2    74.0   44.010  -94.413    369.6    941.4
     1     1    23     1    29    15     0     3    75.0   43.752  -94.315    361.3    943.4
     1     1    23     1    29    16     0     2    76.0   43.497  -94.234    354.4    943.6
     1     1    23     1    29    17     0     1    77.0   43.251  -94.167    342.3    944.0
     1     1    23     1    29    18     0     0    78.0   43.022  -94.110    318.9    945.7
     1     1    23     1    29    19     0     1    79.0   42.806  -94.052    289.5    950.4
     1     1    23     1    29    20     0     2    80.0   42.594  -93.990    263.4    954.3
     1     1    23     1    29    21     0     3    81.0   42.389  -93.929    243.2    956.5
     1     1    23     1    29    22     0     2    82.0   42.181  -93.869    229.3    958.7
     1     1    23     1    29    23     0     1    83.0   41.955  -93.814    220.9    960.5
     1     1    23     1    30     0     0     0    84.0   41.707  -93.766    214.4    961.3
     1     1    23     1    30     1     0     1    85.0   41.448  -93.728    205.4    962.9
     1     1    23     1    30     2     0     2    86.0   41.187  -93.708    193.6    964.8
     1     1    23     1    30     3     0     3    87.0   40.926  -93.713    179.3    967.5
     1     1    23     1    30     4     0     2    88.0   40.668  -93.735    164.3    971.1
     1     1    23     1    30     5     0     1    89.0   40.410  -93.761    150.3    974.6
     1     1    23     1    30     6     0     0    90.0   40.148  -93.791    137.2    978.2
     1     1    23     1    30     7     0     1    91.0   39.886  -93.827    128.2    980.7
     1     1    23     1    30     8     0     2    92.0   39.628  -93.869    127.2    981.2
     1     1    23     1    30     9     0     3    93.0   39.371  -93.916    135.2    980.2
     1     1    23     1    30    10     0     2    94.0   39.114  -93.977    152.8    977.7
     1     1    23     1    30    11     0     1    95.0   38.860  -94.057    175.2    974.5
     1     1    23     1    30    12     0     0    96.0   38.609  -94.157    192.4    973.3
     1     1    23     1    30    13     0     1    97.0   38.365  -94.271    201.5    973.6
     1     1    23     1    30    14     0     2    98.0   38.132  -94.397    204.8    974.0
     1     1    23     1    30    15     0     3    99.0   37.909  -94.535    204.3    972.8
     1     1    23     1    30    16     0     2   100.0   37.697  -94.674    204.0    970.7
     1     1    23     1    30    17     0     1   101.0   37.493  -94.808    214.5    969.0
     1     1    23     1    30    18     0     0   102.0   37.298  -94.935    254.3    965.8
     1     1    23     1    30    19     0     1   103.0   37.098  -95.052    323.6    954.8
     1     1    23     1    30    20     0     2   104.0   36.886  -95.156    381.0    944.4
     1     1    23     1    30    21     0     3   105.0   36.669  -95.248    392.4    942.2
     1     1    23     1    30    22     0     2   106.0   36.449  -95.345    369.4    947.6
     1     1    23     1    30    23     0     1   107.0   36.226  -95.460    335.1    954.1
     1     1    23     1    31     0     0     0   108.0   36.000  -95.591    307.1    960.8
     1     1    23     1    31     1     0     1   109.0   35.770  -95.724    292.1    964.1
     1     1    23     1    31     2     0     2   110.0   35.530  -95.851    280.3    966.3
     1     1    23     1    31     3     0     3   111.0   35.270  -95.977    265.9    968.6
     1     1    23     1    31     4     0     2   112.0   34.993  -96.097    250.8    969.1
     1     1    23     1    31     5     0     1   113.0   34.709  -96.190    235.7    971.5
     1     1    23     1    31     6     0     0   114.0   34.424  -96.254    217.1    975.2
     1     1    23     1    31     7     0     1   115.0   34.140  -96.307    196.3    979.7
     1     1    23     1    31     8     0     2   116.0   33.860  -96.369    177.9    983.3
     1     1    23     1    31     9     0     3   117.0   33.588  -96.441    164.1    985.2
     1     1    23     1    31    10     0     2   118.0   33.328  -96.510    149.9    987.4
     1     1    23     1    31    11     0     1   119.0   33.081  -96.561    132.0    990.9
     1     1    23     1    31    12     0     0   120.0   32.843  -96.598    112.6    993.4
