     8     1
    GDAS    22    12    22     0     0
    GDAS    22    12    29     0     0
    GDAS    23     1     1     0     0
    GDAS    23     1     8     0     0
    GDAS    23     1    15     0     0
    GDAS    23     1    22     0     0
    GDAS    23     1    29     0     0
    GDAS    23     2     1     0     0
     1 FORWARD  OMEGA   
    22    12    29    12   40.153 -175.951  5852.5
     1 PRESSURE
     1     1    22    12    29    12     0     0     0.0   40.153 -175.951   5852.5    463.2
     1     1    22    12    29    13     0     1     1.0   40.046 -174.815   5859.5    462.7
     1     1    22    12    29    14     0     2     2.0   39.989 -173.684   5890.9    460.2
     1     1    22    12    29    15     0     3     3.0   39.953 -172.555   5918.3    458.3
     1     1    22    12    29    16     0     2     4.0   39.949 -171.426   5905.1    459.2
     1     1    22    12    29    17     0     1     5.0   40.004 -170.319   5862.6    461.8
     1     1    22    12    29    18     0     0     6.0   40.061 -169.230   5811.6    466.3
     1     1    22    12    29    19     0     1     7.0   40.145 -168.136   5792.0    466.8
     1     1    22    12    29    20     0     2     8.0   40.299 -167.030   5771.2    468.6
     1     1    22    12    29    21     0     3     9.0   40.471 -165.930   5749.9    470.0
     1     1    22    12    29    22     0     2    10.0   40.664 -164.834   5725.8    471.3
     1     1    22    12    29    23     0     1    11.0   40.901 -163.731   5712.1    471.9
     1     1    22    12    30     0     0     0    12.0   41.131 -162.616   5686.1    473.2
     1     1    22    12    30     1     0     1    13.0   41.378 -161.505   5667.5    473.9
     1     1    22    12    30     2     0     2    14.0   41.662 -160.393   5624.7    478.5
     1     1    22    12    30     3     0     3    15.0   41.921 -159.321   5660.0    475.1
     1     1    22    12    30     4     0     2    16.0   42.201 -158.244   5681.8    473.1
     1     1    22    12    30     5     0     1    17.0   42.514 -157.175   5677.6    475.2
     1     1    22    12    30     6     0     0    18.0   42.831 -156.132   5720.3    471.5
     1     1    22    12    30     7     0     1    19.0   43.165 -155.107   5740.7    469.8
     1     1    22    12    30     8     0     2    20.0   43.516 -154.075   5746.9    470.2
     1     1    22    12    30     9     0     3    21.0   43.854 -153.032   5772.9    468.2
     1     1    22    12    30    10     0     2    22.0   44.182 -152.006   5775.4    467.5
     1     1    22    12    30    11     0     1    23.0   44.520 -150.991   5781.0    467.9
     1     1    22    12    30    12     0     0    24.0   44.825 -149.978   5768.0    467.8
     1     1    22    12    30    13     0     1    25.0   45.108 -148.992   5744.0    470.7
     1     1    22    12    30    14     0     2    26.0   45.383 -148.022   5763.7    469.3
     1     1    22    12    30    15     0     3    27.0   45.622 -147.054   5792.8    466.7
     1     1    22    12    30    16     0     2    28.0   45.843 -146.124   5795.5    467.2
     1     1    22    12    30    17     0     1    29.0   46.052 -145.222   5801.0    466.7
     1     1    22    12    30    18     0     0    30.0   46.223 -144.313   5788.5    468.0
     1     1    22    12    30    19     0     1    31.0   46.384 -143.427   5771.4    469.4
     1     1    22    12    30    20     0     2    32.0   46.545 -142.572   5755.1    470.9
     1     1    22    12    30    21     0     3    33.0   46.658 -141.719   5755.7    470.9
     1     1    22    12    30    22     0     2    34.0   46.743 -140.876   5753.2    471.2
     1     1    22    12    30    23     0     1    35.0   46.827 -140.045   5723.8    472.7
     1     1    22    12    31     0     0     0    36.0   46.878 -139.222   5662.5    477.8
     1     1    22    12    31     1     0     1    37.0   46.889 -138.409   5642.3    479.5
     1     1    22    12    31     2     0     2    38.0   46.892 -137.590   5641.6    479.0
     1     1    22    12    31     3     0     3    39.0   46.854 -136.742   5573.6    484.0
     1     1    22    12    31     4     0     2    40.0   46.788 -135.916   5500.3    490.2
     1     1    22    12    31     5     0     1    41.0   46.726 -135.110   5455.1    493.6
     1     1    22    12    31     6     0     0    42.0   46.638 -134.304   5453.5    494.5
     1     1    22    12    31     7     0     1    43.0   46.523 -133.519   5490.2    491.4
     1     1    22    12    31     8     0     2    44.0   46.411 -132.743   5489.4    491.9
     1     1    22    12    31     9     0     3    45.0   46.284 -131.976   5434.8    495.6
     1     1    22    12    31    10     0     2    46.0   46.149 -131.230   5377.8    501.5
     1     1    22    12    31    11     0     1    47.0   46.017 -130.504   5371.8    502.8
     1     1    22    12    31    12     0     0    48.0   45.873 -129.784   5381.6    501.6
     1     1    22    12    31    13     0     1    49.0   45.738 -129.075   5401.0    501.1
     1     1    22    12    31    14     0     2    50.0   45.625 -128.402   5402.0    498.9
     1     1    22    12    31    15     0     3    51.0   45.512 -127.780   5365.9    502.8
     1     1    22    12    31    16     0     2    52.0   45.387 -127.189   5364.3    507.9
     1     1    22    12    31    17     0     1    53.0   45.255 -126.606   5383.1    501.2
     1     1    22    12    31    18     0     0    54.0   45.124 -126.038   5279.3    504.3
     1     1    22    12    31    19     0     1    55.0   44.975 -125.485   5098.1    526.1
     1     1    22    12    31    20     0     2    56.0   44.814 -124.945   4947.6    535.2
     1     1    22    12    31    21     0     3    57.0   44.662 -124.444   4816.8    541.2
     1     1    22    12    31    22     0     2    58.0   44.507 -124.010   4740.3    541.9
     1     1    22    12    31    23     0     1    59.0   44.327 -123.640   4723.8    542.4
     1     1    23     1     1     0     0     0    60.0   44.140 -123.302   4753.3    538.6
     1     1    23     1     1     1     0     1    61.0   43.942 -122.976   4774.1    527.7
     1     1    23     1     1     2     0     2    62.0   43.718 -122.646   4682.5    501.3
     1     1    23     1     1     3     0     3    63.0   43.470 -122.322   4547.2    478.1
     1     1    23     1     1     4     0     2    64.0   43.192 -122.012   4367.9    459.8
     1     1    23     1     1     5     0     1    65.0   42.888 -121.712   4236.2    468.1
     1     1    23     1     1     6     0     0    66.0   42.583 -121.474   4126.5    484.2
     1     1    23     1     1     7     0     1    67.0   42.285 -121.324   4003.6    495.3
     1     1    23     1     1     8     0     2    68.0   41.991 -121.254   3833.2    509.6
     1     1    23     1     1     9     0     3    69.0   41.698 -121.224   3669.9    526.8
     1     1    23     1     1    10     0     2    70.0   41.400 -121.193   3544.5    534.4
     1     1    23     1     1    11     0     1    71.0   41.088 -121.147   3408.3    540.9
     1     1    23     1     1    12     0     0    72.0   40.758 -121.090   3242.6    555.2
     1     1    23     1     1    13     0     1    73.0   40.401 -121.046   3048.2    573.9
     1     1    23     1     1    14     0     2    74.0   40.003 -121.056   2757.9    598.9
     1     1    23     1     1    15     0     3    75.0   39.585 -121.175   2427.5    673.9
     1     1    23     1     1    16     0     2    76.0   39.199 -121.325   2227.2    733.0
     1     1    23     1     1    17     0     1    77.0   38.856 -121.455   2161.4    756.3
     1     1    23     1     1    18     0     0    78.0   38.517 -121.559   2129.0    760.2
     1     1    23     1     1    19     0     1    79.0   38.143 -121.593   1999.7    774.9
     1     1    23     1     1    20     0     2    80.0   37.728 -121.517   1878.2    797.3
     1     1    23     1     1    21     0     3    81.0   37.267 -121.349   1814.6    794.1
     1     1    23     1     1    22     0     2    82.0   36.774 -121.119   1788.0    791.5
     1     1    23     1     1    23     0     1    83.0   36.277 -120.886   1849.7    783.1
     1     1    23     1     2     0     0     0    84.0   35.783 -120.667   1994.4    766.5
     1     1    23     1     2     1     0     1    85.0   35.284 -120.400   2100.6    740.9
     1     1    23     1     2     2     0     2    86.0   34.768 -120.035   2108.1    725.7
     1     1    23     1     2     3     0     3    87.0   34.271 -119.615   2117.1    762.5
     1     1    23     1     2     4     0     2    88.0   33.819 -119.230   2157.0    780.5
     1     1    23     1     2     5     0     1    89.0   33.356 -118.847   2257.6    769.8
     1     1    23     1     2     6     0     0    90.0   32.885 -118.388   2399.1    754.3
     1     1    23     1     2     7     0     1    91.0   32.455 -117.878   2479.6    739.8
     1     1    23     1     2     8     0     2    92.0   32.099 -117.364   2540.8    742.1
     1     1    23     1     2     9     0     3    93.0   31.751 -116.765   2599.2    711.2
     1     1    23     1     2    10     0     2    94.0   31.319 -115.975   2500.6    680.9
     1     1    23     1     2    11     0     1    95.0   30.943 -115.255   2525.3    709.1
     1     1    23     1     2    12     0     0    96.0   30.577 -114.563   2602.2    709.3
     1     1    23     1     2    13     0     1    97.0   30.300 -113.909   2668.3    728.7
     1     1    23     1     2    14     0     2    98.0   30.133 -113.362   2668.9    729.2
     1     1    23     1     2    15     0     3    99.0   30.056 -112.899   2629.8    727.1
     1     1    23     1     2    16     0     2   100.0   30.003 -112.402   2560.0    707.4
     1     1    23     1     2    17     0     1   101.0   29.937 -111.758   2539.0    688.7
     1     1    23     1     2    18     0     0   102.0   29.974 -111.063   2538.5    680.1
     1     1    23     1     2    19     0     1   103.0   30.120 -110.317   2513.9    657.6
     1     1    23     1     2    20     0     2   104.0   30.329 -109.434   2452.9    623.7
     1     1    23     1     2    21     0     3   105.0   30.657 -108.490   2181.8    638.4
     1     1    23     1     2    22     0     2   106.0   30.938 -107.504   2432.5    636.5
     1     1    23     1     2    23     0     1   107.0   31.262 -106.483   2678.2    607.7
     1     1    23     1     3     0     0     0   108.0   31.570 -105.392   2726.1    606.0
     1     1    23     1     3     1     0     1   109.0   31.913 -104.251   2932.4    617.7
     1     1    23     1     3     2     0     2   110.0   32.267 -103.185   2974.1    618.3
     1     1    23     1     3     3     0     3   111.0   32.654 -102.248   2831.2    633.3
     1     1    23     1     3     4     0     2   112.0   33.103 -101.319   2417.0    678.0
     1     1    23     1     3     5     0     1   113.0   33.417 -100.435   1877.9    751.9
     1     1    23     1     3     6     0     0   114.0   33.572  -99.632   1769.1    771.4
     1     1    23     1     3     7     0     1   115.0   33.655  -98.875   1697.3    785.8
     1     1    23     1     3     8     0     2   116.0   33.715  -98.174   1586.9    803.1
     1     1    23     1     3     9     0     3   117.0   33.750  -97.527   1505.8    817.8
     1     1    23     1     3    10     0     2   118.0   33.795  -96.922   1455.9    829.2
     1     1    23     1     3    11     0     1   119.0   33.885  -96.339   1436.5    833.0
     1     1    23     1     3    12     0     0   120.0   34.006  -95.759   1418.2    834.4
