     8     1
    GDAS    22    12    22     0     0
    GDAS    22    12    29     0     0
    GDAS    23     1     1     0     0
    GDAS    23     1     8     0     0
    GDAS    23     1    15     0     0
    GDAS    23     1    22     0     0
    GDAS    23     1    29     0     0
    GDAS    23     2     1     0     0
     1 FORWARD  OMEGA   
    23     1     2    15   28.583 -113.187  1934.1
     1 PRESSURE
     1     1    23     1     2    15     0     3     0.0   28.583 -113.187   1934.1    784.8
     1     1    23     1     2    16     0     2     1.0   28.484 -112.698   1857.5    796.0
     1     1    23     1     2    17     0     1     2.0   28.466 -112.275   1809.2    807.7
     1     1    23     1     2    18     0     0     3.0   28.526 -111.910   1747.1    816.6
     1     1    23     1     2    19     0     1     4.0   28.640 -111.593   1714.9    821.8
     1     1    23     1     2    20     0     2     5.0   28.793 -111.283   1784.8    807.7
     1     1    23     1     2    21     0     3     6.0   28.993 -110.946   1943.2    783.0
     1     1    23     1     2    22     0     2     7.0   29.212 -110.516   2086.7    732.0
     1     1    23     1     2    23     0     1     8.0   29.440 -109.982   2115.9    696.0
     1     1    23     1     3     0     0     0     9.0   29.703 -109.374   2018.9    677.3
     1     1    23     1     3     1     0     1    10.0   30.003 -108.670   1918.1    660.5
     1     1    23     1     3     2     0     2    11.0   30.158 -107.743   1868.4    648.8
     1     1    23     1     3     3     0     3    12.0   30.252 -106.865   1969.9    667.4
     1     1    23     1     3     4     0     2    13.0   30.392 -106.081   1972.3    665.4
     1     1    23     1     3     5     0     1    14.0   30.598 -105.289   1906.9    675.8
     1     1    23     1     3     6     0     0    15.0   30.883 -104.447   1851.0    685.2
     1     1    23     1     3     7     0     1    16.0   31.111 -103.581   1808.0    707.1
     1     1    23     1     3     8     0     2    17.0   31.213 -102.761   1574.4    755.3
     1     1    23     1     3     9     0     3    18.0   31.238 -101.941   1344.2    780.5
     1     1    23     1     3    10     0     2    19.0   31.202 -101.140   1129.9    804.1
     1     1    23     1     3    11     0     1    20.0   31.115 -100.401    936.9    831.0
     1     1    23     1     3    12     0     0    21.0   30.969  -99.722    788.1    857.5
     1     1    23     1     3    13     0     1    22.0   30.779  -99.131    720.0    875.2
     1     1    23     1     3    14     0     2    23.0   30.572  -98.634    668.6    882.6
     1     1    23     1     3    15     0     3    24.0   30.322  -98.211    558.1    906.5
     1     1    23     1     3    16     0     2    25.0   30.037  -97.895    424.2    934.8
     1     1    23     1     3    17     0     1    26.0   29.771  -97.704    327.4    956.8
     1     1    23     1     3    18     0     0    27.0   29.559  -97.607    278.0    966.2
     1     1    23     1     3    19     0     1    28.0   29.386  -97.556    249.3    970.8
     1     1    23     1     3    20     0     2    29.0   29.229  -97.525    228.2    975.2
     1     1    23     1     3    21     0     3    30.0   29.086  -97.511    212.7    978.4
     1     1    23     1     3    22     0     2    31.0   28.961  -97.515    197.0    981.2
     1     1    23     1     3    23     0     1    32.0   28.860  -97.531    177.2    983.8
     1     1    23     1     4     0     0     0    33.0   28.780  -97.554    156.1    986.8
     1     1    23     1     4     1     0     1    34.0   28.717  -97.586    142.0    989.9
     1     1    23     1     4     2     0     2    35.0   28.667  -97.629    139.6    990.4
     1     1    23     1     4     3     0     3    36.0   28.629  -97.685    147.3    989.9
     1     1    23     1     4     4     0     2    37.0   28.601  -97.729    159.5    987.4
     1     1    23     1     4     5     0     1    38.0   28.575  -97.733    168.0    986.5
     1     1    23     1     4     6     0     0    39.0   28.550  -97.698    171.7    986.7
     1     1    23     1     4     7     0     1    40.0   28.514  -97.638    170.4    987.7
     1     1    23     1     4     8     0     2    41.0   28.465  -97.566    165.4    989.4
     1     1    23     1     4     9     0     3    42.0   28.413  -97.482    158.4    991.5
     1     1    23     1     4    10     0     2    43.0   28.349  -97.387    146.9    994.0
     1     1    23     1     4    11     0     1    44.0   28.261  -97.283    128.3    997.9
     1     1    23     1     4    12     0     0    45.0   28.141  -97.163    104.5   1002.5
     1     1    23     1     4    13     0     1    46.0   27.998  -97.039     81.9   1007.9
     1     1    23     1     4    14     0     2    47.0   27.854  -96.939     65.1   1010.8
     1     1    23     1     4    15     0     3    48.0   27.704  -96.865     53.3   1012.4
     1     1    23     1     4    16     0     2    49.0   27.546  -96.806     45.9   1013.4
     1     1    23     1     4    17     0     1    50.0   27.383  -96.756     41.6   1014.3
     1     1    23     1     4    18     0     0    51.0   27.220  -96.722     38.5   1015.3
     1     1    23     1     4    19     0     1    52.0   27.057  -96.714     34.8   1015.0
     1     1    23     1     4    20     0     2    53.0   26.890  -96.733     29.8   1014.6
     1     1    23     1     4    21     0     3    54.0   26.717  -96.777     24.1   1014.3
     1     1    23     1     4    22     0     2    55.0   26.551  -96.841     19.2   1015.1
     1     1    23     1     4    23     0     1    56.0   26.399  -96.923     16.3   1015.4
     1     1    23     1     5     0     0     0    57.0   26.262  -97.023     15.4   1015.4
     1     1    23     1     5     1     0     1    58.0   26.148  -97.139     15.7   1015.9
     1     1    23     1     5     2     0     2    59.0   26.068  -97.264     16.3   1016.5
     1     1    23     1     5     3     0     3    60.0   26.019  -97.391     17.4   1017.0
     1     1    23     1     5     4     0     2    61.0   25.996  -97.514     18.6   1016.3
     1     1    23     1     5     5     0     1    62.0   25.993  -97.628     19.5   1015.7
     1     1    23     1     5     6     0     0    63.0   26.007  -97.730     20.1   1015.3
     1     1    23     1     5     7     0     1    64.0   26.037  -97.815     20.9   1014.8
     1     1    23     1     5     8     0     2    65.0   26.080  -97.881     22.3   1014.3
     1     1    23     1     5     9     0     3    66.0   26.135  -97.925     24.0   1013.9
     1     1    23     1     5    10     0     2    67.0   26.191  -97.947     25.6   1014.7
     1     1    23     1     5    11     0     1    68.0   26.242  -97.949     26.3   1015.7
     1     1    23     1     5    12     0     0    69.0   26.284  -97.934     26.2   1016.8
     1     1    23     1     5    13     0     1    70.0   26.318  -97.914     25.9   1017.0
     1     1    23     1     5    14     0     2    71.0   26.341  -97.899     26.0   1017.1
     1     1    23     1     5    15     0     3    72.0   26.355  -97.888     26.5   1017.2
     1     1    23     1     5    16     0     2    73.0   26.365  -97.884     27.4   1017.1
     1     1    23     1     5    17     0     1    74.0   26.378  -97.889     28.4   1016.9
     1     1    23     1     5    18     0     0    75.0   26.394  -97.902     29.7   1016.7
     1     1    23     1     5    19     0     1    76.0   26.413  -97.930     31.2   1016.2
     1     1    23     1     5    20     0     2    77.0   26.436  -97.981     33.2   1015.7
     1     1    23     1     5    21     0     3    78.0   26.465  -98.052     35.7   1014.5
     1     1    23     1     5    22     0     2    79.0   26.500  -98.155     39.1   1012.7
     1     1    23     1     5    23     0     1    80.0   26.543  -98.296     43.6   1010.2
     1     1    23     1     6     0     0     0    81.0   26.594  -98.472     47.9   1007.2
     1     1    23     1     6     1     0     1    82.0   26.662  -98.665     45.7   1004.2
     1     1    23     1     6     2     0     2    83.0   26.743  -98.868     30.4   1002.4
     1     1    23     1     6     3     0     3    84.0   26.823  -99.082     13.4   1002.3
     1     1    23     1     6     4     0     2    85.0   26.907  -99.286      0.2   1000.4
     1     1    23     1     6     5     0     1    86.0   27.005  -99.465      0.0   1000.7
     1     1    23     1     6     6     0     0    87.0   27.121  -99.635      0.3   1000.3
     1     1    23     1     6     7     0     1    88.0   27.249  -99.791      4.7    999.7
     1     1    23     1     6     8     0     2    89.0   27.384  -99.930     10.5    999.0
     1     1    23     1     6     9     0     3    90.0   27.532 -100.059     16.6    994.7
     1     1    23     1     6    10     0     2    91.0   27.687 -100.179     20.7    988.2
     1     1    23     1     6    11     0     1    92.0   27.838 -100.290     21.3    983.7
     1     1    23     1     6    12     0     0    93.0   27.981 -100.395     20.0    980.6
     1     1    23     1     6    13     0     1    94.0   28.120 -100.489     19.0    979.5
     1     1    23     1     6    14     0     2    95.0   28.261 -100.571     19.8    978.4
     1     1    23     1     6    15     0     3    96.0   28.406 -100.641     21.5    977.8
     1     1    23     1     6    16     0     2    97.0   28.569 -100.706     23.7    976.5
     1     1    23     1     6    17     0     1    98.0   28.768 -100.771     26.0    975.9
     1     1    23     1     6    18     0     0    99.0   29.012 -100.838     28.5    975.5
     1     1    23     1     6    19     0     1   100.0   29.286 -100.906     40.3    966.4
     1     1    23     1     6    20     0     2   101.0   29.581 -100.970     82.5    955.3
     1     1    23     1     6    21     0     3   102.0   29.908 -101.028    152.5    939.2
     1     1    23     1     6    22     0     2   103.0   30.262 -101.061    204.4    920.2
     1     1    23     1     6    23     0     1   104.0   30.626 -101.041    209.0    910.6
     1     1    23     1     7     0     0     0   105.0   30.997 -100.948    176.8    905.9
     1     1    23     1     7     1     0     1   106.0   31.331 -100.810    143.1    916.6
     1     1    23     1     7     2     0     2   107.0   31.626 -100.648    121.3    922.2
     1     1    23     1     7     3     0     3   108.0   31.883 -100.467    109.6    928.6
     1     1    23     1     7     4     0     2   109.0   32.085 -100.275    115.4    932.9
     1     1    23     1     7     5     0     1   110.0   32.230 -100.080    134.3    935.0
     1     1    23     1     7     6     0     0   111.0   32.326  -99.885    146.2    936.6
     1     1    23     1     7     7     0     1   112.0   32.374  -99.692    144.3    940.4
     1     1    23     1     7     8     0     2   113.0   32.376  -99.504    136.2    944.4
     1     1    23     1     7     9     0     3   114.0   32.341  -99.325    128.6    947.3
     1     1    23     1     7    10     0     2   115.0   32.266  -99.175    121.6    949.3
     1     1    23     1     7    11     0     1   116.0   32.137  -99.078    111.7    950.6
     1     1    23     1     7    12     0     0   117.0   31.944  -99.039     98.3    950.9
     1     1    23     1     7    13     0     1   118.0   31.746  -99.022     84.5    952.5
     1     1    23     1     7    14     0     2   119.0   31.576  -98.998     77.8    953.8
     1     1    23     1     7    15     0     3   120.0   31.418  -98.966     84.0    953.7
