     8     1
    GDAS    22    12    22     0     0
    GDAS    22    12    29     0     0
    GDAS    23     1     1     0     0
    GDAS    23     1     8     0     0
    GDAS    23     1    15     0     0
    GDAS    23     1    22     0     0
    GDAS    23     1    29     0     0
    GDAS    23     2     1     0     0
     1 FORWARD  OMEGA   
    23     1    20    13   44.914 -104.148  1091.0
     1 PRESSURE
     1     1    23     1    20    13     0     1     0.0   44.914 -104.148   1091.0    779.8
     1     1    23     1    20    14     0     2     1.0   44.655 -103.803   1032.7    770.9
     1     1    23     1    20    15     0     3     2.0   44.413 -103.491    940.5    783.0
     1     1    23     1    20    16     0     2     3.0   44.191 -103.203    855.5    807.8
     1     1    23     1    20    17     0     1     4.0   43.991 -102.936    805.8    828.4
     1     1    23     1    20    18     0     0     5.0   43.811 -102.697    765.7    831.8
     1     1    23     1    20    19     0     1     6.0   43.666 -102.495    730.2    835.6
     1     1    23     1    20    20     0     2     7.0   43.558 -102.317    710.5    836.5
     1     1    23     1    20    21     0     3     8.0   43.478 -102.151    709.5    835.2
     1     1    23     1    20    22     0     2     9.0   43.398 -101.984    710.5    831.7
     1     1    23     1    20    23     0     1    10.0   43.297 -101.807    687.1    833.0
     1     1    23     1    21     0     0     0    11.0   43.180 -101.622    630.1    838.3
     1     1    23     1    21     1     0     1    12.0   43.057 -101.436    560.4    847.2
     1     1    23     1    21     2     0     2    13.0   42.932 -101.251    507.8    854.0
     1     1    23     1    21     3     0     3    14.0   42.803 -101.063    483.1    858.8
     1     1    23     1    21     4     0     2    15.0   42.680 -100.877    484.2    860.7
     1     1    23     1    21     5     0     1    16.0   42.573 -100.697    501.7    861.5
     1     1    23     1    21     6     0     0    17.0   42.488 -100.523    532.0    861.2
     1     1    23     1    21     7     0     1    18.0   42.410 -100.352    560.2    859.5
     1     1    23     1    21     8     0     2    19.0   42.327 -100.182    567.7    861.0
     1     1    23     1    21     9     0     3    20.0   42.244 -100.005    541.8    865.6
     1     1    23     1    21    10     0     2    21.0   42.149  -99.814    492.4    873.6
     1     1    23     1    21    11     0     1    22.0   42.035  -99.606    437.2    880.1
     1     1    23     1    21    12     0     0    23.0   41.919  -99.374    378.1    888.1
     1     1    23     1    21    13     0     1    24.0   41.808  -99.148    329.8    897.1
     1     1    23     1    21    14     0     2    25.0   41.701  -98.969    303.2    902.3
     1     1    23     1    21    15     0     3    26.0   41.596  -98.837    293.8    905.6
     1     1    23     1    21    16     0     2    27.0   41.489  -98.730    289.2    907.0
     1     1    23     1    21    17     0     1    28.0   41.383  -98.630    281.1    910.3
     1     1    23     1    21    18     0     0    29.0   41.285  -98.539    273.1    913.3
     1     1    23     1    21    19     0     1    30.0   41.192  -98.454    269.0    915.4
     1     1    23     1    21    20     0     2    31.0   41.099  -98.365    272.9    916.4
     1     1    23     1    21    21     0     3    32.0   41.008  -98.268    288.6    916.1
     1     1    23     1    21    22     0     2    33.0   40.911  -98.175    313.5    914.2
     1     1    23     1    21    23     0     1    34.0   40.790  -98.104    333.9    913.1
     1     1    23     1    22     0     0     0    35.0   40.637  -98.057    343.6    913.6
     1     1    23     1    22     1     0     1    36.0   40.458  -98.017    341.3    915.3
     1     1    23     1    22     2     0     2    37.0   40.264  -97.979    317.1    918.7
     1     1    23     1    22     3     0     3    38.0   40.052  -97.952    260.4    926.7
     1     1    23     1    22     4     0     2    39.0   39.859  -97.913    207.1    937.5
     1     1    23     1    22     5     0     1    40.0   39.700  -97.849    181.3    939.9
     1     1    23     1    22     6     0     0    41.0   39.559  -97.768    170.8    941.3
     1     1    23     1    22     7     0     1    42.0   39.412  -97.681    165.6    942.2
     1     1    23     1    22     8     0     2    43.0   39.248  -97.591    161.9    943.9
     1     1    23     1    22     9     0     3    44.0   39.072  -97.493    162.0    945.6
     1     1    23     1    22    10     0     2    45.0   38.881  -97.396    165.4    945.8
     1     1    23     1    22    11     0     1    46.0   38.674  -97.306    166.0    945.4
     1     1    23     1    22    12     0     0    47.0   38.456  -97.214    159.7    945.8
     1     1    23     1    22    13     0     1    48.0   38.236  -97.126    144.4    947.5
     1     1    23     1    22    14     0     2    49.0   38.019  -97.061    121.6    949.6
     1     1    23     1    22    15     0     3    50.0   37.814  -97.021     99.0    954.1
     1     1    23     1    22    16     0     2    51.0   37.632  -96.980     83.5    958.4
     1     1    23     1    22    17     0     1    52.0   37.472  -96.917     75.8    961.4
     1     1    23     1    22    18     0     0    53.0   37.323  -96.840     73.1    963.7
     1     1    23     1    22    19     0     1    54.0   37.175  -96.755     73.9    965.2
     1     1    23     1    22    20     0     2    55.0   37.028  -96.663     77.6    966.5
     1     1    23     1    22    21     0     3    56.0   36.884  -96.560     81.7    967.5
     1     1    23     1    22    22     0     2    57.0   36.741  -96.459     78.2    969.8
     1     1    23     1    22    23     0     1    58.0   36.600  -96.381     66.6    974.0
     1     1    23     1    23     0     0     0    59.0   36.470  -96.329     53.4    978.1
     1     1    23     1    23     1     0     1    60.0   36.357  -96.293     44.1    981.4
     1     1    23     1    23     2     0     2    61.0   36.264  -96.268     40.1    983.5
     1     1    23     1    23     3     0     3    62.0   36.193  -96.261     40.3    985.0
     1     1    23     1    23     4     0     2    63.0   36.136  -96.259     42.4    985.3
     1     1    23     1    23     5     0     1    64.0   36.088  -96.250     44.0    985.8
     1     1    23     1    23     6     0     0    65.0   36.049  -96.230     44.6    986.4
     1     1    23     1    23     7     0     1    66.0   36.014  -96.204     45.5    987.1
     1     1    23     1    23     8     0     2    67.0   35.977  -96.175     48.5    987.4
     1     1    23     1    23     9     0     3    68.0   35.936  -96.144     53.8    987.4
     1     1    23     1    23    10     0     2    69.0   35.891  -96.122     60.1    987.6
     1     1    23     1    23    11     0     1    70.0   35.845  -96.119     65.4    987.7
     1     1    23     1    23    12     0     0    71.0   35.798  -96.138     69.2    987.7
     1     1    23     1    23    13     0     1    72.0   35.755  -96.171     72.2    987.3
     1     1    23     1    23    14     0     2    73.0   35.720  -96.210     75.9    986.8
     1     1    23     1    23    15     0     3    74.0   35.693  -96.252     80.4    986.2
     1     1    23     1    23    16     0     2    75.0   35.675  -96.283     84.1    985.4
     1     1    23     1    23    17     0     1    76.0   35.668  -96.291     84.7    985.4
     1     1    23     1    23    18     0     0    77.0   35.672  -96.275     82.1    986.1
     1     1    23     1    23    19     0     1    78.0   35.676  -96.249     77.8    986.6
     1     1    23     1    23    20     0     2    79.0   35.673  -96.229     73.1    987.0
     1     1    23     1    23    21     0     3    80.0   35.663  -96.215     68.2    987.4
     1     1    23     1    23    22     0     2    81.0   35.651  -96.217     64.9    987.7
     1     1    23     1    23    23     0     1    82.0   35.641  -96.246     64.7    986.9
     1     1    23     1    24     0     0     0    83.0   35.633  -96.304     67.5    985.5
     1     1    23     1    24     1     0     1    84.0   35.635  -96.383     70.7    984.1
     1     1    23     1    24     2     0     2    85.0   35.652  -96.474     72.3    983.1
     1     1    23     1    24     3     0     3    86.0   35.688  -96.576     72.1    982.4
     1     1    23     1    24     4     0     2    87.0   35.743  -96.678     70.7    981.8
     1     1    23     1    24     5     0     1    88.0   35.814  -96.766     68.4    981.5
     1     1    23     1    24     6     0     0    89.0   35.900  -96.836     65.9    981.8
     1     1    23     1    24     7     0     1    90.0   35.984  -96.903     65.4    981.7
     1     1    23     1    24     8     0     2    91.0   36.048  -96.988     67.7    980.1
     1     1    23     1    24     9     0     3    92.0   36.091  -97.091     72.2    978.0
     1     1    23     1    24    10     0     2    93.0   36.125  -97.202     80.0    975.3
     1     1    23     1    24    11     0     1    94.0   36.166  -97.305     89.9    972.4
     1     1    23     1    24    12     0     0    95.0   36.214  -97.397     99.1    969.8
     1     1    23     1    24    13     0     1    96.0   36.260  -97.471    110.1    968.5
     1     1    23     1    24    14     0     2    97.0   36.297  -97.527    130.1    966.3
     1     1    23     1    24    15     0     3    98.0   36.326  -97.570    165.9    962.1
     1     1    23     1    24    16     0     2    99.0   36.342  -97.635    208.2    953.7
     1     1    23     1    24    17     0     1   100.0   36.331  -97.757    231.1    949.0
     1     1    23     1    24    18     0     0   101.0   36.292  -97.939    228.7    947.4
     1     1    23     1    24    19     0     1   102.0   36.231  -98.144    226.5    945.6
     1     1    23     1    24    20     0     2   103.0   36.151  -98.337    242.5    937.5
     1     1    23     1    24    21     0     3   104.0   36.050  -98.519    266.0    928.4
     1     1    23     1    24    22     0     2   105.0   35.916  -98.674    285.3    921.4
     1     1    23     1    24    23     0     1   106.0   35.739  -98.790    291.0    918.7
     1     1    23     1    25     0     0     0   107.0   35.515  -98.872    274.8    920.9
     1     1    23     1    25     1     0     1   108.0   35.268  -98.929    245.2    927.9
     1     1    23     1    25     2     0     2   109.0   35.028  -98.960    214.2    934.4
     1     1    23     1    25     3     0     3   110.0   34.798  -98.954    186.3    941.6
     1     1    23     1    25     4     0     2   111.0   34.572  -98.907    161.0    947.9
     1     1    23     1    25     5     0     1   112.0   34.352  -98.819    137.8    954.9
     1     1    23     1    25     6     0     0   113.0   34.140  -98.696    118.9    960.6
     1     1    23     1    25     7     0     1   114.0   33.937  -98.540    104.9    964.6
     1     1    23     1    25     8     0     2   115.0   33.751  -98.352     93.4    966.0
     1     1    23     1    25     9     0     3   116.0   33.585  -98.136     81.7    967.6
     1     1    23     1    25    10     0     2   117.0   33.432  -97.912     72.2    970.8
     1     1    23     1    25    11     0     1   118.0   33.286  -97.701     66.1    974.7
     1     1    23     1    25    12     0     0   119.0   33.146  -97.499     61.0    979.4
     1     1    23     1    25    13     0     1   120.0   33.013  -97.310     54.3    985.1
