     8     1
    GDAS    22    12    22     0     0
    GDAS    22    12    29     0     0
    GDAS    23     1     1     0     0
    GDAS    23     1     8     0     0
    GDAS    23     1    15     0     0
    GDAS    23     1    22     0     0
    GDAS    23     1    29     0     0
    GDAS    23     2     1     0     0
     1 FORWARD  OMEGA   
    23     1    16    11   51.516  -97.615  1654.7
     1 PRESSURE
     1     1    23     1    16    11     0     1     0.0   51.516  -97.615   1654.7    793.0
     1     1    23     1    16    12     0     0     1.0   51.422  -97.432   1613.9    797.1
     1     1    23     1    16    13     0     1     2.0   51.329  -97.280   1571.2    802.6
     1     1    23     1    16    14     0     2     3.0   51.245  -97.156   1528.2    807.2
     1     1    23     1    16    15     0     3     4.0   51.165  -97.059   1477.8    812.6
     1     1    23     1    16    16     0     2     5.0   51.085  -96.990   1417.5    819.2
     1     1    23     1    16    17     0     1     6.0   51.004  -96.950   1349.0    826.2
     1     1    23     1    16    18     0     0     7.0   50.917  -96.942   1276.4    834.2
     1     1    23     1    16    19     0     1     8.0   50.806  -96.968   1219.1    842.1
     1     1    23     1    16    20     0     2     9.0   50.659  -97.026   1194.5    844.7
     1     1    23     1    16    21     0     3    10.0   50.488  -97.110   1193.4    843.3
     1     1    23     1    16    22     0     2    11.0   50.308  -97.217   1197.0    841.1
     1     1    23     1    16    23     0     1    12.0   50.128  -97.353   1193.9    840.4
     1     1    23     1    17     0     0     0    13.0   49.943  -97.525   1181.6    840.3
     1     1    23     1    17     1     0     1    14.0   49.747  -97.740   1167.9    840.1
     1     1    23     1    17     2     0     2    15.0   49.547  -97.984   1154.6    837.8
     1     1    23     1    17     3     0     3    16.0   49.356  -98.228   1137.8    836.2
     1     1    23     1    17     4     0     2    17.0   49.177  -98.458   1124.8    833.7
     1     1    23     1    17     5     0     1    18.0   49.001  -98.675   1118.1    829.7
     1     1    23     1    17     6     0     0    19.0   48.817  -98.884   1115.8    826.7
     1     1    23     1    17     7     0     1    20.0   48.634  -99.078   1120.0    824.6
     1     1    23     1    17     8     0     2    21.0   48.463  -99.244   1133.2    822.1
     1     1    23     1    17     9     0     3    22.0   48.301  -99.378   1151.1    820.1
     1     1    23     1    17    10     0     2    23.0   48.138  -99.490   1167.5    819.1
     1     1    23     1    17    11     0     1    24.0   47.969  -99.593   1178.5    819.2
     1     1    23     1    17    12     0     0    25.0   47.796  -99.687   1185.0    817.8
     1     1    23     1    17    13     0     1    26.0   47.627  -99.776   1187.6    816.4
     1     1    23     1    17    14     0     2    27.0   47.465  -99.863   1181.0    816.1
     1     1    23     1    17    15     0     3    28.0   47.308  -99.943   1160.2    817.3
     1     1    23     1    17    16     0     2    29.0   47.158 -100.001   1138.9    820.7
     1     1    23     1    17    17     0     1    30.0   47.025 -100.029   1135.8    820.7
     1     1    23     1    17    18     0     0    31.0   46.910 -100.037   1153.7    818.3
     1     1    23     1    17    19     0     1    32.0   46.809 -100.023   1172.9    813.7
     1     1    23     1    17    20     0     2    33.0   46.713  -99.982   1176.0    813.3
     1     1    23     1    17    21     0     3    34.0   46.620  -99.914   1164.5    814.0
     1     1    23     1    17    22     0     2    35.0   46.527  -99.835   1146.4    816.6
     1     1    23     1    17    23     0     1    36.0   46.436  -99.758   1126.3    818.1
     1     1    23     1    18     0     0     0    37.0   46.348  -99.682   1099.3    820.4
     1     1    23     1    18     1     0     1    38.0   46.268  -99.606   1082.1    823.8
     1     1    23     1    18     2     0     2    39.0   46.199  -99.526   1100.5    822.5
     1     1    23     1    18     3     0     3    40.0   46.142  -99.439   1166.7    816.4
     1     1    23     1    18     4     0     2    41.0   46.091  -99.335   1250.6    803.4
     1     1    23     1    18     5     0     1    42.0   46.041  -99.209   1320.8    796.5
     1     1    23     1    18     6     0     0    43.0   45.992  -99.063   1390.3    790.2
     1     1    23     1    18     7     0     1    44.0   45.944  -98.913   1461.9    785.0
     1     1    23     1    18     8     0     2    45.0   45.894  -98.773   1520.1    781.6
     1     1    23     1    18     9     0     3    46.0   45.844  -98.643   1560.8    780.7
     1     1    23     1    18    10     0     2    47.0   45.799  -98.523   1571.4    780.5
     1     1    23     1    18    11     0     1    48.0   45.765  -98.415   1547.1    786.1
     1     1    23     1    18    12     0     0    49.0   45.743  -98.319   1506.2    792.8
     1     1    23     1    18    13     0     1    50.0   45.718  -98.241   1484.8    799.3
     1     1    23     1    18    14     0     2    51.0   45.677  -98.184   1510.9    797.4
     1     1    23     1    18    15     0     3    52.0   45.618  -98.144   1580.8    790.8
     1     1    23     1    18    16     0     2    53.0   45.552  -98.124   1640.8    779.8
     1     1    23     1    18    17     0     1    54.0   45.489  -98.137   1633.4    779.7
     1     1    23     1    18    18     0     0    55.0   45.429  -98.190   1555.6    786.7
     1     1    23     1    18    19     0     1    56.0   45.365  -98.268   1467.8    800.5
     1     1    23     1    18    20     0     2    57.0   45.289  -98.352   1418.5    804.0
     1     1    23     1    18    21     0     3    58.0   45.199  -98.441   1400.6    804.7
     1     1    23     1    18    22     0     2    59.0   45.080  -98.547   1390.8    803.2
     1     1    23     1    18    23     0     1    60.0   44.921  -98.691   1384.1    804.4
     1     1    23     1    19     0     0     0    61.0   44.719  -98.879   1433.5    800.1
     1     1    23     1    19     1     0     1    62.0   44.492  -99.104   1527.4    782.2
     1     1    23     1    19     2     0     2    63.0   44.260  -99.355   1586.6    772.1
     1     1    23     1    19     3     0     3    64.0   44.014  -99.614   1596.3    770.8
     1     1    23     1    19     4     0     2    65.0   43.735  -99.861   1602.9    769.8
     1     1    23     1    19     5     0     1    66.0   43.409 -100.089   1652.5    756.4
     1     1    23     1    19     6     0     0    67.0   43.043 -100.280   1757.6    736.9
     1     1    23     1    19     7     0     1    68.0   42.651 -100.421   1893.4    714.1
     1     1    23     1    19     8     0     2    69.0   42.226 -100.496   1986.4    700.7
     1     1    23     1    19     9     0     3    70.0   41.763 -100.490   2027.4    696.6
     1     1    23     1    19    10     0     2    71.0   41.270 -100.389   2028.6    700.6
     1     1    23     1    19    11     0     1    72.0   40.752 -100.188   2001.1    707.5
     1     1    23     1    19    12     0     0    73.0   40.212  -99.887   1943.3    720.2
     1     1    23     1    19    13     0     1    74.0   39.665  -99.524   1828.7    736.8
     1     1    23     1    19    14     0     2    75.0   39.110  -99.136   1711.9    764.0
     1     1    23     1    19    15     0     3    76.0   38.545  -98.722   1616.9    773.1
     1     1    23     1    19    16     0     2    77.0   37.999  -98.281   1502.2    788.6
     1     1    23     1    19    17     0     1    78.0   37.497  -97.830   1375.6    811.0
     1     1    23     1    19    18     0     0    79.0   37.062  -97.389   1251.0    832.2
     1     1    23     1    19    19     0     1    80.0   36.694  -96.970   1141.3    849.8
     1     1    23     1    19    20     0     2    81.0   36.387  -96.579   1051.4    864.7
     1     1    23     1    19    21     0     3    82.0   36.141  -96.215    987.0    876.7
     1     1    23     1    19    22     0     2    83.0   35.933  -95.862    936.0    882.9
     1     1    23     1    19    23     0     1    84.0   35.741  -95.509    886.3    887.8
     1     1    23     1    20     0     0     0    85.0   35.557  -95.148    844.7    892.5
     1     1    23     1    20     1     0     1    86.0   35.368  -94.786    804.9    894.4
     1     1    23     1    20     2     0     2    87.0   35.166  -94.430    752.5    898.7
     1     1    23     1    20     3     0     3    88.0   34.955  -94.082    685.2    907.9
     1     1    23     1    20     4     0     2    89.0   34.744  -93.763    622.1    922.8
     1     1    23     1    20     5     0     1    90.0   34.534  -93.488    567.2    934.1
     1     1    23     1    20     6     0     0    91.0   34.325  -93.256    508.6    945.1
     1     1    23     1    20     7     0     1    92.0   34.112  -93.073    456.0    957.1
     1     1    23     1    20     8     0     2    93.0   33.891  -92.943    419.9    962.6
     1     1    23     1    20     9     0     3    94.0   33.662  -92.862    396.0    965.7
     1     1    23     1    20    10     0     2    95.0   33.432  -92.829    378.3    967.8
     1     1    23     1    20    11     0     1    96.0   33.205  -92.849    361.9    970.1
     1     1    23     1    20    12     0     0    97.0   32.975  -92.922    345.2    971.7
     1     1    23     1    20    13     0     1    98.0   32.757  -93.040    328.8    973.5
     1     1    23     1    20    14     0     2    99.0   32.570  -93.196    314.4    975.7
     1     1    23     1    20    15     0     3   100.0   32.412  -93.383    301.6    977.8
     1     1    23     1    20    16     0     2   101.0   32.281  -93.581    285.3    979.2
     1     1    23     1    20    17     0     1   102.0   32.170  -93.773    259.7    982.2
     1     1    23     1    20    18     0     0   103.0   32.074  -93.954    222.4    986.0
     1     1    23     1    20    19     0     1   104.0   32.011  -94.119    190.6    990.5
     1     1    23     1    20    20     0     2   105.0   31.996  -94.274    177.2    990.1
     1     1    23     1    20    21     0     3   106.0   32.024  -94.428    177.3    987.9
     1     1    23     1    20    22     0     2   107.0   32.058  -94.589    172.0    985.3
     1     1    23     1    20    23     0     1   108.0   32.078  -94.752    149.8    987.5
     1     1    23     1    21     0     0     0   109.0   32.092  -94.908    119.5    990.4
     1     1    23     1    21     1     0     1   110.0   32.108  -95.069     96.6    993.5
     1     1    23     1    21     2     0     2   111.0   32.129  -95.253     87.5    994.8
     1     1    23     1    21     3     0     3   112.0   32.162  -95.450     86.3    995.3
     1     1    23     1    21     4     0     2   113.0   32.211  -95.646     87.6    995.5
     1     1    23     1    21     5     0     1   114.0   32.275  -95.829     89.1    995.9
     1     1    23     1    21     6     0     0   115.0   32.349  -96.002     91.7    995.9
     1     1    23     1    21     7     0     1   116.0   32.434  -96.174     96.8    992.9
     1     1    23     1    21     8     0     2   117.0   32.537  -96.352    105.7    989.5
     1     1    23     1    21     9     0     3   118.0   32.664  -96.540    119.4    985.6
     1     1    23     1    21    10     0     2   119.0   32.811  -96.726    138.1    982.6
     1     1    23     1    21    11     0     1   120.0   32.966  -96.882    159.0    979.8
