     8     1
    GDAS    22    12    22     0     0
    GDAS    22    12    29     0     0
    GDAS    23     1     1     0     0
    GDAS    23     1     8     0     0
    GDAS    23     1    15     0     0
    GDAS    23     1    22     0     0
    GDAS    23     1    29     0     0
    GDAS    23     2     1     0     0
     1 FORWARD  OMEGA   
    23     1     4    16   48.874  -96.177   373.2
     1 PRESSURE
     1     1    23     1     4    16     0     2     0.0   48.874  -96.177    373.2    929.6
     1     1    23     1     4    17     0     1     1.0   48.786  -96.488    391.8    928.3
     1     1    23     1     4    18     0     0     2.0   48.716  -96.748    379.5    932.4
     1     1    23     1     4    19     0     1     3.0   48.645  -96.945    361.3    938.3
     1     1    23     1     4    20     0     2     4.0   48.548  -97.093    355.9    937.6
     1     1    23     1     4    21     0     3     5.0   48.418  -97.210    360.7    934.6
     1     1    23     1     4    22     0     2     6.0   48.263  -97.331    368.0    930.5
     1     1    23     1     4    23     0     1     7.0   48.093  -97.478    369.2    926.7
     1     1    23     1     5     0     0     0     8.0   47.908  -97.644    365.6    923.6
     1     1    23     1     5     1     0     1     9.0   47.708  -97.793    363.6    922.5
     1     1    23     1     5     2     0     2    10.0   47.487  -97.913    369.9    921.3
     1     1    23     1     5     3     0     3    11.0   47.242  -98.025    393.0    919.6
     1     1    23     1     5     4     0     2    12.0   46.979  -98.141    428.4    914.5
     1     1    23     1     5     5     0     1    13.0   46.716  -98.257    452.9    908.3
     1     1    23     1     5     6     0     0    14.0   46.453  -98.364    455.9    905.3
     1     1    23     1     5     7     0     1    15.0   46.189  -98.459    447.0    905.1
     1     1    23     1     5     8     0     2    16.0   45.929  -98.534    439.9    904.7
     1     1    23     1     5     9     0     3    17.0   45.679  -98.578    442.4    906.3
     1     1    23     1     5    10     0     2    18.0   45.433  -98.569    444.7    906.7
     1     1    23     1     5    11     0     1    19.0   45.181  -98.496    432.1    911.0
     1     1    23     1     5    12     0     0    20.0   44.921  -98.370    407.0    916.6
     1     1    23     1     5    13     0     1    21.0   44.652  -98.219    385.7    921.1
     1     1    23     1     5    14     0     2    22.0   44.376  -98.071    377.2    923.2
     1     1    23     1     5    15     0     3    23.0   44.097  -97.931    382.8    922.7
     1     1    23     1     5    16     0     2    24.0   43.817  -97.784    391.0    917.9
     1     1    23     1     5    17     0     1    25.0   43.536  -97.606    388.5    917.1
     1     1    23     1     5    18     0     0    26.0   43.254  -97.396    376.5    919.4
     1     1    23     1     5    19     0     1    27.0   42.978  -97.155    357.3    924.9
     1     1    23     1     5    20     0     2    28.0   42.720  -96.890    336.8    927.1
     1     1    23     1     5    21     0     3    29.0   42.487  -96.616    325.2    929.7
     1     1    23     1     5    22     0     2    30.0   42.276  -96.347    326.0    932.2
     1     1    23     1     5    23     0     1    31.0   42.084  -96.079    330.3    935.5
     1     1    23     1     6     0     0     0    32.0   41.905  -95.802    325.0    936.0
     1     1    23     1     6     1     0     1    33.0   41.728  -95.527    314.5    937.4
     1     1    23     1     6     2     0     2    34.0   41.549  -95.255    305.6    937.9
     1     1    23     1     6     3     0     3    35.0   41.371  -94.978    295.4    939.8
     1     1    23     1     6     4     0     2    36.0   41.201  -94.696    281.9    943.0
     1     1    23     1     6     5     0     1    37.0   41.041  -94.415    265.5    946.2
     1     1    23     1     6     6     0     0    38.0   40.889  -94.133    245.8    949.2
     1     1    23     1     6     7     0     1    39.0   40.749  -93.854    225.6    954.0
     1     1    23     1     6     8     0     2    40.0   40.627  -93.584    211.1    957.9
     1     1    23     1     6     9     0     3    41.0   40.524  -93.326    200.7    960.5
     1     1    23     1     6    10     0     2    42.0   40.434  -93.077    190.0    962.8
     1     1    23     1     6    11     0     1    43.0   40.354  -92.840    178.3    966.1
     1     1    23     1     6    12     0     0    44.0   40.282  -92.613    166.7    969.7
     1     1    23     1     6    13     0     1    45.0   40.219  -92.401    154.4    973.2
     1     1    23     1     6    14     0     2    46.0   40.164  -92.208    140.9    977.0
     1     1    23     1     6    15     0     3    47.0   40.116  -92.033    128.1    980.1
     1     1    23     1     6    16     0     2    48.0   40.079  -91.876    118.8    981.4
     1     1    23     1     6    17     0     1    49.0   40.055  -91.735    113.7    981.9
     1     1    23     1     6    18     0     0    50.0   40.039  -91.606    111.9    982.0
     1     1    23     1     6    19     0     1    51.0   40.025  -91.484    111.6    981.6
     1     1    23     1     6    20     0     2    52.0   40.009  -91.369    111.5    981.4
     1     1    23     1     6    21     0     3    53.0   39.992  -91.259    111.5    981.3
     1     1    23     1     6    22     0     2    54.0   39.969  -91.173    111.3    981.7
     1     1    23     1     6    23     0     1    55.0   39.934  -91.127    111.1    982.1
     1     1    23     1     7     0     0     0    56.0   39.891  -91.124    110.9    982.4
     1     1    23     1     7     1     0     1    57.0   39.843  -91.162    110.0    982.7
     1     1    23     1     7     2     0     2    58.0   39.793  -91.238    108.3    983.1
     1     1    23     1     7     3     0     3    59.0   39.742  -91.349    107.5    983.4
     1     1    23     1     7     4     0     2    60.0   39.688  -91.486    108.0    982.8
     1     1    23     1     7     5     0     1    61.0   39.632  -91.638    108.5    981.9
     1     1    23     1     7     6     0     0    62.0   39.573  -91.812    108.1    980.8
     1     1    23     1     7     7     0     1    63.0   39.504  -92.014    108.2    979.8
     1     1    23     1     7     8     0     2    64.0   39.422  -92.251    108.8    979.2
     1     1    23     1     7     9     0     3    65.0   39.327  -92.522    108.4    979.6
     1     1    23     1     7    10     0     2    66.0   39.222  -92.820    110.0    980.9
     1     1    23     1     7    11     0     1    67.0   39.109  -93.137    118.5    980.6
     1     1    23     1     7    12     0     0    68.0   38.974  -93.479    138.7    976.4
     1     1    23     1     7    13     0     1    69.0   38.823  -93.845    167.1    970.3
     1     1    23     1     7    14     0     2    70.0   38.672  -94.216    194.0    966.8
     1     1    23     1     7    15     0     3    71.0   38.505  -94.570    215.9    964.4
     1     1    23     1     7    16     0     2    72.0   38.304  -94.890    234.1    961.5
     1     1    23     1     7    17     0     1    73.0   38.062  -95.177    244.9    958.0
     1     1    23     1     7    18     0     0    74.0   37.795  -95.413    239.8    957.4
     1     1    23     1     7    19     0     1    75.0   37.529  -95.574    225.4    960.1
     1     1    23     1     7    20     0     2    76.0   37.267  -95.668    212.5    962.6
     1     1    23     1     7    21     0     3    77.0   37.003  -95.713    203.3    965.0
     1     1    23     1     7    22     0     2    78.0   36.743  -95.736    197.1    967.4
     1     1    23     1     7    23     0     1    79.0   36.491  -95.758    192.1    969.9
     1     1    23     1     8     0     0     0    80.0   36.242  -95.789    188.5    972.5
     1     1    23     1     8     1     0     1    81.0   35.998  -95.816    182.0    974.5
     1     1    23     1     8     2     0     2    82.0   35.768  -95.829    169.7    976.9
     1     1    23     1     8     3     0     3    83.0   35.555  -95.844    158.1    979.4
     1     1    23     1     8     4     0     2    84.0   35.359  -95.861    150.9    980.8
     1     1    23     1     8     5     0     1    85.0   35.177  -95.870    146.8    981.4
     1     1    23     1     8     6     0     0    86.0   35.001  -95.871    143.1    981.9
     1     1    23     1     8     7     0     1    87.0   34.814  -95.865    137.5    983.7
     1     1    23     1     8     8     0     2    88.0   34.602  -95.851    126.5    986.0
     1     1    23     1     8     9     0     3    89.0   34.371  -95.825    107.1    989.5
     1     1    23     1     8    10     0     2    90.0   34.147  -95.790     83.3    994.5
     1     1    23     1     8    11     0     1    91.0   33.952  -95.749     61.7    999.1
     1     1    23     1     8    12     0     0    92.0   33.788  -95.708     45.3   1000.9
     1     1    23     1     8    13     0     1    93.0   33.633  -95.680     33.7   1002.2
     1     1    23     1     8    14     0     2    94.0   33.471  -95.673     25.2   1003.3
     1     1    23     1     8    15     0     3    95.0   33.305  -95.683     18.8   1004.3
     1     1    23     1     8    16     0     2    96.0   33.145  -95.701     14.6   1005.7
     1     1    23     1     8    17     0     1    97.0   33.003  -95.721     12.1   1007.1
     1     1    23     1     8    18     0     0    98.0   32.877  -95.744     10.7   1008.6
     1     1    23     1     8    19     0     1    99.0   32.759  -95.766      9.7   1007.9
     1     1    23     1     8    20     0     2   100.0   32.645  -95.785      8.4   1007.3
     1     1    23     1     8    21     0     3   101.0   32.536  -95.801      6.9   1007.0
     1     1    23     1     8    22     0     2   102.0   32.432  -95.821      5.3   1007.5
     1     1    23     1     8    23     0     1   103.0   32.338  -95.853      3.8   1008.0
     1     1    23     1     9     0     0     0   104.0   32.254  -95.896      2.3   1008.6
     1     1    23     1     9     1     0     1   105.0   32.181  -95.951      1.2   1009.2
     1     1    23     1     9     2     0     2   106.0   32.119  -96.020      0.5   1009.3
     1     1    23     1     9     3     0     3   107.0   32.069  -96.101      0.3   1008.7
     1     1    23     1     9     4     0     2   108.0   32.038  -96.181      0.3   1008.9
     1     1    23     1     9     5     0     1   109.0   32.034  -96.248      0.2   1008.9
     1     1    23     1     9     6     0     0   110.0   32.055  -96.305      0.0   1008.8
     1     1    23     1     9     7     0     1   111.0   32.089  -96.360      0.0   1006.9
     1     1    23     1     9     8     0     2   112.0   32.120  -96.422      0.2   1005.2
     1     1    23     1     9     9     0     3   113.0   32.152  -96.487      0.8   1003.6
     1     1    23     1     9    10     0     2   114.0   32.191  -96.549      1.6   1003.3
     1     1    23     1     9    11     0     1   115.0   32.243  -96.603      2.2   1002.8
     1     1    23     1     9    12     0     0   116.0   32.308  -96.650      2.7   1002.3
     1     1    23     1     9    13     0     1   117.0   32.385  -96.689      3.5   1002.4
     1     1    23     1     9    14     0     2   118.0   32.476  -96.722      4.8   1002.7
     1     1    23     1     9    15     0     3   119.0   32.581  -96.749      6.6   1003.1
     1     1    23     1     9    16     0     2   120.0   32.702  -96.767      8.4   1002.7
