     8     1
    GDAS    22    12    22     0     0
    GDAS    22    12    29     0     0
    GDAS    23     1     1     0     0
    GDAS    23     1     8     0     0
    GDAS    23     1    15     0     0
    GDAS    23     1    22     0     0
    GDAS    23     1    29     0     0
    GDAS    23     2     1     0     0
     1 FORWARD  OMEGA   
    23     1    14    12   41.899 -113.385  2261.6
     1 PRESSURE
     1     1    23     1    14    12     0     0     0.0   41.899 -113.385   2261.6    629.0
     1     1    23     1    14    13     0     1     1.0   41.996 -113.008   2159.8    639.9
     1     1    23     1    14    14     0     2     2.0   42.120 -112.673   2036.1    655.9
     1     1    23     1    14    15     0     3     3.0   42.285 -112.351   1961.6    655.8
     1     1    23     1    14    16     0     2     4.0   42.489 -112.026   1898.1    649.4
     1     1    23     1    14    17     0     1     5.0   42.730 -111.688   1833.5    638.2
     1     1    23     1    14    18     0     0     6.0   42.978 -111.354   1829.0    628.4
     1     1    23     1    14    19     0     1     7.0   43.227 -111.002   1906.4    612.4
     1     1    23     1    14    20     0     2     8.0   43.482 -110.577   1978.2    585.4
     1     1    23     1    14    21     0     3     9.0   43.710 -110.085   1995.1    558.9
     1     1    23     1    14    22     0     2    10.0   43.883 -109.572   2009.6    563.7
     1     1    23     1    14    23     0     1    11.0   43.989 -109.102   1973.9    589.8
     1     1    23     1    15     0     0     0    12.0   44.048 -108.707   1911.4    624.5
     1     1    23     1    15     1     0     1    13.0   44.088 -108.371   1856.6    653.1
     1     1    23     1    15     2     0     2    14.0   44.129 -108.077   1838.7    671.9
     1     1    23     1    15     3     0     3    15.0   44.171 -107.806   1773.8    660.4
     1     1    23     1    15     4     0     2    16.0   44.207 -107.549   1585.9    657.1
     1     1    23     1    15     5     0     1    17.0   44.237 -107.282   1233.5    672.1
     1     1    23     1    15     6     0     0    18.0   44.289 -106.993    704.3    707.2
     1     1    23     1    15     7     0     1    19.0   44.353 -106.796    378.8    788.6
     1     1    23     1    15     8     0     2    20.0   44.415 -106.656    218.6    803.9
     1     1    23     1    15     9     0     3    21.0   44.473 -106.565    145.4    812.5
     1     1    23     1    15    10     0     2    22.0   44.530 -106.503    110.0    821.0
     1     1    23     1    15    11     0     1    23.0   44.585 -106.458     95.2    826.6
     1     1    23     1    15    12     0     0    24.0   44.638 -106.423     89.3    831.1
     1     1    23     1    15    13     0     1    25.0   44.688 -106.395     87.4    834.9
     1     1    23     1    15    14     0     2    26.0   44.735 -106.374     88.1    838.1
     1     1    23     1    15    15     0     3    27.0   44.777 -106.358     91.9    840.4
     1     1    23     1    15    16     0     2    28.0   44.814 -106.353     97.2    841.8
     1     1    23     1    15    17     0     1    29.0   44.844 -106.367    102.2    842.7
     1     1    23     1    15    18     0     0    30.0   44.864 -106.398    107.4    842.7
     1     1    23     1    15    19     0     1    31.0   44.873 -106.434    115.6    841.5
     1     1    23     1    15    20     0     2    32.0   44.871 -106.460    129.2    839.2
     1     1    23     1    15    21     0     3    33.0   44.861 -106.475    148.1    835.7
     1     1    23     1    15    22     0     2    34.0   44.845 -106.477    166.5    832.3
     1     1    23     1    15    23     0     1    35.0   44.820 -106.462    180.0    829.9
     1     1    23     1    16     0     0     0    36.0   44.788 -106.434    191.3    827.9
     1     1    23     1    16     1     0     1    37.0   44.746 -106.393    199.3    825.6
     1     1    23     1    16     2     0     2    38.0   44.692 -106.339    201.0    824.3
     1     1    23     1    16     3     0     3    39.0   44.624 -106.271    196.0    824.1
     1     1    23     1    16     4     0     2    40.0   44.546 -106.192    190.4    825.6
     1     1    23     1    16     5     0     1    41.0   44.463 -106.105    192.1    827.3
     1     1    23     1    16     6     0     0    42.0   44.365 -106.011    205.8    829.4
     1     1    23     1    16     7     0     1    43.0   44.253 -105.903    230.4    825.3
     1     1    23     1    16     8     0     2    44.0   44.135 -105.778    259.9    820.0
     1     1    23     1    16     9     0     3    45.0   44.011 -105.635    289.4    813.3
     1     1    23     1    16    10     0     2    46.0   43.884 -105.450    311.3    807.8
     1     1    23     1    16    11     0     1    47.0   43.762 -105.197    325.5    805.4
     1     1    23     1    16    12     0     0    48.0   43.636 -104.887    340.8    802.4
     1     1    23     1    16    13     0     1    49.0   43.508 -104.570    353.0    797.5
     1     1    23     1    16    14     0     2    50.0   43.378 -104.270    347.0    799.6
     1     1    23     1    16    15     0     3    51.0   43.243 -103.974    305.4    811.8
     1     1    23     1    16    16     0     2    52.0   43.107 -103.665    245.0    840.3
     1     1    23     1    16    17     0     1    53.0   42.984 -103.361    202.4    857.2
     1     1    23     1    16    18     0     0    54.0   42.879 -103.087    187.3    863.6
     1     1    23     1    16    19     0     1    55.0   42.773 -102.841    184.8    860.9
     1     1    23     1    16    20     0     2    56.0   42.653 -102.609    174.3    858.5
     1     1    23     1    16    21     0     3    57.0   42.529 -102.385    154.6    858.4
     1     1    23     1    16    22     0     2    58.0   42.404 -102.176    132.4    860.0
     1     1    23     1    16    23     0     1    59.0   42.279 -101.990    112.6    861.0
     1     1    23     1    17     0     0     0    60.0   42.155 -101.828     97.4    864.9
     1     1    23     1    17     1     0     1    61.0   42.038 -101.691     87.3    867.4
     1     1    23     1    17     2     0     2    62.0   41.930 -101.577     81.7    870.4
     1     1    23     1    17     3     0     3    63.0   41.836 -101.480     78.5    873.5
     1     1    23     1    17     4     0     2    64.0   41.757 -101.392     75.5    876.2
     1     1    23     1    17     5     0     1    65.0   41.692 -101.307     72.2    878.9
     1     1    23     1    17     6     0     0    66.0   41.634 -101.225     68.4    881.4
     1     1    23     1    17     7     0     1    67.0   41.578 -101.148     64.3    883.9
     1     1    23     1    17     8     0     2    68.0   41.520 -101.077     60.7    886.3
     1     1    23     1    17     9     0     3    69.0   41.462 -101.017     57.8    888.4
     1     1    23     1    17    10     0     2    70.0   41.406 -100.966     55.9    891.0
     1     1    23     1    17    11     0     1    71.0   41.355 -100.920     54.9    893.2
     1     1    23     1    17    12     0     0    72.0   41.309 -100.874     53.9    895.3
     1     1    23     1    17    13     0     1    73.0   41.262 -100.836     55.3    896.6
     1     1    23     1    17    14     0     2    74.0   41.202 -100.812     61.9    896.7
     1     1    23     1    17    15     0     3    75.0   41.127 -100.808     74.5    895.9
     1     1    23     1    17    16     0     2    76.0   41.052 -100.827     88.7    894.1
     1     1    23     1    17    17     0     1    77.0   40.998 -100.868     99.6    893.0
     1     1    23     1    17    18     0     0    78.0   40.969 -100.931    107.4    891.6
     1     1    23     1    17    19     0     1    79.0   40.954 -101.011    113.3    889.6
     1     1    23     1    17    20     0     2    80.0   40.944 -101.108    119.4    886.8
     1     1    23     1    17    21     0     3    81.0   40.938 -101.223    126.1    883.5
     1     1    23     1    17    22     0     2    82.0   40.932 -101.359    136.4    880.5
     1     1    23     1    17    23     0     1    83.0   40.927 -101.522    151.1    875.5
     1     1    23     1    18     0     0     0    84.0   40.926 -101.713    165.8    869.9
     1     1    23     1    18     1     0     1    85.0   40.936 -101.946    179.4    864.4
     1     1    23     1    18     2     0     2    86.0   40.960 -102.231    199.6    857.0
     1     1    23     1    18     3     0     3    87.0   40.993 -102.552    239.6    846.2
     1     1    23     1    18     4     0     2    88.0   41.026 -102.883    312.4    831.7
     1     1    23     1    18     5     0     1    89.0   41.072 -103.232    413.8    810.4
     1     1    23     1    18     6     0     0    90.0   41.129 -103.610    497.5    788.7
     1     1    23     1    18     7     0     1    91.0   41.172 -103.979    543.1    775.9
     1     1    23     1    18     8     0     2    92.0   41.198 -104.297    608.9    765.9
     1     1    23     1    18     9     0     3    93.0   41.218 -104.559    741.8    745.6
     1     1    23     1    18    10     0     2    94.0   41.201 -104.775    929.1    719.6
     1     1    23     1    18    11     0     1    95.0   41.102 -104.957   1152.6    689.6
     1     1    23     1    18    12     0     0    96.0   40.911 -105.124   1398.4    657.4
     1     1    23     1    18    13     0     1    97.0   40.660 -105.272   1625.7    632.3
     1     1    23     1    18    14     0     2    98.0   40.373 -105.368   1809.0    616.0
     1     1    23     1    18    15     0     3    99.0   40.035 -105.377   1942.5    608.7
     1     1    23     1    18    16     0     2   100.0   39.628 -105.295   1983.4    589.4
     1     1    23     1    18    17     0     1   101.0   39.153 -105.143   1947.1    566.2
     1     1    23     1    18    18     0     0   102.0   38.653 -104.928   1929.3    572.7
     1     1    23     1    18    19     0     1   103.0   38.197 -104.647   2005.2    599.5
     1     1    23     1    18    20     0     2   104.0   37.768 -104.261   2092.7    618.3
     1     1    23     1    18    21     0     3   105.0   37.370 -103.754   2038.2    626.4
     1     1    23     1    18    22     0     2   106.0   36.977 -103.135   2004.4    654.0
     1     1    23     1    18    23     0     1   107.0   36.626 -102.437   2011.4    662.7
     1     1    23     1    19     0     0     0   108.0   36.364 -101.759   1783.0    694.7
     1     1    23     1    19     1     0     1   109.0   36.056 -101.049   1378.8    765.0
     1     1    23     1    19     2     0     2   110.0   35.740 -100.352   1098.9    805.6
     1     1    23     1    19     3     0     3   111.0   35.451  -99.728    958.8    833.6
     1     1    23     1    19     4     0     2   112.0   35.133  -99.123    903.4    855.1
     1     1    23     1    19     5     0     1   113.0   34.836  -98.514    915.1    860.5
     1     1    23     1    19     6     0     0   114.0   34.585  -97.904    910.6    867.9
     1     1    23     1    19     7     0     1   115.0   34.367  -97.276    911.9    877.8
     1     1    23     1    19     8     0     2   116.0   34.192  -96.580    934.4    879.3
     1     1    23     1    19     9     0     3   117.0   34.028  -95.869    906.3    883.8
     1     1    23     1    19    10     0     2   118.0   33.837  -95.194    820.8    898.2
     1     1    23     1    19    11     0     1   119.0   33.640  -94.525    745.8    910.2
     1     1    23     1    19    12     0     0   120.0   33.449  -93.862    686.8    919.2
