     8     1
    GDAS    22    12    22     0     0
    GDAS    22    12    29     0     0
    GDAS    23     1     1     0     0
    GDAS    23     1     8     0     0
    GDAS    23     1    15     0     0
    GDAS    23     1    22     0     0
    GDAS    23     1    29     0     0
    GDAS    23     2     1     0     0
     1 FORWARD  OMEGA   
    23     1    20    12   45.709 -105.008  1059.4
     1 PRESSURE
     1     1    23     1    20    12     0     0     0.0   45.709 -105.008   1059.4    791.0
     1     1    23     1    20    13     0     1     1.0   45.430 -104.628   1029.8    791.0
     1     1    23     1    20    14     0     2     2.0   45.160 -104.255   1000.1    794.9
     1     1    23     1    20    15     0     3     3.0   44.903 -103.910    952.2    795.3
     1     1    23     1    20    16     0     2     4.0   44.665 -103.599    878.0    797.2
     1     1    23     1    20    17     0     1     5.0   44.455 -103.312    805.2    811.3
     1     1    23     1    20    18     0     0     6.0   44.266 -103.048    748.2    831.0
     1     1    23     1    20    19     0     1     7.0   44.103 -102.813    704.2    840.5
     1     1    23     1    20    20     0     2     8.0   43.970 -102.608    675.6    844.6
     1     1    23     1    20    21     0     3     9.0   43.864 -102.420    661.8    846.4
     1     1    23     1    20    22     0     2    10.0   43.760 -102.227    653.7    845.9
     1     1    23     1    20    23     0     1    11.0   43.638 -102.017    637.8    846.1
     1     1    23     1    21     0     0     0    12.0   43.503 -101.802    605.1    848.1
     1     1    23     1    21     1     0     1    13.0   43.372 -101.600    557.7    853.0
     1     1    23     1    21     2     0     2    14.0   43.245 -101.410    512.0    857.8
     1     1    23     1    21     3     0     3    15.0   43.113 -101.223    481.0    860.8
     1     1    23     1    21     4     0     2    16.0   42.964 -101.021    473.4    861.3
     1     1    23     1    21     5     0     1    17.0   42.816 -100.808    488.1    862.3
     1     1    23     1    21     6     0     0    18.0   42.696 -100.607    515.9    862.4
     1     1    23     1    21     7     0     1    19.0   42.590 -100.414    540.0    861.3
     1     1    23     1    21     8     0     2    20.0   42.486 -100.224    545.1    863.8
     1     1    23     1    21     9     0     3    21.0   42.383 -100.030    526.0    868.3
     1     1    23     1    21    10     0     2    22.0   42.272  -99.827    486.9    874.7
     1     1    23     1    21    11     0     1    23.0   42.147  -99.613    438.2    880.8
     1     1    23     1    21    12     0     0    24.0   42.021  -99.372    380.6    887.3
     1     1    23     1    21    13     0     1    25.0   41.903  -99.134    329.4    896.5
     1     1    23     1    21    14     0     2    26.0   41.788  -98.943    299.9    902.5
     1     1    23     1    21    15     0     3    27.0   41.675  -98.803    289.1    906.2
     1     1    23     1    21    16     0     2    28.0   41.561  -98.690    283.7    907.7
     1     1    23     1    21    17     0     1    29.0   41.451  -98.580    274.6    911.3
     1     1    23     1    21    18     0     0    30.0   41.351  -98.481    265.2    914.6
     1     1    23     1    21    19     0     1    31.0   41.260  -98.387    259.9    917.0
     1     1    23     1    21    20     0     2    32.0   41.173  -98.292    262.4    918.2
     1     1    23     1    21    21     0     3    33.0   41.091  -98.190    277.1    918.1
     1     1    23     1    21    22     0     2    34.0   41.009  -98.088    303.1    916.3
     1     1    23     1    21    23     0     1    35.0   40.909  -98.007    325.8    914.3
     1     1    23     1    22     0     0     0    36.0   40.772  -97.950    331.8    914.5
     1     1    23     1    22     1     0     1    37.0   40.614  -97.899    324.8    917.3
     1     1    23     1    22     2     0     2    38.0   40.444  -97.842    304.6    920.4
     1     1    23     1    22     3     0     3    39.0   40.262  -97.789    265.0    926.6
     1     1    23     1    22     4     0     2    40.0   40.085  -97.735    223.8    934.8
     1     1    23     1    22     5     0     1    41.0   39.930  -97.668    199.9    938.6
     1     1    23     1    22     6     0     0    42.0   39.792  -97.590    190.9    940.0
     1     1    23     1    22     7     0     1    43.0   39.648  -97.510    187.9    940.5
     1     1    23     1    22     8     0     2    44.0   39.487  -97.431    184.9    942.1
     1     1    23     1    22     9     0     3    45.0   39.312  -97.346    184.5    943.7
     1     1    23     1    22    10     0     2    46.0   39.122  -97.264    189.3    944.9
     1     1    23     1    22    11     0     1    47.0   38.916  -97.190    197.0    944.8
     1     1    23     1    22    12     0     0    48.0   38.696  -97.116    199.7    943.4
     1     1    23     1    22    13     0     1    49.0   38.475  -97.043    191.5    943.8
     1     1    23     1    22    14     0     2    50.0   38.262  -96.983    172.6    945.5
     1     1    23     1    22    15     0     3    51.0   38.052  -96.948    146.3    948.4
     1     1    23     1    22    16     0     2    52.0   37.857  -96.912    123.9    953.1
     1     1    23     1    22    17     0     1    53.0   37.688  -96.850    111.6    956.3
     1     1    23     1    22    18     0     0    54.0   37.537  -96.770    106.6    958.8
     1     1    23     1    22    19     0     1    55.0   37.389  -96.679    105.3    960.3
     1     1    23     1    22    20     0     2    56.0   37.238  -96.582    106.0    962.0
     1     1    23     1    22    21     0     3    57.0   37.089  -96.474    107.8    963.6
     1     1    23     1    22    22     0     2    58.0   36.941  -96.373    101.2    965.9
     1     1    23     1    22    23     0     1    59.0   36.794  -96.298     82.2    970.9
     1     1    23     1    23     0     0     0    60.0   36.655  -96.251     60.1    976.6
     1     1    23     1    23     1     0     1    61.0   36.535  -96.219     44.5    981.0
     1     1    23     1    23     2     0     2    62.0   36.437  -96.194     36.9    983.6
     1     1    23     1    23     3     0     3    63.0   36.361  -96.181     34.6    985.4
     1     1    23     1    23     4     0     2    64.0   36.299  -96.174     34.8    985.8
     1     1    23     1    23     5     0     1    65.0   36.245  -96.159     35.2    986.5
     1     1    23     1    23     6     0     0    66.0   36.200  -96.136     35.4    987.2
     1     1    23     1    23     7     0     1    67.0   36.158  -96.106     36.2    987.9
     1     1    23     1    23     8     0     2    68.0   36.117  -96.074     38.7    988.4
     1     1    23     1    23     9     0     3    69.0   36.073  -96.040     43.6    988.7
     1     1    23     1    23    10     0     2    70.0   36.028  -96.014     49.8    989.6
     1     1    23     1    23    11     0     1    71.0   35.983  -96.007     55.2    990.4
     1     1    23     1    23    12     0     0    72.0   35.938  -96.018     59.3    990.6
     1     1    23     1    23    13     0     1    73.0   35.896  -96.044     62.6    990.1
     1     1    23     1    23    14     0     2    74.0   35.861  -96.077     65.9    989.5
     1     1    23     1    23    15     0     3    75.0   35.834  -96.116     69.6    989.0
     1     1    23     1    23    16     0     2    76.0   35.816  -96.144     72.3    988.3
     1     1    23     1    23    17     0     1    77.0   35.810  -96.146     72.1    988.5
     1     1    23     1    23    18     0     0    78.0   35.815  -96.122     69.0    989.3
     1     1    23     1    23    19     0     1    79.0   35.822  -96.087     64.7    990.2
     1     1    23     1    23    20     0     2    80.0   35.824  -96.053     60.4    990.9
     1     1    23     1    23    21     0     3    81.0   35.821  -96.022     56.3    991.6
     1     1    23     1    23    22     0     2    82.0   35.818  -96.005     54.4    991.5
     1     1    23     1    23    23     0     1    83.0   35.820  -96.015     56.7    990.5
     1     1    23     1    24     0     0     0    84.0   35.826  -96.053     63.7    988.6
     1     1    23     1    24     1     0     1    85.0   35.842  -96.110     72.2    986.6
     1     1    23     1    24     2     0     2    86.0   35.872  -96.177     77.5    985.5
     1     1    23     1    24     3     0     3    87.0   35.920  -96.253     79.1    984.8
     1     1    23     1    24     4     0     2    88.0   35.983  -96.326     78.8    984.6
     1     1    23     1    24     5     0     1    89.0   36.056  -96.381     78.6    983.8
     1     1    23     1    24     6     0     0    90.0   36.139  -96.416     78.7    983.1
     1     1    23     1    24     7     0     1    91.0   36.217  -96.448     79.7    981.9
     1     1    23     1    24     8     0     2    92.0   36.278  -96.496     81.7    980.6
     1     1    23     1    24     9     0     3    93.0   36.321  -96.562     84.5    979.0
     1     1    23     1    24    10     0     2    94.0   36.357  -96.646     90.0    976.9
     1     1    23     1    24    11     0     1    95.0   36.395  -96.748    101.4    973.9
     1     1    23     1    24    12     0     0    96.0   36.439  -96.866    122.9    970.1
     1     1    23     1    24    13     0     1    97.0   36.487  -96.974    159.4    965.3
     1     1    23     1    24    14     0     2    98.0   36.537  -97.044    215.0    958.2
     1     1    23     1    24    15     0     3    99.0   36.592  -97.081    303.0    948.6
     1     1    23     1    24    16     0     2   100.0   36.645  -97.135    401.7    931.9
     1     1    23     1    24    17     0     1   101.0   36.677  -97.248    442.9    922.6
     1     1    23     1    24    18     0     0   102.0   36.678  -97.416    403.2    925.2
     1     1    23     1    24    19     0     1   103.0   36.641  -97.607    350.6    936.1
     1     1    23     1    24    20     0     2   104.0   36.577  -97.805    337.3    935.2
     1     1    23     1    24    21     0     3   105.0   36.494  -98.001    364.2    930.6
     1     1    23     1    24    22     0     2   106.0   36.383  -98.176    414.5    919.2
     1     1    23     1    24    23     0     1   107.0   36.233  -98.311    467.7    910.2
     1     1    23     1    25     0     0     0   108.0   36.049  -98.401    532.7    901.1
     1     1    23     1    25     1     0     1   109.0   35.842  -98.466    595.9    891.0
     1     1    23     1    25     2     0     2   110.0   35.610  -98.522    631.2    887.7
     1     1    23     1    25     3     0     3   111.0   35.350  -98.549    654.4    887.8
     1     1    23     1    25     4     0     2   112.0   35.068  -98.539    661.2    887.3
     1     1    23     1    25     5     0     1   113.0   34.767  -98.490    638.4    893.6
     1     1    23     1    25     6     0     0   114.0   34.448  -98.392    609.6    903.2
     1     1    23     1    25     7     0     1   115.0   34.125  -98.238    594.1    909.3
     1     1    23     1    25     8     0     2   116.0   33.820  -98.026    572.9    911.1
     1     1    23     1    25     9     0     3   117.0   33.537  -97.753    536.2    917.9
     1     1    23     1    25    10     0     2   118.0   33.255  -97.445    510.2    927.5
     1     1    23     1    25    11     0     1   119.0   32.968  -97.123    506.4    935.3
     1     1    23     1    25    12     0     0   120.0   32.684  -96.795    507.2    935.6
