     8     1
    GDAS    22    12    22     0     0
    GDAS    22    12    29     0     0
    GDAS    23     1     1     0     0
    GDAS    23     1     8     0     0
    GDAS    23     1    15     0     0
    GDAS    23     1    22     0     0
    GDAS    23     1    29     0     0
    GDAS    23     2     1     0     0
     1 FORWARD  OMEGA   
    23     1    24    16   41.334 -101.188   576.0
     1 PRESSURE
     1     1    23     1    24    16     0     2     0.0   41.334 -101.188    576.0    840.3
     1     1    23     1    24    17     0     1     1.0   40.975 -101.089    595.7    847.2
     1     1    23     1    24    18     0     0     2.0   40.608 -101.002    701.7    838.1
     1     1    23     1    24    19     0     1     3.0   40.260 -100.898    810.3    819.1
     1     1    23     1    24    20     0     2     4.0   39.931 -100.786    861.1    818.9
     1     1    23     1    24    21     0     3     5.0   39.599 -100.692    892.5    817.4
     1     1    23     1    24    22     0     2     6.0   39.267 -100.636    908.7    817.0
     1     1    23     1    24    23     0     1     7.0   38.925 -100.626    925.4    816.8
     1     1    23     1    25     0     0     0     8.0   38.549 -100.659    954.9    811.8
     1     1    23     1    25     1     0     1     9.0   38.157 -100.714    974.4    806.2
     1     1    23     1    25     2     0     2    10.0   37.766 -100.768    979.7    807.9
     1     1    23     1    25     3     0     3    11.0   37.366 -100.816    987.7    810.0
     1     1    23     1    25     4     0     2    12.0   36.952 -100.851   1001.9    810.6
     1     1    23     1    25     5     0     1    13.0   36.531 -100.856   1007.4    808.0
     1     1    23     1    25     6     0     0    14.0   36.096 -100.834    991.8    809.2
     1     1    23     1    25     7     0     1    15.0   35.637 -100.788    954.8    814.7
     1     1    23     1    25     8     0     2    16.0   35.158 -100.710    907.2    824.0
     1     1    23     1    25     9     0     3    17.0   34.671 -100.606    845.9    833.9
     1     1    23     1    25    10     0     2    18.0   34.202 -100.485    766.1    848.7
     1     1    23     1    25    11     0     1    19.0   33.758 -100.342    695.1    866.7
     1     1    23     1    25    12     0     0    20.0   33.328 -100.170    662.6    881.8
     1     1    23     1    25    13     0     1    21.0   32.914  -99.978    665.2    886.3
     1     1    23     1    25    14     0     2    22.0   32.527  -99.767    664.3    881.5
     1     1    23     1    25    15     0     3    23.0   32.153  -99.539    643.8    883.0
     1     1    23     1    25    16     0     2    24.0   31.798  -99.291    608.0    888.5
     1     1    23     1    25    17     0     1    25.0   31.484  -99.018    569.4    896.0
     1     1    23     1    25    18     0     0    26.0   31.209  -98.736    526.3    903.5
     1     1    23     1    25    19     0     1    27.0   30.959  -98.456    478.7    915.0
     1     1    23     1    25    20     0     2    28.0   30.715  -98.176    423.3    926.9
     1     1    23     1    25    21     0     3    29.0   30.475  -97.903    341.1    943.1
     1     1    23     1    25    22     0     2    30.0   30.240  -97.658    245.4    964.3
     1     1    23     1    25    23     0     1    31.0   30.013  -97.460    155.6    982.3
     1     1    23     1    26     0     0     0    32.0   29.814  -97.329     95.3    996.4
     1     1    23     1    26     1     0     1    33.0   29.639  -97.261     63.1   1002.6
     1     1    23     1    26     2     0     2    34.0   29.480  -97.242     47.2   1005.9
     1     1    23     1    26     3     0     3    35.0   29.333  -97.262     38.9   1008.6
     1     1    23     1    26     4     0     2    36.0   29.196  -97.307     34.3   1010.8
     1     1    23     1    26     5     0     1    37.0   29.065  -97.364     31.6   1013.0
     1     1    23     1    26     6     0     0    38.0   28.934  -97.434     30.5   1014.4
     1     1    23     1    26     7     0     1    39.0   28.804  -97.510     30.5   1014.0
     1     1    23     1    26     8     0     2    40.0   28.680  -97.588     31.4   1013.8
     1     1    23     1    26     9     0     3    41.0   28.564  -97.666     33.6   1013.6
     1     1    23     1    26    10     0     2    42.0   28.450  -97.743     36.8   1013.7
     1     1    23     1    26    11     0     1    43.0   28.338  -97.820     39.4   1013.6
     1     1    23     1    26    12     0     0    44.0   28.235  -97.899     40.0   1013.5
     1     1    23     1    26    13     0     1    45.0   28.140  -97.981     39.4   1014.3
     1     1    23     1    26    14     0     2    46.0   28.036  -98.068     39.3   1015.1
     1     1    23     1    26    15     0     3    47.0   27.917  -98.160     39.1   1016.2
     1     1    23     1    26    16     0     2    48.0   27.792  -98.257     37.9   1015.9
     1     1    23     1    26    17     0     1    49.0   27.673  -98.360     36.0   1015.4
     1     1    23     1    26    18     0     0    50.0   27.562  -98.466     33.7   1014.6
     1     1    23     1    26    19     0     1    51.0   27.457  -98.575     30.8   1012.4
     1     1    23     1    26    20     0     2    52.0   27.360  -98.690     26.5   1010.0
     1     1    23     1    26    21     0     3    53.0   27.272  -98.809     20.6   1007.6
     1     1    23     1    26    22     0     2    54.0   27.199  -98.933     13.7   1007.1
     1     1    23     1    26    23     0     1    55.0   27.149  -99.066      7.6   1007.1
     1     1    23     1    27     0     0     0    56.0   27.118  -99.208      2.5   1007.1
     1     1    23     1    27     1     0     1    57.0   27.103  -99.361      0.0   1006.3
     1     1    23     1    27     2     0     2    58.0   27.102  -99.526      0.0   1005.5
     1     1    23     1    27     3     0     3    59.0   27.117  -99.709      1.5   1004.5
     1     1    23     1    27     4     0     2    60.0   27.146  -99.899      5.6   1003.6
     1     1    23     1    27     5     0     1    61.0   27.185 -100.071     10.8    999.3
     1     1    23     1    27     6     0     0    62.0   27.229 -100.216     16.9    991.2
     1     1    23     1    27     7     0     1    63.0   27.269 -100.335     23.1    984.2
     1     1    23     1    27     8     0     2    64.0   27.304 -100.430     27.2    978.9
     1     1    23     1    27     9     0     3    65.0   27.334 -100.503     29.0    975.0
     1     1    23     1    27    10     0     2    66.0   27.363 -100.561     30.9    972.5
     1     1    23     1    27    11     0     1    67.0   27.392 -100.608     34.9    970.2
     1     1    23     1    27    12     0     0    68.0   27.422 -100.643     41.9    968.4
     1     1    23     1    27    13     0     1    69.0   27.462 -100.674     49.5    967.3
     1     1    23     1    27    14     0     2    70.0   27.521 -100.707     53.9    966.7
     1     1    23     1    27    15     0     3    71.0   27.601 -100.743     54.6    966.7
     1     1    23     1    27    16     0     2    72.0   27.705 -100.778     53.9    966.6
     1     1    23     1    27    17     0     1    73.0   27.835 -100.804     55.2    966.9
     1     1    23     1    27    18     0     0    74.0   27.989 -100.814     62.0    967.7
     1     1    23     1    27    19     0     1    75.0   28.158 -100.824     73.4    966.2
     1     1    23     1    27    20     0     2    76.0   28.332 -100.853     85.0    964.7
     1     1    23     1    27    21     0     3    77.0   28.510 -100.900     97.7    963.1
     1     1    23     1    27    22     0     2    78.0   28.689 -100.968    111.9    962.2
     1     1    23     1    27    23     0     1    79.0   28.867 -101.064    136.3    955.1
     1     1    23     1    28     0     0     0    80.0   29.051 -101.180    195.9    937.1
     1     1    23     1    28     1     0     1    81.0   29.267 -101.310    284.8    913.2
     1     1    23     1    28     2     0     2    82.0   29.530 -101.447    361.9    898.6
     1     1    23     1    28     3     0     3    83.0   29.856 -101.622    443.1    897.4
     1     1    23     1    28     4     0     2    84.0   30.213 -101.779    535.9    885.2
     1     1    23     1    28     5     0     1    85.0   30.561 -101.799    595.7    869.0
     1     1    23     1    28     6     0     0    86.0   30.923 -101.677    591.9    859.9
     1     1    23     1    28     7     0     1    87.0   31.316 -101.474    540.1    865.2
     1     1    23     1    28     8     0     2    88.0   31.735 -101.222    460.4    874.7
     1     1    23     1    28     9     0     3    89.0   32.199 -100.939    335.3    891.3
     1     1    23     1    28    10     0     2    90.0   32.647 -100.652    205.3    917.0
     1     1    23     1    28    11     0     1    91.0   33.010 -100.402    107.0    935.3
     1     1    23     1    28    12     0     0    92.0   33.275 -100.220     52.4    946.6
     1     1    23     1    28    13     0     1    93.0   33.494 -100.071     23.4    951.2
     1     1    23     1    28    14     0     2    94.0   33.700  -99.941     13.8    953.9
     1     1    23     1    28    15     0     3    95.0   33.902  -99.830      9.7    955.3
     1     1    23     1    28    16     0     2    96.0   34.102  -99.709      7.2    956.1
     1     1    23     1    28    17     0     1    97.0   34.302  -99.548      5.7    956.5
     1     1    23     1    28    18     0     0    98.0   34.505  -99.356      5.3    957.2
     1     1    23     1    28    19     0     1    99.0   34.714  -99.149      5.7    956.5
     1     1    23     1    28    20     0     2   100.0   34.927  -98.942      6.2    955.2
     1     1    23     1    28    21     0     3   101.0   35.132  -98.737      5.8    954.3
     1     1    23     1    28    22     0     2   102.0   35.310  -98.559      5.0    956.2
     1     1    23     1    28    23     0     1   103.0   35.453  -98.433      4.7    958.2
     1     1    23     1    29     0     0     0   104.0   35.561  -98.349      5.2    959.9
     1     1    23     1    29     1     0     1   105.0   35.610  -98.293      6.4    962.2
     1     1    23     1    29     2     0     2   106.0   35.585  -98.257      8.0    964.1
     1     1    23     1    29     3     0     3   107.0   35.505  -98.237     10.0    965.7
     1     1    23     1    29     4     0     2   108.0   35.397  -98.231     12.2    965.9
     1     1    23     1    29     5     0     1   109.0   35.251  -98.248     14.2    965.5
     1     1    23     1    29     6     0     0   110.0   35.035  -98.301     15.2    964.6
     1     1    23     1    29     7     0     1   111.0   34.797  -98.362     17.0    968.1
     1     1    23     1    29     8     0     2   112.0   34.575  -98.404     21.6    970.9
     1     1    23     1    29     9     0     3   113.0   34.325  -98.454     25.7    973.5
     1     1    23     1    29    10     0     2   114.0   34.054  -98.518     25.6    976.0
     1     1    23     1    29    11     0     1   115.0   33.803  -98.570     23.9    975.6
     1     1    23     1    29    12     0     0   116.0   33.561  -98.610     22.2    974.3
     1     1    23     1    29    13     0     1   117.0   33.306  -98.635     20.4    974.0
     1     1    23     1    29    14     0     2   118.0   33.033  -98.642     19.0    973.6
     1     1    23     1    29    15     0     3   119.0   32.742  -98.630     17.0    972.1
     1     1    23     1    29    16     0     2   120.0   32.461  -98.605     13.7    970.5
