     8     1
    GDAS    22    12    22     0     0
    GDAS    22    12    29     0     0
    GDAS    23     1     1     0     0
    GDAS    23     1     8     0     0
    GDAS    23     1    15     0     0
    GDAS    23     1    22     0     0
    GDAS    23     1    29     0     0
    GDAS    23     2     1     0     0
     1 FORWARD  OMEGA   
    23     1    18    16   46.400 -171.269  5391.6
     1 PRESSURE
     1     1    23     1    18    16     0     2     0.0   46.400 -171.269   5391.6    482.2
     1     1    23     1    18    17     0     1     1.0   46.454 -170.412   5377.4    483.4
     1     1    23     1    18    18     0     0     2.0   46.520 -169.555   5368.0    483.7
     1     1    23     1    18    19     0     1     3.0   46.627 -168.649   5318.1    488.1
     1     1    23     1    18    20     0     2     4.0   46.796 -167.679   5273.5    491.9
     1     1    23     1    18    21     0     3     5.0   46.994 -166.689   5299.9    490.4
     1     1    23     1    18    22     0     2     6.0   47.209 -165.693   5327.3    487.6
     1     1    23     1    18    23     0     1     7.0   47.479 -164.643   5317.6    488.4
     1     1    23     1    19     0     0     0     8.0   47.777 -163.553   5261.5    492.2
     1     1    23     1    19     1     0     1     9.0   48.082 -162.425   5178.2    498.9
     1     1    23     1    19     2     0     2    10.0   48.438 -161.318   5105.7    503.3
     1     1    23     1    19     3     0     3    11.0   48.822 -160.188   5020.7    511.2
     1     1    23     1    19     4     0     2    12.0   49.231 -159.053   4987.7    512.6
     1     1    23     1    19     5     0     1    13.0   49.725 -157.919   4945.5    516.6
     1     1    23     1    19     6     0     0    14.0   50.256 -156.802   4934.1    516.8
     1     1    23     1    19     7     0     1    15.0   50.809 -155.651   4893.5    521.0
     1     1    23     1    19     8     0     2    16.0   51.403 -154.476   4909.1    519.1
     1     1    23     1    19     9     0     3    17.0   51.995 -153.220   4880.1    520.8
     1     1    23     1    19    10     0     2    18.0   52.583 -151.925   4836.4    525.2
     1     1    23     1    19    11     0     1    19.0   53.140 -150.660   4759.3    530.5
     1     1    23     1    19    12     0     0    20.0   53.672 -149.366   4601.5    544.1
     1     1    23     1    19    13     0     1    21.0   54.196 -148.115   4564.0    549.3
     1     1    23     1    19    14     0     2    22.0   54.697 -146.924   4615.5    543.8
     1     1    23     1    19    15     0     3    23.0   55.181 -145.694   4623.2    543.0
     1     1    23     1    19    16     0     2    24.0   55.654 -144.530   4593.6    546.8
     1     1    23     1    19    17     0     1    25.0   56.138 -143.406   4634.6    545.3
     1     1    23     1    19    18     0     0    26.0   56.606 -142.266   4670.4    539.9
     1     1    23     1    19    19     0     1    27.0   57.053 -141.217   4659.7    544.3
     1     1    23     1    19    20     0     2    28.0   57.510 -140.242   4692.3    544.0
     1     1    23     1    19    21     0     3    29.0   57.954 -139.264   4881.8    530.0
     1     1    23     1    19    22     0     2    30.0   58.383 -138.256   5197.5    501.4
     1     1    23     1    19    23     0     1    31.0   58.838 -136.876   5225.7    446.2
     1     1    23     1    20     0     0     0    32.0   59.231 -135.305   4964.3    469.0
     1     1    23     1    20     1     0     1    33.0   59.490 -133.710   5037.4    443.9
     1     1    23     1    20     2     0     2    34.0   59.630 -132.072   5369.7    431.0
     1     1    23     1    20     3     0     3    35.0   59.734 -130.340   5418.2    418.1
     1     1    23     1    20     4     0     2    36.0   59.806 -128.641   5600.3    427.0
     1     1    23     1    20     5     0     1    37.0   59.738 -126.732   5423.3    429.7
     1     1    23     1    20     6     0     0    38.0   59.553 -124.829   5095.8    460.8
     1     1    23     1    20     7     0     1    39.0   59.344 -123.320   5127.3    480.3
     1     1    23     1    20     8     0     2    40.0   59.046 -121.801   5022.9    489.6
     1     1    23     1    20     9     0     3    41.0   58.733 -120.366   4955.1    493.1
     1     1    23     1    20    10     0     2    42.0   58.393 -119.037   4903.9    496.2
     1     1    23     1    20    11     0     1    43.0   58.000 -117.800   4956.3    503.1
     1     1    23     1    20    12     0     0    44.0   57.602 -116.625   4818.4    504.5
     1     1    23     1    20    13     0     1    45.0   57.207 -115.582   4610.4    513.6
     1     1    23     1    20    14     0     2    46.0   56.808 -114.519   4433.0    532.6
     1     1    23     1    20    15     0     3    47.0   56.423 -113.546   4509.5    521.4
     1     1    23     1    20    16     0     2    48.0   55.971 -112.638   4618.3    509.8
     1     1    23     1    20    17     0     1    49.0   55.429 -111.695   4577.1    514.3
     1     1    23     1    20    18     0     0    50.0   54.925 -110.835   4432.5    521.9
     1     1    23     1    20    19     0     1    51.0   54.415 -110.091   4372.2    528.4
     1     1    23     1    20    20     0     2    52.0   53.865 -109.396   4384.8    532.7
     1     1    23     1    20    21     0     3    53.0   53.386 -108.759   4393.6    534.7
     1     1    23     1    20    22     0     2    54.0   52.914 -108.192   4378.5    531.2
     1     1    23     1    20    23     0     1    55.0   52.413 -107.667   4423.1    532.7
     1     1    23     1    21     0     0     0    56.0   51.925 -107.129   4464.8    523.6
     1     1    23     1    21     1     0     1    57.0   51.469 -106.604   4402.7    531.9
     1     1    23     1    21     2     0     2    58.0   51.017 -106.150   4354.1    537.0
     1     1    23     1    21     3     0     3    59.0   50.570 -105.744   4344.9    534.6
     1     1    23     1    21     4     0     2    60.0   50.113 -105.351   4363.5    534.3
     1     1    23     1    21     5     0     1    61.0   49.657 -104.970   4399.2    527.9
     1     1    23     1    21     6     0     0    62.0   49.226 -104.613   4410.1    522.4
     1     1    23     1    21     7     0     1    63.0   48.803 -104.262   4384.8    525.6
     1     1    23     1    21     8     0     2    64.0   48.395 -103.919   4330.8    533.0
     1     1    23     1    21     9     0     3    65.0   48.027 -103.594   4265.7    539.7
     1     1    23     1    21    10     0     2    66.0   47.678 -103.275   4228.5    538.4
     1     1    23     1    21    11     0     1    67.0   47.337 -102.950   4202.6    532.8
     1     1    23     1    21    12     0     0    68.0   47.024 -102.624   4131.5    537.3
     1     1    23     1    21    13     0     1    69.0   46.735 -102.314   4062.2    548.8
     1     1    23     1    21    14     0     2    70.0   46.468 -102.037   4018.7    551.0
     1     1    23     1    21    15     0     3    71.0   46.227 -101.781   3964.6    554.9
     1     1    23     1    21    16     0     2    72.0   46.000 -101.539   3923.9    560.2
     1     1    23     1    21    17     0     1    73.0   45.775 -101.316   3914.2    560.9
     1     1    23     1    21    18     0     0    74.0   45.559 -101.115   3904.3    561.6
     1     1    23     1    21    19     0     1    75.0   45.351 -100.935   3897.1    564.2
     1     1    23     1    21    20     0     2    76.0   45.139 -100.775   3914.7    563.6
     1     1    23     1    21    21     0     3    77.0   44.920 -100.630   3946.6    560.6
     1     1    23     1    21    22     0     2    78.0   44.687 -100.498   3967.3    559.5
     1     1    23     1    21    23     0     1    79.0   44.433 -100.396   3968.3    561.2
     1     1    23     1    22     0     0     0    80.0   44.160 -100.345   3957.7    563.7
     1     1    23     1    22     1     0     1    81.0   43.868 -100.335   3904.9    564.0
     1     1    23     1    22     2     0     2    82.0   43.557 -100.345   3804.1    568.2
     1     1    23     1    22     3     0     3    83.0   43.222 -100.379   3711.7    571.3
     1     1    23     1    22     4     0     2    84.0   42.874 -100.433   3656.9    570.3
     1     1    23     1    22     5     0     1    85.0   42.520 -100.494   3616.3    568.9
     1     1    23     1    22     6     0     0    86.0   42.150 -100.572   3561.2    570.1
     1     1    23     1    22     7     0     1    87.0   41.757 -100.649   3497.6    574.1
     1     1    23     1    22     8     0     2    88.0   41.360 -100.696   3427.2    580.3
     1     1    23     1    22     9     0     3    89.0   40.968 -100.731   3350.8    587.5
     1     1    23     1    22    10     0     2    90.0   40.560 -100.757   3274.2    594.3
     1     1    23     1    22    11     0     1    91.0   40.125 -100.768   3212.2    600.2
     1     1    23     1    22    12     0     0    92.0   39.680 -100.770   3164.4    603.8
     1     1    23     1    22    13     0     1    93.0   39.243 -100.766   3118.1    607.3
     1     1    23     1    22    14     0     2    94.0   38.820 -100.756   3054.5    611.9
     1     1    23     1    22    15     0     3    95.0   38.398 -100.727   2960.8    619.5
     1     1    23     1    22    16     0     2    96.0   37.972 -100.664   2851.2    630.7
     1     1    23     1    22    17     0     1    97.0   37.558 -100.569   2754.7    644.8
     1     1    23     1    22    18     0     0    98.0   37.164 -100.446   2667.2    657.3
     1     1    23     1    22    19     0     1    99.0   36.786 -100.286   2565.9    668.5
     1     1    23     1    22    20     0     2   100.0   36.426 -100.087   2459.9    680.8
     1     1    23     1    22    21     0     3   101.0   36.072  -99.864   2377.6    689.6
     1     1    23     1    22    22     0     2   102.0   35.734  -99.623   2307.6    700.1
     1     1    23     1    22    23     0     1   103.0   35.421  -99.367   2207.2    714.8
     1     1    23     1    23     0     0     0   104.0   35.125  -99.124   2110.7    736.0
     1     1    23     1    23     1     0     1   105.0   34.843  -98.892   2057.5    747.4
     1     1    23     1    23     2     0     2   106.0   34.586  -98.653   2011.4    754.0
     1     1    23     1    23     3     0     3   107.0   34.362  -98.420   1956.1    766.2
     1     1    23     1    23     4     0     2   108.0   34.164  -98.196   1918.6    775.0
     1     1    23     1    23     5     0     1   109.0   33.985  -97.981   1907.2    779.0
     1     1    23     1    23     6     0     0   110.0   33.823  -97.781   1911.2    778.7
     1     1    23     1    23     7     0     1   111.0   33.675  -97.584   1903.8    779.4
     1     1    23     1    23     8     0     2   112.0   33.535  -97.386   1861.9    785.7
     1     1    23     1    23     9     0     3   113.0   33.408  -97.195   1780.8    797.0
     1     1    23     1    23    10     0     2   114.0   33.283  -97.030   1691.6    812.4
     1     1    23     1    23    11     0     1   115.0   33.146  -96.900   1626.6    821.1
     1     1    23     1    23    12     0     0   116.0   32.996  -96.803   1586.4    826.2
     1     1    23     1    23    13     0     1   117.0   32.860  -96.731   1559.1    828.3
     1     1    23     1    23    14     0     2   118.0   32.760  -96.683   1535.3    831.6
     1     1    23     1    23    15     0     3   119.0   32.695  -96.653   1517.2    834.3
     1     1    23     1    23    16     0     2   120.0   32.658  -96.639   1503.1    835.7
