     8     1
    GDAS    22    12    22     0     0
    GDAS    22    12    29     0     0
    GDAS    23     1     1     0     0
    GDAS    23     1     8     0     0
    GDAS    23     1    15     0     0
    GDAS    23     1    22     0     0
    GDAS    23     1    29     0     0
    GDAS    23     2     1     0     0
     1 FORWARD  OMEGA   
    23     1     4    16   19.396 -117.106  1722.0
     1 PRESSURE
     1     1    23     1     4    16     0     2     0.0   19.396 -117.106   1722.0    831.3
     1     1    23     1     4    17     0     1     1.0   19.496 -117.180   1740.2    830.8
     1     1    23     1     4    18     0     0     2.0   19.600 -117.256   1775.4    827.6
     1     1    23     1     4    19     0     1     3.0   19.710 -117.326   1811.3    822.3
     1     1    23     1     4    20     0     2     4.0   19.828 -117.381   1831.6    819.7
     1     1    23     1     4    21     0     3     5.0   19.957 -117.424   1831.3    819.0
     1     1    23     1     4    22     0     2     6.0   20.093 -117.456   1821.0    821.0
     1     1    23     1     4    23     0     1     7.0   20.231 -117.474   1814.8    821.5
     1     1    23     1     5     0     0     0     8.0   20.372 -117.478   1816.4    821.4
     1     1    23     1     5     1     0     1     9.0   20.515 -117.473   1822.2    820.9
     1     1    23     1     5     2     0     2    10.0   20.657 -117.463   1829.4    821.0
     1     1    23     1     5     3     0     3    11.0   20.800 -117.453   1843.2    820.5
     1     1    23     1     5     4     0     2    12.0   20.942 -117.447   1864.5    818.6
     1     1    23     1     5     5     0     1    13.0   21.082 -117.444   1886.8    816.2
     1     1    23     1     5     6     0     0    14.0   21.220 -117.440   1903.5    814.5
     1     1    23     1     5     7     0     1    15.0   21.359 -117.432   1914.6    813.3
     1     1    23     1     5     8     0     2    16.0   21.500 -117.419   1925.0    812.3
     1     1    23     1     5     9     0     3    17.0   21.644 -117.406   1940.6    810.8
     1     1    23     1     5    10     0     2    18.0   21.791 -117.392   1958.2    808.2
     1     1    23     1     5    11     0     1    19.0   21.944 -117.374   1968.0    806.7
     1     1    23     1     5    12     0     0    20.0   22.103 -117.353   1968.5    806.5
     1     1    23     1     5    13     0     1    21.0   22.262 -117.325   1971.2    807.7
     1     1    23     1     5    14     0     2    22.0   22.417 -117.293   1980.5    806.7
     1     1    23     1     5    15     0     3    23.0   22.565 -117.257   1986.0    806.1
     1     1    23     1     5    16     0     2    24.0   22.710 -117.218   1983.1    806.8
     1     1    23     1     5    17     0     1    25.0   22.860 -117.175   1971.3    808.1
     1     1    23     1     5    18     0     0    26.0   23.019 -117.133   1949.6    810.5
     1     1    23     1     5    19     0     1    27.0   23.183 -117.081   1922.3    813.0
     1     1    23     1     5    20     0     2    28.0   23.351 -117.009   1895.3    815.3
     1     1    23     1     5    21     0     3    29.0   23.526 -116.922   1871.7    817.3
     1     1    23     1     5    22     0     2    30.0   23.695 -116.825   1864.3    818.9
     1     1    23     1     5    23     0     1    31.0   23.852 -116.718   1880.8    816.8
     1     1    23     1     6     0     0     0    32.0   23.997 -116.597   1915.4    812.9
     1     1    23     1     6     1     0     1    33.0   24.134 -116.468   1953.9    808.3
     1     1    23     1     6     2     0     2    34.0   24.263 -116.340   1990.2    805.4
     1     1    23     1     6     3     0     3    35.0   24.389 -116.213   2027.8    802.0
     1     1    23     1     6     4     0     2    36.0   24.513 -116.077   2060.7    798.5
     1     1    23     1     6     5     0     1    37.0   24.635 -115.924   2084.0    796.4
     1     1    23     1     6     6     0     0    38.0   24.750 -115.755   2099.7    795.3
     1     1    23     1     6     7     0     1    39.0   24.863 -115.576   2098.8    793.9
     1     1    23     1     6     8     0     2    40.0   24.965 -115.395   2070.6    796.4
     1     1    23     1     6     9     0     3    41.0   25.047 -115.213   2025.7    801.2
     1     1    23     1     6    10     0     2    42.0   25.113 -115.035   1995.8    806.1
     1     1    23     1     6    11     0     1    43.0   25.179 -114.854   1993.7    804.9
     1     1    23     1     6    12     0     0    44.0   25.247 -114.666   2000.2    803.2
     1     1    23     1     6    13     0     1    45.0   25.321 -114.474   1995.5    802.9
     1     1    23     1     6    14     0     2    46.0   25.400 -114.288   1974.5    805.7
     1     1    23     1     6    15     0     3    47.0   25.484 -114.110   1945.5    809.1
     1     1    23     1     6    16     0     2    48.0   25.578 -113.940   1918.1    812.7
     1     1    23     1     6    17     0     1    49.0   25.688 -113.775   1899.0    814.9
     1     1    23     1     6    18     0     0    50.0   25.812 -113.617   1885.1    816.3
     1     1    23     1     6    19     0     1    51.0   25.948 -113.455   1868.4    816.9
     1     1    23     1     6    20     0     2    52.0   26.093 -113.285   1846.5    818.0
     1     1    23     1     6    21     0     3    53.0   26.251 -113.118   1833.1    818.4
     1     1    23     1     6    22     0     2    54.0   26.421 -112.963   1854.4    815.7
     1     1    23     1     6    23     0     1    55.0   26.604 -112.814   1914.8    806.8
     1     1    23     1     7     0     0     0    56.0   26.808 -112.654   1987.3    797.7
     1     1    23     1     7     1     0     1    57.0   27.033 -112.469   2034.7    792.9
     1     1    23     1     7     2     0     2    58.0   27.263 -112.262   2048.9    792.7
     1     1    23     1     7     3     0     3    59.0   27.480 -112.048   2047.4    796.7
     1     1    23     1     7     4     0     2    60.0   27.678 -111.833   2039.8    799.1
     1     1    23     1     7     5     0     1    61.0   27.867 -111.616   2042.6    797.3
     1     1    23     1     7     6     0     0    62.0   28.059 -111.395   2063.9    793.1
     1     1    23     1     7     7     0     1    63.0   28.266 -111.169   2094.8    784.2
     1     1    23     1     7     8     0     2    64.0   28.493 -110.939   2124.2    775.4
     1     1    23     1     7     9     0     3    65.0   28.740 -110.701   2172.5    760.1
     1     1    23     1     7    10     0     2    66.0   29.013 -110.436   2280.4    733.4
     1     1    23     1     7    11     0     1    67.0   29.323 -110.125   2470.2    691.8
     1     1    23     1     7    12     0     0    68.0   29.677 -109.752   2687.5    644.5
     1     1    23     1     7    13     0     1    69.0   30.045 -109.321   2814.8    609.6
     1     1    23     1     7    14     0     2    70.0   30.396 -108.860   2894.2    591.1
     1     1    23     1     7    15     0     3    71.0   30.711 -108.387   3040.1    580.1
     1     1    23     1     7    16     0     2    72.0   30.972 -107.911   3180.1    579.5
     1     1    23     1     7    17     0     1    73.0   31.179 -107.459   3245.7    585.2
     1     1    23     1     7    18     0     0    74.0   31.356 -107.020   3323.5    583.5
     1     1    23     1     7    19     0     1    75.0   31.522 -106.576   3423.1    568.8
     1     1    23     1     7    20     0     2    76.0   31.676 -106.110   3526.8    549.5
     1     1    23     1     7    21     0     3    77.0   31.812 -105.589   3529.9    546.2
     1     1    23     1     7    22     0     2    78.0   31.900 -105.071   3360.3    568.1
     1     1    23     1     7    23     0     1    79.0   31.938 -104.676   3230.3    601.0
     1     1    23     1     8     0     0     0    80.0   31.959 -104.377   3295.7    608.6
     1     1    23     1     8     1     0     1    81.0   31.965 -104.112   3469.1    592.9
     1     1    23     1     8     2     0     2    82.0   31.969 -103.841   3539.7    584.7
     1     1    23     1     8     3     0     3    83.0   31.983 -103.588   3447.9    594.0
     1     1    23     1     8     4     0     2    84.0   31.990 -103.340   3330.1    611.6
     1     1    23     1     8     5     0     1    85.0   31.988 -103.067   3263.7    615.2
     1     1    23     1     8     6     0     0    86.0   31.973 -102.763   3210.6    619.3
     1     1    23     1     8     7     0     1    87.0   31.933 -102.432   3112.9    625.7
     1     1    23     1     8     8     0     2    88.0   31.860 -102.089   2929.3    642.2
     1     1    23     1     8     9     0     3    89.0   31.765 -101.740   2702.8    667.7
     1     1    23     1     8    10     0     2    90.0   31.663 -101.387   2519.4    689.7
     1     1    23     1     8    11     0     1    91.0   31.554 -101.039   2376.7    700.5
     1     1    23     1     8    12     0     0    92.0   31.428 -100.704   2236.9    715.8
     1     1    23     1     8    13     0     1    93.0   31.309 -100.395   2104.5    731.5
     1     1    23     1     8    14     0     2    94.0   31.207 -100.121   1983.6    744.8
     1     1    23     1     8    15     0     3    95.0   31.105  -99.878   1879.8    758.1
     1     1    23     1     8    16     0     2    96.0   31.005  -99.652   1799.4    767.6
     1     1    23     1     8    17     0     1    97.0   30.914  -99.442   1740.4    775.7
     1     1    23     1     8    18     0     0    98.0   30.830  -99.255   1701.5    781.6
     1     1    23     1     8    19     0     1    99.0   30.754  -99.080   1661.5    785.0
     1     1    23     1     8    20     0     2   100.0   30.685  -98.913   1602.3    792.9
     1     1    23     1     8    21     0     3   101.0   30.624  -98.763   1529.6    803.0
     1     1    23     1     8    22     0     2   102.0   30.570  -98.637   1461.8    814.2
     1     1    23     1     8    23     0     1   103.0   30.523  -98.535   1410.8    821.3
     1     1    23     1     9     0     0     0   104.0   30.482  -98.454   1371.4    826.8
     1     1    23     1     9     1     0     1   105.0   30.459  -98.391   1326.3    831.6
     1     1    23     1     9     2     0     2   106.0   30.469  -98.346   1261.3    839.5
     1     1    23     1     9     3     0     3   107.0   30.515  -98.319   1178.0    848.9
     1     1    23     1     9     4     0     2   108.0   30.597  -98.299   1101.4    859.3
     1     1    23     1     9     5     0     1   109.0   30.711  -98.264   1054.9    863.9
     1     1    23     1     9     6     0     0   110.0   30.854  -98.208   1036.0    866.0
     1     1    23     1     9     7     0     1   111.0   31.014  -98.127   1046.6    865.6
     1     1    23     1     9     8     0     2   112.0   31.175  -98.018   1091.7    862.9
     1     1    23     1     9     9     0     3   113.0   31.333  -97.872   1151.0    856.9
     1     1    23     1     9    10     0     2   114.0   31.481  -97.701   1181.4    854.7
     1     1    23     1     9    11     0     1   115.0   31.615  -97.517   1184.8    858.5
     1     1    23     1     9    12     0     0   116.0   31.736  -97.322   1169.3    861.9
     1     1    23     1     9    13     0     1   117.0   31.855  -97.124   1129.4    868.7
     1     1    23     1     9    14     0     2   118.0   31.977  -96.929   1082.8    877.3
     1     1    23     1     9    15     0     3   119.0   32.103  -96.735   1062.9    884.2
     1     1    23     1     9    16     0     2   120.0   32.241  -96.534   1069.0    884.2
