     8     1
    GDAS    22    12    22     0     0
    GDAS    22    12    29     0     0
    GDAS    23     1     1     0     0
    GDAS    23     1     8     0     0
    GDAS    23     1    15     0     0
    GDAS    23     1    22     0     0
    GDAS    23     1    29     0     0
    GDAS    23     2     1     0     0
     1 FORWARD  OMEGA   
    23     1    12    14   33.637 -112.377   804.9
     1 PRESSURE
     1     1    23     1    12    14     0     2     0.0   33.637 -112.377    804.9    856.9
     1     1    23     1    12    15     0     3     1.0   33.574 -112.549    793.4    866.7
     1     1    23     1    12    16     0     2     2.0   33.514 -112.733    780.1    874.7
     1     1    23     1    12    17     0     1     3.0   33.457 -112.920    754.2    885.7
     1     1    23     1    12    18     0     0     4.0   33.398 -113.109    726.3    895.7
     1     1    23     1    12    19     0     1     5.0   33.333 -113.290    700.4    901.6
     1     1    23     1    12    20     0     2     6.0   33.261 -113.454    671.8    906.7
     1     1    23     1    12    21     0     3     7.0   33.178 -113.599    635.1    911.9
     1     1    23     1    12    22     0     2     8.0   33.079 -113.737    594.4    917.5
     1     1    23     1    12    23     0     1     9.0   32.959 -113.883    558.1    921.0
     1     1    23     1    13     0     0     0    10.0   32.809 -114.030    519.4    926.2
     1     1    23     1    13     1     0     1    11.0   32.636 -114.165    470.1    937.9
     1     1    23     1    13     2     0     2    12.0   32.450 -114.274    421.3    950.4
     1     1    23     1    13     3     0     3    13.0   32.248 -114.341    394.5    960.0
     1     1    23     1    13     4     0     2    14.0   32.038 -114.368    385.6    964.1
     1     1    23     1    13     5     0     1    15.0   31.829 -114.358    359.3    965.6
     1     1    23     1    13     6     0     0    16.0   31.616 -114.305    306.3    970.9
     1     1    23     1    13     7     0     1    17.0   31.387 -114.202    253.5    981.0
     1     1    23     1    13     8     0     2    18.0   31.115 -114.052    229.1    990.3
     1     1    23     1    13     9     0     3    19.0   30.832 -113.889    231.7    992.9
     1     1    23     1    13    10     0     2    20.0   30.593 -113.757    243.4    990.3
     1     1    23     1    13    11     0     1    21.0   30.390 -113.637    256.3    989.3
     1     1    23     1    13    12     0     0    22.0   30.204 -113.503    276.8    986.9
     1     1    23     1    13    13     0     1    23.0   30.028 -113.356    299.2    983.3
     1     1    23     1    13    14     0     2    24.0   29.868 -113.220    317.3    980.3
     1     1    23     1    13    15     0     3    25.0   29.727 -113.106    340.6    978.7
     1     1    23     1    13    16     0     2    26.0   29.606 -113.010    368.0    976.0
     1     1    23     1    13    17     0     1    27.0   29.509 -112.930    382.8    971.3
     1     1    23     1    13    18     0     0    28.0   29.433 -112.865    377.9    970.0
     1     1    23     1    13    19     0     1    29.0   29.369 -112.808    365.3    970.4
     1     1    23     1    13    20     0     2    30.0   29.304 -112.748    358.5    969.4
     1     1    23     1    13    21     0     3    31.0   29.240 -112.687    359.5    967.8
     1     1    23     1    13    22     0     2    32.0   29.169 -112.625    356.7    966.7
     1     1    23     1    13    23     0     1    33.0   29.078 -112.563    333.6    969.6
     1     1    23     1    14     0     0     0    34.0   28.965 -112.497    279.3    975.9
     1     1    23     1    14     1     0     1    35.0   28.847 -112.423    221.2    983.5
     1     1    23     1    14     2     0     2    36.0   28.744 -112.340    182.8    986.2
     1     1    23     1    14     3     0     3    37.0   28.652 -112.248    158.4    989.1
     1     1    23     1    14     4     0     2    38.0   28.555 -112.150    143.1    991.8
     1     1    23     1    14     5     0     1    39.0   28.438 -112.040    133.9    995.6
     1     1    23     1    14     6     0     0    40.0   28.305 -111.914    130.6    997.1
     1     1    23     1    14     7     0     1    41.0   28.169 -111.778    124.8    996.6
     1     1    23     1    14     8     0     2    42.0   28.044 -111.643    109.4    997.7
     1     1    23     1    14     9     0     3    43.0   27.936 -111.523     87.1    999.7
     1     1    23     1    14    10     0     2    44.0   27.840 -111.427     61.6   1002.3
     1     1    23     1    14    11     0     1    45.0   27.743 -111.353     38.0   1004.5
     1     1    23     1    14    12     0     0    46.0   27.639 -111.294     20.9   1006.6
     1     1    23     1    14    13     0     1    47.0   27.538 -111.244     10.9   1008.7
     1     1    23     1    14    14     0     2    48.0   27.452 -111.200      6.5   1009.8
     1     1    23     1    14    15     0     3    49.0   27.377 -111.161      4.5   1011.1
     1     1    23     1    14    16     0     2    50.0   27.317 -111.118      3.8   1011.8
     1     1    23     1    14    17     0     1    51.0   27.269 -111.064      3.6   1012.4
     1     1    23     1    14    18     0     0    52.0   27.230 -110.994      3.8   1013.0
     1     1    23     1    14    19     0     1    53.0   27.206 -110.921      3.9   1011.8
     1     1    23     1    14    20     0     2    54.0   27.199 -110.859      3.7   1010.4
     1     1    23     1    14    21     0     3    55.0   27.211 -110.804      3.4   1008.8
     1     1    23     1    14    22     0     2    56.0   27.237 -110.754      3.0   1008.3
     1     1    23     1    14    23     0     1    57.0   27.269 -110.712      2.1   1007.7
     1     1    23     1    15     0     0     0    58.0   27.304 -110.675      0.8   1007.1
     1     1    23     1    15     1     0     1    59.0   27.342 -110.636      0.0   1006.5
     1     1    23     1    15     2     0     2    60.0   27.384 -110.593      0.0   1005.8
     1     1    23     1    15     3     0     3    61.0   27.427 -110.549      0.0   1005.1
     1     1    23     1    15     4     0     2    62.0   27.468 -110.507      0.0   1004.8
     1     1    23     1    15     5     0     1    63.0   27.506 -110.466      0.1   1004.4
     1     1    23     1    15     6     0     0    64.0   27.541 -110.430      0.3   1004.0
     1     1    23     1    15     7     0     1    65.0   27.580 -110.404      0.8   1002.4
     1     1    23     1    15     8     0     2    66.0   27.627 -110.393      1.6   1000.9
     1     1    23     1    15     9     0     3    67.0   27.681 -110.397      2.6    999.5
     1     1    23     1    15    10     0     2    68.0   27.740 -110.413      5.1    998.4
     1     1    23     1    15    11     0     1    69.0   27.799 -110.442     10.4    997.4
     1     1    23     1    15    12     0     0    70.0   27.859 -110.486     22.7    995.1
     1     1    23     1    15    13     0     1    71.0   27.922 -110.528     46.7    992.1
     1     1    23     1    15    14     0     2    72.0   27.988 -110.550     75.3    987.9
     1     1    23     1    15    15     0     3    73.0   28.064 -110.549    103.4    982.5
     1     1    23     1    15    16     0     2    74.0   28.160 -110.530    133.1    976.8
     1     1    23     1    15    17     0     1    75.0   28.283 -110.493    172.2    967.7
     1     1    23     1    15    18     0     0    76.0   28.435 -110.430    226.4    954.9
     1     1    23     1    15    19     0     1    77.0   28.621 -110.328    319.3    934.7
     1     1    23     1    15    20     0     2    78.0   28.856 -110.167    490.7    899.0
     1     1    23     1    15    21     0     3    79.0   29.138 -109.932    741.2    845.3
     1     1    23     1    15    22     0     2    80.0   29.457 -109.626    939.0    792.4
     1     1    23     1    15    23     0     1    81.0   29.828 -109.256   1096.7    761.1
     1     1    23     1    16     0     0     0    82.0   30.258 -108.728   1255.2    714.1
     1     1    23     1    16     1     0     1    83.0   30.614 -107.801   1623.3    698.0
     1     1    23     1    16     2     0     2    84.0   30.805 -106.761   1864.6    681.9
     1     1    23     1    16     3     0     3    85.0   30.925 -105.753   1796.6    678.3
     1     1    23     1    16     4     0     2    86.0   31.073 -104.804   1575.7    706.7
     1     1    23     1    16     5     0     1    87.0   31.231 -104.002   1443.7    732.8
     1     1    23     1    16     6     0     0    88.0   31.335 -103.310   1366.7    764.3
     1     1    23     1    16     7     0     1    89.0   31.402 -102.651   1337.6    776.0
     1     1    23     1    16     8     0     2    90.0   31.460 -101.959   1249.0    781.6
     1     1    23     1    16     9     0     3    91.0   31.458 -101.275   1184.5    805.6
     1     1    23     1    16    10     0     2    92.0   31.432 -100.664   1229.9    801.3
     1     1    23     1    16    11     0     1    93.0   31.393 -100.099   1294.0    799.1
     1     1    23     1    16    12     0     0    94.0   31.332  -99.570   1344.1    800.9
     1     1    23     1    16    13     0     1    95.0   31.261  -99.089   1389.1    803.5
     1     1    23     1    16    14     0     2    96.0   31.197  -98.659   1432.2    805.9
     1     1    23     1    16    15     0     3    97.0   31.148  -98.292   1436.1    809.5
     1     1    23     1    16    16     0     2    98.0   31.108  -97.973   1411.4    821.1
     1     1    23     1    16    17     0     1    99.0   31.073  -97.664   1398.9    828.8
     1     1    23     1    16    18     0     0   100.0   31.036  -97.372   1404.4    833.7
     1     1    23     1    16    19     0     1   101.0   30.994  -97.097   1417.1    836.5
     1     1    23     1    16    20     0     2   102.0   30.962  -96.817   1411.1    838.3
     1     1    23     1    16    21     0     3   103.0   30.962  -96.542   1358.6    843.5
     1     1    23     1    16    22     0     2   104.0   31.010  -96.291   1262.2    856.2
     1     1    23     1    16    23     0     1   105.0   31.106  -96.065   1163.3    870.7
     1     1    23     1    17     0     0     0   106.0   31.229  -95.839   1097.3    878.5
     1     1    23     1    17     1     0     1   107.0   31.364  -95.579   1049.4    880.8
     1     1    23     1    17     2     0     2   108.0   31.516  -95.284   1003.2    884.5
     1     1    23     1    17     3     0     3   109.0   31.682  -94.970    952.3    887.3
     1     1    23     1    17     4     0     2   110.0   31.855  -94.631    902.0    894.7
     1     1    23     1    17     5     0     1   111.0   32.029  -94.260    873.7    900.7
     1     1    23     1    17     6     0     0   112.0   32.204  -93.874    860.3    902.2
     1     1    23     1    17     7     0     1   113.0   32.373  -93.476    853.1    903.5
     1     1    23     1    17     8     0     2   114.0   32.525  -93.074    852.5    902.7
     1     1    23     1    17     9     0     3   115.0   32.657  -92.680    842.0    905.8
     1     1    23     1    17    10     0     2   116.0   32.778  -92.287    833.8    912.8
     1     1    23     1    17    11     0     1   117.0   32.889  -91.900    854.4    914.0
     1     1    23     1    17    12     0     0   118.0   32.986  -91.531    898.5    908.7
     1     1    23     1    17    13     0     1   119.0   33.071  -91.167    952.4    902.2
     1     1    23     1    17    14     0     2   120.0   33.151  -90.803   1010.5    894.8
