     8     1
    GDAS    22    12    22     0     0
    GDAS    22    12    29     0     0
    GDAS    23     1     1     0     0
    GDAS    23     1     8     0     0
    GDAS    23     1    15     0     0
    GDAS    23     1    22     0     0
    GDAS    23     1    29     0     0
    GDAS    23     2     1     0     0
     1 FORWARD  OMEGA   
    23     1    26    11   67.392 -110.354   739.6
     1 PRESSURE
     1     1    23     1    26    11     0     1     0.0   67.392 -110.354    739.6    889.8
     1     1    23     1    26    12     0     0     1.0   67.107 -110.328    738.1    875.7
     1     1    23     1    26    13     0     1     2.0   66.798 -110.340    734.4    867.8
     1     1    23     1    26    14     0     2     3.0   66.478 -110.361    722.9    864.1
     1     1    23     1    26    15     0     3     4.0   66.154 -110.418    696.7    862.3
     1     1    23     1    26    16     0     2     5.0   65.833 -110.496    660.0    866.9
     1     1    23     1    26    17     0     1     6.0   65.526 -110.568    627.2    874.8
     1     1    23     1    26    18     0     0     7.0   65.240 -110.650    605.8    880.0
     1     1    23     1    26    19     0     1     8.0   64.972 -110.723    595.6    883.6
     1     1    23     1    26    20     0     2     9.0   64.711 -110.754    590.1    886.1
     1     1    23     1    26    21     0     3    10.0   64.452 -110.756    584.1    889.2
     1     1    23     1    26    22     0     2    11.0   64.193 -110.753    583.7    892.4
     1     1    23     1    26    23     0     1    12.0   63.932 -110.750    595.1    893.4
     1     1    23     1    27     0     0     0    13.0   63.668 -110.739    618.3    892.4
     1     1    23     1    27     1     0     1    14.0   63.401 -110.720    645.8    889.5
     1     1    23     1    27     2     0     2    15.0   63.132 -110.698    674.0    888.2
     1     1    23     1    27     3     0     3    16.0   62.860 -110.665    707.2    885.8
     1     1    23     1    27     4     0     2    17.0   62.583 -110.604    738.3    882.6
     1     1    23     1    27     5     0     1    18.0   62.302 -110.511    758.4    881.0
     1     1    23     1    27     6     0     0    19.0   62.021 -110.388    765.5    880.3
     1     1    23     1    27     7     0     1    20.0   61.734 -110.240    771.2    881.3
     1     1    23     1    27     8     0     2    21.0   61.431 -110.071    783.9    879.8
     1     1    23     1    27     9     0     3    22.0   61.113 -109.876    793.1    877.4
     1     1    23     1    27    10     0     2    23.0   60.782 -109.666    795.4    875.9
     1     1    23     1    27    11     0     1    24.0   60.440 -109.449    798.0    874.5
     1     1    23     1    27    12     0     0    25.0   60.086 -109.222    807.9    872.2
     1     1    23     1    27    13     0     1    26.0   59.726 -108.992    825.6    872.0
     1     1    23     1    27    14     0     2    27.0   59.369 -108.774    843.0    873.5
     1     1    23     1    27    15     0     3    28.0   59.016 -108.564    857.9    875.7
     1     1    23     1    27    16     0     2    29.0   58.653 -108.349    861.6    864.8
     1     1    23     1    27    17     0     1    30.0   58.273 -108.114    852.2    856.0
     1     1    23     1    27    18     0     0    31.0   57.890 -107.860    842.1    853.8
     1     1    23     1    27    19     0     1    32.0   57.512 -107.594    848.5    855.8
     1     1    23     1    27    20     0     2    33.0   57.128 -107.313    856.9    852.0
     1     1    23     1    27    21     0     3    34.0   56.736 -107.008    853.6    853.7
     1     1    23     1    27    22     0     2    35.0   56.339 -106.703    851.1    859.8
     1     1    23     1    27    23     0     1    36.0   55.929 -106.411    842.8    861.4
     1     1    23     1    28     0     0     0    37.0   55.503 -106.120    823.3    865.8
     1     1    23     1    28     1     0     1    38.0   55.077 -105.834    837.5    872.6
     1     1    23     1    28     2     0     2    39.0   54.656 -105.576    868.0    859.3
     1     1    23     1    28     3     0     3    40.0   54.221 -105.331    830.7    848.8
     1     1    23     1    28     4     0     2    41.0   53.781 -105.082    734.7    861.4
     1     1    23     1    28     5     0     1    42.0   53.369 -104.853    688.4    882.3
     1     1    23     1    28     6     0     0    43.0   53.000 -104.668    727.1    882.2
     1     1    23     1    28     7     0     1    44.0   52.663 -104.473    792.4    866.9
     1     1    23     1    28     8     0     2    45.0   52.340 -104.220    853.9    858.2
     1     1    23     1    28     9     0     3    46.0   52.023 -103.892    915.0    845.2
     1     1    23     1    28    10     0     2    47.0   51.696 -103.499    947.9    835.3
     1     1    23     1    28    11     0     1    48.0   51.356 -103.078    959.9    833.9
     1     1    23     1    28    12     0     0    49.0   51.009 -102.643    957.8    835.3
     1     1    23     1    28    13     0     1    50.0   50.659 -102.205    916.5    838.5
     1     1    23     1    28    14     0     2    51.0   50.298 -101.778    848.5    847.1
     1     1    23     1    28    15     0     3    52.0   49.922 -101.369    799.4    863.5
     1     1    23     1    28    16     0     2    53.0   49.570 -100.991    782.3    872.4
     1     1    23     1    28    17     0     1    54.0   49.264 -100.626    754.5    867.0
     1     1    23     1    28    18     0     0    55.0   48.986 -100.249    692.9    863.9
     1     1    23     1    28    19     0     1    56.0   48.720  -99.846    621.7    878.3
     1     1    23     1    28    20     0     2    57.0   48.464  -99.425    576.5    894.6
     1     1    23     1    28    21     0     3    58.0   48.208  -98.994    575.7    899.7
     1     1    23     1    28    22     0     2    59.0   47.948  -98.565    586.7    894.0
     1     1    23     1    28    23     0     1    60.0   47.690  -98.159    567.1    897.4
     1     1    23     1    29     0     0     0    61.0   47.437  -97.783    529.4    911.3
     1     1    23     1    29     1     0     1    62.0   47.187  -97.442    512.8    923.9
     1     1    23     1    29     2     0     2    63.0   46.941  -97.146    542.3    925.7
     1     1    23     1    29     3     0     3    64.0   46.697  -96.888    595.6    915.5
     1     1    23     1    29     4     0     2    65.0   46.457  -96.638    624.8    905.7
     1     1    23     1    29     5     0     1    66.0   46.228  -96.372    618.6    906.8
     1     1    23     1    29     6     0     0    67.0   46.013  -96.083    607.3    910.7
     1     1    23     1    29     7     0     1    68.0   45.796  -95.792    605.0    909.3
     1     1    23     1    29     8     0     2    69.0   45.566  -95.528    602.6    907.9
     1     1    23     1    29     9     0     3    70.0   45.335  -95.289    590.2    909.3
     1     1    23     1    29    10     0     2    71.0   45.100  -95.076    568.9    913.3
     1     1    23     1    29    11     0     1    72.0   44.855  -94.894    548.9    916.8
     1     1    23     1    29    12     0     0    73.0   44.598  -94.741    534.6    918.1
     1     1    23     1    29    13     0     1    74.0   44.337  -94.613    520.2    920.0
     1     1    23     1    29    14     0     2    75.0   44.078  -94.501    502.2    923.4
     1     1    23     1    29    15     0     3    76.0   43.824  -94.400    486.6    927.0
     1     1    23     1    29    16     0     2    77.0   43.574  -94.311    475.8    928.2
     1     1    23     1    29    17     0     1    78.0   43.327  -94.233    463.6    928.9
     1     1    23     1    29    18     0     0    79.0   43.086  -94.164    441.7    930.5
     1     1    23     1    29    19     0     1    80.0   42.849  -94.099    412.2    934.6
     1     1    23     1    29    20     0     2    81.0   42.615  -94.033    383.3    938.2
     1     1    23     1    29    21     0     3    82.0   42.390  -93.969    357.4    941.4
     1     1    23     1    29    22     0     2    83.0   42.164  -93.910    337.9    944.8
     1     1    23     1    29    23     0     1    84.0   41.918  -93.863    327.3    946.7
     1     1    23     1    30     0     0     0    85.0   41.648  -93.830    318.9    947.4
     1     1    23     1    30     1     0     1    86.0   41.364  -93.813    305.9    949.3
     1     1    23     1    30     2     0     2    87.0   41.079  -93.821    287.0    952.1
     1     1    23     1    30     3     0     3    88.0   40.796  -93.857    264.7    957.0
     1     1    23     1    30     4     0     2    89.0   40.520  -93.906    245.1    961.3
     1     1    23     1    30     5     0     1    90.0   40.247  -93.956    230.9    964.8
     1     1    23     1    30     6     0     0    91.0   39.971  -94.005    221.9    967.9
     1     1    23     1    30     7     0     1    92.0   39.695  -94.055    221.2    968.3
     1     1    23     1    30     8     0     2    93.0   39.423  -94.112    229.9    967.0
     1     1    23     1    30     9     0     3    94.0   39.149  -94.178    244.6    965.0
     1     1    23     1    30    10     0     2    95.0   38.877  -94.261    261.3    963.6
     1     1    23     1    30    11     0     1    96.0   38.609  -94.363    274.6    962.6
     1     1    23     1    30    12     0     0    97.0   38.346  -94.483    283.0    962.5
     1     1    23     1    30    13     0     1    98.0   38.091  -94.616    288.4    962.1
     1     1    23     1    30    14     0     2    99.0   37.849  -94.758    289.2    960.3
     1     1    23     1    30    15     0     3   100.0   37.617  -94.909    281.6    960.0
     1     1    23     1    30    16     0     2   101.0   37.393  -95.058    278.4    962.4
     1     1    23     1    30    17     0     1   102.0   37.177  -95.197    300.9    959.8
     1     1    23     1    30    18     0     0   103.0   36.970  -95.320    359.4    952.8
     1     1    23     1    30    19     0     1   104.0   36.764  -95.427    410.6    940.7
     1     1    23     1    30    20     0     2   105.0   36.552  -95.523    406.3    942.8
     1     1    23     1    30    21     0     3   106.0   36.337  -95.607    374.1    948.9
     1     1    23     1    30    22     0     2   107.0   36.119  -95.694    339.5    956.0
     1     1    23     1    30    23     0     1   108.0   35.897  -95.795    319.2    961.2
     1     1    23     1    31     0     0     0   109.0   35.669  -95.906    317.3    962.2
     1     1    23     1    31     1     0     1   110.0   35.425  -96.022    315.4    960.9
     1     1    23     1    31     2     0     2   111.0   35.163  -96.141    300.2    961.3
     1     1    23     1    31     3     0     3   112.0   34.886  -96.258    280.0    963.9
     1     1    23     1    31     4     0     2   113.0   34.600  -96.358    259.8    967.7
     1     1    23     1    31     5     0     1   114.0   34.314  -96.430    237.0    972.2
     1     1    23     1    31     6     0     0   115.0   34.033  -96.482    211.7    977.5
     1     1    23     1    31     7     0     1   116.0   33.759  -96.531    190.1    981.5
     1     1    23     1    31     8     0     2   117.0   33.491  -96.591    174.9    983.6
     1     1    23     1    31     9     0     3   118.0   33.230  -96.660    160.6    986.1
     1     1    23     1    31    10     0     2   119.0   32.978  -96.723    143.6    989.6
     1     1    23     1    31    11     0     1   120.0   32.734  -96.770    125.2    991.2
