     8     1
    GDAS    22    12    22     0     0
    GDAS    22    12    29     0     0
    GDAS    23     1     1     0     0
    GDAS    23     1     8     0     0
    GDAS    23     1    15     0     0
    GDAS    23     1    22     0     0
    GDAS    23     1    29     0     0
    GDAS    23     2     1     0     0
     1 FORWARD  OMEGA   
    23     1     2    11   35.960 -120.305  2974.2
     1 PRESSURE
     1     1    23     1     2    11     0     1     0.0   35.960 -120.305   2974.2    681.7
     1     1    23     1     2    12     0     0     1.0   35.405 -119.764   2842.0    660.8
     1     1    23     1     2    13     0     1     2.0   34.856 -119.161   2616.2    686.1
     1     1    23     1     2    14     0     2     3.0   34.362 -118.625   2502.9    728.2
     1     1    23     1     2    15     0     3     4.0   33.911 -118.179   2496.2    741.9
     1     1    23     1     2    16     0     2     5.0   33.483 -117.731   2478.7    728.9
     1     1    23     1     2    17     0     1     6.0   33.092 -117.245   2479.4    725.5
     1     1    23     1     2    18     0     0     7.0   32.731 -116.748   2502.4    723.0
     1     1    23     1     2    19     0     1     8.0   32.348 -116.191   2495.1    679.7
     1     1    23     1     2    20     0     2     9.0   31.942 -115.546   2557.0    674.0
     1     1    23     1     2    21     0     3    10.0   31.568 -114.923   2589.8    716.9
     1     1    23     1     2    22     0     2    11.0   31.243 -114.359   2531.9    734.9
     1     1    23     1     2    23     0     1    12.0   30.953 -113.844   2523.2    745.5
     1     1    23     1     3     0     0     0    13.0   30.709 -113.386   2507.5    747.6
     1     1    23     1     3     1     0     1    14.0   30.507 -112.959   2475.3    746.8
     1     1    23     1     3     2     0     2    15.0   30.321 -112.530   2374.2    730.7
     1     1    23     1     3     3     0     3    16.0   30.142 -112.083   2227.0    718.5
     1     1    23     1     3     4     0     2    17.0   29.997 -111.617   2128.4    725.3
     1     1    23     1     3     5     0     1    18.0   29.903 -111.133   2110.3    727.4
     1     1    23     1     3     6     0     0    19.0   29.868 -110.631   2126.2    712.6
     1     1    23     1     3     7     0     1    20.0   29.876 -110.080   2167.9    688.8
     1     1    23     1     3     8     0     2    21.0   29.914 -109.438   2198.6    663.0
     1     1    23     1     3     9     0     3    22.0   29.966 -108.671   2155.6    636.7
     1     1    23     1     3    10     0     2    23.0   29.955 -107.753   2122.0    620.1
     1     1    23     1     3    11     0     1    24.0   29.879 -106.828   2295.0    633.8
     1     1    23     1     3    12     0     0    25.0   29.786 -105.969   2418.2    629.9
     1     1    23     1     3    13     0     1    26.0   29.716 -105.156   2410.7    644.7
     1     1    23     1     3    14     0     2    27.0   29.691 -104.381   2386.3    642.8
     1     1    23     1     3    15     0     3    28.0   29.740 -103.629   2344.8    653.6
     1     1    23     1     3    16     0     2    29.0   29.834 -102.925   2278.7    676.0
     1     1    23     1     3    17     0     1    30.0   29.911 -102.233   2216.3    711.2
     1     1    23     1     3    18     0     0    31.0   29.973 -101.562   2229.5    724.8
     1     1    23     1     3    19     0     1    32.0   30.054 -100.914   2241.6    721.6
     1     1    23     1     3    20     0     2    33.0   30.154 -100.264   2212.7    715.8
     1     1    23     1     3    21     0     3    34.0   30.261  -99.617   2174.3    722.9
     1     1    23     1     3    22     0     2    35.0   30.373  -98.982   2142.1    733.4
     1     1    23     1     3    23     0     1    36.0   30.495  -98.337   2124.5    749.2
     1     1    23     1     4     0     0     0    37.0   30.621  -97.674   2113.4    761.5
     1     1    23     1     4     1     0     1    38.0   30.733  -96.991   2088.9    774.4
     1     1    23     1     4     2     0     2    39.0   30.835  -96.295   1986.8    783.4
     1     1    23     1     4     3     0     3    40.0   30.925  -95.618   1782.0    806.5
     1     1    23     1     4     4     0     2    41.0   30.951  -94.954   1559.8    835.8
     1     1    23     1     4     5     0     1    42.0   30.926  -94.325   1384.8    852.9
     1     1    23     1     4     6     0     0    43.0   30.870  -93.736   1208.4    868.3
     1     1    23     1     4     7     0     1    44.0   30.764  -93.186   1051.5    892.3
     1     1    23     1     4     8     0     2    45.0   30.616  -92.682    948.3    902.9
     1     1    23     1     4     9     0     3    46.0   30.428  -92.231    872.0    916.0
     1     1    23     1     4    10     0     2    47.0   30.213  -91.832    827.3    920.9
     1     1    23     1     4    11     0     1    48.0   29.974  -91.475    811.4    923.8
     1     1    23     1     4    12     0     0    49.0   29.721  -91.150    808.4    922.7
     1     1    23     1     4    13     0     1    50.0   29.475  -90.869    792.9    924.3
     1     1    23     1     4    14     0     2    51.0   29.246  -90.635    757.6    928.8
     1     1    23     1     4    15     0     3    52.0   29.019  -90.444    700.0    935.8
     1     1    23     1     4    16     0     2    53.0   28.800  -90.296    640.0    945.3
     1     1    23     1     4    17     0     1    54.0   28.604  -90.188    598.1    949.9
     1     1    23     1     4    18     0     0    55.0   28.430  -90.115    569.5    952.4
     1     1    23     1     4    19     0     1    56.0   28.271  -90.069    538.6    954.5
     1     1    23     1     4    20     0     2    57.0   28.123  -90.048    500.6    959.1
     1     1    23     1     4    21     0     3    58.0   27.995  -90.048    463.8    963.8
     1     1    23     1     4    22     0     2    59.0   27.885  -90.061    433.8    967.9
     1     1    23     1     4    23     0     1    60.0   27.786  -90.081    410.2    970.7
     1     1    23     1     5     0     0     0    61.0   27.694  -90.106    391.7    973.0
     1     1    23     1     5     1     0     1    62.0   27.612  -90.138    386.1    975.0
     1     1    23     1     5     2     0     2    63.0   27.540  -90.175    398.2    973.7
     1     1    23     1     5     3     0     3    64.0   27.481  -90.213    422.7    971.4
     1     1    23     1     5     4     0     2    65.0   27.424  -90.243    432.8    967.5
     1     1    23     1     5     5     0     1    66.0   27.362  -90.269    407.2    971.0
     1     1    23     1     5     6     0     0    67.0   27.297  -90.291    355.1    977.2
     1     1    23     1     5     7     0     1    68.0   27.213  -90.307    306.9    985.8
     1     1    23     1     5     8     0     2    69.0   27.092  -90.316    280.1    988.9
     1     1    23     1     5     9     0     3    70.0   26.941  -90.322    271.1    989.9
     1     1    23     1     5    10     0     2    71.0   26.753  -90.345    268.1    989.3
     1     1    23     1     5    11     0     1    72.0   26.517  -90.406    263.3    990.6
     1     1    23     1     5    12     0     0    73.0   26.230  -90.502    263.4    991.3
     1     1    23     1     5    13     0     1    74.0   25.925  -90.639    266.3    990.9
     1     1    23     1     5    14     0     2    75.0   25.640  -90.816    264.2    991.4
     1     1    23     1     5    15     0     3    76.0   25.366  -91.038    258.0    992.8
     1     1    23     1     5    16     0     2    77.0   25.107  -91.304    254.1    993.4
     1     1    23     1     5    17     0     1    78.0   24.877  -91.593    254.9    993.0
     1     1    23     1     5    18     0     0    79.0   24.671  -91.894    255.9    992.4
     1     1    23     1     5    19     0     1    80.0   24.479  -92.201    254.9    992.0
     1     1    23     1     5    20     0     2    81.0   24.296  -92.511    252.2    991.7
     1     1    23     1     5    21     0     3    82.0   24.127  -92.824    247.0    991.6
     1     1    23     1     5    22     0     2    83.0   23.969  -93.139    243.0    992.7
     1     1    23     1     5    23     0     1    84.0   23.815  -93.451    243.9    992.8
     1     1    23     1     6     0     0     0    85.0   23.660  -93.759    248.3    992.4
     1     1    23     1     6     1     0     1    86.0   23.505  -94.065    251.6    992.1
     1     1    23     1     6     2     0     2    87.0   23.358  -94.366    249.0    992.7
     1     1    23     1     6     3     0     3    88.0   23.221  -94.663    241.7    994.2
     1     1    23     1     6     4     0     2    89.0   23.101  -94.959    234.2    995.1
     1     1    23     1     6     5     0     1    90.0   23.006  -95.250    225.9    995.6
     1     1    23     1     6     6     0     0    91.0   22.936  -95.533    215.4    996.8
     1     1    23     1     6     7     0     1    92.0   22.886  -95.795    202.2    997.8
     1     1    23     1     6     8     0     2    93.0   22.846  -96.030    185.0    999.5
     1     1    23     1     6     9     0     3    94.0   22.818  -96.241    164.9   1001.7
     1     1    23     1     6    10     0     2    95.0   22.803  -96.436    145.9   1004.6
     1     1    23     1     6    11     0     1    96.0   22.798  -96.621    130.0   1006.2
     1     1    23     1     6    12     0     0    97.0   22.805  -96.798    116.1   1007.5
     1     1    23     1     6    13     0     1    98.0   22.828  -96.975    104.6   1009.3
     1     1    23     1     6    14     0     2    99.0   22.869  -97.138     94.2   1008.5
     1     1    23     1     6    15     0     3   100.0   22.923  -97.274     83.8   1007.9
     1     1    23     1     6    16     0     2   101.0   22.991  -97.385     77.1   1006.9
     1     1    23     1     6    17     0     1   102.0   23.072  -97.478     79.5   1005.4
     1     1    23     1     6    18     0     0   103.0   23.173  -97.562     95.3   1002.3
     1     1    23     1     6    19     0     1   104.0   23.295  -97.658    123.6    996.7
     1     1    23     1     6    20     0     2   105.0   23.439  -97.780    165.0    990.0
     1     1    23     1     6    21     0     3   106.0   23.610  -97.938    217.3    981.2
     1     1    23     1     6    22     0     2   107.0   23.827  -98.132    259.5    974.7
     1     1    23     1     6    23     0     1   108.0   24.115  -98.355    269.0    972.4
     1     1    23     1     7     0     0     0   109.0   24.441  -98.588    249.6    972.8
     1     1    23     1     7     1     0     1   110.0   24.749  -98.816    190.7    972.5
     1     1    23     1     7     2     0     2   111.0   24.975  -99.029     93.8    976.3
     1     1    23     1     7     3     0     3   112.0   25.102  -99.186     40.4    973.1
     1     1    23     1     7     4     0     2   113.0   25.209  -99.298     13.9    963.1
     1     1    23     1     7     5     0     1   114.0   25.320  -99.385      3.7    957.5
     1     1    23     1     7     6     0     0   115.0   25.443  -99.461      0.0    954.7
     1     1    23     1     7     7     0     1   116.0   25.568  -99.536      0.0    953.2
     1     1    23     1     7     8     0     2   117.0   25.685  -99.612      0.0    952.1
     1     1    23     1     7     9     0     3   118.0   25.791  -99.691      0.0    951.1
     1     1    23     1     7    10     0     2   119.0   25.878  -99.766      0.0    950.7
     1     1    23     1     7    11     0     1   120.0   25.936  -99.825      0.0    950.5
