     8     1
    GDAS    22    12    22     0     0
    GDAS    22    12    29     0     0
    GDAS    23     1     1     0     0
    GDAS    23     1     8     0     0
    GDAS    23     1    15     0     0
    GDAS    23     1    22     0     0
    GDAS    23     1    29     0     0
    GDAS    23     2     1     0     0
     1 FORWARD  OMEGA   
    23     1    10    14   47.132 -100.292   491.6
     1 PRESSURE
     1     1    23     1    10    14     0     2     0.0   47.132 -100.292    491.6    886.8
     1     1    23     1    10    15     0     3     1.0   47.228 -100.155    486.7    889.3
     1     1    23     1    10    16     0     2     2.0   47.340 -100.013    479.9    890.9
     1     1    23     1    10    17     0     1     3.0   47.464  -99.847    462.0    893.9
     1     1    23     1    10    18     0     0     4.0   47.598  -99.653    434.8    898.3
     1     1    23     1    10    19     0     1     5.0   47.730  -99.443    415.1    902.6
     1     1    23     1    10    20     0     2     6.0   47.858  -99.228    416.3    902.9
     1     1    23     1    10    21     0     3     7.0   47.983  -98.997    437.1    900.9
     1     1    23     1    10    22     0     2     8.0   48.103  -98.771    463.5    897.0
     1     1    23     1    10    23     0     1     9.0   48.210  -98.575    485.4    895.7
     1     1    23     1    11     0     0     0    10.0   48.294  -98.406    500.7    895.1
     1     1    23     1    11     1     0     1    11.0   48.375  -98.250    517.1    895.7
     1     1    23     1    11     2     0     2    12.0   48.472  -98.100    552.9    894.7
     1     1    23     1    11     3     0     3    13.0   48.582  -97.968    635.1    890.0
     1     1    23     1    11     4     0     2    14.0   48.691  -97.850    746.1    876.3
     1     1    23     1    11     5     0     1    15.0   48.791  -97.736    847.4    867.7
     1     1    23     1    11     6     0     0    16.0   48.895  -97.628    940.6    859.3
     1     1    23     1    11     7     0     1    17.0   48.980  -97.536   1009.9    851.4
     1     1    23     1    11     8     0     2    18.0   49.020  -97.464   1042.5    849.2
     1     1    23     1    11     9     0     3    19.0   49.014  -97.417   1046.1    849.6
     1     1    23     1    11    10     0     2    20.0   48.973  -97.398   1033.0    852.0
     1     1    23     1    11    11     0     1    21.0   48.906  -97.398   1014.7    853.6
     1     1    23     1    11    12     0     0    22.0   48.808  -97.418    991.6    855.5
     1     1    23     1    11    13     0     1    23.0   48.679  -97.431    976.2    857.9
     1     1    23     1    11    14     0     2    24.0   48.526  -97.415    983.9    857.1
     1     1    23     1    11    15     0     3    25.0   48.346  -97.388   1026.3    852.9
     1     1    23     1    11    16     0     2    26.0   48.143  -97.348   1076.3    844.1
     1     1    23     1    11    17     0     1    27.0   47.917  -97.282   1090.1    843.0
     1     1    23     1    11    18     0     0    28.0   47.656  -97.187   1063.4    849.1
     1     1    23     1    11    19     0     1    29.0   47.362  -97.084   1040.2    858.3
     1     1    23     1    11    20     0     2    30.0   47.055  -96.979   1057.0    858.3
     1     1    23     1    11    21     0     3    31.0   46.742  -96.867   1085.5    850.1
     1     1    23     1    11    22     0     2    32.0   46.415  -96.734   1085.1    846.9
     1     1    23     1    11    23     0     1    33.0   46.066  -96.581   1065.3    850.6
     1     1    23     1    12     0     0     0    34.0   45.691  -96.425   1042.7    849.8
     1     1    23     1    12     1     0     1    35.0   45.303  -96.279   1002.2    851.5
     1     1    23     1    12     2     0     2    36.0   44.913  -96.147    932.8    859.6
     1     1    23     1    12     3     0     3    37.0   44.497  -96.047    861.6    865.6
     1     1    23     1    12     4     0     2    38.0   44.046  -95.977    823.8    861.7
     1     1    23     1    12     5     0     1    39.0   43.592  -95.927    788.0    866.7
     1     1    23     1    12     6     0     0    40.0   43.133  -95.921    716.5    882.2
     1     1    23     1    12     7     0     1    41.0   42.646  -95.945    643.0    898.7
     1     1    23     1    12     8     0     2    42.0   42.121  -95.955    612.2    907.0
     1     1    23     1    12     9     0     3    43.0   41.537  -95.964    600.0    906.5
     1     1    23     1    12    10     0     2    44.0   40.907  -95.985    584.0    909.4
     1     1    23     1    12    11     0     1    45.0   40.248  -96.020    590.0    910.3
     1     1    23     1    12    12     0     0    46.0   39.563  -96.081    601.5    906.3
     1     1    23     1    12    13     0     1    47.0   38.911  -96.130    610.0    908.5
     1     1    23     1    12    14     0     2    48.0   38.271  -96.186    585.4    905.2
     1     1    23     1    12    15     0     3    49.0   37.655  -96.205    496.5    921.2
     1     1    23     1    12    16     0     2    50.0   37.096  -96.164    395.9    940.8
     1     1    23     1    12    17     0     1    51.0   36.598  -96.096    323.2    957.1
     1     1    23     1    12    18     0     0    52.0   36.151  -96.034    287.1    965.1
     1     1    23     1    12    19     0     1    53.0   35.735  -95.960    263.1    967.4
     1     1    23     1    12    20     0     2    54.0   35.340  -95.847    236.3    970.1
     1     1    23     1    12    21     0     3    55.0   34.970  -95.703    210.5    973.7
     1     1    23     1    12    22     0     2    56.0   34.623  -95.553    181.1    978.9
     1     1    23     1    12    23     0     1    57.0   34.298  -95.424    141.2    986.9
     1     1    23     1    13     0     0     0    58.0   33.992  -95.320     92.2    995.4
     1     1    23     1    13     1     0     1    59.0   33.721  -95.232     53.6   1003.4
     1     1    23     1    13     2     0     2    60.0   33.485  -95.149     33.2   1006.8
     1     1    23     1    13     3     0     3    61.0   33.276  -95.073     24.1   1008.4
     1     1    23     1    13     4     0     2    62.0   33.086  -95.015     19.9   1008.7
     1     1    23     1    13     5     0     1    63.0   32.908  -94.987     16.7   1009.2
     1     1    23     1    13     6     0     0    64.0   32.738  -94.996     13.7   1009.8
     1     1    23     1    13     7     0     1    65.0   32.576  -95.004     11.9   1010.6
     1     1    23     1    13     8     0     2    66.0   32.432  -94.970     11.6   1010.7
     1     1    23     1    13     9     0     3    67.0   32.313  -94.889     12.3   1010.9
     1     1    23     1    13    10     0     2    68.0   32.199  -94.802     13.0   1011.0
     1     1    23     1    13    11     0     1    69.0   32.062  -94.746     13.1   1011.3
     1     1    23     1    13    12     0     0    70.0   31.907  -94.718     13.2   1011.7
     1     1    23     1    13    13     0     1    71.0   31.754  -94.698     13.2   1013.3
     1     1    23     1    13    14     0     2    72.0   31.616  -94.674     13.0   1014.7
     1     1    23     1    13    15     0     3    73.0   31.488  -94.651     12.3   1016.1
     1     1    23     1    13    16     0     2    74.0   31.365  -94.630     11.2   1015.7
     1     1    23     1    13    17     0     1    75.0   31.247  -94.608     10.1   1015.4
     1     1    23     1    13    18     0     0    76.0   31.132  -94.583      9.0   1014.9
     1     1    23     1    13    19     0     1    77.0   31.016  -94.553      8.0   1015.2
     1     1    23     1    13    20     0     2    78.0   30.892  -94.516      7.4   1016.3
     1     1    23     1    13    21     0     3    79.0   30.753  -94.468      6.9   1017.4
     1     1    23     1    13    22     0     2    80.0   30.615  -94.420      6.5   1018.5
     1     1    23     1    13    23     0     1    81.0   30.493  -94.380      5.9   1019.6
     1     1    23     1    14     0     0     0    82.0   30.388  -94.349      5.3   1020.4
     1     1    23     1    14     1     0     1    83.0   30.292  -94.326      4.7   1021.8
     1     1    23     1    14     2     0     2    84.0   30.197  -94.314      4.0   1023.4
     1     1    23     1    14     3     0     3    85.0   30.101  -94.311      3.2   1025.1
     1     1    23     1    14     4     0     2    86.0   30.008  -94.320      2.4   1025.2
     1     1    23     1    14     5     0     1    87.0   29.915  -94.347      1.6   1024.5
     1     1    23     1    14     6     0     0    88.0   29.819  -94.397      0.8   1023.9
     1     1    23     1    14     7     0     1    89.0   29.721  -94.467      0.2   1024.0
     1     1    23     1    14     8     0     2    90.0   29.624  -94.553      0.0   1024.0
     1     1    23     1    14     9     0     3    91.0   29.533  -94.653      0.0   1023.7
     1     1    23     1    14    10     0     2    92.0   29.451  -94.760      0.2   1023.8
     1     1    23     1    14    11     0     1    93.0   29.383  -94.870      0.5   1023.8
     1     1    23     1    14    12     0     0    94.0   29.328  -94.979      0.9   1023.8
     1     1    23     1    14    13     0     1    95.0   29.291  -95.096      1.3   1024.4
     1     1    23     1    14    14     0     2    96.0   29.278  -95.225      1.9   1024.8
     1     1    23     1    14    15     0     3    97.0   29.290  -95.361      2.4   1025.0
     1     1    23     1    14    16     0     2    98.0   29.319  -95.491      2.8   1023.7
     1     1    23     1    14    17     0     1    99.0   29.363  -95.610      2.9   1022.5
     1     1    23     1    14    18     0     0   100.0   29.423  -95.722      2.9   1021.2
     1     1    23     1    14    19     0     1   101.0   29.504  -95.825      3.1   1019.1
     1     1    23     1    14    20     0     2   102.0   29.610  -95.912      3.6   1016.5
     1     1    23     1    14    21     0     3   103.0   29.740  -95.982      4.5   1013.7
     1     1    23     1    14    22     0     2   104.0   29.877  -96.048      5.7   1012.3
     1     1    23     1    14    23     0     1   105.0   30.007  -96.123      7.2   1010.8
     1     1    23     1    15     0     0     0   106.0   30.132  -96.204      9.0   1009.7
     1     1    23     1    15     1     0     1   107.0   30.260  -96.289     12.1   1008.3
     1     1    23     1    15     2     0     2   108.0   30.404  -96.381     18.2   1006.3
     1     1    23     1    15     3     0     3   109.0   30.573  -96.484     30.3   1003.5
     1     1    23     1    15     4     0     2   110.0   30.774  -96.585     49.1   1000.3
     1     1    23     1    15     5     0     1   111.0   31.008  -96.662     71.4    996.0
     1     1    23     1    15     6     0     0   112.0   31.287  -96.711     93.2    990.7
     1     1    23     1    15     7     0     1   113.0   31.617  -96.731    115.3    985.0
     1     1    23     1    15     8     0     2   114.0   32.004  -96.720    144.3    978.8
     1     1    23     1    15     9     0     3   115.0   32.422  -96.680    176.1    974.4
     1     1    23     1    15    10     0     2   116.0   32.838  -96.632    199.8    971.9
     1     1    23     1    15    11     0     1   117.0   33.253  -96.594    219.3    969.1
     1     1    23     1    15    12     0     0   118.0   33.682  -96.569    244.9    964.2
     1     1    23     1    15    13     0     1   119.0   34.137  -96.544    276.3    957.1
     1     1    23     1    15    14     0     2   120.0   34.639  -96.477    306.5    947.0
