     8     1
    GDAS    22    12    22     0     0
    GDAS    22    12    29     0     0
    GDAS    23     1     1     0     0
    GDAS    23     1     8     0     0
    GDAS    23     1    15     0     0
    GDAS    23     1    22     0     0
    GDAS    23     1    29     0     0
    GDAS    23     2     1     0     0
     1 FORWARD  OMEGA   
    22    12    27    16   30.249 -126.830  2281.5
     1 PRESSURE
     1     1    22    12    27    16     0     2     0.0   30.249 -126.830   2281.5    779.2
     1     1    22    12    27    17     0     1     1.0   30.268 -126.499   2203.6    792.3
     1     1    22    12    27    18     0     0     2.0   30.290 -126.155   2248.4    788.5
     1     1    22    12    27    19     0     1     3.0   30.316 -125.789   2340.4    771.5
     1     1    22    12    27    20     0     2     4.0   30.334 -125.403   2388.3    766.1
     1     1    22    12    27    21     0     3     5.0   30.340 -124.995   2417.5    765.3
     1     1    22    12    27    22     0     2     6.0   30.340 -124.561   2429.6    761.0
     1     1    22    12    27    23     0     1     7.0   30.339 -124.108   2385.4    763.7
     1     1    22    12    28     0     0     0     8.0   30.332 -123.643   2290.1    773.4
     1     1    22    12    28     1     0     1     9.0   30.304 -123.172   2218.0    785.3
     1     1    22    12    28     2     0     2    10.0   30.258 -122.690   2226.4    784.3
     1     1    22    12    28     3     0     3    11.0   30.211 -122.192   2309.4    775.6
     1     1    22    12    28     4     0     2    12.0   30.170 -121.668   2448.0    761.4
     1     1    22    12    28     5     0     1    13.0   30.127 -121.101   2527.5    744.6
     1     1    22    12    28     6     0     0    14.0   30.072 -120.512   2487.7    751.9
     1     1    22    12    28     7     0     1    15.0   29.997 -119.921   2442.5    762.0
     1     1    22    12    28     8     0     2    16.0   29.905 -119.328   2454.1    759.9
     1     1    22    12    28     9     0     3    17.0   29.803 -118.728   2491.7    753.9
     1     1    22    12    28    10     0     2    18.0   29.700 -118.102   2528.3    749.9
     1     1    22    12    28    11     0     1    19.0   29.610 -117.447   2537.9    746.2
     1     1    22    12    28    12     0     0    20.0   29.535 -116.779   2455.8    750.0
     1     1    22    12    28    13     0     1    21.0   29.463 -116.132   2395.4    768.6
     1     1    22    12    28    14     0     2    22.0   29.396 -115.444   2363.7    747.8
     1     1    22    12    28    15     0     3    23.0   29.342 -114.714   2252.2    748.8
     1     1    22    12    28    16     0     2    24.0   29.323 -114.039   2108.1    767.0
     1     1    22    12    28    17     0     1    25.0   29.376 -113.484   2001.4    788.6
     1     1    22    12    28    18     0     0    26.0   29.527 -113.020   1873.7    805.7
     1     1    22    12    28    19     0     1    27.0   29.738 -112.567   1893.0    802.0
     1     1    22    12    28    20     0     2    28.0   29.914 -111.982   2109.0    735.8
     1     1    22    12    28    21     0     3    29.0   30.056 -111.312   2216.4    691.0
     1     1    22    12    28    22     0     2    30.0   30.246 -110.670   2040.7    700.5
     1     1    22    12    28    23     0     1    31.0   30.413 -110.006   1800.6    690.1
     1     1    22    12    29     0     0     0    32.0   30.596 -109.337   1395.7    694.7
     1     1    22    12    29     1     0     1    33.0   30.863 -108.702   1108.4    743.7
     1     1    22    12    29     2     0     2    34.0   31.096 -108.001   1132.9    763.5
     1     1    22    12    29     3     0     3    35.0   31.197 -107.315   1177.1    735.4
     1     1    22    12    29     4     0     2    36.0   31.255 -106.639   1066.6    759.8
     1     1    22    12    29     5     0     1    37.0   31.303 -105.916   1004.9    753.0
     1     1    22    12    29     6     0     0    38.0   31.323 -105.194   1145.7    760.1
     1     1    22    12    29     7     0     1    39.0   31.363 -104.476   1296.6    734.7
     1     1    22    12    29     8     0     2    40.0   31.421 -103.771   1323.9    751.7
     1     1    22    12    29     9     0     3    41.0   31.473 -103.098   1295.8    778.6
     1     1    22    12    29    10     0     2    42.0   31.525 -102.450   1305.1    783.2
     1     1    22    12    29    11     0     1    43.0   31.586 -101.826   1326.4    782.2
     1     1    22    12    29    12     0     0    44.0   31.652 -101.228   1271.0    786.3
     1     1    22    12    29    13     0     1    45.0   31.706 -100.664   1143.5    812.7
     1     1    22    12    29    14     0     2    46.0   31.751 -100.138   1059.9    832.9
     1     1    22    12    29    15     0     3    47.0   31.789  -99.649    986.0    839.1
     1     1    22    12    29    16     0     2    48.0   31.796  -99.207    879.7    858.9
     1     1    22    12    29    17     0     1    49.0   31.773  -98.824    821.0    875.9
     1     1    22    12    29    18     0     0    50.0   31.739  -98.501    842.2    877.0
     1     1    22    12    29    19     0     1    51.0   31.699  -98.240    890.4    871.2
     1     1    22    12    29    20     0     2    52.0   31.642  -98.041    921.0    871.2
     1     1    22    12    29    21     0     3    53.0   31.562  -97.884    938.9    871.4
     1     1    22    12    29    22     0     2    54.0   31.483  -97.735    923.3    873.3
     1     1    22    12    29    23     0     1    55.0   31.416  -97.584    858.1    883.8
     1     1    22    12    30     0     0     0    56.0   31.332  -97.457    756.5    897.6
     1     1    22    12    30     1     0     1    57.0   31.219  -97.389    673.9    914.0
     1     1    22    12    30     2     0     2    58.0   31.094  -97.382    656.7    915.8
     1     1    22    12    30     3     0     3    59.0   30.964  -97.420    719.9    910.2
     1     1    22    12    30     4     0     2    60.0   30.846  -97.440    822.2    893.6
     1     1    22    12    30     5     0     1    61.0   30.747  -97.412    865.6    889.4
     1     1    22    12    30     6     0     0    62.0   30.666  -97.355    854.2    893.5
     1     1    22    12    30     7     0     1    63.0   30.583  -97.292    827.4    901.0
     1     1    22    12    30     8     0     2    64.0   30.480  -97.238    812.4    904.3
     1     1    22    12    30     9     0     3    65.0   30.352  -97.194    810.7    906.5
     1     1    22    12    30    10     0     2    66.0   30.215  -97.168    816.8    906.6
     1     1    22    12    30    11     0     1    67.0   30.087  -97.160    810.4    907.4
     1     1    22    12    30    12     0     0    68.0   29.967  -97.169    776.4    911.2
     1     1    22    12    30    13     0     1    69.0   29.846  -97.191    738.7    919.5
     1     1    22    12    30    14     0     2    70.0   29.725  -97.213    725.5    922.0
     1     1    22    12    30    15     0     3    71.0   29.611  -97.227    734.3    922.3
     1     1    22    12    30    16     0     2    72.0   29.509  -97.237    735.5    919.9
     1     1    22    12    30    17     0     1    73.0   29.414  -97.257    695.4    924.5
     1     1    22    12    30    18     0     0    74.0   29.308  -97.296    612.3    934.7
     1     1    22    12    30    19     0     1    75.0   29.191  -97.350    532.4    948.2
     1     1    22    12    30    20     0     2    76.0   29.089  -97.413    484.6    952.9
     1     1    22    12    30    21     0     3    77.0   29.018  -97.477    454.6    955.6
     1     1    22    12    30    22     0     2    78.0   28.967  -97.528    444.2    957.9
     1     1    22    12    30    23     0     1    79.0   28.918  -97.554    461.9    956.0
     1     1    22    12    31     0     0     0    80.0   28.873  -97.555    510.1    950.8
     1     1    22    12    31     1     0     1    81.0   28.837  -97.529    554.8    942.5
     1     1    22    12    31     2     0     2    82.0   28.806  -97.480    560.0    942.9
     1     1    22    12    31     3     0     3    83.0   28.773  -97.411    525.4    947.7
     1     1    22    12    31     4     0     2    84.0   28.738  -97.331    482.8    957.0
     1     1    22    12    31     5     0     1    85.0   28.710  -97.239    465.6    960.3
     1     1    22    12    31     6     0     0    86.0   28.697  -97.139    479.7    960.0
     1     1    22    12    31     7     0     1    87.0   28.706  -97.016    502.1    955.4
     1     1    22    12    31     8     0     2    88.0   28.739  -96.864    501.8    954.9
     1     1    22    12    31     9     0     3    89.0   28.794  -96.687    480.4    957.9
     1     1    22    12    31    10     0     2    90.0   28.857  -96.495    456.8    962.4
     1     1    22    12    31    11     0     1    91.0   28.914  -96.289    441.4    964.2
     1     1    22    12    31    12     0     0    92.0   28.966  -96.060    430.8    965.5
     1     1    22    12    31    13     0     1    93.0   29.024  -95.816    414.7    966.4
     1     1    22    12    31    14     0     2    94.0   29.096  -95.571    387.5    969.5
     1     1    22    12    31    15     0     3    95.0   29.177  -95.319    355.1    973.7
     1     1    22    12    31    16     0     2    96.0   29.260  -95.076    331.2    977.9
     1     1    22    12    31    17     0     1    97.0   29.337  -94.850    321.4    978.6
     1     1    22    12    31    18     0     0    98.0   29.409  -94.632    322.6    978.4
     1     1    22    12    31    19     0     1    99.0   29.485  -94.413    331.0    976.3
     1     1    22    12    31    20     0     2   100.0   29.575  -94.201    344.2    974.5
     1     1    22    12    31    21     0     3   101.0   29.674  -94.003    365.7    971.8
     1     1    22    12    31    22     0     2   102.0   29.781  -93.818    383.1    968.4
     1     1    22    12    31    23     0     1   103.0   29.899  -93.642    382.2    968.4
     1     1    23     1     1     0     0     0   104.0   30.033  -93.477    363.0    970.3
     1     1    23     1     1     1     0     1   105.0   30.200  -93.331    344.1    972.9
     1     1    23     1     1     2     0     2   106.0   30.414  -93.198    340.0    971.0
     1     1    23     1     1     3     0     3   107.0   30.671  -93.070    345.5    967.6
     1     1    23     1     1     4     0     2   108.0   30.954  -92.922    353.1    964.1
     1     1    23     1     1     5     0     1   109.0   31.249  -92.744    359.0    964.9
     1     1    23     1     1     6     0     0   110.0   31.561  -92.532    359.5    966.6
     1     1    23     1     1     7     0     1   111.0   31.881  -92.298    343.9    970.1
     1     1    23     1     1     8     0     2   112.0   32.201  -92.068    309.9    976.6
     1     1    23     1     1     9     0     3   113.0   32.518  -91.853    275.1    983.2
     1     1    23     1     1    10     0     2   114.0   32.828  -91.641    256.2    985.5
     1     1    23     1     1    11     0     1   115.0   33.131  -91.411    248.3    985.0
     1     1    23     1     1    12     0     0   116.0   33.423  -91.170    237.9    985.3
     1     1    23     1     1    13     0     1   117.0   33.697  -90.946    224.5    988.0
     1     1    23     1     1    14     0     2   118.0   33.959  -90.734    214.3    987.7
     1     1    23     1     1    15     0     3   119.0   34.221  -90.514    217.0    985.2
     1     1    23     1     1    16     0     2   120.0   34.494  -90.294    235.4    979.7
