     8     1
    GDAS    22    12    22     0     0
    GDAS    22    12    29     0     0
    GDAS    23     1     1     0     0
    GDAS    23     1     8     0     0
    GDAS    23     1    15     0     0
    GDAS    23     1    22     0     0
    GDAS    23     1    29     0     0
    GDAS    23     2     1     0     0
     1 FORWARD  OMEGA   
    23     1    14    14   48.832 -100.323     7.5
     1 PRESSURE
     1     1    23     1    14    14     0     2     0.0   48.832 -100.323      7.5    936.1
     1     1    23     1    14    15     0     3     1.0   48.878 -100.392      6.2    936.4
     1     1    23     1    14    16     0     2     2.0   48.922 -100.470      6.2    937.3
     1     1    23     1    14    17     0     1     3.0   48.968 -100.553      5.8    938.7
     1     1    23     1    14    18     0     0     4.0   49.017 -100.643      5.0    940.6
     1     1    23     1    14    19     0     1     5.0   49.060 -100.744      4.3    941.6
     1     1    23     1    14    20     0     2     6.0   49.091 -100.858      3.9    942.6
     1     1    23     1    14    21     0     3     7.0   49.110 -100.986      3.8    943.7
     1     1    23     1    14    22     0     2     8.0   49.111 -101.104      4.2    943.0
     1     1    23     1    14    23     0     1     9.0   49.092 -101.188      5.5    942.3
     1     1    23     1    15     0     0     0    10.0   49.052 -101.237      7.3    941.9
     1     1    23     1    15     1     0     1    11.0   48.995 -101.265      9.2    941.2
     1     1    23     1    15     2     0     2    12.0   48.931 -101.286     10.7    939.7
     1     1    23     1    15     3     0     3    13.0   48.865 -101.298     11.6    938.2
     1     1    23     1    15     4     0     2    14.0   48.803 -101.284     12.3    937.6
     1     1    23     1    15     5     0     1    15.0   48.751 -101.233     13.2    937.4
     1     1    23     1    15     6     0     0    16.0   48.706 -101.149     14.4    937.6
     1     1    23     1    15     7     0     1    17.0   48.662 -101.050     15.5    938.3
     1     1    23     1    15     8     0     2    18.0   48.622 -100.959     16.1    938.3
     1     1    23     1    15     9     0     3    19.0   48.591 -100.877     16.1    937.5
     1     1    23     1    15    10     0     2    20.0   48.564 -100.807     15.6    937.0
     1     1    23     1    15    11     0     1    21.0   48.537 -100.748     15.1    936.8
     1     1    23     1    15    12     0     0    22.0   48.509 -100.700     14.6    937.0
     1     1    23     1    15    13     0     1    23.0   48.492 -100.650     13.9    936.8
     1     1    23     1    15    14     0     2    24.0   48.498 -100.592     12.7    936.7
     1     1    23     1    15    15     0     3    25.0   48.526 -100.529     11.5    936.4
     1     1    23     1    15    16     0     2    26.0   48.560 -100.468     10.5    936.3
     1     1    23     1    15    17     0     1    27.0   48.586 -100.408      9.3    936.1
     1     1    23     1    15    18     0     0    28.0   48.604 -100.347      7.7    935.6
     1     1    23     1    15    19     0     1    29.0   48.613 -100.292      6.4    934.8
     1     1    23     1    15    20     0     2    30.0   48.614 -100.254      6.2    934.3
     1     1    23     1    15    21     0     3    31.0   48.607 -100.235      7.2    934.1
     1     1    23     1    15    22     0     2    32.0   48.590 -100.234      8.7    934.5
     1     1    23     1    15    23     0     1    33.0   48.561 -100.247     10.1    935.2
     1     1    23     1    16     0     0     0    34.0   48.517 -100.274     11.8    935.8
     1     1    23     1    16     1     0     1    35.0   48.466 -100.309     14.0    936.2
     1     1    23     1    16     2     0     2    36.0   48.416 -100.344     16.6    936.5
     1     1    23     1    16     3     0     3    37.0   48.367 -100.378     20.0    936.6
     1     1    23     1    16     4     0     2    38.0   48.314 -100.412     24.3    936.9
     1     1    23     1    16     5     0     1    39.0   48.251 -100.443     30.4    936.9
     1     1    23     1    16     6     0     0    40.0   48.178 -100.471     38.9    936.6
     1     1    23     1    16     7     0     1    41.0   48.095 -100.500     51.7    935.9
     1     1    23     1    16     8     0     2    42.0   48.003 -100.534     73.0    933.9
     1     1    23     1    16     9     0     3    43.0   47.891 -100.583    108.8    929.3
     1     1    23     1    16    10     0     2    44.0   47.752 -100.662    157.1    922.7
     1     1    23     1    16    11     0     1    45.0   47.594 -100.781    207.2    914.4
     1     1    23     1    16    12     0     0    46.0   47.422 -100.942    253.1    907.1
     1     1    23     1    16    13     0     1    47.0   47.243 -101.131    293.0    899.5
     1     1    23     1    16    14     0     2    48.0   47.066 -101.327    329.8    893.0
     1     1    23     1    16    15     0     3    49.0   46.892 -101.508    365.9    886.8
     1     1    23     1    16    16     0     2    50.0   46.724 -101.660    392.1    881.0
     1     1    23     1    16    17     0     1    51.0   46.563 -101.774    399.8    878.7
     1     1    23     1    16    18     0     0    52.0   46.403 -101.853    391.4    878.2
     1     1    23     1    16    19     0     1    53.0   46.235 -101.903    381.9    878.9
     1     1    23     1    16    20     0     2    54.0   46.053 -101.932    385.2    876.8
     1     1    23     1    16    21     0     3    55.0   45.860 -101.942    401.5    874.5
     1     1    23     1    16    22     0     2    56.0   45.664 -101.944    422.1    871.9
     1     1    23     1    16    23     0     1    57.0   45.470 -101.946    438.5    870.3
     1     1    23     1    17     0     0     0    58.0   45.277 -101.946    448.3    869.5
     1     1    23     1    17     1     0     1    59.0   45.086 -101.941    447.7    869.5
     1     1    23     1    17     2     0     2    60.0   44.903 -101.931    437.0    870.9
     1     1    23     1    17     3     0     3    61.0   44.732 -101.918    423.9    872.2
     1     1    23     1    17     4     0     2    62.0   44.577 -101.894    411.9    873.0
     1     1    23     1    17     5     0     1    63.0   44.438 -101.852    399.7    873.9
     1     1    23     1    17     6     0     0    64.0   44.306 -101.792    386.3    875.4
     1     1    23     1    17     7     0     1    65.0   44.178 -101.716    377.1    877.4
     1     1    23     1    17     8     0     2    66.0   44.049 -101.629    378.9    878.0
     1     1    23     1    17     9     0     3    67.0   43.920 -101.525    389.6    875.8
     1     1    23     1    17    10     0     2    68.0   43.787 -101.406    397.9    872.2
     1     1    23     1    17    11     0     1    69.0   43.650 -101.280    395.3    870.6
     1     1    23     1    17    12     0     0    70.0   43.512 -101.153    382.1    870.0
     1     1    23     1    17    13     0     1    71.0   43.387 -101.032    364.6    871.2
     1     1    23     1    17    14     0     2    72.0   43.280 -100.920    351.1    872.3
     1     1    23     1    17    15     0     3    73.0   43.186 -100.812    344.0    873.2
     1     1    23     1    17    16     0     2    74.0   43.095 -100.702    334.2    873.2
     1     1    23     1    17    17     0     1    75.0   43.003 -100.588    312.1    875.9
     1     1    23     1    17    18     0     0    76.0   42.910 -100.482    282.9    881.6
     1     1    23     1    17    19     0     1    77.0   42.825 -100.397    261.8    886.7
     1     1    23     1    17    20     0     2    78.0   42.751 -100.337    256.1    887.8
     1     1    23     1    17    21     0     3    79.0   42.689 -100.295    260.9    887.6
     1     1    23     1    17    22     0     2    80.0   42.628 -100.277    266.4    886.2
     1     1    23     1    17    23     0     1    81.0   42.561 -100.291    266.0    886.1
     1     1    23     1    18     0     0     0    82.0   42.489 -100.340    263.7    885.4
     1     1    23     1    18     1     0     1    83.0   42.415 -100.417    266.4    883.5
     1     1    23     1    18     2     0     2    84.0   42.340 -100.516    278.5    879.4
     1     1    23     1    18     3     0     3    85.0   42.261 -100.635    303.1    873.6
     1     1    23     1    18     4     0     2    86.0   42.188 -100.775    343.9    865.6
     1     1    23     1    18     5     0     1    87.0   42.132 -100.941    404.8    855.7
     1     1    23     1    18     6     0     0    88.0   42.101 -101.137    487.4    842.0
     1     1    23     1    18     7     0     1    89.0   42.102 -101.367    562.8    827.2
     1     1    23     1    18     8     0     2    90.0   42.118 -101.636    608.3    817.4
     1     1    23     1    18     9     0     3    91.0   42.132 -101.951    628.4    809.2
     1     1    23     1    18    10     0     2    92.0   42.117 -102.291    661.6    806.5
     1     1    23     1    18    11     0     1    93.0   42.068 -102.634    744.5    794.7
     1     1    23     1    18    12     0     0    94.0   41.989 -102.985    869.5    777.6
     1     1    23     1    18    13     0     1    95.0   41.895 -103.332   1021.9    759.9
     1     1    23     1    18    14     0     2    96.0   41.786 -103.658   1201.1    740.0
     1     1    23     1    18    15     0     3    97.0   41.645 -103.954   1406.7    713.5
     1     1    23     1    18    16     0     2    98.0   41.444 -104.213   1583.9    680.7
     1     1    23     1    18    17     0     1    99.0   41.161 -104.443   1675.9    655.4
     1     1    23     1    18    18     0     0   100.0   40.790 -104.634   1678.6    649.7
     1     1    23     1    18    19     0     1   101.0   40.332 -104.690   1664.3    666.1
     1     1    23     1    18    20     0     2   102.0   39.815 -104.586   1665.4    661.3
     1     1    23     1    18    21     0     3   103.0   39.248 -104.417   1512.2    635.4
     1     1    23     1    18    22     0     2   104.0   38.640 -104.147   1166.6    692.8
     1     1    23     1    18    23     0     1   105.0   38.036 -103.840   1161.0    774.2
     1     1    23     1    19     0     0     0   106.0   37.527 -103.410   1412.3    691.8
     1     1    23     1    19     1     0     1   107.0   36.990 -102.842   1551.2    698.9
     1     1    23     1    19     2     0     2   108.0   36.524 -102.189   1511.6    710.6
     1     1    23     1    19     3     0     3   109.0   36.088 -101.522   1320.5    757.5
     1     1    23     1    19     4     0     2   110.0   35.645 -100.806   1050.6    802.1
     1     1    23     1    19     5     0     1   111.0   35.207 -100.184    760.0    847.9
     1     1    23     1    19     6     0     0   112.0   34.794  -99.656    545.8    895.8
     1     1    23     1    19     7     0     1   113.0   34.436  -99.204    438.1    916.9
     1     1    23     1    19     8     0     2   114.0   34.129  -98.798    388.0    928.0
     1     1    23     1    19     9     0     3   115.0   33.859  -98.398    336.2    935.6
     1     1    23     1    19    10     0     2   116.0   33.601  -98.010    273.5    946.1
     1     1    23     1    19    11     0     1   117.0   33.354  -97.657    225.0    957.5
     1     1    23     1    19    12     0     0   118.0   33.128  -97.340    189.4    966.9
     1     1    23     1    19    13     0     1   119.0   32.916  -97.062    156.0    977.5
     1     1    23     1    19    14     0     2   120.0   32.720  -96.824    129.2    982.7
