     8     1
    GDAS    22    12    22     0     0
    GDAS    22    12    29     0     0
    GDAS    23     1     1     0     0
    GDAS    23     1     8     0     0
    GDAS    23     1    15     0     0
    GDAS    23     1    22     0     0
    GDAS    23     1    29     0     0
    GDAS    23     2     1     0     0
     1 FORWARD  OMEGA   
    22    12    27    12   39.086 -135.850  3080.7
     1 PRESSURE
     1     1    22    12    27    12     0     0     0.0   39.086 -135.850   3080.7    690.3
     1     1    22    12    27    13     0     1     1.0   38.899 -134.694   3046.1    695.7
     1     1    22    12    27    14     0     2     2.0   38.696 -133.520   3113.4    686.4
     1     1    22    12    27    15     0     3     3.0   38.492 -132.338   3126.8    688.9
     1     1    22    12    27    16     0     2     4.0   38.272 -131.187   3136.1    686.2
     1     1    22    12    27    17     0     1     5.0   38.036 -130.067   3127.8    688.0
     1     1    22    12    27    18     0     0     6.0   37.827 -129.015   3092.7    693.6
     1     1    22    12    27    19     0     1     7.0   37.631 -128.032   3149.8    688.0
     1     1    22    12    27    20     0     2     8.0   37.407 -127.093   3133.3    690.4
     1     1    22    12    27    21     0     3     9.0   37.184 -126.203   3123.1    690.0
     1     1    22    12    27    22     0     2    10.0   36.951 -125.350   3106.8    691.8
     1     1    22    12    27    23     0     1    11.0   36.688 -124.556   3009.3    702.3
     1     1    22    12    28     0     0     0    12.0   36.394 -123.831   3083.7    696.1
     1     1    22    12    28     1     0     1    13.0   36.082 -123.138   3072.7    678.9
     1     1    22    12    28     2     0     2    14.0   35.798 -122.562   2920.2    715.5
     1     1    22    12    28     3     0     3    15.0   35.522 -122.055   2842.4    718.4
     1     1    22    12    28     4     0     2    16.0   35.239 -121.610   2778.9    719.9
     1     1    22    12    28     5     0     1    17.0   34.956 -121.209   2828.9    728.6
     1     1    22    12    28     6     0     0    18.0   34.669 -120.778   3037.9    696.0
     1     1    22    12    28     7     0     1    19.0   34.380 -120.276   3234.7    660.6
     1     1    22    12    28     8     0     2    20.0   34.085 -119.757   3384.4    663.2
     1     1    22    12    28     9     0     3    21.0   33.801 -119.185   3512.3    658.8
     1     1    22    12    28    10     0     2    22.0   33.553 -118.521   3562.5    646.0
     1     1    22    12    28    11     0     1    23.0   33.340 -117.848   3435.8    650.3
     1     1    22    12    28    12     0     0    24.0   33.151 -117.145   3138.0    653.8
     1     1    22    12    28    13     0     1    25.0   32.968 -116.375   2851.0    700.3
     1     1    22    12    28    14     0     2    26.0   32.766 -115.651   2536.9    716.8
     1     1    22    12    28    15     0     3    27.0   32.593 -115.074   2522.9    752.9
     1     1    22    12    28    16     0     2    28.0   32.409 -114.546   2694.7    716.1
     1     1    22    12    28    17     0     1    29.0   32.235 -114.005   2805.8    698.2
     1     1    22    12    28    18     0     0    30.0   32.062 -113.450   2900.2    690.1
     1     1    22    12    28    19     0     1    31.0   31.877 -112.836   3010.8    666.0
     1     1    22    12    28    20     0     2    32.0   31.718 -112.197   3084.1    645.2
     1     1    22    12    28    21     0     3    33.0   31.604 -111.523   3058.7    623.0
     1     1    22    12    28    22     0     2    34.0   31.503 -110.790   2951.2    607.9
     1     1    22    12    28    23     0     1    35.0   31.402 -109.996   2572.7    605.2
     1     1    22    12    29     0     0     0    36.0   31.298 -109.240   1997.9    649.5
     1     1    22    12    29     1     0     1    37.0   31.268 -108.513   1669.6    695.1
     1     1    22    12    29     2     0     2    38.0   31.271 -107.815   1764.9    703.6
     1     1    22    12    29     3     0     3    39.0   31.234 -107.198   1872.0    680.4
     1     1    22    12    29     4     0     2    40.0   31.231 -106.609   1813.3    688.7
     1     1    22    12    29     5     0     1    41.0   31.285 -105.978   1656.7    685.9
     1     1    22    12    29     6     0     0    42.0   31.335 -105.314   1604.3    714.0
     1     1    22    12    29     7     0     1    43.0   31.400 -104.635   1660.1    712.7
     1     1    22    12    29     8     0     2    44.0   31.481 -103.938   1794.6    714.4
     1     1    22    12    29     9     0     3    45.0   31.566 -103.284   1869.0    712.8
     1     1    22    12    29    10     0     2    46.0   31.665 -102.669   1864.8    726.3
     1     1    22    12    29    11     0     1    47.0   31.793 -102.079   1876.0    731.2
     1     1    22    12    29    12     0     0    48.0   31.947 -101.500   1907.0    730.4
     1     1    22    12    29    13     0     1    49.0   32.117 -100.909   1896.3    736.7
     1     1    22    12    29    14     0     2    50.0   32.296 -100.337   1873.1    753.2
     1     1    22    12    29    15     0     3    51.0   32.486  -99.830   1882.0    760.7
     1     1    22    12    29    16     0     2    52.0   32.681  -99.384   1929.9    764.0
     1     1    22    12    29    17     0     1    53.0   32.893  -98.968   2009.1    758.7
     1     1    22    12    29    18     0     0    54.0   33.130  -98.561   2040.9    753.7
     1     1    22    12    29    19     0     1    55.0   33.399  -98.141   1952.3    764.1
     1     1    22    12    29    20     0     2    56.0   33.664  -97.708   1811.6    789.6
     1     1    22    12    29    21     0     3    57.0   33.917  -97.250   1630.9    807.4
     1     1    22    12    29    22     0     2    58.0   34.128  -96.797   1476.5    833.1
     1     1    22    12    29    23     0     1    59.0   34.307  -96.361   1420.5    839.5
     1     1    22    12    30     0     0     0    60.0   34.485  -95.913   1446.2    837.8
     1     1    22    12    30     1     0     1    61.0   34.668  -95.467   1504.9    827.7
     1     1    22    12    30     2     0     2    62.0   34.839  -95.043   1583.0    820.4
     1     1    22    12    30     3     0     3    63.0   35.000  -94.623   1677.2    805.7
     1     1    22    12    30     4     0     2    64.0   35.158  -94.223   1764.9    792.4
     1     1    22    12    30     5     0     1    65.0   35.335  -93.853   1845.5    780.8
     1     1    22    12    30     6     0     0    66.0   35.529  -93.505   1850.8    774.0
     1     1    22    12    30     7     0     1    67.0   35.712  -93.187   1815.6    786.2
     1     1    22    12    30     8     0     2    68.0   35.897  -92.877   1834.9    789.2
     1     1    22    12    30     9     0     3    69.0   36.087  -92.575   1895.3    779.0
     1     1    22    12    30    10     0     2    70.0   36.265  -92.313   1918.8    774.1
     1     1    22    12    30    11     0     1    71.0   36.431  -92.090   1871.3    777.8
     1     1    22    12    30    12     0     0    72.0   36.601  -91.884   1785.6    788.6
     1     1    22    12    30    13     0     1    73.0   36.787  -91.680   1795.1    795.8
     1     1    22    12    30    14     0     2    74.0   36.975  -91.496   1935.6    778.2
     1     1    22    12    30    15     0     3    75.0   37.184  -91.357   2122.0    758.1
     1     1    22    12    30    16     0     2    76.0   37.435  -91.217   2187.6    742.8
     1     1    22    12    30    17     0     1    77.0   37.673  -91.027   2053.5    757.8
     1     1    22    12    30    18     0     0    78.0   37.877  -90.778   1862.3    788.5
     1     1    22    12    30    19     0     1    79.0   38.053  -90.530   1812.7    800.9
     1     1    22    12    30    20     0     2    80.0   38.224  -90.290   1909.0    791.0
     1     1    22    12    30    21     0     3    81.0   38.416  -90.037   2065.2    773.8
     1     1    22    12    30    22     0     2    82.0   38.631  -89.753   2196.8    759.1
     1     1    22    12    30    23     0     1    83.0   38.856  -89.464   2308.6    751.6
     1     1    22    12    31     0     0     0    84.0   39.092  -89.190   2421.5    739.1
     1     1    22    12    31     1     0     1    85.0   39.347  -88.880   2455.6    728.6
     1     1    22    12    31     2     0     2    86.0   39.608  -88.543   2434.6    737.6
     1     1    22    12    31     3     0     3    87.0   39.863  -88.247   2565.8    732.6
     1     1    22    12    31     4     0     2    88.0   40.140  -87.935   2803.6    697.4
     1     1    22    12    31     5     0     1    89.0   40.443  -87.520   2962.4    679.6
     1     1    22    12    31     6     0     0    90.0   40.747  -87.055   3079.6    675.8
     1     1    22    12    31     7     0     1    91.0   41.040  -86.563   3188.7    660.3
     1     1    22    12    31     8     0     2    92.0   41.331  -86.011   3243.5    652.4
     1     1    22    12    31     9     0     3    93.0   41.635  -85.413   3350.5    652.1
     1     1    22    12    31    10     0     2    94.0   41.934  -84.816   3534.2    630.1
     1     1    22    12    31    11     0     1    95.0   42.207  -84.248   3627.9    615.5
     1     1    22    12    31    12     0     0    96.0   42.462  -83.712   3572.2    625.7
     1     1    22    12    31    13     0     1    97.0   42.714  -83.189   3444.0    638.3
     1     1    22    12    31    14     0     2    98.0   42.969  -82.685   3305.1    649.9
     1     1    22    12    31    15     0     3    99.0   43.250  -82.214   3163.7    663.7
     1     1    22    12    31    16     0     2   100.0   43.536  -81.754   3117.9    676.5
     1     1    22    12    31    17     0     1   101.0   43.798  -81.271   3194.6    657.4
     1     1    22    12    31    18     0     0   102.0   44.072  -80.776   3394.7    639.6
     1     1    22    12    31    19     0     1   103.0   44.402  -80.247   3624.0    610.9
     1     1    22    12    31    20     0     2   104.0   44.734  -79.698   3722.9    610.1
     1     1    22    12    31    21     0     3   105.0   45.074  -79.167   3822.9    604.2
     1     1    22    12    31    22     0     2   106.0   45.444  -78.586   3993.7    581.4
     1     1    22    12    31    23     0     1   107.0   45.806  -78.000   4185.4    572.2
     1     1    23     1     1     0     0     0   108.0   46.165  -77.445   4315.1    558.3
     1     1    23     1     1     1     0     1   109.0   46.512  -76.882   4381.8    556.4
     1     1    23     1     1     2     0     2   110.0   46.867  -76.305   4476.6    545.9
     1     1    23     1     1     3     0     3   111.0   47.240  -75.695   4563.6    533.6
     1     1    23     1     1     4     0     2   112.0   47.622  -75.038   4644.0    525.1
     1     1    23     1     1     5     0     1   113.0   47.992  -74.315   4750.7    515.2
     1     1    23     1     1     6     0     0   114.0   48.349  -73.505   4847.9    511.1
     1     1    23     1     1     7     0     1   115.0   48.698  -72.655   4935.7    510.9
     1     1    23     1     1     8     0     2   116.0   49.012  -71.795   5061.0    505.9
     1     1    23     1     1     9     0     3   117.0   49.267  -70.925   5107.4    486.9
     1     1    23     1     1    10     0     2   118.0   49.489  -70.036   5073.6    487.6
     1     1    23     1     1    11     0     1   119.0   49.687  -69.143   5057.6    498.1
     1     1    23     1     1    12     0     0   120.0   49.846  -68.270   5059.1    498.3
