     8     1
    GDAS    22    12    22     0     0
    GDAS    22    12    29     0     0
    GDAS    23     1     1     0     0
    GDAS    23     1     8     0     0
    GDAS    23     1    15     0     0
    GDAS    23     1    22     0     0
    GDAS    23     1    29     0     0
    GDAS    23     2     1     0     0
     1 FORWARD  OMEGA   
    22    12    27    15   41.719 -139.910  5173.3
     1 PRESSURE
     1     1    22    12    27    15     0     3     0.0   41.719 -139.910   5173.3    524.3
     1     1    22    12    27    16     0     2     1.0   41.470 -138.740   5050.3    534.0
     1     1    22    12    27    17     0     1     2.0   41.202 -137.573   4932.8    541.8
     1     1    22    12    27    18     0     0     3.0   40.926 -136.423   4780.9    554.1
     1     1    22    12    27    19     0     1     4.0   40.653 -135.312   4652.6    565.1
     1     1    22    12    27    20     0     2     5.0   40.380 -134.229   4596.2    567.7
     1     1    22    12    27    21     0     3     6.0   40.115 -133.195   4711.2    568.9
     1     1    22    12    27    22     0     2     7.0   39.847 -132.110   5015.5    529.4
     1     1    22    12    27    23     0     1     8.0   39.554 -131.018   4909.4    546.6
     1     1    22    12    28     0     0     0     9.0   39.252 -129.980   4899.4    548.1
     1     1    22    12    28     1     0     1    10.0   38.977 -129.001   4928.7    546.5
     1     1    22    12    28     2     0     2    11.0   38.693 -128.041   4975.1    542.7
     1     1    22    12    28     3     0     3    12.0   38.387 -127.103   5033.9    538.4
     1     1    22    12    28     4     0     2    13.0   38.089 -126.189   5057.7    536.8
     1     1    22    12    28     5     0     1    14.0   37.812 -125.300   5055.6    537.1
     1     1    22    12    28     6     0     0    15.0   37.552 -124.454   4999.5    540.5
     1     1    22    12    28     7     0     1    16.0   37.317 -123.645   4877.1    551.1
     1     1    22    12    28     8     0     2    17.0   37.063 -122.866   4783.9    556.0
     1     1    22    12    28     9     0     3    18.0   36.782 -122.107   4717.8    556.0
     1     1    22    12    28    10     0     2    19.0   36.469 -121.353   4720.1    545.7
     1     1    22    12    28    11     0     1    20.0   36.120 -120.570   4668.4    547.3
     1     1    22    12    28    12     0     0    21.0   35.746 -119.762   4596.0    545.1
     1     1    22    12    28    13     0     1    22.0   35.309 -118.942   4100.3    568.5
     1     1    22    12    28    14     0     2    23.0   34.890 -118.204   4122.3    570.3
     1     1    22    12    28    15     0     3    24.0   34.491 -117.446   4624.7    512.7
     1     1    22    12    28    16     0     2    25.0   34.079 -116.636   4413.7    507.5
     1     1    22    12    28    17     0     1    26.0   33.700 -115.963   4072.5    560.2
     1     1    22    12    28    18     0     0    27.0   33.380 -115.392   3990.1    601.9
     1     1    22    12    28    19     0     1    28.0   33.120 -114.861   3993.8    605.1
     1     1    22    12    28    20     0     2    29.0   32.884 -114.312   3957.3    595.0
     1     1    22    12    28    21     0     3    30.0   32.653 -113.738   3807.8    608.3
     1     1    22    12    28    22     0     2    31.0   32.408 -113.167   3681.0    625.1
     1     1    22    12    28    23     0     1    32.0   32.168 -112.583   3592.9    612.9
     1     1    22    12    29     0     0     0    33.0   31.939 -111.986   3427.4    606.8
     1     1    22    12    29     1     0     1    34.0   31.718 -111.406   3313.6    614.8
     1     1    22    12    29     2     0     2    35.0   31.521 -110.771   3257.5    584.6
     1     1    22    12    29     3     0     3    36.0   31.324 -110.092   3139.2    567.8
     1     1    22    12    29     4     0     2    37.0   31.109 -109.391   2769.4    567.7
     1     1    22    12    29     5     0     1    38.0   30.963 -108.797   2331.8    629.3
     1     1    22    12    29     6     0     0    39.0   30.889 -108.308   2140.2    666.4
     1     1    22    12    29     7     0     1    40.0   30.828 -107.913   2185.3    656.4
     1     1    22    12    29     8     0     2    41.0   30.782 -107.539   2282.1    644.8
     1     1    22    12    29     9     0     3    42.0   30.774 -107.173   2304.5    645.1
     1     1    22    12    29    10     0     2    43.0   30.783 -106.804   2271.5    652.8
     1     1    22    12    29    11     0     1    44.0   30.800 -106.406   2230.8    650.7
     1     1    22    12    29    12     0     0    45.0   30.825 -105.974   2190.8    647.0
     1     1    22    12    29    13     0     1    46.0   30.855 -105.527   2174.7    652.6
     1     1    22    12    29    14     0     2    47.0   30.897 -105.091   2170.7    654.1
     1     1    22    12    29    15     0     3    48.0   30.938 -104.676   2179.2    658.9
     1     1    22    12    29    16     0     2    49.0   30.970 -104.273   2229.3    658.7
     1     1    22    12    29    17     0     1    50.0   31.002 -103.874   2295.6    658.6
     1     1    22    12    29    18     0     0    51.0   31.026 -103.478   2343.1    670.2
     1     1    22    12    29    19     0     1    52.0   31.032 -103.104   2402.9    681.8
     1     1    22    12    29    20     0     2    53.0   31.041 -102.767   2476.2    677.3
     1     1    22    12    29    21     0     3    54.0   31.061 -102.466   2510.6    673.4
     1     1    22    12    29    22     0     2    55.0   31.089 -102.195   2506.9    676.3
     1     1    22    12    29    23     0     1    56.0   31.122 -101.941   2498.5    680.1
     1     1    22    12    30     0     0     0    57.0   31.157 -101.705   2521.4    679.8
     1     1    22    12    30     1     0     1    58.0   31.192 -101.466   2537.0    674.3
     1     1    22    12    30     2     0     2    59.0   31.228 -101.218   2502.1    679.2
     1     1    22    12    30     3     0     3    60.0   31.269 -100.974   2437.5    686.6
     1     1    22    12    30     4     0     2    61.0   31.329 -100.715   2379.8    697.2
     1     1    22    12    30     5     0     1    62.0   31.412 -100.416   2360.9    703.5
     1     1    22    12    30     6     0     0    63.0   31.490 -100.093   2409.8    705.0
     1     1    22    12    30     7     0     1    64.0   31.562  -99.769   2483.9    697.0
     1     1    22    12    30     8     0     2    65.0   31.629  -99.462   2501.6    697.7
     1     1    22    12    30     9     0     3    66.0   31.672  -99.174   2429.0    706.0
     1     1    22    12    30    10     0     2    67.0   31.693  -98.907   2326.8    725.2
     1     1    22    12    30    11     0     1    68.0   31.713  -98.654   2260.6    734.4
     1     1    22    12    30    12     0     0    69.0   31.731  -98.414   2219.2    740.9
     1     1    22    12    30    13     0     1    70.0   31.741  -98.195   2198.9    746.1
     1     1    22    12    30    14     0     2    71.0   31.740  -98.001   2216.2    748.6
     1     1    22    12    30    15     0     3    72.0   31.726  -97.822   2285.3    744.9
     1     1    22    12    30    16     0     2    73.0   31.718  -97.650   2376.4    735.9
     1     1    22    12    30    17     0     1    74.0   31.742  -97.495   2465.3    729.1
     1     1    22    12    30    18     0     0    75.0   31.796  -97.365   2545.3    723.0
     1     1    22    12    30    19     0     1    76.0   31.856  -97.268   2523.0    717.2
     1     1    22    12    30    20     0     2    77.0   31.882  -97.238   2272.6    737.2
     1     1    22    12    30    21     0     3    78.0   31.889  -97.302   1825.8    783.9
     1     1    22    12    30    22     0     2    79.0   31.955  -97.368   1515.3    837.0
     1     1    22    12    30    23     0     1    80.0   32.062  -97.405   1402.2    840.7
     1     1    22    12    31     0     0     0    81.0   32.180  -97.422   1425.7    834.4
     1     1    22    12    31     1     0     1    82.0   32.329  -97.402   1516.5    821.6
     1     1    22    12    31     2     0     2    83.0   32.528  -97.345   1618.0    811.2
     1     1    22    12    31     3     0     3    84.0   32.766  -97.295   1662.3    804.0
     1     1    22    12    31     4     0     2    85.0   33.040  -97.270   1673.1    810.6
     1     1    22    12    31     5     0     1    86.0   33.345  -97.230   1754.4    806.1
     1     1    22    12    31     6     0     0    87.0   33.701  -97.164   1899.9    785.9
     1     1    22    12    31     7     0     1    88.0   34.092  -97.045   1969.8    768.7
     1     1    22    12    31     8     0     2    89.0   34.484  -96.834   1929.0    773.3
     1     1    22    12    31     9     0     3    90.0   34.854  -96.569   1840.0    781.3
     1     1    22    12    31    10     0     2    91.0   35.216  -96.265   1764.9    795.9
     1     1    22    12    31    11     0     1    92.0   35.576  -95.927   1758.2    799.8
     1     1    22    12    31    12     0     0    93.0   35.930  -95.599   1796.7    790.5
     1     1    22    12    31    13     0     1    94.0   36.279  -95.288   1838.6    782.2
     1     1    22    12    31    14     0     2    95.0   36.628  -94.984   1871.6    778.1
     1     1    22    12    31    15     0     3    96.0   36.969  -94.721   1862.6    771.5
     1     1    22    12    31    16     0     2    97.0   37.311  -94.469   1839.9    779.1
     1     1    22    12    31    17     0     1    98.0   37.664  -94.175   1845.6    781.2
     1     1    22    12    31    18     0     0    99.0   38.047  -93.845   1845.9    783.1
     1     1    22    12    31    19     0     1   100.0   38.446  -93.492   1868.1    784.1
     1     1    22    12    31    20     0     2   101.0   38.841  -93.096   1940.7    775.3
     1     1    22    12    31    21     0     3   102.0   39.253  -92.632   1955.4    765.0
     1     1    22    12    31    22     0     2   103.0   39.658  -92.117   1948.3    776.7
     1     1    22    12    31    23     0     1   104.0   40.013  -91.554   2059.5    770.9
     1     1    23     1     1     0     0     0   105.0   40.363  -90.948   2180.6    747.4
     1     1    23     1     1     1     0     1   106.0   40.703  -90.344   2220.8    747.7
     1     1    23     1     1     2     0     2   107.0   40.982  -89.717   2228.2    748.1
     1     1    23     1     1     3     0     3   108.0   41.214  -88.971   2392.7    746.4
     1     1    23     1     1     4     0     2   109.0   41.438  -88.242   2623.7    709.6
     1     1    23     1     1     5     0     1   110.0   41.683  -87.558   2731.2    699.4
     1     1    23     1     1     6     0     0   111.0   41.927  -86.925   2710.2    699.8
     1     1    23     1     1     7     0     1   112.0   42.205  -86.325   2685.3    713.6
     1     1    23     1     1     8     0     2   113.0   42.489  -85.612   2774.7    696.0
     1     1    23     1     1     9     0     3   114.0   42.757  -84.857   2755.5    695.3
     1     1    23     1     1    10     0     2   115.0   43.047  -84.117   2704.2    708.9
     1     1    23     1     1    11     0     1   116.0   43.303  -83.302   2724.2    698.5
     1     1    23     1     1    12     0     0   117.0   43.520  -82.475   2802.3    693.1
     1     1    23     1     1    13     0     1   118.0   43.705  -81.717   2814.7    692.9
     1     1    23     1     1    14     0     2   119.0   43.859  -80.924   2920.6    675.3
     1     1    23     1     1    15     0     3   120.0   43.995  -80.098   3171.8    644.4
