     8     1
    GDAS    22    12    22     0     0
    GDAS    22    12    29     0     0
    GDAS    23     1     1     0     0
    GDAS    23     1     8     0     0
    GDAS    23     1    15     0     0
    GDAS    23     1    22     0     0
    GDAS    23     1    29     0     0
    GDAS    23     2     1     0     0
     1 FORWARD  OMEGA   
    23     1    24    16   42.995 -100.639   648.2
     1 PRESSURE
     1     1    23     1    24    16     0     2     0.0   42.995 -100.639    648.2    844.9
     1     1    23     1    24    17     0     1     1.0   42.609 -100.435    633.3    846.9
     1     1    23     1    24    18     0     0     2.0   42.257 -100.271    556.2    853.2
     1     1    23     1    24    19     0     1     3.0   41.939 -100.112    458.3    872.2
     1     1    23     1    24    20     0     2     4.0   41.637  -99.962    407.7    881.3
     1     1    23     1    24    21     0     3     5.0   41.333  -99.828    395.5    880.8
     1     1    23     1    24    22     0     2     6.0   41.023  -99.715    380.4    883.3
     1     1    23     1    24    23     0     1     7.0   40.712  -99.627    369.6    890.2
     1     1    23     1    25     0     0     0     8.0   40.391  -99.575    382.8    891.5
     1     1    23     1    25     1     0     1     9.0   40.063  -99.566    411.5    890.5
     1     1    23     1    25     2     0     2    10.0   39.727  -99.585    441.3    886.9
     1     1    23     1    25     3     0     3    11.0   39.365  -99.630    462.6    884.6
     1     1    23     1    25     4     0     2    12.0   38.975  -99.691    468.6    882.4
     1     1    23     1    25     5     0     1    13.0   38.578  -99.736    464.5    880.5
     1     1    23     1    25     6     0     0    14.0   38.179  -99.776    472.9    876.8
     1     1    23     1    25     7     0     1    15.0   37.764  -99.810    509.0    874.1
     1     1    23     1    25     8     0     2    16.0   37.328  -99.831    588.6    871.7
     1     1    23     1    25     9     0     3    17.0   36.863  -99.868    725.0    859.4
     1     1    23     1    25    10     0     2    18.0   36.367  -99.905    815.8    835.7
     1     1    23     1    25    11     0     1    19.0   35.854  -99.906    777.2    841.4
     1     1    23     1    25    12     0     0    20.0   35.329  -99.881    690.5    865.0
     1     1    23     1    25    13     0     1    21.0   34.814  -99.838    620.1    881.2
     1     1    23     1    25    14     0     2    22.0   34.333  -99.780    568.5    892.1
     1     1    23     1    25    15     0     3    23.0   33.887  -99.711    530.7    901.7
     1     1    23     1    25    16     0     2    24.0   33.487  -99.609    498.7    908.2
     1     1    23     1    25    17     0     1    25.0   33.147  -99.462    465.2    914.8
     1     1    23     1    25    18     0     0    26.0   32.852  -99.286    423.9    919.8
     1     1    23     1    25    19     0     1    27.0   32.576  -99.102    382.2    924.3
     1     1    23     1    25    20     0     2    28.0   32.298  -98.924    346.7    927.2
     1     1    23     1    25    21     0     3    29.0   32.015  -98.753    308.6    931.1
     1     1    23     1    25    22     0     2    30.0   31.739  -98.585    268.9    938.9
     1     1    23     1    25    23     0     1    31.0   31.477  -98.421    233.9    945.4
     1     1    23     1    26     0     0     0    32.0   31.223  -98.272    208.9    951.6
     1     1    23     1    26     1     0     1    33.0   30.961  -98.134    187.1    956.6
     1     1    23     1    26     2     0     2    34.0   30.682  -98.007    143.4    965.8
     1     1    23     1    26     3     0     3    35.0   30.415  -97.918     89.5    979.5
     1     1    23     1    26     4     0     2    36.0   30.193  -97.872     52.8    987.9
     1     1    23     1    26     5     0     1    37.0   30.020  -97.860     32.8    991.3
     1     1    23     1    26     6     0     0    38.0   29.882  -97.874     22.2    995.4
     1     1    23     1    26     7     0     1    39.0   29.765  -97.901     16.9    997.3
     1     1    23     1    26     8     0     2    40.0   29.660  -97.929     13.6    999.0
     1     1    23     1    26     9     0     3    41.0   29.568  -97.957     11.5   1000.5
     1     1    23     1    26    10     0     2    42.0   29.478  -97.982     10.0   1003.0
     1     1    23     1    26    11     0     1    43.0   29.381  -98.002      8.8   1005.7
     1     1    23     1    26    12     0     0    44.0   29.272  -98.019      7.5   1008.5
     1     1    23     1    26    13     0     1    45.0   29.163  -98.044      6.2   1011.2
     1     1    23     1    26    14     0     2    46.0   29.068  -98.091      5.2   1013.5
     1     1    23     1    26    15     0     3    47.0   28.993  -98.161      4.7   1015.3
     1     1    23     1    26    16     0     2    48.0   28.921  -98.243      4.7   1014.6
     1     1    23     1    26    17     0     1    49.0   28.837  -98.328      4.7   1014.3
     1     1    23     1    26    18     0     0    50.0   28.746  -98.417      4.7   1014.1
     1     1    23     1    26    19     0     1    51.0   28.658  -98.509      4.7   1012.7
     1     1    23     1    26    20     0     2    52.0   28.579  -98.603      4.7   1011.3
     1     1    23     1    26    21     0     3    53.0   28.509  -98.700      4.6   1009.9
     1     1    23     1    26    22     0     2    54.0   28.454  -98.803      4.5   1009.6
     1     1    23     1    26    23     0     1    55.0   28.420  -98.916      4.5   1009.0
     1     1    23     1    27     0     0     0    56.0   28.406  -99.035      4.5   1008.1
     1     1    23     1    27     1     0     1    57.0   28.415  -99.157      5.8   1007.3
     1     1    23     1    27     2     0     2    58.0   28.445  -99.279     10.0   1006.3
     1     1    23     1    27     3     0     3    59.0   28.497  -99.401     18.2   1004.0
     1     1    23     1    27     4     0     2    60.0   28.566  -99.522     30.8   1000.8
     1     1    23     1    27     5     0     1    61.0   28.649  -99.634     48.0    997.9
     1     1    23     1    27     6     0     0    62.0   28.747  -99.737     73.9    994.1
     1     1    23     1    27     7     0     1    63.0   28.859  -99.832    109.4    988.5
     1     1    23     1    27     8     0     2    64.0   28.974  -99.920    152.2    982.9
     1     1    23     1    27     9     0     3    65.0   29.094  -99.996    197.6    971.3
     1     1    23     1    27    10     0     2    66.0   29.230 -100.054    237.1    958.9
     1     1    23     1    27    11     0     1    67.0   29.394 -100.091    264.8    947.0
     1     1    23     1    27    12     0     0    68.0   29.581 -100.105    277.3    935.8
     1     1    23     1    27    13     0     1    69.0   29.789 -100.091    274.6    926.5
     1     1    23     1    27    14     0     2    70.0   30.008 -100.042    256.6    917.8
     1     1    23     1    27    15     0     3    71.0   30.228  -99.950    227.0    921.6
     1     1    23     1    27    16     0     2    72.0   30.447  -99.828    200.6    926.7
     1     1    23     1    27    17     0     1    73.0   30.677  -99.683    184.8    930.3
     1     1    23     1    27    18     0     0    74.0   30.915  -99.518    179.6    933.0
     1     1    23     1    27    19     0     1    75.0   31.154  -99.339    182.3    935.0
     1     1    23     1    27    20     0     2    76.0   31.389  -99.151    192.1    937.3
     1     1    23     1    27    21     0     3    77.0   31.625  -98.956    208.3    938.8
     1     1    23     1    27    22     0     2    78.0   31.873  -98.772    227.6    941.0
     1     1    23     1    27    23     0     1    79.0   32.145  -98.616    248.1    941.9
     1     1    23     1    28     0     0     0    80.0   32.451  -98.487    263.5    942.1
     1     1    23     1    28     1     0     1    81.0   32.812  -98.363    268.5    943.3
     1     1    23     1    28     2     0     2    82.0   33.238  -98.230    264.0    946.9
     1     1    23     1    28     3     0     3    83.0   33.718  -98.099    258.8    952.1
     1     1    23     1    28     4     0     2    84.0   34.226  -97.960    256.1    952.6
     1     1    23     1    28     5     0     1    85.0   34.735  -97.809    242.5    948.2
     1     1    23     1    28     6     0     0    86.0   35.228  -97.671    225.2    949.0
     1     1    23     1    28     7     0     1    87.0   35.716  -97.539    224.6    950.3
     1     1    23     1    28     8     0     2    88.0   36.225  -97.400    238.4    947.0
     1     1    23     1    28     9     0     3    89.0   36.744  -97.275    257.2    941.0
     1     1    23     1    28    10     0     2    90.0   37.250  -97.153    278.2    934.5
     1     1    23     1    28    11     0     1    91.0   37.728  -97.014    299.2    929.1
     1     1    23     1    28    12     0     0    92.0   38.180  -96.849    336.1    925.9
     1     1    23     1    28    13     0     1    93.0   38.616  -96.637    392.0    922.3
     1     1    23     1    28    14     0     2    94.0   39.018  -96.384    451.8    917.1
     1     1    23     1    28    15     0     3    95.0   39.356  -96.140    538.0    910.7
     1     1    23     1    28    16     0     2    96.0   39.596  -95.938    671.4    896.1
     1     1    23     1    28    17     0     1    97.0   39.757  -95.793    815.5    878.9
     1     1    23     1    28    18     0     0    98.0   39.871  -95.685    948.4    864.8
     1     1    23     1    28    19     0     1    99.0   39.969  -95.586   1070.3    852.5
     1     1    23     1    28    20     0     2   100.0   40.074  -95.484   1179.2    840.8
     1     1    23     1    28    21     0     3   101.0   40.184  -95.378   1266.8    831.0
     1     1    23     1    28    22     0     2   102.0   40.283  -95.269   1334.6    824.9
     1     1    23     1    28    23     0     1   103.0   40.367  -95.152   1391.3    819.9
     1     1    23     1    29     0     0     0   104.0   40.439  -95.028   1445.0    815.4
     1     1    23     1    29     1     0     1   105.0   40.504  -94.887   1497.3    809.7
     1     1    23     1    29     2     0     2   106.0   40.566  -94.718   1542.3    804.6
     1     1    23     1    29     3     0     3   107.0   40.629  -94.515   1576.2    800.8
     1     1    23     1    29     4     0     2   108.0   40.687  -94.275   1592.0    798.3
     1     1    23     1    29     5     0     1   109.0   40.733  -93.997   1585.3    798.9
     1     1    23     1    29     6     0     0   110.0   40.765  -93.687   1559.2    803.1
     1     1    23     1    29     7     0     1   111.0   40.776  -93.363   1516.6    809.6
     1     1    23     1    29     8     0     2   112.0   40.749  -93.049   1468.2    817.3
     1     1    23     1    29     9     0     3   113.0   40.674  -92.751   1426.9    824.1
     1     1    23     1    29    10     0     2   114.0   40.571  -92.474   1401.2    829.3
     1     1    23     1    29    11     0     1   115.0   40.462  -92.218   1390.8    832.0
     1     1    23     1    29    12     0     0   116.0   40.347  -91.978   1387.9    833.5
     1     1    23     1    29    13     0     1   117.0   40.237  -91.749   1376.0    834.3
     1     1    23     1    29    14     0     2   118.0   40.141  -91.536   1346.8    838.3
     1     1    23     1    29    15     0     3   119.0   40.055  -91.353   1304.7    843.6
     1     1    23     1    29    16     0     2   120.0   39.987  -91.200   1269.4    849.6
