     8     1
    GDAS    22    12    22     0     0
    GDAS    22    12    29     0     0
    GDAS    23     1     1     0     0
    GDAS    23     1     8     0     0
    GDAS    23     1    15     0     0
    GDAS    23     1    22     0     0
    GDAS    23     1    29     0     0
    GDAS    23     2     1     0     0
     1 FORWARD  OMEGA   
    23     1    16    16   51.620  -92.376  1606.1
     1 PRESSURE
     1     1    23     1    16    16     0     2     0.0   51.620  -92.376   1606.1    781.3
     1     1    23     1    16    17     0     1     1.0   51.683  -92.187   1642.5    777.5
     1     1    23     1    16    18     0     0     2.0   51.752  -91.999   1671.9    774.3
     1     1    23     1    16    19     0     1     3.0   51.813  -91.812   1691.7    772.2
     1     1    23     1    16    20     0     2     4.0   51.852  -91.630   1704.1    771.2
     1     1    23     1    16    21     0     3     5.0   51.867  -91.459   1713.2    770.4
     1     1    23     1    16    22     0     2     6.0   51.863  -91.314   1721.0    769.6
     1     1    23     1    16    23     0     1     7.0   51.841  -91.206   1720.1    768.8
     1     1    23     1    17     0     0     0     8.0   51.796  -91.143   1700.1    770.3
     1     1    23     1    17     1     0     1     9.0   51.728  -91.125   1668.5    774.2
     1     1    23     1    17     2     0     2    10.0   51.641  -91.154   1635.8    777.5
     1     1    23     1    17     3     0     3    11.0   51.534  -91.233   1604.6    780.5
     1     1    23     1    17     4     0     2    12.0   51.406  -91.360   1574.8    783.2
     1     1    23     1    17     5     0     1    13.0   51.256  -91.527   1545.5    785.9
     1     1    23     1    17     6     0     0    14.0   51.092  -91.731   1513.5    788.7
     1     1    23     1    17     7     0     1    15.0   50.918  -91.962   1482.8    792.6
     1     1    23     1    17     8     0     2    16.0   50.719  -92.212   1464.5    794.9
     1     1    23     1    17     9     0     3    17.0   50.486  -92.482   1461.3    795.0
     1     1    23     1    17    10     0     2    18.0   50.226  -92.767   1464.3    794.2
     1     1    23     1    17    11     0     1    19.0   49.949  -93.063   1458.4    794.1
     1     1    23     1    17    12     0     0    20.0   49.655  -93.371   1440.5    797.2
     1     1    23     1    17    13     0     1    21.0   49.348  -93.689   1424.0    802.0
     1     1    23     1    17    14     0     2    22.0   49.060  -94.003   1417.6    806.5
     1     1    23     1    17    15     0     3    23.0   48.791  -94.305   1408.1    806.1
     1     1    23     1    17    16     0     2    24.0   48.518  -94.590   1394.0    808.1
     1     1    23     1    17    17     0     1    25.0   48.244  -94.838   1385.7    810.2
     1     1    23     1    17    18     0     0    26.0   47.984  -95.029   1387.1    811.2
     1     1    23     1    17    19     0     1    27.0   47.736  -95.180   1382.4    807.6
     1     1    23     1    17    20     0     2    28.0   47.491  -95.314   1367.6    807.9
     1     1    23     1    17    21     0     3    29.0   47.252  -95.416   1358.2    807.9
     1     1    23     1    17    22     0     2    30.0   47.022  -95.493   1358.7    806.1
     1     1    23     1    17    23     0     1    31.0   46.799  -95.552   1358.1    807.2
     1     1    23     1    18     0     0     0    32.0   46.579  -95.589   1344.0    810.8
     1     1    23     1    18     1     0     1    33.0   46.369  -95.608   1323.5    815.5
     1     1    23     1    18     2     0     2    34.0   46.176  -95.615   1305.0    819.3
     1     1    23     1    18     3     0     3    35.0   45.998  -95.612   1290.8    822.4
     1     1    23     1    18     4     0     2    36.0   45.842  -95.589   1265.8    824.1
     1     1    23     1    18     5     0     1    37.0   45.711  -95.538   1218.9    829.8
     1     1    23     1    18     6     0     0    38.0   45.601  -95.464   1157.9    837.3
     1     1    23     1    18     7     0     1    39.0   45.503  -95.390   1107.6    845.1
     1     1    23     1    18     8     0     2    40.0   45.407  -95.332   1077.2    848.0
     1     1    23     1    18     9     0     3    41.0   45.318  -95.290   1056.5    850.5
     1     1    23     1    18    10     0     2    42.0   45.237  -95.262   1035.2    852.5
     1     1    23     1    18    11     0     1    43.0   45.163  -95.253   1008.1    856.1
     1     1    23     1    18    12     0     0    44.0   45.095  -95.262    979.7    859.9
     1     1    23     1    18    13     0     1    45.0   45.029  -95.301    944.3    863.3
     1     1    23     1    18    14     0     2    46.0   44.963  -95.385    899.9    868.6
     1     1    23     1    18    15     0     3    47.0   44.901  -95.514    857.0    873.1
     1     1    23     1    18    16     0     2    48.0   44.851  -95.681    824.7    875.6
     1     1    23     1    18    17     0     1    49.0   44.817  -95.882    801.0    876.2
     1     1    23     1    18    18     0     0    50.0   44.794  -96.116    780.4    874.7
     1     1    23     1    18    19     0     1    51.0   44.762  -96.371    779.6    869.9
     1     1    23     1    18    20     0     2    52.0   44.712  -96.632    800.5    859.9
     1     1    23     1    18    21     0     3    53.0   44.648  -96.900    822.9    851.0
     1     1    23     1    18    22     0     2    54.0   44.563  -97.197    843.7    851.1
     1     1    23     1    18    23     0     1    55.0   44.450  -97.534    874.3    854.8
     1     1    23     1    19     0     0     0    56.0   44.301  -97.888    940.6    855.2
     1     1    23     1    19     1     0     1    57.0   44.123  -98.231   1044.4    840.8
     1     1    23     1    19     2     0     2    58.0   43.931  -98.559   1141.9    822.9
     1     1    23     1    19     3     0     3    59.0   43.719  -98.887   1186.9    809.9
     1     1    23     1    19     4     0     2    60.0   43.468  -99.201   1226.9    807.7
     1     1    23     1    19     5     0     1    61.0   43.163  -99.481   1320.0    790.7
     1     1    23     1    19     6     0     0    62.0   42.809  -99.719   1455.1    770.6
     1     1    23     1    19     7     0     1    63.0   42.408  -99.906   1620.7    748.0
     1     1    23     1    19     8     0     2    64.0   41.958 -100.021   1773.7    727.9
     1     1    23     1    19     9     0     3    65.0   41.469 -100.032   1865.5    716.3
     1     1    23     1    19    10     0     2    66.0   40.956  -99.937   1894.0    718.6
     1     1    23     1    19    11     0     1    67.0   40.424  -99.745   1870.6    725.0
     1     1    23     1    19    12     0     0    68.0   39.878  -99.456   1782.7    741.1
     1     1    23     1    19    13     0     1    69.0   39.317  -99.101   1672.1    763.4
     1     1    23     1    19    14     0     2    70.0   38.748  -98.705   1564.3    778.6
     1     1    23     1    19    15     0     3    71.0   38.175  -98.279   1440.5    794.2
     1     1    23     1    19    16     0     2    72.0   37.629  -97.844   1312.2    816.0
     1     1    23     1    19    17     0     1    73.0   37.152  -97.415   1198.0    836.6
     1     1    23     1    19    18     0     0    74.0   36.750  -96.997   1091.8    852.8
     1     1    23     1    19    19     0     1    75.0   36.423  -96.601    991.2    869.7
     1     1    23     1    19    20     0     2    76.0   36.165  -96.236    905.0    884.6
     1     1    23     1    19    21     0     3    77.0   35.964  -95.895    842.3    894.7
     1     1    23     1    19    22     0     2    78.0   35.791  -95.558    796.5    897.1
     1     1    23     1    19    23     0     1    79.0   35.627  -95.211    758.0    900.9
     1     1    23     1    20     0     0     0    80.0   35.465  -94.856    728.6    903.2
     1     1    23     1    20     1     0     1    81.0   35.290  -94.493    697.2    903.3
     1     1    23     1    20     2     0     2    82.0   35.099  -94.129    649.5    908.8
     1     1    23     1    20     3     0     3    83.0   34.899  -93.781    595.3    922.3
     1     1    23     1    20     4     0     2    84.0   34.698  -93.471    548.2    934.8
     1     1    23     1    20     5     0     1    85.0   34.495  -93.202    504.0    944.5
     1     1    23     1    20     6     0     0    86.0   34.287  -92.973    451.6    954.5
     1     1    23     1    20     7     0     1    87.0   34.073  -92.795    400.0    964.0
     1     1    23     1    20     8     0     2    88.0   33.850  -92.670    361.5    969.5
     1     1    23     1    20     9     0     3    89.0   33.617  -92.588    335.0    973.8
     1     1    23     1    20    10     0     2    90.0   33.381  -92.554    315.4    977.2
     1     1    23     1    20    11     0     1    91.0   33.145  -92.576    299.7    980.3
     1     1    23     1    20    12     0     0    92.0   32.908  -92.654    287.7    981.8
     1     1    23     1    20    13     0     1    93.0   32.686  -92.777    277.2    982.2
     1     1    23     1    20    14     0     2    94.0   32.496  -92.935    265.2    982.4
     1     1    23     1    20    15     0     3    95.0   32.338  -93.120    250.4    984.0
     1     1    23     1    20    16     0     2    96.0   32.210  -93.310    232.9    985.6
     1     1    23     1    20    17     0     1    97.0   32.102  -93.489    209.6    987.9
     1     1    23     1    20    18     0     0    98.0   32.008  -93.656    178.7    991.4
     1     1    23     1    20    19     0     1    99.0   31.939  -93.804    151.8    996.0
     1     1    23     1    20    20     0     2   100.0   31.908  -93.932    138.4    996.9
     1     1    23     1    20    21     0     3   101.0   31.914  -94.046    137.2    996.2
     1     1    23     1    20    22     0     2   102.0   31.937  -94.161    132.6    994.2
     1     1    23     1    20    23     0     1   103.0   31.943  -94.281    111.2    995.8
     1     1    23     1    21     0     0     0   104.0   31.934  -94.396     81.0    999.0
     1     1    23     1    21     1     0     1   105.0   31.924  -94.511     58.5   1002.4
     1     1    23     1    21     2     0     2   106.0   31.920  -94.646     48.0   1001.8
     1     1    23     1    21     3     0     3   107.0   31.920  -94.803     45.2   1000.5
     1     1    23     1    21     4     0     2   108.0   31.928  -94.974     46.0    998.6
     1     1    23     1    21     5     0     1   109.0   31.951  -95.143     46.9    998.8
     1     1    23     1    21     6     0     0   110.0   31.989  -95.303     47.8    999.3
     1     1    23     1    21     7     0     1   111.0   32.035  -95.460     48.6    999.5
     1     1    23     1    21     8     0     2   112.0   32.084  -95.622     49.6    999.9
     1     1    23     1    21     9     0     3   113.0   32.131  -95.788     51.0   1000.1
     1     1    23     1    21    10     0     2   114.0   32.176  -95.958     52.6   1000.1
     1     1    23     1    21    11     0     1   115.0   32.227  -96.128     55.6    998.0
     1     1    23     1    21    12     0     0   116.0   32.294  -96.294     63.0    994.7
     1     1    23     1    21    13     0     1   117.0   32.380  -96.445     75.7    991.2
     1     1    23     1    21    14     0     2   118.0   32.478  -96.572     91.3    988.0
     1     1    23     1    21    15     0     3   119.0   32.592  -96.677    108.8    985.3
     1     1    23     1    21    16     0     2   120.0   32.726  -96.766    129.3    982.6
