     8     1
    GDAS    22    12    22     0     0
    GDAS    22    12    29     0     0
    GDAS    23     1     1     0     0
    GDAS    23     1     8     0     0
    GDAS    23     1    15     0     0
    GDAS    23     1    22     0     0
    GDAS    23     1    29     0     0
    GDAS    23     2     1     0     0
     1 FORWARD  OMEGA   
    22    12    27    13   28.037  172.143  3185.1
     1 PRESSURE
     1     1    22    12    27    13     0     1     0.0   28.037  172.143   3185.1    684.8
     1     1    22    12    27    14     0     2     1.0   28.382  173.239   3198.1    683.5
     1     1    22    12    27    15     0     3     2.0   28.752  174.386   3198.1    682.5
     1     1    22    12    27    16     0     2     3.0   29.142  175.537   3230.0    679.6
     1     1    22    12    27    17     0     1     4.0   29.559  176.708   3297.5    673.3
     1     1    22    12    27    18     0     0     5.0   30.038  177.907   3353.5    666.7
     1     1    22    12    27    19     0     1     6.0   30.562  179.111   3394.6    664.5
     1     1    22    12    27    20     0     2     7.0   31.135 -179.637   3542.6    652.8
     1     1    22    12    27    21     0     3     8.0   31.799 -178.324   3656.2    639.7
     1     1    22    12    27    22     0     2     9.0   32.499 -176.931   3692.7    638.5
     1     1    22    12    27    23     0     1    10.0   33.203 -175.479   3776.0    628.3
     1     1    22    12    28     0     0     0    11.0   33.944 -173.889   3869.2    622.7
     1     1    22    12    28     1     0     1    12.0   34.690 -172.223   3941.6    615.7
     1     1    22    12    28     2     0     2    13.0   35.420 -170.547   3941.3    616.0
     1     1    22    12    28     3     0     3    14.0   36.124 -168.829   3975.6    610.5
     1     1    22    12    28     4     0     2    15.0   36.799 -167.029   3931.6    615.0
     1     1    22    12    28     5     0     1    16.0   37.420 -165.240   3902.9    617.9
     1     1    22    12    28     6     0     0    17.0   38.008 -163.397   3890.5    618.9
     1     1    22    12    28     7     0     1    18.0   38.502 -161.579   3880.6    619.7
     1     1    22    12    28     8     0     2    19.0   38.906 -159.879   3879.6    619.9
     1     1    22    12    28     9     0     3    20.0   39.274 -158.221   3910.2    617.9
     1     1    22    12    28    10     0     2    21.0   39.600 -156.551   3821.7    626.1
     1     1    22    12    28    11     0     1    22.0   39.877 -155.049   3696.8    634.4
     1     1    22    12    28    12     0     0    23.0   40.171 -153.729   3375.3    665.3
     1     1    22    12    28    13     0     1    24.0   40.472 -152.441   3446.3    652.6
     1     1    22    12    28    14     0     2    25.0   40.753 -151.158   3419.3    656.8
     1     1    22    12    28    15     0     3    26.0   41.037 -149.895   3510.2    655.3
     1     1    22    12    28    16     0     2    27.0   41.327 -148.618   3591.3    641.2
     1     1    22    12    28    17     0     1    28.0   41.586 -147.301   3357.2    670.7
     1     1    22    12    28    18     0     0    29.0   41.824 -145.964   3441.2    655.0
     1     1    22    12    28    19     0     1    30.0   42.052 -144.619   3565.5    643.6
     1     1    22    12    28    20     0     2    31.0   42.230 -143.237   3383.8    659.9
     1     1    22    12    28    21     0     3    32.0   42.340 -141.842   3229.7    677.6
     1     1    22    12    28    22     0     2    33.0   42.373 -140.498   3245.0    668.5
     1     1    22    12    28    23     0     1    34.0   42.319 -139.229   3096.4    687.1
     1     1    22    12    29     0     0     0    35.0   42.222 -138.017   3123.1    686.5
     1     1    22    12    29     1     0     1    36.0   42.083 -136.817   3233.7    672.5
     1     1    22    12    29     2     0     2    37.0   41.927 -135.706   3189.8    678.2
     1     1    22    12    29     3     0     3    38.0   41.763 -134.715   3208.0    678.6
     1     1    22    12    29     4     0     2    39.0   41.574 -133.710   3347.8    664.0
     1     1    22    12    29     5     0     1    40.0   41.398 -132.703   3295.9    668.9
     1     1    22    12    29     6     0     0    41.0   41.165 -131.769   3205.1    678.7
     1     1    22    12    29     7     0     1    42.0   40.898 -130.873   3142.9    685.4
     1     1    22    12    29     8     0     2    43.0   40.670 -129.987   3134.5    685.7
     1     1    22    12    29     9     0     3    44.0   40.458 -129.114   3143.5    683.7
     1     1    22    12    29    10     0     2    45.0   40.272 -128.283   3116.2    687.2
     1     1    22    12    29    11     0     1    46.0   40.075 -127.509   3099.9    689.8
     1     1    22    12    29    12     0     0    47.0   39.837 -126.841   3141.9    685.5
     1     1    22    12    29    13     0     1    48.0   39.581 -126.154   3217.1    682.8
     1     1    22    12    29    14     0     2    49.0   39.316 -125.410   3287.5    670.0
     1     1    22    12    29    15     0     3    50.0   39.014 -124.706   3125.0    672.1
     1     1    22    12    29    16     0     2    51.0   38.700 -124.093   2772.3    721.5
     1     1    22    12    29    17     0     1    52.0   38.414 -123.534   2526.0    743.5
     1     1    22    12    29    18     0     0    53.0   38.152 -123.007   2473.2    750.3
     1     1    22    12    29    19     0     1    54.0   37.899 -122.522   2538.3    741.0
     1     1    22    12    29    20     0     2    55.0   37.660 -122.078   2623.3    726.8
     1     1    22    12    29    21     0     3    56.0   37.430 -121.652   2691.4    715.1
     1     1    22    12    29    22     0     2    57.0   37.211 -121.229   2720.5    709.7
     1     1    22    12    29    23     0     1    58.0   37.018 -120.803   2758.9    708.7
     1     1    22    12    30     0     0     0    59.0   36.841 -120.395   2850.7    704.4
     1     1    22    12    30     1     0     1    60.0   36.661 -120.012   2966.7    695.9
     1     1    22    12    30     2     0     2    61.0   36.441 -119.572   3008.7    658.0
     1     1    22    12    30     3     0     3    62.0   36.179 -119.084   2894.4    654.9
     1     1    22    12    30     4     0     2    63.0   35.922 -118.669   2650.6    676.4
     1     1    22    12    30     5     0     1    64.0   35.610 -118.204   2453.9    657.8
     1     1    22    12    30     6     0     0    65.0   35.262 -117.697   2447.3    675.2
     1     1    22    12    30     7     0     1    66.0   34.948 -117.217   2518.9    680.4
     1     1    22    12    30     8     0     2    67.0   34.661 -116.779   2548.7    668.0
     1     1    22    12    30     9     0     3    68.0   34.410 -116.370   2503.5    669.5
     1     1    22    12    30    10     0     2    69.0   34.195 -115.950   2436.5    675.6
     1     1    22    12    30    11     0     1    70.0   33.992 -115.505   2449.6    696.3
     1     1    22    12    30    12     0     0    71.0   33.817 -115.064   2507.9    717.3
     1     1    22    12    30    13     0     1    72.0   33.665 -114.662   2510.0    718.7
     1     1    22    12    30    14     0     2    73.0   33.514 -114.315   2485.0    722.7
     1     1    22    12    30    15     0     3    74.0   33.353 -113.998   2456.1    723.7
     1     1    22    12    30    16     0     2    75.0   33.183 -113.707   2416.2    727.9
     1     1    22    12    30    17     0     1    76.0   33.001 -113.438   2363.1    739.2
     1     1    22    12    30    18     0     0    77.0   32.811 -113.180   2305.1    747.5
     1     1    22    12    30    19     0     1    78.0   32.631 -112.941   2254.3    748.1
     1     1    22    12    30    20     0     2    79.0   32.475 -112.727   2211.2    745.1
     1     1    22    12    30    21     0     3    80.0   32.340 -112.528   2181.7    740.2
     1     1    22    12    30    22     0     2    81.0   32.214 -112.334   2162.6    735.4
     1     1    22    12    30    23     0     1    82.0   32.091 -112.140   2152.2    729.1
     1     1    22    12    31     0     0     0    83.0   31.965 -111.945   2144.8    723.2
     1     1    22    12    31     1     0     1    84.0   31.844 -111.749   2140.9    719.2
     1     1    22    12    31     2     0     2    85.0   31.726 -111.548   2142.5    712.8
     1     1    22    12    31     3     0     3    86.0   31.593 -111.346   2149.0    704.0
     1     1    22    12    31     4     0     2    87.0   31.451 -111.138   2153.3    692.8
     1     1    22    12    31     5     0     1    88.0   31.316 -110.918   2152.3    681.0
     1     1    22    12    31     6     0     0    89.0   31.180 -110.684   2145.5    670.1
     1     1    22    12    31     7     0     1    90.0   31.037 -110.415   2112.8    659.5
     1     1    22    12    31     8     0     2    91.0   30.901 -110.103   2044.6    658.4
     1     1    22    12    31     9     0     3    92.0   30.793 -109.776   1934.9    665.0
     1     1    22    12    31    10     0     2    93.0   30.714 -109.436   1783.5    676.5
     1     1    22    12    31    11     0     1    94.0   30.670 -109.064   1600.5    687.5
     1     1    22    12    31    12     0     0    95.0   30.667 -108.666   1436.4    706.6
     1     1    22    12    31    13     0     1    96.0   30.658 -108.254   1346.0    717.0
     1     1    22    12    31    14     0     2    97.0   30.633 -107.821   1335.0    722.0
     1     1    22    12    31    15     0     3    98.0   30.603 -107.366   1397.5    725.5
     1     1    22    12    31    16     0     2    99.0   30.563 -106.910   1484.5    721.9
     1     1    22    12    31    17     0     1   100.0   30.522 -106.448   1527.8    710.7
     1     1    22    12    31    18     0     0   101.0   30.494 -105.940   1519.3    709.0
     1     1    22    12    31    19     0     1   102.0   30.479 -105.420   1501.8    717.0
     1     1    22    12    31    20     0     2   103.0   30.480 -104.921   1509.3    720.7
     1     1    22    12    31    21     0     3   104.0   30.491 -104.413   1470.3    717.6
     1     1    22    12    31    22     0     2   105.0   30.507 -103.897   1280.0    738.1
     1     1    22    12    31    23     0     1   106.0   30.563 -103.430   1084.4    786.4
     1     1    23     1     1     0     0     0   107.0   30.646 -103.082   1085.3    805.5
     1     1    23     1     1     1     0     1   108.0   30.741 -102.781   1168.4    794.0
     1     1    23     1     1     2     0     2   109.0   30.838 -102.436   1232.9    791.7
     1     1    23     1     1     3     0     3   110.0   30.940 -102.066   1249.3    792.8
     1     1    23     1     1     4     0     2   111.0   31.055 -101.667   1237.9    796.3
     1     1    23     1     1     5     0     1   112.0   31.216 -101.182   1249.0    797.0
     1     1    23     1     1     6     0     0   113.0   31.432 -100.617   1231.6    799.1
     1     1    23     1     1     7     0     1   114.0   31.670 -100.047   1150.6    817.6
     1     1    23     1     1     8     0     2   115.0   31.910  -99.499   1062.2    836.8
     1     1    23     1     1     9     0     3   116.0   32.137  -98.939    955.6    853.0
     1     1    23     1     1    10     0     2   117.0   32.353  -98.377    847.9    875.8
     1     1    23     1     1    11     0     1   118.0   32.575  -97.823    765.6    890.2
     1     1    23     1     1    12     0     0   119.0   32.815  -97.286    723.7    907.9
     1     1    23     1     1    13     0     1   120.0   33.088  -96.783    733.4    912.5
