     8     1
    GDAS    22    12    22     0     0
    GDAS    22    12    29     0     0
    GDAS    23     1     1     0     0
    GDAS    23     1     8     0     0
    GDAS    23     1    15     0     0
    GDAS    23     1    22     0     0
    GDAS    23     1    29     0     0
    GDAS    23     2     1     0     0
     1 FORWARD  OMEGA   
    23     1     6    16   22.961 -122.669  3314.3
     1 PRESSURE
     1     1    23     1     6    16     0     2     0.0   22.961 -122.669   3314.3    685.8
     1     1    23     1     6    17     0     1     1.0   23.018 -122.334   3338.3    683.1
     1     1    23     1     6    18     0     0     2.0   23.072 -122.015   3350.4    683.7
     1     1    23     1     6    19     0     1     3.0   23.131 -121.702   3353.1    681.8
     1     1    23     1     6    20     0     2     4.0   23.201 -121.388   3329.6    683.2
     1     1    23     1     6    21     0     3     5.0   23.286 -121.073   3277.6    687.0
     1     1    23     1     6    22     0     2     6.0   23.370 -120.769   3226.5    693.6
     1     1    23     1     6    23     0     1     7.0   23.444 -120.470   3192.6    695.1
     1     1    23     1     7     0     0     0     8.0   23.510 -120.171   3148.2    697.3
     1     1    23     1     7     1     0     1     9.0   23.565 -119.879   3087.9    703.4
     1     1    23     1     7     2     0     2    10.0   23.614 -119.601   3026.4    709.5
     1     1    23     1     7     3     0     3    11.0   23.657 -119.337   2965.5    714.8
     1     1    23     1     7     4     0     2    12.0   23.696 -119.090   2905.4    720.6
     1     1    23     1     7     5     0     1    13.0   23.733 -118.863   2855.8    725.8
     1     1    23     1     7     6     0     0    14.0   23.772 -118.652   2826.3    729.1
     1     1    23     1     7     7     0     1    15.0   23.821 -118.448   2806.1    729.2
     1     1    23     1     7     8     0     2    16.0   23.880 -118.252   2781.0    731.3
     1     1    23     1     7     9     0     3    17.0   23.942 -118.067   2755.0    733.5
     1     1    23     1     7    10     0     2    18.0   24.002 -117.887   2732.9    735.6
     1     1    23     1     7    11     0     1    19.0   24.062 -117.704   2711.6    736.8
     1     1    23     1     7    12     0     0    20.0   24.124 -117.523   2682.0    739.0
     1     1    23     1     7    13     0     1    21.0   24.190 -117.348   2640.6    742.9
     1     1    23     1     7    14     0     2    22.0   24.266 -117.182   2587.6    748.2
     1     1    23     1     7    15     0     3    23.0   24.348 -117.028   2527.4    754.3
     1     1    23     1     7    16     0     2    24.0   24.438 -116.879   2473.2    760.4
     1     1    23     1     7    17     0     1    25.0   24.538 -116.727   2433.7    764.3
     1     1    23     1     7    18     0     0    26.0   24.649 -116.572   2409.0    766.9
     1     1    23     1     7    19     0     1    27.0   24.762 -116.410   2394.4    767.2
     1     1    23     1     7    20     0     2    28.0   24.871 -116.236   2385.4    767.6
     1     1    23     1     7    21     0     3    29.0   24.975 -116.047   2382.3    767.2
     1     1    23     1     7    22     0     2    30.0   25.074 -115.853   2381.0    766.9
     1     1    23     1     7    23     0     1    31.0   25.161 -115.670   2378.9    767.1
     1     1    23     1     8     0     0     0    32.0   25.237 -115.500   2378.3    767.3
     1     1    23     1     8     1     0     1    33.0   25.309 -115.347   2382.9    767.4
     1     1    23     1     8     2     0     2    34.0   25.390 -115.213   2392.6    766.8
     1     1    23     1     8     3     0     3    35.0   25.480 -115.098   2401.3    765.9
     1     1    23     1     8     4     0     2    36.0   25.582 -114.992   2399.4    765.8
     1     1    23     1     8     5     0     1    37.0   25.704 -114.886   2393.4    767.5
     1     1    23     1     8     6     0     0    38.0   25.850 -114.778   2406.5    767.5
     1     1    23     1     8     7     0     1    39.0   26.018 -114.659   2438.0    763.0
     1     1    23     1     8     8     0     2    40.0   26.195 -114.520   2466.8    759.2
     1     1    23     1     8     9     0     3    41.0   26.382 -114.366   2485.1    757.1
     1     1    23     1     8    10     0     2    42.0   26.564 -114.192   2499.8    756.4
     1     1    23     1     8    11     0     1    43.0   26.731 -113.991   2524.9    754.5
     1     1    23     1     8    12     0     0    44.0   26.887 -113.761   2570.5    749.1
     1     1    23     1     8    13     0     1    45.0   27.035 -113.510   2618.3    740.2
     1     1    23     1     8    14     0     2    46.0   27.177 -113.254   2647.6    732.4
     1     1    23     1     8    15     0     3    47.0   27.319 -112.986   2680.4    723.1
     1     1    23     1     8    16     0     2    48.0   27.469 -112.719   2720.5    718.9
     1     1    23     1     8    17     0     1    49.0   27.626 -112.476   2750.9    721.2
     1     1    23     1     8    18     0     0    50.0   27.785 -112.251   2796.1    723.4
     1     1    23     1     8    19     0     1    51.0   27.948 -112.032   2834.6    723.9
     1     1    23     1     8    20     0     2    52.0   28.109 -111.817   2818.2    723.7
     1     1    23     1     8    21     0     3    53.0   28.264 -111.614   2777.0    725.7
     1     1    23     1     8    22     0     2    54.0   28.408 -111.425   2749.2    726.3
     1     1    23     1     8    23     0     1    55.0   28.538 -111.245   2728.6    723.2
     1     1    23     1     9     0     0     0    56.0   28.655 -111.071   2678.1    723.2
     1     1    23     1     9     1     0     1    57.0   28.768 -110.916   2609.9    727.3
     1     1    23     1     9     2     0     2    58.0   28.880 -110.787   2561.1    725.6
     1     1    23     1     9     3     0     3    59.0   28.990 -110.676   2545.3    720.8
     1     1    23     1     9     4     0     2    60.0   29.090 -110.569   2515.8    710.7
     1     1    23     1     9     5     0     1    61.0   29.173 -110.462   2430.5    710.5
     1     1    23     1     9     6     0     0    62.0   29.246 -110.361   2283.4    716.1
     1     1    23     1     9     7     0     1    63.0   29.315 -110.270   2127.5    728.7
     1     1    23     1     9     8     0     2    64.0   29.376 -110.181   2025.3    731.7
     1     1    23     1     9     9     0     3    65.0   29.429 -110.086   1984.0    729.7
     1     1    23     1     9    10     0     2    66.0   29.464 -109.988   1964.0    722.2
     1     1    23     1     9    11     0     1    67.0   29.492 -109.892   1922.0    721.9
     1     1    23     1     9    12     0     0    68.0   29.519 -109.798   1868.4    723.5
     1     1    23     1     9    13     0     1    69.0   29.544 -109.700   1820.5    724.8
     1     1    23     1     9    14     0     2    70.0   29.564 -109.600   1782.4    724.4
     1     1    23     1     9    15     0     3    71.0   29.576 -109.499   1746.2    723.9
     1     1    23     1     9    16     0     2    72.0   29.583 -109.397   1698.8    724.1
     1     1    23     1     9    17     0     1    73.0   29.594 -109.293   1629.0    726.6
     1     1    23     1     9    18     0     0    74.0   29.609 -109.193   1532.4    731.7
     1     1    23     1     9    19     0     1    75.0   29.637 -109.106   1446.1    739.1
     1     1    23     1     9    20     0     2    76.0   29.673 -109.029   1409.6    738.5
     1     1    23     1     9    21     0     3    77.0   29.713 -108.958   1423.9    732.7
     1     1    23     1     9    22     0     2    78.0   29.750 -108.879   1439.2    721.1
     1     1    23     1     9    23     0     1    79.0   29.784 -108.791   1404.8    719.6
     1     1    23     1    10     0     0     0    80.0   29.816 -108.697   1348.9    720.2
     1     1    23     1    10     1     0     1    81.0   29.852 -108.591   1320.9    719.2
     1     1    23     1    10     2     0     2    82.0   29.905 -108.471   1331.1    709.9
     1     1    23     1    10     3     0     3    83.0   29.977 -108.333   1340.1    699.8
     1     1    23     1    10     4     0     2    84.0   30.059 -108.166   1333.3    694.9
     1     1    23     1    10     5     0     1    85.0   30.142 -107.959   1324.4    694.9
     1     1    23     1    10     6     0     0    86.0   30.222 -107.729   1317.6    707.4
     1     1    23     1    10     7     0     1    87.0   30.296 -107.493   1298.4    720.8
     1     1    23     1    10     8     0     2    88.0   30.368 -107.249   1268.8    733.5
     1     1    23     1    10     9     0     3    89.0   30.447 -107.002   1226.5    746.8
     1     1    23     1    10    10     0     2    90.0   30.521 -106.748   1190.0    751.7
     1     1    23     1    10    11     0     1    91.0   30.575 -106.473   1182.4    749.4
     1     1    23     1    10    12     0     0    92.0   30.616 -106.176   1190.3    744.7
     1     1    23     1    10    13     0     1    93.0   30.644 -105.855   1192.6    741.9
     1     1    23     1    10    14     0     2    94.0   30.664 -105.512   1165.8    746.7
     1     1    23     1    10    15     0     3    95.0   30.693 -105.157   1112.9    755.1
     1     1    23     1    10    16     0     2    96.0   30.738 -104.790   1029.6    763.8
     1     1    23     1    10    17     0     1    97.0   30.803 -104.398    895.7    778.1
     1     1    23     1    10    18     0     0    98.0   30.894 -103.955    646.3    802.6
     1     1    23     1    10    19     0     1    99.0   31.000 -103.532    284.5    865.7
     1     1    23     1    10    20     0     2   100.0   31.080 -103.215     88.0    904.5
     1     1    23     1    10    21     0     3   101.0   31.130 -102.952     64.3    910.3
     1     1    23     1    10    22     0     2   102.0   31.148 -102.688     83.5    907.6
     1     1    23     1    10    23     0     1   103.0   31.144 -102.417     93.6    909.1
     1     1    23     1    11     0     0     0   104.0   31.144 -102.168     98.6    911.2
     1     1    23     1    11     1     0     1   105.0   31.160 -101.942    101.5    912.5
     1     1    23     1    11     2     0     2   106.0   31.189 -101.720    101.2    913.0
     1     1    23     1    11     3     0     3   107.0   31.226 -101.477     92.3    914.1
     1     1    23     1    11     4     0     2   108.0   31.276 -101.230     77.3    917.4
     1     1    23     1    11     5     0     1   109.0   31.340 -100.989     60.8    920.5
     1     1    23     1    11     6     0     0   110.0   31.412 -100.765     43.9    926.1
     1     1    23     1    11     7     0     1   111.0   31.491 -100.564     30.5    930.2
     1     1    23     1    11     8     0     2   112.0   31.576 -100.387     21.3    933.5
     1     1    23     1    11     9     0     3   113.0   31.663 -100.231     15.9    935.8
     1     1    23     1    11    10     0     2   114.0   31.749 -100.087     13.4    938.3
     1     1    23     1    11    11     0     1   115.0   31.830  -99.944     12.7    940.8
     1     1    23     1    11    12     0     0   116.0   31.905  -99.796     12.7    943.3
     1     1    23     1    11    13     0     1   117.0   31.976  -99.647     12.7    945.7
     1     1    23     1    11    14     0     2   118.0   32.047  -99.500     12.3    948.2
     1     1    23     1    11    15     0     3   119.0   32.120  -99.354     11.1    951.0
     1     1    23     1    11    16     0     2   120.0   32.211  -99.190     10.3    954.3
