     8     1
    GDAS    22    12    22     0     0
    GDAS    22    12    29     0     0
    GDAS    23     1     1     0     0
    GDAS    23     1     8     0     0
    GDAS    23     1    15     0     0
    GDAS    23     1    22     0     0
    GDAS    23     1    29     0     0
    GDAS    23     2     1     0     0
     1 FORWARD  OMEGA   
    23     1     2    14   22.838  -92.422    28.9
     1 PRESSURE
     1     1    23     1     2    14     0     2     0.0   22.838  -92.422     28.9   1012.5
     1     1    23     1     2    15     0     3     1.0   23.081  -92.694     27.7   1013.3
     1     1    23     1     2    16     0     2     2.0   23.343  -92.958     26.9   1012.3
     1     1    23     1     2    17     0     1     3.0   23.633  -93.203     26.0   1011.1
     1     1    23     1     2    18     0     0     4.0   23.955  -93.425     24.8   1010.3
     1     1    23     1     2    19     0     1     5.0   24.294  -93.626     23.7   1009.6
     1     1    23     1     2    20     0     2     6.0   24.637  -93.812     23.1   1008.5
     1     1    23     1     2    21     0     3     7.0   24.984  -93.978     22.9   1007.1
     1     1    23     1     2    22     0     2     8.0   25.334  -94.124     22.6   1007.6
     1     1    23     1     2    23     0     1     9.0   25.689  -94.254     21.3   1007.7
     1     1    23     1     3     0     0     0    10.0   26.052  -94.378     19.0   1007.6
     1     1    23     1     3     1     0     1    11.0   26.428  -94.509     16.9   1008.2
     1     1    23     1     3     2     0     2    12.0   26.820  -94.645     15.7   1008.2
     1     1    23     1     3     3     0     3    13.0   27.220  -94.774     15.1   1008.1
     1     1    23     1     3     4     0     2    14.0   27.618  -94.877     14.7   1008.1
     1     1    23     1     3     5     0     1    15.0   28.005  -94.939     14.1   1008.2
     1     1    23     1     3     6     0     0    16.0   28.358  -94.961     13.4   1008.4
     1     1    23     1     3     7     0     1    17.0   28.667  -94.955     12.6   1008.5
     1     1    23     1     3     8     0     2    18.0   28.936  -94.935     12.1   1008.6
     1     1    23     1     3     9     0     3    19.0   29.173  -94.910     12.7   1008.1
     1     1    23     1     3    10     0     2    20.0   29.381  -94.873     15.6   1007.1
     1     1    23     1     3    11     0     1    21.0   29.559  -94.816     21.9   1005.9
     1     1    23     1     3    12     0     0    22.0   29.711  -94.740     32.4   1004.8
     1     1    23     1     3    13     0     1    23.0   29.833  -94.645     43.7   1004.0
     1     1    23     1     3    14     0     2    24.0   29.917  -94.541     50.4   1004.0
     1     1    23     1     3    15     0     3    25.0   29.967  -94.434     52.1   1004.4
     1     1    23     1     3    16     0     2    26.0   30.005  -94.325     54.4   1004.4
     1     1    23     1     3    17     0     1    27.0   30.047  -94.202     63.0   1002.8
     1     1    23     1     3    18     0     0    28.0   30.094  -94.057     78.1   1000.2
     1     1    23     1     3    19     0     1    29.0   30.133  -93.900     95.6    996.4
     1     1    23     1     3    20     0     2    30.0   30.156  -93.746    109.1    993.9
     1     1    23     1     3    21     0     3    31.0   30.168  -93.599    117.6    992.2
     1     1    23     1     3    22     0     2    32.0   30.186  -93.455    122.5    992.1
     1     1    23     1     3    23     0     1    33.0   30.218  -93.315    126.0    992.0
     1     1    23     1     4     0     0     0    34.0   30.256  -93.177    128.2    991.9
     1     1    23     1     4     1     0     1    35.0   30.271  -93.044    129.7    992.3
     1     1    23     1     4     2     0     2    36.0   30.240  -92.916    133.2    993.2
     1     1    23     1     4     3     0     3    37.0   30.163  -92.786    142.3    994.0
     1     1    23     1     4     4     0     2    38.0   30.062  -92.637    154.1    993.0
     1     1    23     1     4     5     0     1    39.0   29.953  -92.474    156.7    993.0
     1     1    23     1     4     6     0     0    40.0   29.808  -92.319    143.9    994.8
     1     1    23     1     4     7     0     1    41.0   29.641  -92.179    125.5    998.2
     1     1    23     1     4     8     0     2    42.0   29.471  -92.057    111.3   1000.0
     1     1    23     1     4     9     0     3    43.0   29.288  -91.969    102.3   1001.4
     1     1    23     1     4    10     0     2    44.0   29.093  -91.904     95.6   1002.4
     1     1    23     1     4    11     0     1    45.0   28.893  -91.844     87.1   1003.9
     1     1    23     1     4    12     0     0    46.0   28.683  -91.800     77.3   1005.5
     1     1    23     1     4    13     0     1    47.0   28.475  -91.787     67.9   1007.8
     1     1    23     1     4    14     0     2    48.0   28.278  -91.811     60.5   1009.9
     1     1    23     1     4    15     0     3    49.0   28.087  -91.870     54.9   1011.7
     1     1    23     1     4    16     0     2    50.0   27.905  -91.950     50.6   1012.0
     1     1    23     1     4    17     0     1    51.0   27.739  -92.035     47.7   1012.2
     1     1    23     1     4    18     0     0    52.0   27.590  -92.130     46.5   1012.3
     1     1    23     1     4    19     0     1    53.0   27.449  -92.224     45.9   1012.2
     1     1    23     1     4    20     0     2    54.0   27.309  -92.310     44.8   1012.1
     1     1    23     1     4    21     0     3    55.0   27.168  -92.389     43.7   1012.1
     1     1    23     1     4    22     0     2    56.0   27.032  -92.478     43.3   1012.2
     1     1    23     1     4    23     0     1    57.0   26.904  -92.585     44.0   1012.2
     1     1    23     1     5     0     0     0    58.0   26.781  -92.708     45.5   1012.1
     1     1    23     1     5     1     0     1    59.0   26.661  -92.841     46.7   1012.9
     1     1    23     1     5     2     0     2    60.0   26.549  -92.980     46.9   1013.9
     1     1    23     1     5     3     0     3    61.0   26.444  -93.123     47.1   1014.9
     1     1    23     1     5     4     0     2    62.0   26.341  -93.265     46.7   1014.8
     1     1    23     1     5     5     0     1    63.0   26.240  -93.405     44.5   1015.0
     1     1    23     1     5     6     0     0    64.0   26.149  -93.546     40.7   1015.3
     1     1    23     1     5     7     0     1    65.0   26.062  -93.687     37.4   1015.7
     1     1    23     1     5     8     0     2    66.0   25.969  -93.824     36.6   1015.7
     1     1    23     1     5     9     0     3    67.0   25.866  -93.956     38.1   1015.5
     1     1    23     1     5    10     0     2    68.0   25.756  -94.094     40.1   1015.2
     1     1    23     1     5    11     0     1    69.0   25.644  -94.251     41.6   1015.2
     1     1    23     1     5    12     0     0    70.0   25.532  -94.422     42.9   1015.2
     1     1    23     1     5    13     0     1    71.0   25.425  -94.604     44.2   1016.1
     1     1    23     1     5    14     0     2    72.0   25.325  -94.796     45.2   1017.1
     1     1    23     1     5    15     0     3    73.0   25.232  -94.996     46.8   1018.0
     1     1    23     1     5    16     0     2    74.0   25.148  -95.194     48.8   1017.8
     1     1    23     1     5    17     0     1    75.0   25.079  -95.382     50.8   1017.5
     1     1    23     1     5    18     0     0    76.0   25.028  -95.557     52.6   1017.3
     1     1    23     1     5    19     0     1    77.0   24.984  -95.718     54.8   1016.0
     1     1    23     1     5    20     0     2    78.0   24.937  -95.867     57.9   1014.5
     1     1    23     1     5    21     0     3    79.0   24.886  -96.001     62.0   1012.8
     1     1    23     1     5    22     0     2    80.0   24.831  -96.137     65.3   1013.2
     1     1    23     1     5    23     0     1    81.0   24.776  -96.291     66.7   1013.9
     1     1    23     1     6     0     0     0    82.0   24.723  -96.462     67.6   1014.5
     1     1    23     1     6     1     0     1    83.0   24.683  -96.648     69.0   1014.3
     1     1    23     1     6     2     0     2    84.0   24.672  -96.843     70.6   1014.1
     1     1    23     1     6     3     0     3    85.0   24.695  -97.045     71.7   1013.8
     1     1    23     1     6     4     0     2    86.0   24.753  -97.242     74.3   1012.9
     1     1    23     1     6     5     0     1    87.0   24.844  -97.422     80.4   1011.5
     1     1    23     1     6     6     0     0    88.0   24.970  -97.580     89.9   1010.5
     1     1    23     1     6     7     0     1    89.0   25.124  -97.720    102.5   1008.8
     1     1    23     1     6     8     0     2    90.0   25.299  -97.848    116.5   1006.8
     1     1    23     1     6     9     0     3    91.0   25.495  -97.968    129.4   1005.1
     1     1    23     1     6    10     0     2    92.0   25.705  -98.092    138.4   1002.7
     1     1    23     1     6    11     0     1    93.0   25.921  -98.230    144.8   1000.7
     1     1    23     1     6    12     0     0    94.0   26.146  -98.380    152.8    998.1
     1     1    23     1     6    13     0     1    95.0   26.386  -98.531    163.0    994.3
     1     1    23     1     6    14     0     2    96.0   26.648  -98.680    171.9    990.0
     1     1    23     1     6    15     0     3    97.0   26.932  -98.833    174.6    985.6
     1     1    23     1     6    16     0     2    98.0   27.240  -98.977    170.8    984.7
     1     1    23     1     6    17     0     1    99.0   27.565  -99.090    165.9    986.5
     1     1    23     1     6    18     0     0   100.0   27.900  -99.169    162.9    987.6
     1     1    23     1     6    19     0     1   101.0   28.239  -99.231    166.2    983.5
     1     1    23     1     6    20     0     2   102.0   28.583  -99.292    184.4    976.5
     1     1    23     1     6    21     0     3   103.0   28.942  -99.353    224.6    967.3
     1     1    23     1     6    22     0     2   104.0   29.329  -99.404    276.3    946.4
     1     1    23     1     6    23     0     1   105.0   29.756  -99.426    317.1    922.8
     1     1    23     1     7     0     0     0   106.0   30.218  -99.409    337.0    910.5
     1     1    23     1     7     1     0     1   107.0   30.690  -99.329    335.9    911.7
     1     1    23     1     7     2     0     2   108.0   31.144  -99.177    307.2    917.4
     1     1    23     1     7     3     0     3   109.0   31.554  -98.982    262.4    930.6
     1     1    23     1     7     4     0     2   110.0   31.936  -98.758    232.3    940.6
     1     1    23     1     7     5     0     1   111.0   32.296  -98.493    208.8    946.0
     1     1    23     1     7     6     0     0   112.0   32.611  -98.209    169.1    953.5
     1     1    23     1     7     7     0     1   113.0   32.850  -97.962    129.2    963.0
     1     1    23     1     7     8     0     2   114.0   32.991  -97.754    108.2    970.3
     1     1    23     1     7     9     0     3   115.0   33.059  -97.557    104.6    974.5
     1     1    23     1     7    10     0     2   116.0   33.080  -97.368    108.6    977.6
     1     1    23     1     7    11     0     1   117.0   33.047  -97.194    115.5    981.0
     1     1    23     1     7    12     0     0   118.0   32.939  -97.028    130.7    983.6
     1     1    23     1     7    13     0     1   119.0   32.826  -96.861    141.8    982.7
     1     1    23     1     7    14     0     2   120.0   32.738  -96.708    145.4    983.9
