     8     1
    GDAS    22    12    22     0     0
    GDAS    22    12    29     0     0
    GDAS    23     1     1     0     0
    GDAS    23     1     8     0     0
    GDAS    23     1    15     0     0
    GDAS    23     1    22     0     0
    GDAS    23     1    29     0     0
    GDAS    23     2     1     0     0
     1 FORWARD  OMEGA   
    23     1    22    14   44.687 -148.330   597.5
     1 PRESSURE
     1     1    23     1    22    14     0     2     0.0   44.687 -148.330    597.5    940.0
     1     1    23     1    22    15     0     3     1.0   45.170 -147.474    612.8    938.0
     1     1    23     1    22    16     0     2     2.0   45.659 -146.623    601.7    941.4
     1     1    23     1    22    17     0     1     3.0   46.127 -145.777    583.2    943.5
     1     1    23     1    22    18     0     0     4.0   46.575 -144.905    559.2    947.9
     1     1    23     1    22    19     0     1     5.0   47.027 -144.048    563.1    948.3
     1     1    23     1    22    20     0     2     6.0   47.463 -143.204    559.3    948.3
     1     1    23     1    22    21     0     3     7.0   47.878 -142.340    532.8    953.2
     1     1    23     1    22    22     0     2     8.0   48.290 -141.450    526.7    954.0
     1     1    23     1    22    23     0     1     9.0   48.676 -140.547    532.8    952.7
     1     1    23     1    23     0     0     0    10.0   49.015 -139.615    499.4    957.7
     1     1    23     1    23     1     0     1    11.0   49.308 -138.652    458.2    963.7
     1     1    23     1    23     2     0     2    12.0   49.570 -137.684    439.0    966.4
     1     1    23     1    23     3     0     3    13.0   49.768 -136.697    411.6    970.4
     1     1    23     1    23     4     0     2    14.0   49.928 -135.714    392.1    973.7
     1     1    23     1    23     5     0     1    15.0   50.063 -134.788    375.9    975.2
     1     1    23     1    23     6     0     0    16.0   50.161 -133.902    311.5    984.9
     1     1    23     1    23     7     0     1    17.0   50.247 -133.092    284.9    989.9
     1     1    23     1    23     8     0     2    18.0   50.308 -132.362    297.1    988.0
     1     1    23     1    23     9     0     3    19.0   50.301 -131.699    303.1    987.1
     1     1    23     1    23    10     0     2    20.0   50.252 -131.121    288.0    988.7
     1     1    23     1    23    11     0     1    21.0   50.217 -130.654    269.3    994.8
     1     1    23     1    23    12     0     0    22.0   50.186 -130.291    258.8    996.0
     1     1    23     1    23    13     0     1    23.0   50.175 -130.005    253.4    997.0
     1     1    23     1    23    14     0     2    24.0   50.232 -129.790    264.5    996.8
     1     1    23     1    23    15     0     3    25.0   50.388 -129.644    294.0    991.9
     1     1    23     1    23    16     0     2    26.0   50.637 -129.484    335.5    986.4
     1     1    23     1    23    17     0     1    27.0   50.974 -129.278    385.6    980.1
     1     1    23     1    23    18     0     0    28.0   51.408 -129.045    454.9    973.6
     1     1    23     1    23    19     0     1    29.0   51.871 -128.776    617.7    957.4
     1     1    23     1    23    20     0     2    30.0   52.309 -128.442    979.5    899.2
     1     1    23     1    23    21     0     3    31.0   52.776 -127.856   1504.3    780.9
     1     1    23     1    23    22     0     2    32.0   53.195 -126.944   1340.8    742.5
     1     1    23     1    23    23     0     1    33.0   53.520 -125.897   1005.5    802.3
     1     1    23     1    24     0     0     0    34.0   53.755 -124.841    835.8    816.9
     1     1    23     1    24     1     0     1    35.0   53.899 -123.892    928.4    829.4
     1     1    23     1    24     2     0     2    36.0   54.014 -122.940   1178.5    804.5
     1     1    23     1    24     3     0     3    37.0   54.153 -121.961   1405.2    769.7
     1     1    23     1    24     4     0     2    38.0   54.266 -120.881   1517.9    716.3
     1     1    23     1    24     5     0     1    39.0   54.245 -119.703   1191.1    727.7
     1     1    23     1    24     6     0     0    40.0   54.259 -118.488    896.8    787.5
     1     1    23     1    24     7     0     1    41.0   54.193 -117.323    765.7    817.7
     1     1    23     1    24     8     0     2    42.0   54.005 -116.264    854.9    802.0
     1     1    23     1    24     9     0     3    43.0   53.809 -115.362    698.3    841.6
     1     1    23     1    24    10     0     2    44.0   53.564 -114.567    683.2    845.3
     1     1    23     1    24    11     0     1    45.0   53.269 -113.798    639.5    848.8
     1     1    23     1    24    12     0     0    46.0   52.987 -113.109    649.3    858.5
     1     1    23     1    24    13     0     1    47.0   52.677 -112.520    755.4    834.6
     1     1    23     1    24    14     0     2    48.0   52.325 -111.970    774.1    834.8
     1     1    23     1    24    15     0     3    49.0   51.960 -111.431    779.2    831.5
     1     1    23     1    24    16     0     2    50.0   51.598 -110.962    776.8    838.6
     1     1    23     1    24    17     0     1    51.0   51.226 -110.566    804.3    845.0
     1     1    23     1    24    18     0     0    52.0   50.857 -110.199    903.4    838.3
     1     1    23     1    24    19     0     1    53.0   50.490 -109.829   1031.1    816.4
     1     1    23     1    24    20     0     2    54.0   50.120 -109.470   1143.9    799.4
     1     1    23     1    24    21     0     3    55.0   49.774 -109.140   1217.6    785.1
     1     1    23     1    24    22     0     2    56.0   49.443 -108.799   1242.0    780.4
     1     1    23     1    24    23     0     1    57.0   49.097 -108.459   1256.3    780.2
     1     1    23     1    25     0     0     0    58.0   48.738 -108.140   1314.4    780.8
     1     1    23     1    25     1     0     1    59.0   48.358 -107.806   1423.1    772.6
     1     1    23     1    25     2     0     2    60.0   47.968 -107.484   1517.6    764.1
     1     1    23     1    25     3     0     3    61.0   47.573 -107.195   1568.5    753.3
     1     1    23     1    25     4     0     2    62.0   47.161 -106.900   1581.1    742.1
     1     1    23     1    25     5     0     1    63.0   46.744 -106.586   1579.5    743.7
     1     1    23     1    25     6     0     0    64.0   46.350 -106.263   1603.0    747.2
     1     1    23     1    25     7     0     1    65.0   45.967 -105.926   1678.9    744.1
     1     1    23     1    25     8     0     2    66.0   45.554 -105.571   1733.2    718.4
     1     1    23     1    25     9     0     3    67.0   45.123 -105.214   1705.5    708.8
     1     1    23     1    25    10     0     2    68.0   44.664 -104.847   1626.7    707.1
     1     1    23     1    25    11     0     1    69.0   44.131 -104.468   1466.1    688.0
     1     1    23     1    25    12     0     0    70.0   43.549 -104.105   1263.4    712.5
     1     1    23     1    25    13     0     1    71.0   43.005 -103.760   1155.3    770.0
     1     1    23     1    25    14     0     2    72.0   42.506 -103.460   1147.6    768.8
     1     1    23     1    25    15     0     3    73.0   41.989 -103.215   1185.7    753.1
     1     1    23     1    25    16     0     2    74.0   41.447 -103.006   1192.7    745.4
     1     1    23     1    25    17     0     1    75.0   40.893 -102.811   1146.9    753.0
     1     1    23     1    25    18     0     0    76.0   40.367 -102.621   1117.7    764.4
     1     1    23     1    25    19     0     1    77.0   39.891 -102.432   1116.3    764.8
     1     1    23     1    25    20     0     2    78.0   39.443 -102.237   1077.9    766.3
     1     1    23     1    25    21     0     3    79.0   39.013 -102.034    988.3    777.1
     1     1    23     1    25    22     0     2    80.0   38.591 -101.814    910.0    800.1
     1     1    23     1    25    23     0     1    81.0   38.180 -101.594    883.7    811.3
     1     1    23     1    26     0     0     0    82.0   37.781 -101.382    874.7    813.5
     1     1    23     1    26     1     0     1    83.0   37.391 -101.180    841.9    821.5
     1     1    23     1    26     2     0     2    84.0   37.001 -100.998    766.9    835.2
     1     1    23     1    26     3     0     3    85.0   36.608 -100.832    662.6    852.9
     1     1    23     1    26     4     0     2    86.0   36.231 -100.660    555.1    866.5
     1     1    23     1    26     5     0     1    87.0   35.890 -100.469    449.6    882.5
     1     1    23     1    26     6     0     0    88.0   35.585 -100.256    353.3    899.8
     1     1    23     1    26     7     0     1    89.0   35.301 -100.021    257.8    919.2
     1     1    23     1    26     8     0     2    90.0   35.051  -99.790    170.5    938.3
     1     1    23     1    26     9     0     3    91.0   34.848  -99.581    106.8    951.3
     1     1    23     1    26    10     0     2    92.0   34.690  -99.392     67.9    961.8
     1     1    23     1    26    11     0     1    93.0   34.568  -99.219     48.5    968.3
     1     1    23     1    26    12     0     0    94.0   34.471  -99.056     40.4    973.6
     1     1    23     1    26    13     0     1    95.0   34.390  -98.895     36.1    976.8
     1     1    23     1    26    14     0     2    96.0   34.326  -98.732     31.2    979.8
     1     1    23     1    26    15     0     3    97.0   34.276  -98.564     26.2    982.6
     1     1    23     1    26    16     0     2    98.0   34.229  -98.388     22.1    985.8
     1     1    23     1    26    17     0     1    99.0   34.174  -98.200     19.3    989.2
     1     1    23     1    26    18     0     0   100.0   34.113  -97.989     18.0    993.1
     1     1    23     1    26    19     0     1   101.0   34.053  -97.765     16.8    993.7
     1     1    23     1    26    20     0     2   102.0   33.998  -97.540     14.9    994.4
     1     1    23     1    26    21     0     3   103.0   33.948  -97.315     12.6    994.5
     1     1    23     1    26    22     0     2   104.0   33.917  -97.106     10.5    996.1
     1     1    23     1    26    23     0     1   105.0   33.912  -96.931      8.8    997.1
     1     1    23     1    27     0     0     0   106.0   33.932  -96.786      7.5    997.9
     1     1    23     1    27     1     0     1   107.0   33.957  -96.653      6.4    998.5
     1     1    23     1    27     2     0     2   108.0   33.976  -96.516      5.7    999.3
     1     1    23     1    27     3     0     3   109.0   33.991  -96.373      5.1   1000.2
     1     1    23     1    27     4     0     2   110.0   34.015  -96.227      4.4   1001.2
     1     1    23     1    27     5     0     1   111.0   34.052  -96.082      3.3   1002.1
     1     1    23     1    27     6     0     0   112.0   34.097  -95.941      1.7   1002.6
     1     1    23     1    27     7     0     1   113.0   34.150  -95.810      0.3   1002.3
     1     1    23     1    27     8     0     2   114.0   34.213  -95.689      0.0   1001.7
     1     1    23     1    27     9     0     3   115.0   34.281  -95.577      0.0   1001.0
     1     1    23     1    27    10     0     2   116.0   34.351  -95.478      0.1   1000.4
     1     1    23     1    27    11     0     1   117.0   34.420  -95.391      0.2    999.5
     1     1    23     1    27    12     0     0   118.0   34.490  -95.316      0.1    998.4
     1     1    23     1    27    13     0     1   119.0   34.564  -95.243      0.0    998.1
     1     1    23     1    27    14     0     2   120.0   34.642  -95.163      0.0    998.0
