     8     1
    GDAS    22    12    22     0     0
    GDAS    22    12    29     0     0
    GDAS    23     1     1     0     0
    GDAS    23     1     8     0     0
    GDAS    23     1    15     0     0
    GDAS    23     1    22     0     0
    GDAS    23     1    29     0     0
    GDAS    23     2     1     0     0
     1 FORWARD  OMEGA   
    23     1    18    16   48.827 -120.584   893.5
     1 PRESSURE
     1     1    23     1    18    16     0     2     0.0   48.827 -120.584    893.5    747.9
     1     1    23     1    18    17     0     1     1.0   49.064 -120.605    758.9    755.7
     1     1    23     1    18    18     0     0     2.0   49.288 -120.675    637.7    778.2
     1     1    23     1    18    19     0     1     3.0   49.488 -120.779    548.1    796.2
     1     1    23     1    18    20     0     2     4.0   49.655 -120.882    481.5    809.9
     1     1    23     1    18    21     0     3     5.0   49.786 -120.967    427.1    820.9
     1     1    23     1    18    22     0     2     6.0   49.895 -121.023    412.0    828.7
     1     1    23     1    18    23     0     1     7.0   50.008 -121.040    452.8    824.4
     1     1    23     1    19     0     0     0     8.0   50.145 -121.023    543.0    816.4
     1     1    23     1    19     1     0     1     9.0   50.292 -120.957    650.0    801.2
     1     1    23     1    19     2     0     2    10.0   50.401 -120.832    734.2    793.1
     1     1    23     1    19     3     0     3    11.0   50.464 -120.641    827.7    783.9
     1     1    23     1    19     4     0     2    12.0   50.499 -120.404    917.1    769.3
     1     1    23     1    19     5     0     1    13.0   50.514 -120.152    988.9    761.0
     1     1    23     1    19     6     0     0    14.0   50.498 -119.884   1064.4    752.6
     1     1    23     1    19     7     0     1    15.0   50.447 -119.621   1132.2    744.4
     1     1    23     1    19     8     0     2    16.0   50.380 -119.382   1184.6    738.3
     1     1    23     1    19     9     0     3    17.0   50.329 -119.164   1227.5    732.9
     1     1    23     1    19    10     0     2    18.0   50.287 -118.957   1263.2    728.3
     1     1    23     1    19    11     0     1    19.0   50.223 -118.759   1303.3    725.6
     1     1    23     1    19    12     0     0    20.0   50.121 -118.572   1349.5    721.0
     1     1    23     1    19    13     0     1    21.0   50.002 -118.403   1387.8    719.7
     1     1    23     1    19    14     0     2    22.0   49.883 -118.258   1408.2    724.0
     1     1    23     1    19    15     0     3    23.0   49.763 -118.133   1394.2    730.2
     1     1    23     1    19    16     0     2    24.0   49.649 -118.033   1351.5    740.2
     1     1    23     1    19    17     0     1    25.0   49.547 -117.959   1304.6    747.4
     1     1    23     1    19    18     0     0    26.0   49.454 -117.904   1265.0    751.7
     1     1    23     1    19    19     0     1    27.0   49.369 -117.850   1239.0    754.4
     1     1    23     1    19    20     0     2    28.0   49.293 -117.787   1225.6    754.2
     1     1    23     1    19    21     0     3    29.0   49.225 -117.716   1213.3    753.1
     1     1    23     1    19    22     0     2    30.0   49.165 -117.640   1199.5    752.7
     1     1    23     1    19    23     0     1    31.0   49.110 -117.559   1188.9    751.1
     1     1    23     1    20     0     0     0    32.0   49.060 -117.472   1183.5    748.5
     1     1    23     1    20     1     0     1    33.0   49.018 -117.367   1178.9    743.7
     1     1    23     1    20     2     0     2    34.0   48.988 -117.235   1170.9    739.0
     1     1    23     1    20     3     0     3    35.0   48.972 -117.074   1162.4    733.2
     1     1    23     1    20     4     0     2    36.0   48.964 -116.882   1156.1    732.0
     1     1    23     1    20     5     0     1    37.0   48.959 -116.663   1147.7    735.5
     1     1    23     1    20     6     0     0    38.0   48.962 -116.416   1139.0    739.4
     1     1    23     1    20     7     0     1    39.0   48.976 -116.142   1130.9    742.3
     1     1    23     1    20     8     0     2    40.0   49.000 -115.857   1132.8    746.1
     1     1    23     1    20     9     0     3    41.0   49.018 -115.573   1165.2    746.7
     1     1    23     1    20    10     0     2    42.0   49.017 -115.288   1228.7    743.0
     1     1    23     1    20    11     0     1    43.0   48.992 -115.005   1311.0    738.5
     1     1    23     1    20    12     0     0    44.0   48.925 -114.698   1336.3    716.0
     1     1    23     1    20    13     0     1    45.0   48.827 -114.373   1280.0    710.8
     1     1    23     1    20    14     0     2    46.0   48.730 -114.071   1179.7    713.8
     1     1    23     1    20    15     0     3    47.0   48.635 -113.816   1090.1    730.0
     1     1    23     1    20    16     0     2    48.0   48.535 -113.590   1015.0    737.0
     1     1    23     1    20    17     0     1    49.0   48.437 -113.374    912.4    744.4
     1     1    23     1    20    18     0     0    50.0   48.350 -113.176    791.1    749.4
     1     1    23     1    20    19     0     1    51.0   48.287 -112.975    643.3    754.2
     1     1    23     1    20    20     0     2    52.0   48.268 -112.761    498.8    785.9
     1     1    23     1    20    21     0     3    53.0   48.278 -112.543    399.0    813.1
     1     1    23     1    20    22     0     2    54.0   48.294 -112.324    343.7    834.2
     1     1    23     1    20    23     0     1    55.0   48.300 -112.112    321.5    851.0
     1     1    23     1    21     0     0     0    56.0   48.294 -111.903    314.3    859.8
     1     1    23     1    21     1     0     1    57.0   48.291 -111.659    295.1    862.9
     1     1    23     1    21     2     0     2    58.0   48.304 -111.350    254.4    871.7
     1     1    23     1    21     3     0     3    59.0   48.333 -110.979    204.1    881.1
     1     1    23     1    21     4     0     2    60.0   48.354 -110.568    196.7    891.6
     1     1    23     1    21     5     0     1    61.0   48.329 -110.105    285.7    888.2
     1     1    23     1    21     6     0     0    62.0   48.251 -109.559    450.6    862.7
     1     1    23     1    21     7     0     1    63.0   48.075 -109.011    604.5    838.8
     1     1    23     1    21     8     0     2    64.0   47.798 -108.519    761.5    829.6
     1     1    23     1    21     9     0     3    65.0   47.481 -108.038    912.6    820.5
     1     1    23     1    21    10     0     2    66.0   47.162 -107.586   1039.0    804.1
     1     1    23     1    21    11     0     1    67.0   46.825 -107.172   1145.3    782.8
     1     1    23     1    21    12     0     0    68.0   46.481 -106.743   1235.9    774.9
     1     1    23     1    21    13     0     1    69.0   46.150 -106.304   1369.3    771.7
     1     1    23     1    21    14     0     2    70.0   45.792 -105.866   1529.1    749.5
     1     1    23     1    21    15     0     3    71.0   45.382 -105.394   1598.1    724.3
     1     1    23     1    21    16     0     2    72.0   44.957 -104.910   1563.0    721.0
     1     1    23     1    21    17     0     1    73.0   44.514 -104.473   1458.6    713.1
     1     1    23     1    21    18     0     0    74.0   44.030 -104.076   1319.0    687.3
     1     1    23     1    21    19     0     1    75.0   43.559 -103.733   1236.9    730.5
     1     1    23     1    21    20     0     2    76.0   43.157 -103.450   1171.2    767.9
     1     1    23     1    21    21     0     3    77.0   42.807 -103.188   1169.7    774.6
     1     1    23     1    21    22     0     2    78.0   42.476 -102.949   1231.2    761.8
     1     1    23     1    21    23     0     1    79.0   42.125 -102.728   1308.9    743.3
     1     1    23     1    22     0     0     0    80.0   41.745 -102.508   1349.4    735.7
     1     1    23     1    22     1     0     1    81.0   41.374 -102.295   1332.4    740.4
     1     1    23     1    22     2     0     2    82.0   41.016 -102.103   1309.9    751.3
     1     1    23     1    22     3     0     3    83.0   40.659 -101.921   1367.3    754.7
     1     1    23     1    22     4     0     2    84.0   40.310 -101.739   1471.5    741.4
     1     1    23     1    22     5     0     1    85.0   39.971 -101.566   1517.5    737.9
     1     1    23     1    22     6     0     0    86.0   39.640 -101.406   1498.7    741.2
     1     1    23     1    22     7     0     1    87.0   39.316 -101.248   1458.5    749.3
     1     1    23     1    22     8     0     2    88.0   39.006 -101.089   1419.8    755.4
     1     1    23     1    22     9     0     3    89.0   38.710 -100.928   1371.8    762.4
     1     1    23     1    22    10     0     2    90.0   38.412 -100.761   1326.4    770.8
     1     1    23     1    22    11     0     1    91.0   38.096 -100.590   1306.4    774.8
     1     1    23     1    22    12     0     0    92.0   37.770 -100.414   1315.8    777.8
     1     1    23     1    22    13     0     1    93.0   37.451 -100.240   1337.3    780.4
     1     1    23     1    22    14     0     2    94.0   37.150 -100.078   1361.3    785.2
     1     1    23     1    22    15     0     3    95.0   36.861  -99.918   1380.2    785.9
     1     1    23     1    22    16     0     2    96.0   36.583  -99.748   1373.9    786.4
     1     1    23     1    22    17     0     1    97.0   36.321  -99.565   1348.9    791.4
     1     1    23     1    22    18     0     0    98.0   36.083  -99.369   1328.1    795.7
     1     1    23     1    22    19     0     1    99.0   35.871  -99.160   1330.0    800.1
     1     1    23     1    22    20     0     2   100.0   35.673  -98.942   1356.6    802.7
     1     1    23     1    22    21     0     3   101.0   35.480  -98.719   1381.9    804.8
     1     1    23     1    22    22     0     2   102.0   35.285  -98.501   1387.5    810.3
     1     1    23     1    22    23     0     1   103.0   35.086  -98.296   1395.3    816.2
     1     1    23     1    23     0     0     0   104.0   34.876  -98.094   1418.4    817.5
     1     1    23     1    23     1     0     1   105.0   34.666  -97.890   1428.3    817.7
     1     1    23     1    23     2     0     2   106.0   34.467  -97.693   1411.2    822.9
     1     1    23     1    23     3     0     3   107.0   34.281  -97.508   1379.0    829.8
     1     1    23     1    23     4     0     2   108.0   34.109  -97.335   1352.9    837.7
     1     1    23     1    23     5     0     1   109.0   33.949  -97.171   1350.7    841.0
     1     1    23     1    23     6     0     0   110.0   33.799  -97.023   1371.2    841.2
     1     1    23     1    23     7     0     1   111.0   33.658  -96.886   1380.1    838.9
     1     1    23     1    23     8     0     2   112.0   33.524  -96.757   1349.7    844.0
     1     1    23     1    23     9     0     3   113.0   33.399  -96.639   1288.5    852.2
     1     1    23     1    23    10     0     2   114.0   33.271  -96.552   1220.8    862.8
     1     1    23     1    23    11     0     1   115.0   33.130  -96.516   1162.4    869.7
     1     1    23     1    23    12     0     0   116.0   32.974  -96.533   1111.2    875.8
     1     1    23     1    23    13     0     1   117.0   32.832  -96.584   1078.4    880.8
     1     1    23     1    23    14     0     2   118.0   32.731  -96.642   1060.9    882.4
     1     1    23     1    23    15     0     3   119.0   32.671  -96.706   1048.0    883.7
     1     1    23     1    23    16     0     2   120.0   32.641  -96.778   1034.6    884.8
