     8     1
    GDAS    22    12    22     0     0
    GDAS    22    12    29     0     0
    GDAS    23     1     1     0     0
    GDAS    23     1     8     0     0
    GDAS    23     1    15     0     0
    GDAS    23     1    22     0     0
    GDAS    23     1    29     0     0
    GDAS    23     2     1     0     0
     1 FORWARD  OMEGA   
    22    12    27    11   28.378 -122.410  2099.6
     1 PRESSURE
     1     1    22    12    27    11     0     1     0.0   28.378 -122.410   2099.6    796.6
     1     1    22    12    27    12     0     0     1.0   28.319 -122.307   2055.4    797.2
     1     1    22    12    27    13     0     1     2.0   28.251 -122.198   1960.1    808.8
     1     1    22    12    27    14     0     2     3.0   28.177 -122.096   1863.6    820.2
     1     1    22    12    27    15     0     3     4.0   28.095 -122.004   1801.6    827.7
     1     1    22    12    27    16     0     2     5.0   28.013 -121.917   1755.1    829.1
     1     1    22    12    27    17     0     1     6.0   27.941 -121.826   1704.0    835.8
     1     1    22    12    27    18     0     0     7.0   27.877 -121.731   1671.4    840.3
     1     1    22    12    27    19     0     1     8.0   27.824 -121.632   1679.6    839.9
     1     1    22    12    27    20     0     2     9.0   27.782 -121.530   1737.1    832.9
     1     1    22    12    27    21     0     3    10.0   27.753 -121.425   1836.7    822.0
     1     1    22    12    27    22     0     2    11.0   27.717 -121.306   1934.5    808.2
     1     1    22    12    27    23     0     1    12.0   27.660 -121.169   1995.3    802.7
     1     1    22    12    28     0     0     0    13.0   27.585 -121.015   2030.9    799.5
     1     1    22    12    28     1     0     1    14.0   27.506 -120.853   2039.3    798.0
     1     1    22    12    28     2     0     2    15.0   27.432 -120.690   2014.4    800.4
     1     1    22    12    28     3     0     3    16.0   27.361 -120.522   1959.3    805.9
     1     1    22    12    28     4     0     2    17.0   27.294 -120.347   1899.6    813.9
     1     1    22    12    28     5     0     1    18.0   27.233 -120.160   1841.1    817.9
     1     1    22    12    28     6     0     0    19.0   27.177 -119.964   1751.8    824.8
     1     1    22    12    28     7     0     1    20.0   27.119 -119.764   1702.6    837.7
     1     1    22    12    28     8     0     2    21.0   27.057 -119.558   1775.7    829.4
     1     1    22    12    28     9     0     3    22.0   27.002 -119.341   1930.5    810.8
     1     1    22    12    28    10     0     2    23.0   26.928 -119.099   2022.5    791.4
     1     1    22    12    28    11     0     1    24.0   26.818 -118.838   1983.3    799.4
     1     1    22    12    28    12     0     0    25.0   26.676 -118.566   1902.7    810.6
     1     1    22    12    28    13     0     1    26.0   26.532 -118.307   1896.0    818.9
     1     1    22    12    28    14     0     2    27.0   26.408 -118.066   1993.9    805.4
     1     1    22    12    28    15     0     3    28.0   26.284 -117.827   2083.8    789.6
     1     1    22    12    28    16     0     2    29.0   26.168 -117.596   2124.3    789.2
     1     1    22    12    28    17     0     1    30.0   26.078 -117.376   2170.5    787.4
     1     1    22    12    28    18     0     0    31.0   26.016 -117.166   2254.0    780.9
     1     1    22    12    28    19     0     1    32.0   25.972 -116.948   2366.2    768.0
     1     1    22    12    28    20     0     2    33.0   25.944 -116.711   2462.0    756.4
     1     1    22    12    28    21     0     3    34.0   25.940 -116.464   2521.7    750.5
     1     1    22    12    28    22     0     2    35.0   25.945 -116.202   2591.6    747.7
     1     1    22    12    28    23     0     1    36.0   25.937 -115.916   2738.0    736.3
     1     1    22    12    29     0     0     0    37.0   25.920 -115.593   2953.7    714.1
     1     1    22    12    29     1     0     1    38.0   25.918 -115.236   3125.3    693.3
     1     1    22    12    29     2     0     2    39.0   25.942 -114.857   3222.7    688.9
     1     1    22    12    29     3     0     3    40.0   25.982 -114.446   3329.4    682.8
     1     1    22    12    29     4     0     2    41.0   26.017 -113.982   3446.7    670.2
     1     1    22    12    29     5     0     1    42.0   26.041 -113.462   3522.1    662.6
     1     1    22    12    29     6     0     0    43.0   26.053 -112.890   3624.4    659.0
     1     1    22    12    29     7     0     1    44.0   26.039 -112.258   3721.0    631.2
     1     1    22    12    29     8     0     2    45.0   26.037 -111.605   3741.5    632.9
     1     1    22    12    29     9     0     3    46.0   26.076 -111.005   3588.2    646.3
     1     1    22    12    29    10     0     2    47.0   26.112 -110.444   3278.3    681.6
     1     1    22    12    29    11     0     1    48.0   26.113 -109.900   2907.2    714.1
     1     1    22    12    29    12     0     0    49.0   26.133 -109.392   2431.4    749.4
     1     1    22    12    29    13     0     1    50.0   26.231 -109.026   1933.8    802.8
     1     1    22    12    29    14     0     2    51.0   26.379 -108.868   1610.7    827.4
     1     1    22    12    29    15     0     3    52.0   26.553 -108.814   1521.7    821.0
     1     1    22    12    29    16     0     2    53.0   26.721 -108.745   1482.0    800.4
     1     1    22    12    29    17     0     1    54.0   26.872 -108.652   1324.7    803.0
     1     1    22    12    29    18     0     0    55.0   26.986 -108.534   1052.8    818.3
     1     1    22    12    29    19     0     1    56.0   27.060 -108.437    840.2    842.4
     1     1    22    12    29    20     0     2    57.0   27.134 -108.354    802.3    830.8
     1     1    22    12    29    21     0     3    58.0   27.221 -108.260    915.4    803.7
     1     1    22    12    29    22     0     2    59.0   27.334 -108.152   1044.5    760.8
     1     1    22    12    29    23     0     1    60.0   27.465 -108.031   1086.0    738.0
     1     1    22    12    30     0     0     0    61.0   27.618 -107.871   1052.4    714.4
     1     1    22    12    30     1     0     1    62.0   27.783 -107.639    948.2    706.6
     1     1    22    12    30     2     0     2    63.0   27.977 -107.295    812.5    704.5
     1     1    22    12    30     3     0     3    64.0   28.190 -106.874    631.3    728.1
     1     1    22    12    30     4     0     2    65.0   28.347 -106.505    436.1    774.6
     1     1    22    12    30     5     0     1    66.0   28.451 -106.245    287.3    812.4
     1     1    22    12    30     6     0     0    67.0   28.543 -106.071    202.9    831.6
     1     1    22    12    30     7     0     1    68.0   28.617 -105.943    144.6    841.1
     1     1    22    12    30     8     0     2    69.0   28.661 -105.842     91.5    849.1
     1     1    22    12    30     9     0     3    70.0   28.685 -105.759     49.5    855.8
     1     1    22    12    30    10     0     2    71.0   28.700 -105.690     26.2    860.8
     1     1    22    12    30    11     0     1    72.0   28.720 -105.623     12.7    862.7
     1     1    22    12    30    12     0     0    73.0   28.742 -105.558      5.9    864.5
     1     1    22    12    30    13     0     1    74.0   28.761 -105.496      1.3    867.0
     1     1    22    12    30    14     0     2    75.0   28.774 -105.439      0.0    869.4
     1     1    22    12    30    15     0     3    76.0   28.781 -105.386      0.0    871.6
     1     1    22    12    30    16     0     2    77.0   28.778 -105.321      0.0    873.6
     1     1    22    12    30    17     0     1    78.0   28.760 -105.225      0.0    876.2
     1     1    22    12    30    18     0     0    79.0   28.727 -105.092      0.0    879.5
     1     1    22    12    30    19     0     1    80.0   28.683 -104.929      0.7    878.6
     1     1    22    12    30    20     0     2    81.0   28.631 -104.746      0.0    873.2
     1     1    22    12    30    21     0     3    82.0   28.567 -104.540      0.0    868.2
     1     1    22    12    30    22     0     2    83.0   28.501 -104.330      0.0    865.2
     1     1    22    12    30    23     0     1    84.0   28.445 -104.138      0.0    863.6
     1     1    22    12    31     0     0     0    85.0   28.402 -103.969      0.0    864.1
     1     1    22    12    31     1     0     1    86.0   28.372 -103.838      0.0    867.5
     1     1    22    12    31     2     0     2    87.0   28.351 -103.754      0.0    869.5
     1     1    22    12    31     3     0     3    88.0   28.341 -103.710      0.0    870.5
     1     1    22    12    31     4     0     2    89.0   28.336 -103.685      0.0    871.0
     1     1    22    12    31     5     0     1    90.0   28.331 -103.659      0.0    871.6
     1     1    22    12    31     6     0     0    91.0   28.326 -103.634      0.0    872.1
     1     1    22    12    31     7     0     1    92.0   28.328 -103.607      0.0    872.7
     1     1    22    12    31     8     0     2    93.0   28.345 -103.576      0.0    873.6
     1     1    22    12    31     9     0     3    94.0   28.377 -103.540      0.0    875.0
     1     1    22    12    31    10     0     2    95.0   28.419 -103.501      0.0    876.8
     1     1    22    12    31    11     0     1    96.0   28.468 -103.461      0.0    879.0
     1     1    22    12    31    12     0     0    97.0   28.526 -103.421      0.0    881.7
     1     1    22    12    31    13     0     1    98.0   28.597 -103.384      0.0    884.8
     1     1    22    12    31    14     0     2    99.0   28.682 -103.353      0.0    888.3
     1     1    22    12    31    15     0     3   100.0   28.780 -103.328      0.0    892.3
     1     1    22    12    31    16     0     2   101.0   28.889 -103.295      0.0    897.5
     1     1    22    12    31    17     0     1   102.0   29.004 -103.240      0.0    904.5
     1     1    22    12    31    18     0     0   103.0   29.118 -103.156      0.0    906.9
     1     1    22    12    31    19     0     1   104.0   29.221 -103.047      0.0    909.1
     1     1    22    12    31    20     0     2   105.0   29.313 -102.919      0.0    905.5
     1     1    22    12    31    21     0     3   106.0   29.400 -102.759      0.0    899.9
     1     1    22    12    31    22     0     2   107.0   29.483 -102.590      0.0    898.9
     1     1    22    12    31    23     0     1   108.0   29.551 -102.447      0.0    900.6
     1     1    23     1     1     0     0     0   109.0   29.594 -102.335      0.0    903.2
     1     1    23     1     1     1     0     1   110.0   29.625 -102.247      0.0    905.9
     1     1    23     1     1     2     0     2   111.0   29.660 -102.171      0.0    909.2
     1     1    23     1     1     3     0     3   112.0   29.705 -102.112      0.0    913.7
     1     1    23     1     1     4     0     2   113.0   29.755 -102.061      0.0    919.0
     1     1    23     1     1     5     0     1   114.0   29.801 -102.004      0.0    924.8
     1     1    23     1     1     6     0     0   115.0   29.844 -101.941      0.0    930.2
     1     1    23     1     1     7     0     1   116.0   29.880 -101.876      0.0    934.3
     1     1    23     1     1     8     0     2   117.0   29.905 -101.808      0.0    937.2
     1     1    23     1     1     9     0     3   118.0   29.920 -101.738      0.0    939.2
     1     1    23     1     1    10     0     2   119.0   29.936 -101.672      0.0    940.9
     1     1    23     1     1    11     0     1   120.0   29.960 -101.617      0.0    942.7
