     8     1
    GDAS    22    12    22     0     0
    GDAS    22    12    29     0     0
    GDAS    23     1     1     0     0
    GDAS    23     1     8     0     0
    GDAS    23     1    15     0     0
    GDAS    23     1    22     0     0
    GDAS    23     1    29     0     0
    GDAS    23     2     1     0     0
     1 FORWARD  OMEGA   
    23     1    26    17   59.966 -105.294  1657.4
     1 PRESSURE
     1     1    23     1    26    17     0     1     0.0   59.966 -105.294   1657.4    765.2
     1     1    23     1    26    18     0     0     1.0   59.675 -104.952   1708.0    763.0
     1     1    23     1    26    19     0     1     2.0   59.377 -104.605   1740.9    759.7
     1     1    23     1    26    20     0     2     3.0   59.065 -104.240   1756.3    757.5
     1     1    23     1    26    21     0     3     4.0   58.739 -103.829   1762.4    755.6
     1     1    23     1    26    22     0     2     5.0   58.401 -103.423   1776.7    755.5
     1     1    23     1    26    23     0     1     6.0   58.049 -103.059   1803.9    752.2
     1     1    23     1    27     0     0     0     7.0   57.676 -102.720   1831.8    751.7
     1     1    23     1    27     1     0     1     8.0   57.287 -102.420   1854.8    752.5
     1     1    23     1    27     2     0     2     9.0   56.890 -102.179   1874.2    750.6
     1     1    23     1    27     3     0     3    10.0   56.493 -101.992   1891.3    749.3
     1     1    23     1    27     4     0     2    11.0   56.103 -101.821   1908.9    746.9
     1     1    23     1    27     5     0     1    12.0   55.708 -101.645   1914.6    745.4
     1     1    23     1    27     6     0     0    13.0   55.295 -101.471   1895.8    746.6
     1     1    23     1    27     7     0     1    14.0   54.863 -101.288   1869.8    752.6
     1     1    23     1    27     8     0     2    15.0   54.421 -101.092   1858.0    756.9
     1     1    23     1    27     9     0     3    16.0   53.968 -100.910   1853.1    759.7
     1     1    23     1    27    10     0     2    17.0   53.501 -100.722   1855.1    760.5
     1     1    23     1    27    11     0     1    18.0   53.021 -100.508   1863.6    758.7
     1     1    23     1    27    12     0     0    19.0   52.516 -100.278   1832.5    755.0
     1     1    23     1    27    13     0     1    20.0   51.987 -100.042   1780.9    767.4
     1     1    23     1    27    14     0     2    21.0   51.441  -99.797   1727.5    767.1
     1     1    23     1    27    15     0     3    22.0   50.891  -99.556   1702.2    771.6
     1     1    23     1    27    16     0     2    23.0   50.365  -99.292   1703.8    769.0
     1     1    23     1    27    17     0     1    24.0   49.880  -98.987   1693.8    769.1
     1     1    23     1    27    18     0     0    25.0   49.410  -98.645   1660.8    770.5
     1     1    23     1    27    19     0     1    26.0   48.943  -98.259   1611.8    775.9
     1     1    23     1    27    20     0     2    27.0   48.494  -97.836   1538.5    783.1
     1     1    23     1    27    21     0     3    28.0   48.074  -97.395   1451.6    797.7
     1     1    23     1    27    22     0     2    29.0   47.675  -96.968   1394.8    815.4
     1     1    23     1    27    23     0     1    30.0   47.283  -96.539   1350.2    811.3
     1     1    23     1    28     0     0     0    31.0   46.900  -96.085   1261.4    812.8
     1     1    23     1    28     1     0     1    32.0   46.530  -95.629   1169.8    829.0
     1     1    23     1    28     2     0     2    33.0   46.174  -95.179   1133.6    833.6
     1     1    23     1    28     3     0     3    34.0   45.834  -94.733   1149.0    832.7
     1     1    23     1    28     4     0     2    35.0   45.526  -94.271   1148.3    831.8
     1     1    23     1    28     5     0     1    36.0   45.257  -93.825   1097.1    846.0
     1     1    23     1    28     6     0     0    37.0   45.022  -93.412   1049.8    858.2
     1     1    23     1    28     7     0     1    38.0   44.810  -93.010   1001.0    858.0
     1     1    23     1    28     8     0     2    39.0   44.606  -92.628    932.4    865.7
     1     1    23     1    28     9     0     3    40.0   44.405  -92.277    854.5    874.7
     1     1    23     1    28    10     0     2    41.0   44.203  -91.973    767.5    884.3
     1     1    23     1    28    11     0     1    42.0   44.001  -91.734    686.6    897.0
     1     1    23     1    28    12     0     0    43.0   43.809  -91.564    632.5    905.6
     1     1    23     1    28    13     0     1    44.0   43.637  -91.463    600.1    910.0
     1     1    23     1    28    14     0     2    45.0   43.496  -91.431    582.7    912.8
     1     1    23     1    28    15     0     3    46.0   43.387  -91.466    582.1    913.3
     1     1    23     1    28    16     0     2    47.0   43.300  -91.542    587.1    910.8
     1     1    23     1    28    17     0     1    48.0   43.217  -91.640    581.9    910.7
     1     1    23     1    28    18     0     0    49.0   43.134  -91.766    562.5    911.7
     1     1    23     1    28    19     0     1    50.0   43.026  -91.935    535.4    914.1
     1     1    23     1    28    20     0     2    51.0   42.877  -92.157    514.9    916.7
     1     1    23     1    28    21     0     3    52.0   42.695  -92.421    514.3    918.4
     1     1    23     1    28    22     0     2    53.0   42.493  -92.713    530.6    917.0
     1     1    23     1    28    23     0     1    54.0   42.270  -93.027    544.4    916.3
     1     1    23     1    29     0     0     0    55.0   42.016  -93.367    548.9    915.5
     1     1    23     1    29     1     0     1    56.0   41.738  -93.707    549.1    913.6
     1     1    23     1    29     2     0     2    57.0   41.443  -94.025    542.0    911.4
     1     1    23     1    29     3     0     3    58.0   41.119  -94.330    528.7    914.1
     1     1    23     1    29     4     0     2    59.0   40.773  -94.601    525.4    917.6
     1     1    23     1    29     5     0     1    60.0   40.419  -94.800    530.4    919.1
     1     1    23     1    29     6     0     0    61.0   40.061  -94.914    532.3    921.4
     1     1    23     1    29     7     0     1    62.0   39.699  -94.979    539.4    922.7
     1     1    23     1    29     8     0     2    63.0   39.334  -95.043    556.7    919.4
     1     1    23     1    29     9     0     3    64.0   38.977  -95.106    565.0    917.2
     1     1    23     1    29    10     0     2    65.0   38.629  -95.181    563.2    917.8
     1     1    23     1    29    11     0     1    66.0   38.290  -95.280    557.7    917.9
     1     1    23     1    29    12     0     0    67.0   37.960  -95.399    545.3    918.5
     1     1    23     1    29    13     0     1    68.0   37.639  -95.528    530.5    921.9
     1     1    23     1    29    14     0     2    69.0   37.328  -95.663    519.7    924.4
     1     1    23     1    29    15     0     3    70.0   37.017  -95.798    509.4    927.4
     1     1    23     1    29    16     0     2    71.0   36.710  -95.921    499.2    931.0
     1     1    23     1    29    17     0     1    72.0   36.413  -96.026    490.5    934.4
     1     1    23     1    29    18     0     0    73.0   36.122  -96.116    487.7    936.9
     1     1    23     1    29    19     0     1    74.0   35.829  -96.190    496.1    935.1
     1     1    23     1    29    20     0     2    75.0   35.531  -96.249    506.3    930.6
     1     1    23     1    29    21     0     3    76.0   35.237  -96.299    503.1    928.6
     1     1    23     1    29    22     0     2    77.0   34.937  -96.348    490.4    930.4
     1     1    23     1    29    23     0     1    78.0   34.622  -96.391    475.7    934.8
     1     1    23     1    30     0     0     0    79.0   34.293  -96.415    467.5    940.5
     1     1    23     1    30     1     0     1    80.0   33.971  -96.412    465.3    943.0
     1     1    23     1    30     2     0     2    81.0   33.665  -96.374    459.6    945.3
     1     1    23     1    30     3     0     3    82.0   33.377  -96.306    455.2    947.8
     1     1    23     1    30     4     0     2    83.0   33.106  -96.218    453.0    948.2
     1     1    23     1    30     5     0     1    84.0   32.845  -96.122    447.8    949.8
     1     1    23     1    30     6     0     0    85.0   32.588  -96.026    436.7    953.1
     1     1    23     1    30     7     0     1    86.0   32.329  -95.941    425.2    957.2
     1     1    23     1    30     8     0     2    87.0   32.074  -95.884    425.3    958.9
     1     1    23     1    30     9     0     3    88.0   31.831  -95.867    440.5    957.5
     1     1    23     1    30    10     0     2    89.0   31.600  -95.877    456.9    954.3
     1     1    23     1    30    11     0     1    90.0   31.367  -95.897    458.1    954.6
     1     1    23     1    30    12     0     0    91.0   31.118  -95.925    444.0    956.8
     1     1    23     1    30    13     0     1    92.0   30.861  -95.962    431.7    960.9
     1     1    23     1    30    14     0     2    93.0   30.627  -96.012    440.7    960.3
     1     1    23     1    30    15     0     3    94.0   30.427  -96.076    468.6    956.5
     1     1    23     1    30    16     0     2    95.0   30.265  -96.155    498.2    951.4
     1     1    23     1    30    17     0     1    96.0   30.136  -96.240    517.3    949.6
     1     1    23     1    30    18     0     0    97.0   30.038  -96.325    531.0    948.6
     1     1    23     1    30    19     0     1    98.0   29.951  -96.409    553.6    947.1
     1     1    23     1    30    20     0     2    99.0   29.875  -96.490    595.4    941.9
     1     1    23     1    30    21     0     3   100.0   29.818  -96.566    648.8    935.4
     1     1    23     1    30    22     0     2   101.0   29.794  -96.638    700.1    928.7
     1     1    23     1    30    23     0     1   102.0   29.799  -96.714    741.4    924.7
     1     1    23     1    31     0     0     0   103.0   29.822  -96.797    780.8    920.9
     1     1    23     1    31     1     0     1   104.0   29.863  -96.881    830.2    916.2
     1     1    23     1    31     2     0     2   105.0   29.929  -96.953    897.5    908.7
     1     1    23     1    31     3     0     3   106.0   30.027  -96.995    991.1    898.4
     1     1    23     1    31     4     0     2   107.0   30.179  -96.987   1085.3    883.9
     1     1    23     1    31     5     0     1   108.0   30.363  -96.936   1135.5    877.1
     1     1    23     1    31     6     0     0   109.0   30.552  -96.852   1144.4    875.6
     1     1    23     1    31     7     0     1   110.0   30.730  -96.759   1141.8    877.5
     1     1    23     1    31     8     0     2   111.0   30.909  -96.666   1139.6    875.7
     1     1    23     1    31     9     0     3   112.0   31.078  -96.583   1119.9    877.1
     1     1    23     1    31    10     0     2   113.0   31.218  -96.519   1098.7    881.1
     1     1    23     1    31    11     0     1   114.0   31.336  -96.467   1095.6    881.4
     1     1    23     1    31    12     0     0   115.0   31.447  -96.424   1107.8    880.0
     1     1    23     1    31    13     0     1   116.0   31.559  -96.378   1152.5    877.9
     1     1    23     1    31    14     0     2   117.0   31.706  -96.299   1254.4    868.5
     1     1    23     1    31    15     0     3   118.0   31.926  -96.169   1424.2    852.8
     1     1    23     1    31    16     0     2   119.0   32.248  -95.945   1576.4    828.2
     1     1    23     1    31    17     0     1   120.0   32.596  -95.610   1682.3    821.2
