     8     1
    GDAS    22    12    22     0     0
    GDAS    22    12    29     0     0
    GDAS    23     1     1     0     0
    GDAS    23     1     8     0     0
    GDAS    23     1    15     0     0
    GDAS    23     1    22     0     0
    GDAS    23     1    29     0     0
    GDAS    23     2     1     0     0
     1 FORWARD  OMEGA   
    23     1    18    15   49.822 -112.847  1778.9
     1 PRESSURE
     1     1    23     1    18    15     0     3     0.0   49.822 -112.847   1778.9    710.9
     1     1    23     1    18    16     0     2     1.0   49.799 -112.740   1732.2    716.2
     1     1    23     1    18    17     0     1     2.0   49.795 -112.608   1679.1    723.3
     1     1    23     1    18    18     0     0     3.0   49.814 -112.464   1619.7    732.1
     1     1    23     1    18    19     0     1     4.0   49.858 -112.305   1555.5    742.1
     1     1    23     1    18    20     0     2     5.0   49.930 -112.121   1483.1    754.0
     1     1    23     1    18    21     0     3     6.0   50.044 -111.897   1399.9    766.7
     1     1    23     1    18    22     0     2     7.0   50.178 -111.654   1337.0    775.9
     1     1    23     1    18    23     0     1     8.0   50.295 -111.441   1309.4    778.7
     1     1    23     1    19     0     0     0     9.0   50.393 -111.273   1303.0    779.4
     1     1    23     1    19     1     0     1    10.0   50.486 -111.148   1294.7    779.1
     1     1    23     1    19     2     0     2    11.0   50.591 -111.067   1266.7    782.3
     1     1    23     1    19     3     0     3    12.0   50.713 -111.022   1218.9    787.9
     1     1    23     1    19     4     0     2    13.0   50.863 -110.998   1150.8    795.5
     1     1    23     1    19     5     0     1    14.0   51.049 -110.994   1056.6    805.2
     1     1    23     1    19     6     0     0    15.0   51.261 -110.995    956.5    815.6
     1     1    23     1    19     7     0     1    16.0   51.473 -110.988    882.7    824.2
     1     1    23     1    19     8     0     2    17.0   51.665 -110.981    841.4    826.5
     1     1    23     1    19     9     0     3    18.0   51.840 -110.973    824.0    827.1
     1     1    23     1    19    10     0     2    19.0   51.986 -110.955    822.5    826.1
     1     1    23     1    19    11     0     1    20.0   52.095 -110.925    829.2    826.9
     1     1    23     1    19    12     0     0    21.0   52.168 -110.885    842.4    827.2
     1     1    23     1    19    13     0     1    22.0   52.212 -110.836    863.4    826.5
     1     1    23     1    19    14     0     2    23.0   52.233 -110.783    891.3    824.5
     1     1    23     1    19    15     0     3    24.0   52.231 -110.729    922.5    821.7
     1     1    23     1    19    16     0     2    25.0   52.200 -110.657    949.6    818.9
     1     1    23     1    19    17     0     1    26.0   52.135 -110.555    965.9    817.5
     1     1    23     1    19    18     0     0    27.0   52.047 -110.427    969.4    817.2
     1     1    23     1    19    19     0     1    28.0   51.929 -110.290    962.7    819.5
     1     1    23     1    19    20     0     2    29.0   51.776 -110.150    954.9    823.2
     1     1    23     1    19    21     0     3    30.0   51.602 -109.991    952.3    826.4
     1     1    23     1    19    22     0     2    31.0   51.404 -109.819    950.1    828.4
     1     1    23     1    19    23     0     1    32.0   51.182 -109.638    949.2    831.2
     1     1    23     1    20     0     0     0    33.0   50.951 -109.437    951.7    831.4
     1     1    23     1    20     1     0     1    34.0   50.699 -109.231    945.7    828.1
     1     1    23     1    20     2     0     2    35.0   50.413 -109.033    923.7    826.6
     1     1    23     1    20     3     0     3    36.0   50.116 -108.819    878.9    826.3
     1     1    23     1    20     4     0     2    37.0   49.832 -108.600    835.2    829.5
     1     1    23     1    20     5     0     1    38.0   49.566 -108.396    807.6    829.6
     1     1    23     1    20     6     0     0    39.0   49.322 -108.194    775.2    831.1
     1     1    23     1    20     7     0     1    40.0   49.100 -107.986    728.9    837.4
     1     1    23     1    20     8     0     2    41.0   48.880 -107.773    699.3    845.8
     1     1    23     1    20     9     0     3    42.0   48.654 -107.534    708.6    848.0
     1     1    23     1    20    10     0     2    43.0   48.425 -107.269    739.6    846.4
     1     1    23     1    20    11     0     1    44.0   48.193 -106.994    771.8    846.2
     1     1    23     1    20    12     0     0    45.0   47.950 -106.709    791.8    845.4
     1     1    23     1    20    13     0     1    46.0   47.705 -106.427    786.3    842.0
     1     1    23     1    20    14     0     2    47.0   47.467 -106.171    760.8    842.4
     1     1    23     1    20    15     0     3    48.0   47.235 -105.942    729.0    844.0
     1     1    23     1    20    16     0     2    49.0   47.023 -105.726    697.3    844.9
     1     1    23     1    20    17     0     1    50.0   46.844 -105.504    677.2    848.6
     1     1    23     1    20    18     0     0    51.0   46.694 -105.276    677.5    848.4
     1     1    23     1    20    19     0     1    52.0   46.561 -105.040    689.5    844.6
     1     1    23     1    20    20     0     2    53.0   46.432 -104.790    698.1    840.4
     1     1    23     1    20    21     0     3    54.0   46.298 -104.525    703.1    838.0
     1     1    23     1    20    22     0     2    55.0   46.146 -104.243    715.4    835.4
     1     1    23     1    20    23     0     1    56.0   45.968 -103.955    734.0    831.7
     1     1    23     1    21     0     0     0    57.0   45.773 -103.673    742.0    831.0
     1     1    23     1    21     1     0     1    58.0   45.576 -103.391    750.6    834.1
     1     1    23     1    21     2     0     2    59.0   45.383 -103.104    770.8    833.5
     1     1    23     1    21     3     0     3    60.0   45.194 -102.822    784.0    834.9
     1     1    23     1    21     4     0     2    61.0   45.001 -102.534    770.2    839.0
     1     1    23     1    21     5     0     1    62.0   44.785 -102.240    747.8    847.3
     1     1    23     1    21     6     0     0    63.0   44.539 -101.945    765.0    849.2
     1     1    23     1    21     7     0     1    64.0   44.300 -101.635    765.2    843.8
     1     1    23     1    21     8     0     2    65.0   44.088 -101.326    720.4    855.4
     1     1    23     1    21     9     0     3    66.0   43.867 -101.040    703.4    861.6
     1     1    23     1    21    10     0     2    67.0   43.647 -100.751    698.3    854.7
     1     1    23     1    21    11     0     1    68.0   43.446 -100.452    669.7    858.4
     1     1    23     1    21    12     0     0    69.0   43.239 -100.178    628.6    863.7
     1     1    23     1    21    13     0     1    70.0   43.006  -99.916    596.8    868.4
     1     1    23     1    21    14     0     2    71.0   42.771  -99.653    593.9    870.2
     1     1    23     1    21    15     0     3    72.0   42.554  -99.411    624.9    868.0
     1     1    23     1    21    16     0     2    73.0   42.352  -99.194    658.0    859.9
     1     1    23     1    21    17     0     1    74.0   42.153  -98.998    650.1    859.3
     1     1    23     1    21    18     0     0    75.0   41.946  -98.826    609.2    865.6
     1     1    23     1    21    19     0     1    76.0   41.752  -98.681    580.6    874.8
     1     1    23     1    21    20     0     2    77.0   41.577  -98.552    588.2    875.4
     1     1    23     1    21    21     0     3    78.0   41.409  -98.432    620.0    874.0
     1     1    23     1    21    22     0     2    79.0   41.240  -98.324    666.8    870.6
     1     1    23     1    21    23     0     1    80.0   41.057  -98.242    719.3    866.7
     1     1    23     1    22     0     0     0    81.0   40.847  -98.201    766.5    862.5
     1     1    23     1    22     1     0     1    82.0   40.620  -98.172    803.0    860.7
     1     1    23     1    22     2     0     2    83.0   40.390  -98.132    828.7    859.4
     1     1    23     1    22     3     0     3    84.0   40.145  -98.091    832.3    860.3
     1     1    23     1    22     4     0     2    85.0   39.892  -98.051    822.2    864.6
     1     1    23     1    22     5     0     1    86.0   39.645  -97.999    829.0    865.2
     1     1    23     1    22     6     0     0    87.0   39.398  -97.935    854.1    862.3
     1     1    23     1    22     7     0     1    88.0   39.145  -97.865    880.3    859.0
     1     1    23     1    22     8     0     2    89.0   38.889  -97.793    895.0    857.7
     1     1    23     1    22     9     0     3    90.0   38.615  -97.717    892.9    857.6
     1     1    23     1    22    10     0     2    91.0   38.315  -97.641    877.3    860.1
     1     1    23     1    22    11     0     1    92.0   38.000  -97.560    849.4    862.1
     1     1    23     1    22    12     0     0    93.0   37.677  -97.470    824.3    869.6
     1     1    23     1    22    13     0     1    94.0   37.354  -97.384    811.2    873.1
     1     1    23     1    22    14     0     2    95.0   37.038  -97.310    797.4    877.4
     1     1    23     1    22    15     0     3    96.0   36.741  -97.237    775.9    882.5
     1     1    23     1    22    16     0     2    97.0   36.474  -97.147    751.6    889.1
     1     1    23     1    22    17     0     1    98.0   36.237  -97.031    735.6    894.0
     1     1    23     1    22    18     0     0    99.0   36.015  -96.888    730.6    897.5
     1     1    23     1    22    19     0     1   100.0   35.801  -96.725    717.0    897.1
     1     1    23     1    22    20     0     2   101.0   35.596  -96.545    684.2    902.3
     1     1    23     1    22    21     0     3   102.0   35.396  -96.345    643.1    909.1
     1     1    23     1    22    22     0     2   103.0   35.192  -96.140    591.4    917.0
     1     1    23     1    22    23     0     1   104.0   34.976  -95.951    522.3    927.2
     1     1    23     1    23     0     0     0   105.0   34.751  -95.784    451.7    940.2
     1     1    23     1    23     1     0     1   106.0   34.515  -95.649    389.2    948.8
     1     1    23     1    23     2     0     2   107.0   34.260  -95.558    323.4    958.3
     1     1    23     1    23     3     0     3   108.0   33.979  -95.516    247.4    969.9
     1     1    23     1    23     4     0     2   109.0   33.733  -95.508    190.9    980.7
     1     1    23     1    23     5     0     1   110.0   33.543  -95.517    162.9    983.7
     1     1    23     1    23     6     0     0   111.0   33.381  -95.548    153.1    985.0
     1     1    23     1    23     7     0     1   112.0   33.238  -95.597    150.7    984.8
     1     1    23     1    23     8     0     2   113.0   33.117  -95.650    148.6    985.6
     1     1    23     1    23     9     0     3   114.0   33.019  -95.706    147.4    986.2
     1     1    23     1    23    10     0     2   115.0   32.923  -95.783    143.4    986.9
     1     1    23     1    23    11     0     1   116.0   32.812  -95.907    134.6    989.3
     1     1    23     1    23    12     0     0   117.0   32.691  -96.076    125.9    991.3
     1     1    23     1    23    13     0     1   118.0   32.591  -96.253    122.7    992.4
     1     1    23     1    23    14     0     2   119.0   32.532  -96.408    124.9    992.1
     1     1    23     1    23    15     0     3   120.0   32.504  -96.540    129.9    991.6
