     8     1
    GDAS    22    12    22     0     0
    GDAS    22    12    29     0     0
    GDAS    23     1     1     0     0
    GDAS    23     1     8     0     0
    GDAS    23     1    15     0     0
    GDAS    23     1    22     0     0
    GDAS    23     1    29     0     0
    GDAS    23     2     1     0     0
     1 FORWARD  OMEGA   
    22    12    29    12   34.748  175.786  1440.2
     1 PRESSURE
     1     1    22    12    29    12     0     0     0.0   34.748  175.786   1440.2    852.1
     1     1    22    12    29    13     0     1     1.0   34.611  176.312   1415.1    855.2
     1     1    22    12    29    14     0     2     2.0   34.478  176.834   1399.8    856.8
     1     1    22    12    29    15     0     3     3.0   34.353  177.346   1385.8    857.3
     1     1    22    12    29    16     0     2     4.0   34.234  177.846   1352.2    859.5
     1     1    22    12    29    17     0     1     5.0   34.109  178.328   1308.2    866.9
     1     1    22    12    29    18     0     0     6.0   33.966  178.800   1306.3    870.7
     1     1    22    12    29    19     0     1     7.0   33.831  179.255   1326.2    863.6
     1     1    22    12    29    20     0     2     8.0   33.729  179.678   1300.5    864.3
     1     1    22    12    29    21     0     3     9.0   33.657 -179.939   1218.4    874.5
     1     1    22    12    29    22     0     2    10.0   33.615 -179.571   1142.0    888.8
     1     1    22    12    29    23     0     1    11.0   33.608 -179.184   1115.4    889.9
     1     1    22    12    30     0     0     0    12.0   33.635 -178.782   1132.9    888.5
     1     1    22    12    30     1     0     1    13.0   33.696 -178.357   1202.4    880.5
     1     1    22    12    30     2     0     2    14.0   33.791 -177.903   1301.3    866.6
     1     1    22    12    30     3     0     3    15.0   33.916 -177.423   1362.5    855.8
     1     1    22    12    30     4     0     2    16.0   34.059 -176.927   1360.0    857.3
     1     1    22    12    30     5     0     1    17.0   34.224 -176.417   1324.1    863.1
     1     1    22    12    30     6     0     0    18.0   34.423 -175.898   1306.3    868.2
     1     1    22    12    30     7     0     1    19.0   34.658 -175.349   1250.4    864.3
     1     1    22    12    30     8     0     2    20.0   34.934 -174.771   1127.9    882.9
     1     1    22    12    30     9     0     3    21.0   35.247 -174.175   1054.9    895.9
     1     1    22    12    30    10     0     2    22.0   35.604 -173.538   1037.5    891.3
     1     1    22    12    30    11     0     1    23.0   36.012 -172.867   1056.4    891.1
     1     1    22    12    30    12     0     0    24.0   36.458 -172.144   1057.4    880.8
     1     1    22    12    30    13     0     1    25.0   36.950 -171.373   1030.6    889.7
     1     1    22    12    30    14     0     2    26.0   37.484 -170.566   1025.9    885.6
     1     1    22    12    30    15     0     3    27.0   38.052 -169.737   1002.0    887.2
     1     1    22    12    30    16     0     2    28.0   38.675 -168.875    924.6    893.0
     1     1    22    12    30    17     0     1    29.0   39.399 -168.012    854.8    901.9
     1     1    22    12    30    18     0     0    30.0   40.191 -167.148    877.7    896.3
     1     1    22    12    30    19     0     1    31.0   41.012 -166.226    912.3    888.0
     1     1    22    12    30    20     0     2    32.0   41.880 -165.303    904.7    887.7
     1     1    22    12    30    21     0     3    33.0   42.797 -164.408    965.9    880.6
     1     1    22    12    30    22     0     2    34.0   43.650 -163.388   1184.7    850.9
     1     1    22    12    30    23     0     1    35.0   44.574 -162.244   1301.8    841.3
     1     1    22    12    31     0     0     0    36.0   45.442 -161.030   1449.9    820.8
     1     1    22    12    31     1     0     1    37.0   46.207 -159.737   1750.3    799.3
     1     1    22    12    31     2     0     2    38.0   46.966 -158.528   2222.8    742.9
     1     1    22    12    31     3     0     3    39.0   47.554 -157.429   2516.0    723.1
     1     1    22    12    31     4     0     2    40.0   48.059 -156.212   2871.9    681.9
     1     1    22    12    31     5     0     1    41.0   48.643 -155.081   3048.5    670.9
     1     1    22    12    31     6     0     0    42.0   49.248 -154.015   3163.5    664.6
     1     1    22    12    31     7     0     1    43.0   49.863 -152.708   3485.4    634.1
     1     1    22    12    31     8     0     2    44.0   50.460 -151.360   4030.8    590.7
     1     1    22    12    31     9     0     3    45.0   50.972 -150.002   4697.0    540.6
     1     1    22    12    31    10     0     2    46.0   51.441 -148.577   5071.4    513.3
     1     1    22    12    31    11     0     1    47.0   51.854 -147.140   5417.7    487.8
     1     1    22    12    31    12     0     0    48.0   52.243 -145.718   5720.6    474.2
     1     1    22    12    31    13     0     1    49.0   52.607 -144.238   6225.5    435.6
     1     1    22    12    31    14     0     2    50.0   52.883 -142.668   6425.0    428.0
     1     1    22    12    31    15     0     3    51.0   53.092 -141.101   6494.0    424.5
     1     1    22    12    31    16     0     2    52.0   53.259 -139.594   6570.9    420.6
     1     1    22    12    31    17     0     1    53.0   53.294 -138.070   6708.0    412.9
     1     1    22    12    31    18     0     0    54.0   53.246 -136.567   6743.9    412.3
     1     1    22    12    31    19     0     1    55.0   53.125 -135.160   6750.0    412.2
     1     1    22    12    31    20     0     2    56.0   52.916 -133.849   6710.8    415.6
     1     1    22    12    31    21     0     3    57.0   52.649 -132.634   6614.6    417.7
     1     1    22    12    31    22     0     2    58.0   52.304 -131.520   6497.0    429.0
     1     1    22    12    31    23     0     1    59.0   51.856 -130.437   6434.1    434.2
     1     1    23     1     1     0     0     0    60.0   51.316 -129.451   6359.0    439.2
     1     1    23     1     1     1     0     1    61.0   50.710 -128.588   6189.5    452.9
     1     1    23     1     1     2     0     2    62.0   50.025 -127.813   6116.7    453.0
     1     1    23     1     1     3     0     3    63.0   49.269 -127.156   6112.7    454.0
     1     1    23     1     1     4     0     2    64.0   48.482 -126.625   6163.8    453.1
     1     1    23     1     1     5     0     1    65.0   47.635 -126.199   6029.4    464.2
     1     1    23     1     1     6     0     0    66.0   46.759 -125.910   5891.0    474.3
     1     1    23     1     1     7     0     1    67.0   45.893 -125.692   5767.7    483.0
     1     1    23     1     1     8     0     2    68.0   45.061 -125.492   5652.1    491.4
     1     1    23     1     1     9     0     3    69.0   44.231 -125.305   5560.1    498.3
     1     1    23     1     1    10     0     2    70.0   43.365 -125.188   5442.2    505.7
     1     1    23     1     1    11     0     1    71.0   42.500 -125.104   5242.7    521.8
     1     1    23     1     1    12     0     0    72.0   41.666 -124.989   5056.4    532.5
     1     1    23     1     1    13     0     1    73.0   40.840 -124.825   4665.8    560.4
     1     1    23     1     1    14     0     2    74.0   40.020 -124.660   4390.5    584.4
     1     1    23     1     1    15     0     3    75.0   39.207 -124.482   4247.9    594.0
     1     1    23     1     1    16     0     2    76.0   38.404 -124.267   3981.9    618.4
     1     1    23     1     1    17     0     1    77.0   37.614 -124.001   3756.2    638.7
     1     1    23     1     1    18     0     0    78.0   36.852 -123.683   3578.5    651.0
     1     1    23     1     1    19     0     1    79.0   36.092 -123.311   3359.0    670.8
     1     1    23     1     1    20     0     2    80.0   35.332 -122.898   3205.6    685.2
     1     1    23     1     1    21     0     3    81.0   34.586 -122.444   3198.5    684.4
     1     1    23     1     1    22     0     2    82.0   33.855 -121.957   3228.3    680.6
     1     1    23     1     1    23     0     1    83.0   33.161 -121.416   3195.4    680.3
     1     1    23     1     2     0     0     0    84.0   32.512 -120.828   3095.3    692.0
     1     1    23     1     2     1     0     1    85.0   31.899 -120.217   2981.4    703.8
     1     1    23     1     2     2     0     2    86.0   31.324 -119.582   2898.7    713.9
     1     1    23     1     2     3     0     3    87.0   30.809 -118.918   2872.7    716.6
     1     1    23     1     2     4     0     2    88.0   30.348 -118.251   2882.5    714.1
     1     1    23     1     2     5     0     1    89.0   29.932 -117.580   2863.9    712.5
     1     1    23     1     2     6     0     0    90.0   29.552 -116.866   2760.2    720.8
     1     1    23     1     2     7     0     1    91.0   29.209 -116.129   2677.7    738.6
     1     1    23     1     2     8     0     2    92.0   28.929 -115.397   2618.0    734.3
     1     1    23     1     2     9     0     3    93.0   28.697 -114.701   2463.6    741.9
     1     1    23     1     2    10     0     2    94.0   28.492 -114.061   2302.0    757.2
     1     1    23     1     2    11     0     1    95.0   28.321 -113.450   2154.5    757.5
     1     1    23     1     2    12     0     0    96.0   28.202 -112.875   1913.4    767.4
     1     1    23     1     2    13     0     1    97.0   28.159 -112.395   1728.5    819.0
     1     1    23     1     2    14     0     2    98.0   28.174 -112.007   1755.0    829.7
     1     1    23     1     2    15     0     3    99.0   28.227 -111.652   1880.5    804.8
     1     1    23     1     2    16     0     2   100.0   28.325 -111.286   1998.5    788.3
     1     1    23     1     2    17     0     1   101.0   28.480 -110.901   2138.3    770.5
     1     1    23     1     2    18     0     0   102.0   28.696 -110.464   2296.1    734.1
     1     1    23     1     2    19     0     1   103.0   28.968 -109.919   2455.9    688.6
     1     1    23     1     2    20     0     2   104.0   29.229 -109.215   2506.7    640.5
     1     1    23     1     2    21     0     3   105.0   29.474 -108.353   2187.1    615.8
     1     1    23     1     2    22     0     2   106.0   29.656 -107.318   1903.9    656.9
     1     1    23     1     2    23     0     1   107.0   29.769 -106.434   2413.5    617.5
     1     1    23     1     3     0     0     0   108.0   29.864 -105.715   2609.1    617.4
     1     1    23     1     3     1     0     1   109.0   30.046 -104.935   2460.3    620.9
     1     1    23     1     3     2     0     2   110.0   30.343 -104.134   2365.0    646.7
     1     1    23     1     3     3     0     3   111.0   30.719 -103.319   2506.6    653.1
     1     1    23     1     3     4     0     2   112.0   31.162 -102.570   2501.6    673.4
     1     1    23     1     3     5     0     1   113.0   31.607 -101.797   2468.4    677.6
     1     1    23     1     3     6     0     0   114.0   32.088 -100.994   2407.1    690.7
     1     1    23     1     3     7     0     1   115.0   32.563 -100.158   2353.2    708.9
     1     1    23     1     3     8     0     2   116.0   32.972  -99.282   2271.3    727.0
     1     1    23     1     3     9     0     3   117.0   33.293  -98.405   2134.1    747.3
     1     1    23     1     3    10     0     2   118.0   33.525  -97.637   2030.2    765.9
     1     1    23     1     3    11     0     1   119.0   33.758  -96.896   2005.2    774.3
     1     1    23     1     3    12     0     0   120.0   34.039  -96.135   1995.4    776.8
