     8     1
    GDAS    22    12    22     0     0
    GDAS    22    12    29     0     0
    GDAS    23     1     1     0     0
    GDAS    23     1     8     0     0
    GDAS    23     1    15     0     0
    GDAS    23     1    22     0     0
    GDAS    23     1    29     0     0
    GDAS    23     2     1     0     0
     1 FORWARD  OMEGA   
    23     1     6    11   30.966 -110.908  1336.1
     1 PRESSURE
     1     1    23     1     6    11     0     1     0.0   30.966 -110.908   1336.1    746.2
     1     1    23     1     6    12     0     0     1.0   31.082 -110.558   1335.5    734.9
     1     1    23     1     6    13     0     1     2.0   31.198 -110.178   1334.0    723.2
     1     1    23     1     6    14     0     2     3.0   31.312 -109.778   1308.7    718.2
     1     1    23     1     6    15     0     3     4.0   31.423 -109.373   1223.2    724.9
     1     1    23     1     6    16     0     2     5.0   31.533 -108.994   1107.0    742.4
     1     1    23     1     6    17     0     1     6.0   31.618 -108.642   1025.7    759.9
     1     1    23     1     6    18     0     0     7.0   31.662 -108.285    981.4    767.4
     1     1    23     1     6    19     0     1     8.0   31.678 -107.915    948.6    773.2
     1     1    23     1     6    20     0     2     9.0   31.678 -107.562    907.2    778.6
     1     1    23     1     6    21     0     3    10.0   31.666 -107.257    843.8    786.6
     1     1    23     1     6    22     0     2    11.0   31.632 -106.994    770.4    797.1
     1     1    23     1     6    23     0     1    12.0   31.574 -106.749    705.9    799.1
     1     1    23     1     7     0     0     0    13.0   31.498 -106.513    654.5    799.2
     1     1    23     1     7     1     0     1    14.0   31.407 -106.292    604.3    799.2
     1     1    23     1     7     2     0     2    15.0   31.304 -106.084    548.5    800.5
     1     1    23     1     7     3     0     3    16.0   31.191 -105.885    483.8    805.5
     1     1    23     1     7     4     0     2    17.0   31.078 -105.713    409.1    814.9
     1     1    23     1     7     5     0     1    18.0   30.978 -105.580    342.5    823.0
     1     1    23     1     7     6     0     0    19.0   30.888 -105.480    299.4    829.6
     1     1    23     1     7     7     0     1    20.0   30.803 -105.405    277.1    832.2
     1     1    23     1     7     8     0     2    21.0   30.720 -105.350    264.5    834.5
     1     1    23     1     7     9     0     3    22.0   30.641 -105.314    258.9    835.9
     1     1    23     1     7    10     0     2    23.0   30.569 -105.297    255.8    837.0
     1     1    23     1     7    11     0     1    24.0   30.504 -105.299    253.2    838.4
     1     1    23     1     7    12     0     0    25.0   30.445 -105.316    253.8    839.0
     1     1    23     1     7    13     0     1    26.0   30.391 -105.343    254.7    839.3
     1     1    23     1     7    14     0     2    27.0   30.340 -105.372    252.6    840.3
     1     1    23     1     7    15     0     3    28.0   30.292 -105.403    248.7    841.4
     1     1    23     1     7    16     0     2    29.0   30.246 -105.435    247.2    842.1
     1     1    23     1     7    17     0     1    30.0   30.203 -105.470    252.1    841.8
     1     1    23     1     7    18     0     0    31.0   30.166 -105.513    263.0    840.6
     1     1    23     1     7    19     0     1    32.0   30.133 -105.558    281.4    838.1
     1     1    23     1     7    20     0     2    33.0   30.096 -105.600    309.1    834.5
     1     1    23     1     7    21     0     3    34.0   30.049 -105.643    346.5    830.2
     1     1    23     1     7    22     0     2    35.0   29.992 -105.705    373.2    825.7
     1     1    23     1     7    23     0     1    36.0   29.930 -105.808    372.1    825.0
     1     1    23     1     8     0     0     0    37.0   29.871 -105.957    340.7    825.7
     1     1    23     1     8     1     0     1    38.0   29.819 -106.112    309.8    830.0
     1     1    23     1     8     2     0     2    39.0   29.782 -106.219    297.0    828.3
     1     1    23     1     8     3     0     3    40.0   29.764 -106.290    288.0    827.2
     1     1    23     1     8     4     0     2    41.0   29.766 -106.340    278.9    827.4
     1     1    23     1     8     5     0     1    42.0   29.781 -106.377    272.1    827.8
     1     1    23     1     8     6     0     0    43.0   29.813 -106.403    267.6    828.7
     1     1    23     1     8     7     0     1    44.0   29.852 -106.425    270.5    829.2
     1     1    23     1     8     8     0     2    45.0   29.891 -106.453    285.0    827.9
     1     1    23     1     8     9     0     3    46.0   29.929 -106.488    310.5    825.6
     1     1    23     1     8    10     0     2    47.0   29.972 -106.529    334.2    823.0
     1     1    23     1     8    11     0     1    48.0   30.022 -106.571    344.5    823.0
     1     1    23     1     8    12     0     0    49.0   30.079 -106.610    341.8    823.8
     1     1    23     1     8    13     0     1    50.0   30.139 -106.644    337.6    826.3
     1     1    23     1     8    14     0     2    51.0   30.203 -106.677    343.9    827.0
     1     1    23     1     8    15     0     3    52.0   30.271 -106.709    361.2    826.8
     1     1    23     1     8    16     0     2    53.0   30.343 -106.744    379.7    825.5
     1     1    23     1     8    17     0     1    54.0   30.419 -106.779    388.8    826.3
     1     1    23     1     8    18     0     0    55.0   30.497 -106.816    388.6    828.2
     1     1    23     1     8    19     0     1    56.0   30.570 -106.854    380.9    830.0
     1     1    23     1     8    20     0     2    57.0   30.631 -106.894    364.1    832.2
     1     1    23     1     8    21     0     3    58.0   30.678 -106.936    333.6    835.7
     1     1    23     1     8    22     0     2    59.0   30.699 -106.974    300.6    841.4
     1     1    23     1     8    23     0     1    60.0   30.685 -106.999    280.6    843.6
     1     1    23     1     9     0     0     0    61.0   30.638 -107.009    279.0    842.5
     1     1    23     1     9     1     0     1    62.0   30.582 -107.013    289.2    838.9
     1     1    23     1     9     2     0     2    63.0   30.548 -107.020    287.6    837.9
     1     1    23     1     9     3     0     3    64.0   30.536 -107.029    268.7    839.6
     1     1    23     1     9     4     0     2    65.0   30.536 -107.029    246.3    843.8
     1     1    23     1     9     5     0     1    66.0   30.535 -107.011    233.4    845.7
     1     1    23     1     9     6     0     0    67.0   30.534 -106.975    228.9    846.4
     1     1    23     1     9     7     0     1    68.0   30.537 -106.928    226.2    845.3
     1     1    23     1     9     8     0     2    69.0   30.545 -106.877    219.4    845.5
     1     1    23     1     9     9     0     3    70.0   30.553 -106.823    210.1    845.8
     1     1    23     1     9    10     0     2    71.0   30.564 -106.765    197.9    846.3
     1     1    23     1     9    11     0     1    72.0   30.585 -106.707    181.5    847.5
     1     1    23     1     9    12     0     0    73.0   30.613 -106.650    160.1    849.4
     1     1    23     1     9    13     0     1    74.0   30.645 -106.599    139.7    852.8
     1     1    23     1     9    14     0     2    75.0   30.676 -106.559    127.1    854.4
     1     1    23     1     9    15     0     3    76.0   30.707 -106.528    122.3    855.3
     1     1    23     1     9    16     0     2    77.0   30.736 -106.500    121.1    855.0
     1     1    23     1     9    17     0     1    78.0   30.762 -106.472    118.2    855.2
     1     1    23     1     9    18     0     0    79.0   30.786 -106.443    113.2    855.6
     1     1    23     1     9    19     0     1    80.0   30.809 -106.403    108.2    854.9
     1     1    23     1     9    20     0     2    81.0   30.834 -106.341    105.1    853.3
     1     1    23     1     9    21     0     3    82.0   30.862 -106.251    103.4    850.8
     1     1    23     1     9    22     0     2    83.0   30.891 -106.142    103.0    848.1
     1     1    23     1     9    23     0     1    84.0   30.920 -106.024    104.1    845.0
     1     1    23     1    10     0     0     0    85.0   30.949 -105.901    101.5    844.6
     1     1    23     1    10     1     0     1    86.0   30.973 -105.789     91.5    846.4
     1     1    23     1    10     2     0     2    87.0   30.992 -105.699     81.1    848.6
     1     1    23     1    10     3     0     3    88.0   31.006 -105.629     76.6    850.0
     1     1    23     1    10     4     0     2    89.0   31.022 -105.565     72.4    850.1
     1     1    23     1    10     5     0     1    90.0   31.046 -105.504     62.2    852.0
     1     1    23     1    10     6     0     0    91.0   31.078 -105.449     48.3    854.5
     1     1    23     1    10     7     0     1    92.0   31.116 -105.398     38.4    856.6
     1     1    23     1    10     8     0     2    93.0   31.161 -105.346     36.2    857.2
     1     1    23     1    10     9     0     3    94.0   31.214 -105.294     40.0    857.4
     1     1    23     1    10    10     0     2    95.0   31.270 -105.240     47.4    857.3
     1     1    23     1    10    11     0     1    96.0   31.324 -105.183     56.9    857.3
     1     1    23     1    10    12     0     0    97.0   31.372 -105.118     71.6    856.7
     1     1    23     1    10    13     0     1    98.0   31.417 -105.049     91.1    855.5
     1     1    23     1    10    14     0     2    99.0   31.465 -104.985    105.3    855.0
     1     1    23     1    10    15     0     3   100.0   31.517 -104.928    101.3    857.0
     1     1    23     1    10    16     0     2   101.0   31.578 -104.871     91.2    862.3
     1     1    23     1    10    17     0     1   102.0   31.653 -104.788     87.9    866.3
     1     1    23     1    10    18     0     0   103.0   31.739 -104.664     90.1    871.5
     1     1    23     1    10    19     0     1   104.0   31.824 -104.459    109.0    878.5
     1     1    23     1    10    20     0     2   105.0   31.901 -104.118    123.2    887.9
     1     1    23     1    10    21     0     3   106.0   31.970 -103.675    107.2    898.3
     1     1    23     1    10    22     0     2   107.0   32.027 -103.233    136.3    897.2
     1     1    23     1    10    23     0     1   108.0   32.064 -102.817    174.0    888.8
     1     1    23     1    11     0     0     0   109.0   32.092 -102.415    158.3    891.4
     1     1    23     1    11     1     0     1   110.0   32.131 -102.032    104.4    903.2
     1     1    23     1    11     2     0     2   111.0   32.175 -101.712     56.3    914.7
     1     1    23     1    11     3     0     3   112.0   32.216 -101.452     26.6    921.6
     1     1    23     1    11     4     0     2   113.0   32.257 -101.217      5.0    925.7
     1     1    23     1    11     5     0     1   114.0   32.300 -101.003      0.0    929.0
     1     1    23     1    11     6     0     0   115.0   32.343 -100.799      0.0    932.9
     1     1    23     1    11     7     0     1   116.0   32.390 -100.610      0.0    936.2
     1     1    23     1    11     8     0     2   117.0   32.443 -100.436      0.0    939.2
     1     1    23     1    11     9     0     3   118.0   32.501 -100.272      0.0    942.3
     1     1    23     1    11    10     0     2   119.0   32.562 -100.111      0.0    945.6
     1     1    23     1    11    11     0     1   120.0   32.621  -99.947      0.0    948.7
