     8     1
    GDAS    22    12    22     0     0
    GDAS    22    12    29     0     0
    GDAS    23     1     1     0     0
    GDAS    23     1     8     0     0
    GDAS    23     1    15     0     0
    GDAS    23     1    22     0     0
    GDAS    23     1    29     0     0
    GDAS    23     2     1     0     0
     1 FORWARD  OMEGA   
    23     1    26    14   67.692 -116.762   736.6
     1 PRESSURE
     1     1    23     1    26    14     0     2     0.0   67.692 -116.762    736.6    891.3
     1     1    23     1    26    15     0     3     1.0   67.440 -116.625    733.4    881.8
     1     1    23     1    26    16     0     2     2.0   67.190 -116.490    727.0    875.5
     1     1    23     1    26    17     0     1     3.0   66.945 -116.340    727.1    872.5
     1     1    23     1    26    18     0     0     4.0   66.709 -116.163    739.5    874.8
     1     1    23     1    26    19     0     1     5.0   66.475 -115.952    753.7    873.2
     1     1    23     1    26    20     0     2     6.0   66.235 -115.708    758.3    870.5
     1     1    23     1    26    21     0     3     7.0   65.985 -115.427    744.2    870.0
     1     1    23     1    26    22     0     2     8.0   65.726 -115.144    722.5    874.9
     1     1    23     1    26    23     0     1     9.0   65.458 -114.884    712.8    877.3
     1     1    23     1    27     0     0     0    10.0   65.182 -114.629    711.6    877.9
     1     1    23     1    27     1     0     1    11.0   64.898 -114.384    717.2    876.8
     1     1    23     1    27     2     0     2    12.0   64.610 -114.163    728.8    875.7
     1     1    23     1    27     3     0     3    13.0   64.317 -113.955    740.6    875.1
     1     1    23     1    27     4     0     2    14.0   64.024 -113.744    749.3    876.4
     1     1    23     1    27     5     0     1    15.0   63.730 -113.524    757.2    879.2
     1     1    23     1    27     6     0     0    16.0   63.434 -113.293    765.2    880.7
     1     1    23     1    27     7     0     1    17.0   63.126 -113.049    765.1    881.6
     1     1    23     1    27     8     0     2    18.0   62.808 -112.797    755.1    887.6
     1     1    23     1    27     9     0     3    19.0   62.487 -112.545    743.6    896.8
     1     1    23     1    27    10     0     2    20.0   62.172 -112.303    738.6    906.4
     1     1    23     1    27    11     0     1    21.0   61.861 -112.071    742.8    909.7
     1     1    23     1    27    12     0     0    22.0   61.539 -111.827    750.1    902.5
     1     1    23     1    27    13     0     1    23.0   61.198 -111.561    756.4    894.4
     1     1    23     1    27    14     0     2    24.0   60.840 -111.271    762.3    889.5
     1     1    23     1    27    15     0     3    25.0   60.468 -110.965    774.7    887.4
     1     1    23     1    27    16     0     2    26.0   60.084 -110.651    791.4    885.5
     1     1    23     1    27    17     0     1    27.0   59.697 -110.348    808.5    886.0
     1     1    23     1    27    18     0     0    28.0   59.317 -110.063    842.6    888.1
     1     1    23     1    27    19     0     1    29.0   58.942 -109.774    896.5    882.4
     1     1    23     1    27    20     0     2    30.0   58.558 -109.463    935.2    862.0
     1     1    23     1    27    21     0     3    31.0   58.148 -109.113    941.9    845.5
     1     1    23     1    27    22     0     2    32.0   57.709 -108.748    933.2    844.3
     1     1    23     1    27    23     0     1    33.0   57.252 -108.400    932.3    849.2
     1     1    23     1    28     0     0     0    34.0   56.784 -108.070    934.0    849.9
     1     1    23     1    28     1     0     1    35.0   56.315 -107.762    929.5    851.6
     1     1    23     1    28     2     0     2    36.0   55.851 -107.480    918.0    855.3
     1     1    23     1    28     3     0     3    37.0   55.390 -107.217    897.6    857.7
     1     1    23     1    28     4     0     2    38.0   54.937 -106.965    880.4    858.3
     1     1    23     1    28     5     0     1    39.0   54.495 -106.719    868.7    856.8
     1     1    23     1    28     6     0     0    40.0   54.056 -106.474    848.9    854.1
     1     1    23     1    28     7     0     1    41.0   53.625 -106.216    838.9    859.2
     1     1    23     1    28     8     0     2    42.0   53.212 -105.948    869.5    861.1
     1     1    23     1    28     9     0     3    43.0   52.830 -105.656    920.8    852.9
     1     1    23     1    28    10     0     2    44.0   52.470 -105.325    952.1    844.6
     1     1    23     1    28    11     0     1    45.0   52.114 -104.956    952.5    842.9
     1     1    23     1    28    12     0     0    46.0   51.758 -104.545    951.1    843.8
     1     1    23     1    28    13     0     1    47.0   51.396 -104.101    960.8    838.9
     1     1    23     1    28    14     0     2    48.0   51.027 -103.649    972.7    834.3
     1     1    23     1    28    15     0     3    49.0   50.649 -103.211    997.8    831.1
     1     1    23     1    28    16     0     2    50.0   50.272 -102.788   1021.3    822.9
     1     1    23     1    28    17     0     1    51.0   49.912 -102.365   1012.2    822.6
     1     1    23     1    28    18     0     0    52.0   49.579 -101.946    976.0    833.7
     1     1    23     1    28    19     0     1    53.0   49.278 -101.523    930.3    849.5
     1     1    23     1    28    20     0     2    54.0   49.008 -101.103    898.2    860.2
     1     1    23     1    28    21     0     3    55.0   48.753 -100.673    873.4    855.1
     1     1    23     1    28    22     0     2    56.0   48.490 -100.210    828.1    855.5
     1     1    23     1    28    23     0     1    57.0   48.215  -99.727    768.3    871.0
     1     1    23     1    29     0     0     0    58.0   47.932  -99.255    721.3    880.7
     1     1    23     1    29     1     0     1    59.0   47.648  -98.810    677.1    883.2
     1     1    23     1    29     2     0     2    60.0   47.362  -98.384    625.7    892.8
     1     1    23     1    29     3     0     3    61.0   47.060  -97.967    596.5    906.3
     1     1    23     1    29     4     0     2    62.0   46.770  -97.606    604.0    909.4
     1     1    23     1    29     5     0     1    63.0   46.513  -97.309    612.7    909.3
     1     1    23     1    29     6     0     0    64.0   46.275  -97.033    598.4    911.5
     1     1    23     1    29     7     0     1    65.0   46.043  -96.740    564.5    915.1
     1     1    23     1    29     8     0     2    66.0   45.812  -96.431    537.7    917.4
     1     1    23     1    29     9     0     3    67.0   45.578  -96.126    527.7    919.0
     1     1    23     1    29    10     0     2    68.0   45.341  -95.845    524.9    919.7
     1     1    23     1    29    11     0     1    69.0   45.096  -95.600    520.0    919.8
     1     1    23     1    29    12     0     0    70.0   44.843  -95.389    511.0    919.1
     1     1    23     1    29    13     0     1    71.0   44.588  -95.205    497.6    918.5
     1     1    23     1    29    14     0     2    72.0   44.335  -95.037    476.7    920.4
     1     1    23     1    29    15     0     3    73.0   44.080  -94.883    448.8    925.0
     1     1    23     1    29    16     0     2    74.0   43.833  -94.743    420.0    930.9
     1     1    23     1    29    17     0     1    75.0   43.601  -94.620    395.5    935.1
     1     1    23     1    29    18     0     0    76.0   43.387  -94.511    372.9    938.2
     1     1    23     1    29    19     0     1    77.0   43.185  -94.410    351.0    940.7
     1     1    23     1    29    20     0     2    78.0   42.983  -94.313    328.6    942.6
     1     1    23     1    29    21     0     3    79.0   42.781  -94.217    305.2    946.2
     1     1    23     1    29    22     0     2    80.0   42.576  -94.120    283.8    950.1
     1     1    23     1    29    23     0     1    81.0   42.353  -94.027    267.1    953.6
     1     1    23     1    30     0     0     0    82.0   42.109  -93.945    257.6    955.6
     1     1    23     1    30     1     0     1    83.0   41.847  -93.875    252.2    956.6
     1     1    23     1    30     2     0     2    84.0   41.580  -93.821    243.5    958.0
     1     1    23     1    30     3     0     3    85.0   41.312  -93.791    229.4    960.2
     1     1    23     1    30     4     0     2    86.0   41.043  -93.781    211.1    962.6
     1     1    23     1    30     5     0     1    87.0   40.776  -93.781    192.8    966.7
     1     1    23     1    30     6     0     0    88.0   40.510  -93.785    176.9    970.4
     1     1    23     1    30     7     0     1    89.0   40.244  -93.797    162.6    974.1
     1     1    23     1    30     8     0     2    90.0   39.979  -93.823    150.6    977.6
     1     1    23     1    30     9     0     3    91.0   39.716  -93.859    145.2    979.2
     1     1    23     1    30    10     0     2    92.0   39.460  -93.905    149.6    978.6
     1     1    23     1    30    11     0     1    93.0   39.210  -93.968    163.9    976.3
     1     1    23     1    30    12     0     0    94.0   38.962  -94.052    186.0    973.1
     1     1    23     1    30    13     0     1    95.0   38.720  -94.154    204.6    971.4
     1     1    23     1    30    14     0     2    96.0   38.488  -94.267    213.6    971.9
     1     1    23     1    30    15     0     3    97.0   38.268  -94.393    216.6    972.5
     1     1    23     1    30    16     0     2    98.0   38.059  -94.525    216.7    972.5
     1     1    23     1    30    17     0     1    99.0   37.863  -94.655    218.8    970.5
     1     1    23     1    30    18     0     0   100.0   37.678  -94.780    233.1    967.9
     1     1    23     1    30    19     0     1   101.0   37.489  -94.897    266.4    962.7
     1     1    23     1    30    20     0     2   102.0   37.284  -95.005    311.9    955.3
     1     1    23     1    30    21     0     3   103.0   37.064  -95.101    347.4    948.3
     1     1    23     1    30    22     0     2   104.0   36.839  -95.203    357.2    947.7
     1     1    23     1    30    23     0     1   105.0   36.614  -95.326    343.8    950.6
     1     1    23     1    31     0     0     0   106.0   36.385  -95.466    319.7    956.0
     1     1    23     1    31     1     0     1   107.0   36.156  -95.615    299.8    961.3
     1     1    23     1    31     2     0     2   108.0   35.923  -95.763    288.0    964.9
     1     1    23     1    31     3     0     3   109.0   35.675  -95.906    278.2    967.0
     1     1    23     1    31     4     0     2   110.0   35.411  -96.038    266.8    968.5
     1     1    23     1    31     5     0     1   111.0   35.134  -96.154    256.0    968.0
     1     1    23     1    31     6     0     0   112.0   34.847  -96.248    246.0    968.5
     1     1    23     1    31     7     0     1   113.0   34.556  -96.333    233.2    971.0
     1     1    23     1    31     8     0     2   114.0   34.264  -96.423    219.2    974.7
     1     1    23     1    31     9     0     3   115.0   33.977  -96.521    210.1    977.8
     1     1    23     1    31    10     0     2   116.0   33.703  -96.615    202.4    978.8
     1     1    23     1    31    11     0     1   117.0   33.447  -96.689    189.9    981.5
     1     1    23     1    31    12     0     0   118.0   33.204  -96.741    174.0    985.0
     1     1    23     1    31    13     0     1   119.0   32.966  -96.775    157.1    988.9
     1     1    23     1    31    14     0     2   120.0   32.725  -96.795    141.6    990.4
