     8     1
    GDAS    22    12    22     0     0
    GDAS    22    12    29     0     0
    GDAS    23     1     1     0     0
    GDAS    23     1     8     0     0
    GDAS    23     1    15     0     0
    GDAS    23     1    22     0     0
    GDAS    23     1    29     0     0
    GDAS    23     2     1     0     0
     1 FORWARD  OMEGA   
    23     1     6    14   29.930 -111.984  1328.4
     1 PRESSURE
     1     1    23     1     6    14     0     2     0.0   29.930 -111.984   1328.4    807.2
     1     1    23     1     6    15     0     3     1.0   29.848 -111.905   1292.7    815.5
     1     1    23     1     6    16     0     2     2.0   29.759 -111.852   1273.7    823.1
     1     1    23     1     6    17     0     1     3.0   29.680 -111.812   1276.3    827.1
     1     1    23     1     6    18     0     0     4.0   29.611 -111.784   1295.9    828.9
     1     1    23     1     6    19     0     1     5.0   29.555 -111.767   1313.0    827.9
     1     1    23     1     6    20     0     2     6.0   29.508 -111.759   1309.4    830.3
     1     1    23     1     6    21     0     3     7.0   29.466 -111.764   1285.7    834.4
     1     1    23     1     6    22     0     2     8.0   29.419 -111.778   1258.0    841.6
     1     1    23     1     6    23     0     1     9.0   29.362 -111.804   1247.8    846.3
     1     1    23     1     7     0     0     0    10.0   29.294 -111.841   1261.9    849.4
     1     1    23     1     7     1     0     1    11.0   29.229 -111.890   1289.2    849.5
     1     1    23     1     7     2     0     2    12.0   29.176 -111.947   1305.3    851.3
     1     1    23     1     7     3     0     3    13.0   29.133 -112.013   1301.2    854.9
     1     1    23     1     7     4     0     2    14.0   29.090 -112.067   1291.8    861.2
     1     1    23     1     7     5     0     1    15.0   29.052 -112.090   1291.7    863.3
     1     1    23     1     7     6     0     0    16.0   29.025 -112.083   1294.0    864.3
     1     1    23     1     7     7     0     1    17.0   29.006 -112.049   1285.9    864.5
     1     1    23     1     7     8     0     2    18.0   28.985 -111.990   1256.1    867.2
     1     1    23     1     7     9     0     3    19.0   28.964 -111.910   1214.3    871.3
     1     1    23     1     7    10     0     2    20.0   28.945 -111.822   1190.9    875.2
     1     1    23     1     7    11     0     1    21.0   28.939 -111.735   1199.9    872.4
     1     1    23     1     7    12     0     0    22.0   28.948 -111.643   1230.7    867.2
     1     1    23     1     7    13     0     1    23.0   28.976 -111.545   1248.8    861.0
     1     1    23     1     7    14     0     2    24.0   29.015 -111.454   1232.7    861.6
     1     1    23     1     7    15     0     3    25.0   29.058 -111.378   1198.5    863.2
     1     1    23     1     7    16     0     2    26.0   29.105 -111.322   1174.4    865.2
     1     1    23     1     7    17     0     1    27.0   29.159 -111.279   1174.4    861.5
     1     1    23     1     7    18     0     0    28.0   29.219 -111.249   1187.4    856.4
     1     1    23     1     7    19     0     1    29.0   29.280 -111.227   1185.8    850.3
     1     1    23     1     7    20     0     2    30.0   29.335 -111.211   1152.1    850.7
     1     1    23     1     7    21     0     3    31.0   29.385 -111.200   1094.0    853.7
     1     1    23     1     7    22     0     2    32.0   29.428 -111.200   1026.9    859.3
     1     1    23     1     7    23     0     1    33.0   29.462 -111.221    958.7    864.2
     1     1    23     1     8     0     0     0    34.0   29.482 -111.258    883.1    871.3
     1     1    23     1     8     1     0     1    35.0   29.498 -111.313    806.9    880.0
     1     1    23     1     8     2     0     2    36.0   29.521 -111.387    735.0    887.1
     1     1    23     1     8     3     0     3    37.0   29.547 -111.473    661.8    894.3
     1     1    23     1     8     4     0     2    38.0   29.573 -111.554    597.6    901.9
     1     1    23     1     8     5     0     1    39.0   29.605 -111.626    557.7    905.0
     1     1    23     1     8     6     0     0    40.0   29.648 -111.696    545.5    904.7
     1     1    23     1     8     7     0     1    41.0   29.697 -111.768    548.2    900.1
     1     1    23     1     8     8     0     2    42.0   29.737 -111.832    549.0    897.7
     1     1    23     1     8     9     0     3    43.0   29.765 -111.888    546.3    896.3
     1     1    23     1     8    10     0     2    44.0   29.784 -111.936    533.0    896.3
     1     1    23     1     8    11     0     1    45.0   29.797 -111.980    501.2    899.0
     1     1    23     1     8    12     0     0    46.0   29.800 -112.020    448.6    905.9
     1     1    23     1     8    13     0     1    47.0   29.794 -112.061    394.0    917.0
     1     1    23     1     8    14     0     2    48.0   29.786 -112.102    357.5    923.9
     1     1    23     1     8    15     0     3    49.0   29.784 -112.143    338.1    928.8
     1     1    23     1     8    16     0     2    50.0   29.791 -112.172    343.4    930.8
     1     1    23     1     8    17     0     1    51.0   29.813 -112.179    385.1    926.2
     1     1    23     1     8    18     0     0    52.0   29.856 -112.168    471.2    914.9
     1     1    23     1     8    19     0     1    53.0   29.905 -112.148    571.9    896.1
     1     1    23     1     8    20     0     2    54.0   29.941 -112.121    652.1    883.2
     1     1    23     1     8    21     0     3    55.0   29.966 -112.086    710.1    872.5
     1     1    23     1     8    22     0     2    56.0   29.985 -112.052    753.7    865.4
     1     1    23     1     8    23     0     1    57.0   30.003 -112.030    791.2    858.8
     1     1    23     1     9     0     0     0    58.0   30.020 -112.017    819.4    854.9
     1     1    23     1     9     1     0     1    59.0   30.032 -112.011    812.7    853.4
     1     1    23     1     9     2     0     2    60.0   30.031 -112.009    747.8    860.1
     1     1    23     1     9     3     0     3    61.0   30.006 -112.018    619.2    873.9
     1     1    23     1     9     4     0     2    62.0   29.964 -112.041    501.0    898.7
     1     1    23     1     9     5     0     1    63.0   29.939 -112.066    478.4    904.3
     1     1    23     1     9     6     0     0    64.0   29.947 -112.090    558.6    897.6
     1     1    23     1     9     7     0     1    65.0   29.989 -112.108    694.6    875.9
     1     1    23     1     9     8     0     2    66.0   30.056 -112.122    803.6    864.1
     1     1    23     1     9     9     0     3    67.0   30.141 -112.133    866.8    858.2
     1     1    23     1     9    10     0     2    68.0   30.229 -112.138    896.3    857.7
     1     1    23     1     9    11     0     1    69.0   30.308 -112.125    914.0    855.6
     1     1    23     1     9    12     0     0    70.0   30.380 -112.097    924.7    853.2
     1     1    23     1     9    13     0     1    71.0   30.452 -112.059    928.2    850.7
     1     1    23     1     9    14     0     2    72.0   30.531 -112.022    921.0    849.9
     1     1    23     1     9    15     0     3    73.0   30.619 -111.990    906.1    850.6
     1     1    23     1     9    16     0     2    74.0   30.715 -111.956    896.3    852.2
     1     1    23     1     9    17     0     1    75.0   30.822 -111.906    899.2    849.7
     1     1    23     1     9    18     0     0    76.0   30.941 -111.832    909.2    844.5
     1     1    23     1     9    19     0     1    77.0   31.063 -111.733    931.2    836.0
     1     1    23     1     9    20     0     2    78.0   31.176 -111.612    962.7    825.1
     1     1    23     1     9    21     0     3    79.0   31.278 -111.477    988.1    815.2
     1     1    23     1     9    22     0     2    80.0   31.375 -111.344    996.0    808.8
     1     1    23     1     9    23     0     1    81.0   31.481 -111.229    982.3    806.9
     1     1    23     1    10     0     0     0    82.0   31.597 -111.138    947.1    809.1
     1     1    23     1    10     1     0     1    83.0   31.727 -111.056    915.8    815.3
     1     1    23     1    10     2     0     2    84.0   31.870 -110.959    906.1    816.6
     1     1    23     1    10     3     0     3    85.0   32.020 -110.841    912.5    814.1
     1     1    23     1    10     4     0     2    86.0   32.172 -110.695    924.2    807.3
     1     1    23     1    10     5     0     1    87.0   32.319 -110.527    939.6    801.9
     1     1    23     1    10     6     0     0    88.0   32.457 -110.342    967.1    795.9
     1     1    23     1    10     7     0     1    89.0   32.581 -110.149   1004.4    788.6
     1     1    23     1    10     8     0     2    90.0   32.689 -109.951   1044.5    781.7
     1     1    23     1    10     9     0     3    91.0   32.785 -109.738   1088.9    771.1
     1     1    23     1    10    10     0     2    92.0   32.873 -109.488   1135.6    754.9
     1     1    23     1    10    11     0     1    93.0   32.944 -109.185   1184.1    734.1
     1     1    23     1    10    12     0     0    94.0   32.987 -108.796   1210.8    707.5
     1     1    23     1    10    13     0     1    95.0   33.000 -108.308   1125.5    686.0
     1     1    23     1    10    14     0     2    96.0   33.001 -107.778    974.9    706.0
     1     1    23     1    10    15     0     3    97.0   33.012 -107.318    896.2    752.3
     1     1    23     1    10    16     0     2    98.0   33.050 -106.919    919.5    773.2
     1     1    23     1    10    17     0     1    99.0   33.100 -106.507   1072.0    757.8
     1     1    23     1    10    18     0     0   100.0   33.130 -106.003   1460.9    721.2
     1     1    23     1    10    19     0     1   101.0   33.104 -105.386   1792.3    666.1
     1     1    23     1    10    20     0     2   102.0   33.044 -104.763   1814.9    682.9
     1     1    23     1    10    21     0     3   103.0   32.985 -104.210   1722.0    708.7
     1     1    23     1    10    22     0     2   104.0   32.918 -103.717   1556.9    732.5
     1     1    23     1    10    23     0     1   105.0   32.840 -103.228   1367.2    757.8
     1     1    23     1    11     0     0     0   106.0   32.775 -102.729   1214.9    780.4
     1     1    23     1    11     1     0     1   107.0   32.739 -102.231   1144.0    798.3
     1     1    23     1    11     2     0     2   108.0   32.723 -101.725   1124.4    802.7
     1     1    23     1    11     3     0     3   109.0   32.712 -101.215   1101.9    813.8
     1     1    23     1    11     4     0     2   110.0   32.702 -100.710   1065.0    825.3
     1     1    23     1    11     5     0     1   111.0   32.688 -100.205   1025.4    842.4
     1     1    23     1    11     6     0     0   112.0   32.663  -99.695   1004.1    850.5
     1     1    23     1    11     7     0     1   113.0   32.637  -99.183    980.3    854.9
     1     1    23     1    11     8     0     2   114.0   32.617  -98.673    953.9    863.6
     1     1    23     1    11     9     0     3   115.0   32.583  -98.164    917.2    868.9
     1     1    23     1    11    10     0     2   116.0   32.549  -97.662    882.6    884.1
     1     1    23     1    11    11     0     1   117.0   32.536  -97.171    886.8    891.5
     1     1    23     1    11    12     0     0   118.0   32.543  -96.679    923.0    892.7
     1     1    23     1    11    13     0     1   119.0   32.586  -96.184   1010.1    888.2
     1     1    23     1    11    14     0     2   120.0   32.668  -95.697   1113.2    872.7
