     8     1
    GDAS    22    12    22     0     0
    GDAS    22    12    29     0     0
    GDAS    23     1     1     0     0
    GDAS    23     1     8     0     0
    GDAS    23     1    15     0     0
    GDAS    23     1    22     0     0
    GDAS    23     1    29     0     0
    GDAS    23     2     1     0     0
     1 FORWARD  OMEGA   
    23     1     4    14   46.486 -102.081   949.3
     1 PRESSURE
     1     1    23     1     4    14     0     2     0.0   46.486 -102.081    949.3    824.9
     1     1    23     1     4    15     0     3     1.0   46.356 -102.038    942.7    825.3
     1     1    23     1     4    16     0     2     2.0   46.217 -101.988    927.9    826.6
     1     1    23     1     4    17     0     1     3.0   46.070 -101.929    907.8    829.1
     1     1    23     1     4    18     0     0     4.0   45.913 -101.858    892.6    831.7
     1     1    23     1     4    19     0     1     5.0   45.741 -101.773    881.7    832.8
     1     1    23     1     4    20     0     2     6.0   45.549 -101.668    865.5    834.7
     1     1    23     1     4    21     0     3     7.0   45.332 -101.542    833.6    838.3
     1     1    23     1     4    22     0     2     8.0   45.082 -101.405    776.5    844.9
     1     1    23     1     4    23     0     1     9.0   44.795 -101.260    706.7    855.1
     1     1    23     1     5     0     0     0    10.0   44.478 -101.096    669.3    863.6
     1     1    23     1     5     1     0     1    11.0   44.144 -100.918    699.8    863.6
     1     1    23     1     5     2     0     2    12.0   43.792 -100.738    757.8    849.9
     1     1    23     1     5     3     0     3    13.0   43.408 -100.549    775.8    839.7
     1     1    23     1     5     4     0     2    14.0   42.996 -100.335    753.6    838.3
     1     1    23     1     5     5     0     1    15.0   42.560 -100.102    731.6    844.4
     1     1    23     1     5     6     0     0    16.0   42.100  -99.876    718.3    845.1
     1     1    23     1     5     7     0     1    17.0   41.619  -99.628    679.5    848.2
     1     1    23     1     5     8     0     2    18.0   41.132  -99.338    624.3    864.2
     1     1    23     1     5     9     0     3    19.0   40.657  -99.038    596.6    874.6
     1     1    23     1     5    10     0     2    20.0   40.198  -98.737    557.5    882.3
     1     1    23     1     5    11     0     1    21.0   39.753  -98.424    500.2    899.8
     1     1    23     1     5    12     0     0    22.0   39.324  -98.099    481.3    909.0
     1     1    23     1     5    13     0     1    23.0   38.920  -97.760    494.9    909.2
     1     1    23     1     5    14     0     2    24.0   38.542  -97.397    497.3    910.7
     1     1    23     1     5    15     0     3    25.0   38.181  -97.008    476.0    916.4
     1     1    23     1     5    16     0     2    26.0   37.851  -96.607    453.4    923.9
     1     1    23     1     5    17     0     1    27.0   37.569  -96.217    438.8    930.7
     1     1    23     1     5    18     0     0    28.0   37.333  -95.859    427.0    935.7
     1     1    23     1     5    19     0     1    29.0   37.135  -95.519    411.9    938.6
     1     1    23     1     5    20     0     2    30.0   36.966  -95.172    392.3    941.2
     1     1    23     1     5    21     0     3    31.0   36.820  -94.809    381.2    940.5
     1     1    23     1     5    22     0     2    32.0   36.685  -94.431    398.3    932.8
     1     1    23     1     5    23     0     1    33.0   36.545  -94.043    432.1    920.0
     1     1    23     1     6     0     0     0    34.0   36.389  -93.650    437.6    917.1
     1     1    23     1     6     1     0     1    35.0   36.223  -93.267    404.6    927.5
     1     1    23     1     6     2     0     2    36.0   36.059  -92.892    362.5    939.3
     1     1    23     1     6     3     0     3    37.0   35.897  -92.538    329.3    952.1
     1     1    23     1     6     4     0     2    38.0   35.742  -92.215    300.0    961.5
     1     1    23     1     6     5     0     1    39.0   35.602  -91.925    264.9    972.1
     1     1    23     1     6     6     0     0    40.0   35.469  -91.670    230.3    980.3
     1     1    23     1     6     7     0     1    41.0   35.342  -91.454    203.3    986.2
     1     1    23     1     6     8     0     2    42.0   35.220  -91.277    185.5    989.8
     1     1    23     1     6     9     0     3    43.0   35.108  -91.141    174.8    991.8
     1     1    23     1     6    10     0     2    44.0   35.006  -91.040    169.3    993.0
     1     1    23     1     6    11     0     1    45.0   34.918  -90.964    166.5    994.2
     1     1    23     1     6    12     0     0    46.0   34.844  -90.910    164.9    995.2
     1     1    23     1     6    13     0     1    47.0   34.789  -90.878    161.5    995.9
     1     1    23     1     6    14     0     2    48.0   34.759  -90.872    153.5    997.6
     1     1    23     1     6    15     0     3    49.0   34.756  -90.891    141.5    999.6
     1     1    23     1     6    16     0     2    50.0   34.781  -90.920    129.8   1001.0
     1     1    23     1     6    17     0     1    51.0   34.837  -90.939    122.5   1001.1
     1     1    23     1     6    18     0     0    52.0   34.924  -90.946    119.5   1000.4
     1     1    23     1     6    19     0     1    53.0   35.038  -90.951    119.4    999.0
     1     1    23     1     6    20     0     2    54.0   35.170  -90.961    119.7    998.1
     1     1    23     1     6    21     0     3    55.0   35.315  -90.977    118.6    997.5
     1     1    23     1     6    22     0     2    56.0   35.470  -91.005    114.0    997.7
     1     1    23     1     6    23     0     1    57.0   35.635  -91.053    106.9    998.2
     1     1    23     1     7     0     0     0    58.0   35.812  -91.122    101.6    997.9
     1     1    23     1     7     1     0     1    59.0   35.995  -91.204    102.1    996.3
     1     1    23     1     7     2     0     2    60.0   36.180  -91.286    110.1    990.7
     1     1    23     1     7     3     0     3    61.0   36.371  -91.368    125.1    983.9
     1     1    23     1     7     4     0     2    62.0   36.569  -91.449    145.5    976.2
     1     1    23     1     7     5     0     1    63.0   36.774  -91.525    171.3    967.6
     1     1    23     1     7     6     0     0    64.0   36.997  -91.593    206.8    957.8
     1     1    23     1     7     7     0     1    65.0   37.223  -91.666    242.1    952.0
     1     1    23     1     7     8     0     2    66.0   37.422  -91.762    266.1    949.8
     1     1    23     1     7     9     0     3    67.0   37.598  -91.885    291.0    947.7
     1     1    23     1     7    10     0     2    68.0   37.753  -92.047    335.8    944.9
     1     1    23     1     7    11     0     1    69.0   37.873  -92.275    410.9    937.9
     1     1    23     1     7    12     0     0    70.0   37.952  -92.588    502.0    927.4
     1     1    23     1     7    13     0     1    71.0   38.018  -92.973    579.2    917.7
     1     1    23     1     7    14     0     2    72.0   38.086  -93.409    645.5    916.0
     1     1    23     1     7    15     0     3    73.0   38.144  -93.866    734.6    909.4
     1     1    23     1     7    16     0     2    74.0   38.185  -94.298    828.5    895.2
     1     1    23     1     7    17     0     1    75.0   38.198  -94.671    891.0    885.6
     1     1    23     1     7    18     0     0    76.0   38.173  -94.986    915.5    881.6
     1     1    23     1     7    19     0     1    77.0   38.102  -95.255    927.5    881.2
     1     1    23     1     7    20     0     2    78.0   37.987  -95.478    948.9    876.8
     1     1    23     1     7    21     0     3    79.0   37.837  -95.633    965.3    873.7
     1     1    23     1     7    22     0     2    80.0   37.664  -95.717    968.6    874.2
     1     1    23     1     7    23     0     1    81.0   37.472  -95.755    959.7    876.5
     1     1    23     1     8     0     0     0    82.0   37.263  -95.764    940.2    880.2
     1     1    23     1     8     1     0     1    83.0   37.042  -95.756    909.9    884.9
     1     1    23     1     8     2     0     2    84.0   36.827  -95.734    863.9    891.0
     1     1    23     1     8     3     0     3    85.0   36.619  -95.706    795.6    899.4
     1     1    23     1     8     4     0     2    86.0   36.413  -95.673    710.4    910.7
     1     1    23     1     8     5     0     1    87.0   36.207  -95.632    619.4    922.7
     1     1    23     1     8     6     0     0    88.0   36.004  -95.586    533.6    933.6
     1     1    23     1     8     7     0     1    89.0   35.794  -95.539    463.8    942.7
     1     1    23     1     8     8     0     2    90.0   35.562  -95.496    409.3    948.9
     1     1    23     1     8     9     0     3    91.0   35.306  -95.452    365.4    954.4
     1     1    23     1     8    10     0     2    92.0   35.035  -95.413    338.4    959.3
     1     1    23     1     8    11     0     1    93.0   34.749  -95.389    321.2    961.6
     1     1    23     1     8    12     0     0    94.0   34.453  -95.382    294.7    966.1
     1     1    23     1     8    13     0     1    95.0   34.156  -95.398    253.7    973.9
     1     1    23     1     8    14     0     2    96.0   33.874  -95.431    213.2    981.3
     1     1    23     1     8    15     0     3    97.0   33.610  -95.484    182.7    985.2
     1     1    23     1     8    16     0     2    98.0   33.379  -95.542    159.4    988.2
     1     1    23     1     8    17     0     1    99.0   33.189  -95.586    142.7    990.8
     1     1    23     1     8    18     0     0   100.0   33.035  -95.618    132.9    992.0
     1     1    23     1     8    19     0     1   101.0   32.899  -95.644    125.7    992.0
     1     1    23     1     8    20     0     2   102.0   32.768  -95.666    116.8    992.9
     1     1    23     1     8    21     0     3   103.0   32.641  -95.685    106.2    994.0
     1     1    23     1     8    22     0     2   104.0   32.519  -95.710     95.1    996.0
     1     1    23     1     8    23     0     1   105.0   32.402  -95.754     84.3    998.0
     1     1    23     1     9     0     0     0   106.0   32.291  -95.814     74.5   1000.1
     1     1    23     1     9     1     0     1   107.0   32.194  -95.890     67.5   1002.3
     1     1    23     1     9     2     0     2   108.0   32.116  -95.981     63.8   1003.7
     1     1    23     1     9     3     0     3   109.0   32.055  -96.088     62.6   1003.4
     1     1    23     1     9     4     0     2   110.0   32.020  -96.191     62.4   1002.7
     1     1    23     1     9     5     0     1   111.0   32.018  -96.276     61.7   1002.2
     1     1    23     1     9     6     0     0   112.0   32.047  -96.344     60.4   1001.8
     1     1    23     1     9     7     0     1   113.0   32.091  -96.409     59.7   1000.4
     1     1    23     1     9     8     0     2   114.0   32.136  -96.480     61.0    998.7
     1     1    23     1     9     9     0     3   115.0   32.184  -96.552     64.9    996.8
     1     1    23     1     9    10     0     2   116.0   32.244  -96.621     69.6    995.1
     1     1    23     1     9    11     0     1   117.0   32.321  -96.678     72.9    994.1
     1     1    23     1     9    12     0     0   118.0   32.413  -96.724     75.5    993.5
     1     1    23     1     9    13     0     1   119.0   32.521  -96.759     79.7    993.6
     1     1    23     1     9    14     0     2   120.0   32.652  -96.783     87.4    993.1
