     8     1
    GDAS    22    12    22     0     0
    GDAS    22    12    29     0     0
    GDAS    23     1     1     0     0
    GDAS    23     1     8     0     0
    GDAS    23     1    15     0     0
    GDAS    23     1    22     0     0
    GDAS    23     1    29     0     0
    GDAS    23     2     1     0     0
     1 FORWARD  OMEGA   
    23     1    26    15   60.354  -98.718   242.1
     1 PRESSURE
     1     1    23     1    26    15     0     3     0.0   60.354  -98.718    242.1    943.2
     1     1    23     1    26    16     0     2     1.0   60.302  -98.665    242.1    943.1
     1     1    23     1    26    17     0     1     2.0   60.236  -98.616    242.1    942.9
     1     1    23     1    26    18     0     0     3.0   60.158  -98.573    242.1    942.5
     1     1    23     1    26    19     0     1     4.0   60.059  -98.533    242.1    942.4
     1     1    23     1    26    20     0     2     5.0   59.933  -98.492    242.0    942.3
     1     1    23     1    26    21     0     3     6.0   59.781  -98.453    242.0    942.3
     1     1    23     1    26    22     0     2     7.0   59.605  -98.430    246.2    942.7
     1     1    23     1    26    23     0     1     8.0   59.401  -98.441    258.5    941.6
     1     1    23     1    27     0     0     0     9.0   59.170  -98.492    277.9    939.3
     1     1    23     1    27     1     0     1    10.0   58.922  -98.573    300.2    935.7
     1     1    23     1    27     2     0     2    11.0   58.665  -98.666    323.2    932.2
     1     1    23     1    27     3     0     3    12.0   58.393  -98.777    348.1    928.9
     1     1    23     1    27     4     0     2    13.0   58.104  -98.905    374.3    926.2
     1     1    23     1    27     5     0     1    14.0   57.801  -99.042    398.9    923.6
     1     1    23     1    27     6     0     0    15.0   57.484  -99.194    416.7    920.2
     1     1    23     1    27     7     0     1    16.0   57.156  -99.352    423.3    918.4
     1     1    23     1    27     8     0     2    17.0   56.818  -99.494    420.5    919.1
     1     1    23     1    27     9     0     3    18.0   56.472  -99.607    413.9    921.4
     1     1    23     1    27    10     0     2    19.0   56.120  -99.713    410.1    924.3
     1     1    23     1    27    11     0     1    20.0   55.758  -99.818    407.5    925.4
     1     1    23     1    27    12     0     0    21.0   55.384  -99.908    398.3    926.7
     1     1    23     1    27    13     0     1    22.0   55.005  -99.980    379.2    929.0
     1     1    23     1    27    14     0     2    23.0   54.631 -100.035    357.3    932.8
     1     1    23     1    27    15     0     3    24.0   54.259 -100.076    338.6    935.7
     1     1    23     1    27    16     0     2    25.0   53.899 -100.094    324.7    938.3
     1     1    23     1    27    17     0     1    26.0   53.563 -100.081    317.2    939.6
     1     1    23     1    27    18     0     0    27.0   53.250 -100.037    314.5    940.3
     1     1    23     1    27    19     0     1    28.0   52.943  -99.944    304.5    940.9
     1     1    23     1    27    20     0     2    29.0   52.640  -99.799    288.5    945.5
     1     1    23     1    27    21     0     3    30.0   52.348  -99.622    284.5    947.5
     1     1    23     1    27    22     0     2    31.0   52.058  -99.435    295.1    944.9
     1     1    23     1    27    23     0     1    32.0   51.755  -99.252    303.3    941.5
     1     1    23     1    28     0     0     0    33.0   51.428  -99.064    281.9    943.1
     1     1    23     1    28     1     0     1    34.0   51.079  -98.870    237.5    953.3
     1     1    23     1    28     2     0     2    35.0   50.740  -98.701    204.8    957.9
     1     1    23     1    28     3     0     3    36.0   50.419  -98.558    187.4    958.9
     1     1    23     1    28     4     0     2    37.0   50.118  -98.417    177.1    960.3
     1     1    23     1    28     5     0     1    38.0   49.840  -98.273    170.6    960.7
     1     1    23     1    28     6     0     0    39.0   49.580  -98.131    167.7    960.8
     1     1    23     1    28     7     0     1    40.0   49.333  -97.986    165.2    960.6
     1     1    23     1    28     8     0     2    41.0   49.096  -97.831    158.5    961.5
     1     1    23     1    28     9     0     3    42.0   48.873  -97.679    147.7    962.7
     1     1    23     1    28    10     0     2    43.0   48.665  -97.529    136.3    965.2
     1     1    23     1    28    11     0     1    44.0   48.462  -97.381    132.1    967.4
     1     1    23     1    28    12     0     0    45.0   48.259  -97.233    139.4    969.1
     1     1    23     1    28    13     0     1    46.0   48.057  -97.090    155.3    969.5
     1     1    23     1    28    14     0     2    47.0   47.859  -96.962    171.6    969.5
     1     1    23     1    28    15     0     3    48.0   47.659  -96.843    185.2    966.8
     1     1    23     1    28    16     0     2    49.0   47.470  -96.726    196.2    964.4
     1     1    23     1    28    17     0     1    50.0   47.305  -96.606    207.4    961.6
     1     1    23     1    28    18     0     0    51.0   47.164  -96.480    221.5    958.2
     1     1    23     1    28    19     0     1    52.0   47.031  -96.348    234.4    953.0
     1     1    23     1    28    20     0     2    53.0   46.890  -96.213    238.0    950.2
     1     1    23     1    28    21     0     3    54.0   46.737  -96.075    230.7    949.8
     1     1    23     1    28    22     0     2    55.0   46.572  -95.929    223.5    951.9
     1     1    23     1    28    23     0     1    56.0   46.390  -95.769    221.0    952.0
     1     1    23     1    29     0     0     0    57.0   46.190  -95.606    215.6    952.7
     1     1    23     1    29     1     0     1    58.0   45.976  -95.445    204.3    954.7
     1     1    23     1    29     2     0     2    59.0   45.755  -95.287    191.6    957.0
     1     1    23     1    29     3     0     3    60.0   45.525  -95.134    180.4    959.3
     1     1    23     1    29     4     0     2    61.0   45.294  -94.990    171.0    962.1
     1     1    23     1    29     5     0     1    62.0   45.063  -94.862    162.8    966.1
     1     1    23     1    29     6     0     0    63.0   44.829  -94.744    155.6    967.7
     1     1    23     1    29     7     0     1    64.0   44.594  -94.620    150.4    968.5
     1     1    23     1    29     8     0     2    65.0   44.364  -94.486    147.9    969.6
     1     1    23     1    29     9     0     3    66.0   44.132  -94.346    150.5    970.8
     1     1    23     1    29    10     0     2    67.0   43.892  -94.219    158.8    970.2
     1     1    23     1    29    11     0     1    68.0   43.640  -94.126    164.9    967.8
     1     1    23     1    29    12     0     0    69.0   43.377  -94.071    162.0    966.7
     1     1    23     1    29    13     0     1    70.0   43.106  -94.036    152.0    967.2
     1     1    23     1    29    14     0     2    71.0   42.839  -94.003    138.9    969.5
     1     1    23     1    29    15     0     3    72.0   42.589  -93.972    124.9    971.9
     1     1    23     1    29    16     0     2    73.0   42.358  -93.943    109.2    974.0
     1     1    23     1    29    17     0     1    74.0   42.133  -93.914     93.0    976.9
     1     1    23     1    29    18     0     0    75.0   41.902  -93.888     79.1    979.4
     1     1    23     1    29    19     0     1    76.0   41.674  -93.870     68.6    980.3
     1     1    23     1    29    20     0     2    77.0   41.456  -93.861     60.6    980.6
     1     1    23     1    29    21     0     3    78.0   41.234  -93.859     54.3    980.3
     1     1    23     1    29    22     0     2    79.0   41.004  -93.862     50.0    980.6
     1     1    23     1    29    23     0     1    80.0   40.774  -93.871     46.8    983.1
     1     1    23     1    30     0     0     0    81.0   40.551  -93.891     43.8    985.5
     1     1    23     1    30     1     0     1    82.0   40.332  -93.926     40.7    987.8
     1     1    23     1    30     2     0     2    83.0   40.119  -93.980     37.6    990.8
     1     1    23     1    30     3     0     3    84.0   39.911  -94.049     35.6    992.9
     1     1    23     1    30     4     0     2    85.0   39.706  -94.121     35.5    992.4
     1     1    23     1    30     5     0     1    86.0   39.499  -94.183     37.9    992.0
     1     1    23     1    30     6     0     0    87.0   39.288  -94.236     42.9    991.6
     1     1    23     1    30     7     0     1    88.0   39.072  -94.288     50.7    990.5
     1     1    23     1    30     8     0     2    89.0   38.853  -94.346     59.2    989.3
     1     1    23     1    30     9     0     3    90.0   38.628  -94.411     65.8    988.4
     1     1    23     1    30    10     0     2    91.0   38.404  -94.487     70.2    988.4
     1     1    23     1    30    11     0     1    92.0   38.183  -94.576     73.9    988.2
     1     1    23     1    30    12     0     0    93.0   37.964  -94.680     78.5    987.4
     1     1    23     1    30    13     0     1    94.0   37.744  -94.796     83.0    984.8
     1     1    23     1    30    14     0     2    95.0   37.526  -94.921     83.7    984.4
     1     1    23     1    30    15     0     3    96.0   37.314  -95.053     78.8    985.7
     1     1    23     1    30    16     0     2    97.0   37.111  -95.180     75.3    987.7
     1     1    23     1    30    17     0     1    98.0   36.913  -95.294     78.8    987.1
     1     1    23     1    30    18     0     0    99.0   36.723  -95.395     83.6    985.8
     1     1    23     1    30    19     0     1   100.0   36.536  -95.485     80.4    985.9
     1     1    23     1    30    20     0     2   101.0   36.354  -95.564     69.9    988.3
     1     1    23     1    30    21     0     3   102.0   36.185  -95.631     58.2    991.1
     1     1    23     1    30    22     0     2   103.0   36.031  -95.698     49.0    993.3
     1     1    23     1    30    23     0     1   104.0   35.887  -95.771     44.9    994.5
     1     1    23     1    31     0     0     0   105.0   35.749  -95.853     46.7    995.1
     1     1    23     1    31     1     0     1   106.0   35.604  -95.937     52.4    995.2
     1     1    23     1    31     2     0     2   107.0   35.438  -96.019     58.6    994.6
     1     1    23     1    31     3     0     3   108.0   35.253  -96.101     63.6    992.6
     1     1    23     1    31     4     0     2   109.0   35.051  -96.181     67.7    990.6
     1     1    23     1    31     5     0     1   110.0   34.835  -96.253     70.1    990.3
     1     1    23     1    31     6     0     0   111.0   34.608  -96.309     69.5    991.5
     1     1    23     1    31     7     0     1   112.0   34.374  -96.362     66.1    993.2
     1     1    23     1    31     8     0     2   113.0   34.138  -96.421     60.9    995.3
     1     1    23     1    31     9     0     3   114.0   33.905  -96.489     55.1    997.1
     1     1    23     1    31    10     0     2   115.0   33.680  -96.555     48.2    998.4
     1     1    23     1    31    11     0     1   116.0   33.468  -96.607     39.2   1000.3
     1     1    23     1    31    12     0     0   117.0   33.267  -96.643     29.5   1002.6
     1     1    23     1    31    13     0     1   118.0   33.073  -96.667     21.7   1005.1
     1     1    23     1    31    14     0     2   119.0   32.884  -96.680     16.6   1006.3
     1     1    23     1    31    15     0     3   120.0   32.700  -96.682     13.5   1006.7
