     8     1
    GDAS    22    12    22     0     0
    GDAS    22    12    29     0     0
    GDAS    23     1     1     0     0
    GDAS    23     1     8     0     0
    GDAS    23     1    15     0     0
    GDAS    23     1    22     0     0
    GDAS    23     1    29     0     0
    GDAS    23     2     1     0     0
     1 FORWARD  OMEGA   
    23     1     8    15   52.657 -111.892  1050.9
     1 PRESSURE
     1     1    23     1     8    15     0     3     0.0   52.657 -111.892   1050.9    806.9
     1     1    23     1     8    16     0     2     1.0   52.946 -111.604   1040.7    814.7
     1     1    23     1     8    17     0     1     2.0   53.258 -111.381   1066.9    814.2
     1     1    23     1     8    18     0     0     3.0   53.581 -111.252   1118.6    806.6
     1     1    23     1     8    19     0     1     4.0   53.915 -111.214   1172.7    800.9
     1     1    23     1     8    20     0     2     5.0   54.233 -111.265   1216.2    795.0
     1     1    23     1     8    21     0     3     6.0   54.520 -111.408   1240.7    793.8
     1     1    23     1     8    22     0     2     7.0   54.775 -111.595   1259.1    794.0
     1     1    23     1     8    23     0     1     8.0   55.001 -111.769   1290.7    793.6
     1     1    23     1     9     0     0     0     9.0   55.201 -111.904   1346.1    787.8
     1     1    23     1     9     1     0     1    10.0   55.363 -111.987   1406.0    779.2
     1     1    23     1     9     2     0     2    11.0   55.479 -112.032   1444.0    774.4
     1     1    23     1     9     3     0     3    12.0   55.552 -112.043   1454.7    772.5
     1     1    23     1     9     4     0     2    13.0   55.607 -112.040   1449.7    773.8
     1     1    23     1     9     5     0     1    14.0   55.669 -112.056   1441.2    774.3
     1     1    23     1     9     6     0     0    15.0   55.735 -112.087   1433.1    774.8
     1     1    23     1     9     7     0     1    16.0   55.791 -112.103   1419.0    775.0
     1     1    23     1     9     8     0     2    17.0   55.827 -112.067   1389.7    777.3
     1     1    23     1     9     9     0     3    18.0   55.851 -111.972   1348.9    781.0
     1     1    23     1     9    10     0     2    19.0   55.856 -111.845   1306.6    786.3
     1     1    23     1     9    11     0     1    20.0   55.824 -111.706   1261.4    791.2
     1     1    23     1     9    12     0     0    21.0   55.759 -111.547   1209.3    797.1
     1     1    23     1     9    13     0     1    22.0   55.676 -111.384   1153.8    803.8
     1     1    23     1     9    14     0     2    23.0   55.581 -111.238   1099.9    809.4
     1     1    23     1     9    15     0     3    24.0   55.468 -111.093   1051.7    813.8
     1     1    23     1     9    16     0     2    25.0   55.351 -110.947   1025.1    817.2
     1     1    23     1     9    17     0     1    26.0   55.248 -110.818   1030.7    816.1
     1     1    23     1     9    18     0     0    27.0   55.160 -110.710   1066.6    811.9
     1     1    23     1     9    19     0     1    28.0   55.084 -110.602   1119.6    804.7
     1     1    23     1     9    20     0     2    29.0   55.019 -110.480   1175.5    798.1
     1     1    23     1     9    21     0     3    30.0   54.964 -110.349   1227.9    791.9
     1     1    23     1     9    22     0     2    31.0   54.914 -110.211   1272.0    787.4
     1     1    23     1     9    23     0     1    32.0   54.866 -110.069   1307.8    784.0
     1     1    23     1    10     0     0     0    33.0   54.817 -109.921   1336.4    781.3
     1     1    23     1    10     1     0     1    34.0   54.771 -109.783   1352.5    779.8
     1     1    23     1    10     2     0     2    35.0   54.736 -109.669   1358.3    780.4
     1     1    23     1    10     3     0     3    36.0   54.713 -109.580   1363.3    780.7
     1     1    23     1    10     4     0     2    37.0   54.701 -109.500   1374.5    780.3
     1     1    23     1    10     5     0     1    38.0   54.697 -109.412   1392.4    778.7
     1     1    23     1    10     6     0     0    39.0   54.702 -109.315   1409.3    777.0
     1     1    23     1    10     7     0     1    40.0   54.707 -109.204   1416.3    776.3
     1     1    23     1    10     8     0     2    41.0   54.703 -109.072   1410.7    777.8
     1     1    23     1    10     9     0     3    42.0   54.688 -108.917   1398.6    780.9
     1     1    23     1    10    10     0     2    43.0   54.658 -108.750   1399.5    784.9
     1     1    23     1    10    11     0     1    44.0   54.609 -108.583   1424.5    784.5
     1     1    23     1    10    12     0     0    45.0   54.543 -108.417   1467.3    782.3
     1     1    23     1    10    13     0     1    46.0   54.463 -108.264   1506.0    778.0
     1     1    23     1    10    14     0     2    47.0   54.368 -108.134   1523.7    777.4
     1     1    23     1    10    15     0     3    48.0   54.256 -108.022   1524.7    777.7
     1     1    23     1    10    16     0     2    49.0   54.132 -107.922   1515.1    778.5
     1     1    23     1    10    17     0     1    50.0   54.004 -107.831   1498.4    779.4
     1     1    23     1    10    18     0     0    51.0   53.876 -107.753   1472.0    781.2
     1     1    23     1    10    19     0     1    52.0   53.750 -107.662   1449.6    784.4
     1     1    23     1    10    20     0     2    53.0   53.626 -107.528   1444.4    784.1
     1     1    23     1    10    21     0     3    54.0   53.504 -107.357   1451.8    782.4
     1     1    23     1    10    22     0     2    55.0   53.372 -107.167   1452.7    780.1
     1     1    23     1    10    23     0     1    56.0   53.225 -106.979   1432.9    781.8
     1     1    23     1    11     0     0     0    57.0   53.064 -106.793   1394.0    787.1
     1     1    23     1    11     1     0     1    58.0   52.882 -106.622   1360.5    795.1
     1     1    23     1    11     2     0     2    59.0   52.674 -106.471   1351.4    797.1
     1     1    23     1    11     3     0     3    60.0   52.447 -106.344   1345.8    797.0
     1     1    23     1    11     4     0     2    61.0   52.225 -106.244   1331.0    798.6
     1     1    23     1    11     5     0     1    62.0   52.034 -106.169   1312.4    800.7
     1     1    23     1    11     6     0     0    63.0   51.873 -106.104   1300.0    801.8
     1     1    23     1    11     7     0     1    64.0   51.721 -106.010   1288.0    801.2
     1     1    23     1    11     8     0     2    65.0   51.556 -105.864   1267.1    803.2
     1     1    23     1    11     9     0     3    66.0   51.377 -105.688   1243.8    805.8
     1     1    23     1    11    10     0     2    67.0   51.179 -105.508   1227.6    808.6
     1     1    23     1    11    11     0     1    68.0   50.962 -105.333   1223.0    809.6
     1     1    23     1    11    12     0     0    69.0   50.719 -105.138   1224.5    809.1
     1     1    23     1    11    13     0     1    70.0   50.447 -104.919   1226.2    808.0
     1     1    23     1    11    14     0     2    71.0   50.161 -104.709   1226.1    806.3
     1     1    23     1    11    15     0     3    72.0   49.868 -104.514   1219.3    804.8
     1     1    23     1    11    16     0     2    73.0   49.565 -104.316   1205.2    805.0
     1     1    23     1    11    17     0     1    74.0   49.260 -104.107   1213.6    805.7
     1     1    23     1    11    18     0     0    75.0   48.966 -103.894   1278.7    800.4
     1     1    23     1    11    19     0     1    76.0   48.671 -103.653   1344.4    789.4
     1     1    23     1    11    20     0     2    77.0   48.363 -103.370   1350.5    790.6
     1     1    23     1    11    21     0     3    78.0   48.059 -103.049   1310.4    792.9
     1     1    23     1    11    22     0     2    79.0   47.747 -102.708   1259.1    798.9
     1     1    23     1    11    23     0     1    80.0   47.409 -102.361   1210.5    802.2
     1     1    23     1    12     0     0     0    81.0   47.055 -102.009   1137.5    812.2
     1     1    23     1    12     1     0     1    82.0   46.688 -101.667   1054.9    824.2
     1     1    23     1    12     2     0     2    83.0   46.306 -101.347    979.5    830.8
     1     1    23     1    12     3     0     3    84.0   45.903 -101.045    887.3    839.8
     1     1    23     1    12     4     0     2    85.0   45.489 -100.769    792.6    855.0
     1     1    23     1    12     5     0     1    86.0   45.087 -100.520    726.3    865.3
     1     1    23     1    12     6     0     0    87.0   44.704 -100.277    690.2    872.5
     1     1    23     1    12     7     0     1    88.0   44.334 -100.037    668.5    879.1
     1     1    23     1    12     8     0     2    89.0   43.979  -99.802    662.7    884.1
     1     1    23     1    12     9     0     3    90.0   43.627  -99.555    666.5    876.8
     1     1    23     1    12    10     0     2    91.0   43.250  -99.292    666.2    874.3
     1     1    23     1    12    11     0     1    92.0   42.822  -99.014    674.6    873.5
     1     1    23     1    12    12     0     0    93.0   42.339  -98.739    680.0    867.5
     1     1    23     1    12    13     0     1    94.0   41.813  -98.495    650.4    869.7
     1     1    23     1    12    14     0     2    95.0   41.262  -98.286    594.6    885.3
     1     1    23     1    12    15     0     3    96.0   40.723  -98.108    541.1    899.9
     1     1    23     1    12    16     0     2    97.0   40.231  -97.964    504.2    910.4
     1     1    23     1    12    17     0     1    98.0   39.795  -97.845    475.1    915.7
     1     1    23     1    12    18     0     0    99.0   39.408  -97.735    450.8    922.0
     1     1    23     1    12    19     0     1   100.0   39.057  -97.628    447.7    925.3
     1     1    23     1    12    20     0     2   101.0   38.718  -97.515    453.4    922.9
     1     1    23     1    12    21     0     3   102.0   38.378  -97.385    442.2    923.4
     1     1    23     1    12    22     0     2   103.0   38.019  -97.230    402.7    927.8
     1     1    23     1    12    23     0     1   104.0   37.653  -97.057    357.1    939.6
     1     1    23     1    13     0     0     0   105.0   37.302  -96.879    338.6    947.4
     1     1    23     1    13     1     0     1   106.0   36.951  -96.720    331.7    948.8
     1     1    23     1    13     2     0     2   107.0   36.600  -96.615    318.3    954.7
     1     1    23     1    13     3     0     3   108.0   36.255  -96.564    316.7    959.5
     1     1    23     1    13     4     0     2   109.0   35.911  -96.551    330.3    958.6
     1     1    23     1    13     5     0     1   110.0   35.547  -96.558    337.0    954.7
     1     1    23     1    13     6     0     0   111.0   35.157  -96.597    325.7    954.0
     1     1    23     1    13     7     0     1   112.0   34.769  -96.644    302.7    958.7
     1     1    23     1    13     8     0     2   113.0   34.413  -96.660    268.0    967.3
     1     1    23     1    13     9     0     3   114.0   34.094  -96.648    222.6    977.1
     1     1    23     1    13    10     0     2   115.0   33.817  -96.631    186.1    985.7
     1     1    23     1    13    11     0     1   116.0   33.564  -96.631    166.6    988.7
     1     1    23     1    13    12     0     0   117.0   33.328  -96.653    155.9    990.5
     1     1    23     1    13    13     0     1   118.0   33.107  -96.688    147.0    992.9
     1     1    23     1    13    14     0     2   119.0   32.900  -96.731    138.1    994.6
     1     1    23     1    13    15     0     3   120.0   32.711  -96.783    132.7    994.7
