     8     1
    GDAS    22    12    22     0     0
    GDAS    22    12    29     0     0
    GDAS    23     1     1     0     0
    GDAS    23     1     8     0     0
    GDAS    23     1    15     0     0
    GDAS    23     1    22     0     0
    GDAS    23     1    29     0     0
    GDAS    23     2     1     0     0
     1 FORWARD  OMEGA   
    23     1    24    23   15.050 -106.880  2432.9
     1 PRESSURE
     1     1    23     1    24    23     0     1     0.0   15.050 -106.880   2432.9    761.2
     1     1    23     1    25     0     0     0     1.0   15.108 -106.950   2400.2    763.7
     1     1    23     1    25     1     0     1     2.0   15.159 -107.020   2363.2    768.2
     1     1    23     1    25     2     0     2     3.0   15.210 -107.093   2330.7    771.8
     1     1    23     1    25     3     0     3     4.0   15.261 -107.166   2303.7    774.7
     1     1    23     1    25     4     0     2     5.0   15.317 -107.232   2282.6    776.9
     1     1    23     1    25     5     0     1     6.0   15.381 -107.285   2266.0    778.4
     1     1    23     1    25     6     0     0     7.0   15.452 -107.327   2250.8    779.7
     1     1    23     1    25     7     0     1     8.0   15.529 -107.357   2228.6    780.6
     1     1    23     1    25     8     0     2     9.0   15.605 -107.373   2192.0    783.5
     1     1    23     1    25     9     0     3    10.0   15.677 -107.376   2140.5    787.8
     1     1    23     1    25    10     0     2    11.0   15.741 -107.370   2087.6    793.9
     1     1    23     1    25    11     0     1    12.0   15.796 -107.358   2044.7    797.7
     1     1    23     1    25    12     0     0    13.0   15.844 -107.341   2007.2    801.0
     1     1    23     1    25    13     0     1    14.0   15.884 -107.324   1976.8    804.9
     1     1    23     1    25    14     0     2    15.0   15.914 -107.311   1961.2    807.2
     1     1    23     1    25    15     0     3    16.0   15.934 -107.299   1966.4    807.5
     1     1    23     1    25    16     0     2    17.0   15.952 -107.292   1976.7    804.8
     1     1    23     1    25    17     0     1    18.0   15.978 -107.293   1973.9    805.1
     1     1    23     1    25    18     0     0    19.0   16.014 -107.301   1956.2    806.7
     1     1    23     1    25    19     0     1    20.0   16.063 -107.311   1920.8    809.2
     1     1    23     1    25    20     0     2    21.0   16.133 -107.317   1868.5    813.6
     1     1    23     1    25    21     0     3    22.0   16.220 -107.320   1802.6    819.2
     1     1    23     1    25    22     0     2    23.0   16.309 -107.325   1737.5    826.5
     1     1    23     1    25    23     0     1    24.0   16.394 -107.335   1684.6    831.5
     1     1    23     1    26     0     0     0    25.0   16.475 -107.349   1643.1    835.5
     1     1    23     1    26     1     0     1    26.0   16.555 -107.367   1619.3    839.0
     1     1    23     1    26     2     0     2    27.0   16.634 -107.390   1619.6    839.4
     1     1    23     1    26     3     0     3    28.0   16.711 -107.419   1643.6    837.6
     1     1    23     1    26     4     0     2    29.0   16.792 -107.449   1680.7    833.0
     1     1    23     1    26     5     0     1    30.0   16.882 -107.475   1718.3    829.5
     1     1    23     1    26     6     0     0    31.0   16.981 -107.496   1755.5    826.0
     1     1    23     1    26     7     0     1    32.0   17.090 -107.512   1785.5    822.1
     1     1    23     1    26     8     0     2    33.0   17.209 -107.521   1803.7    820.2
     1     1    23     1    26     9     0     3    34.0   17.336 -107.522   1812.8    819.1
     1     1    23     1    26    10     0     2    35.0   17.466 -107.516   1817.7    818.9
     1     1    23     1    26    11     0     1    36.0   17.595 -107.501   1821.7    818.5
     1     1    23     1    26    12     0     0    37.0   17.725 -107.475   1823.4    818.3
     1     1    23     1    26    13     0     1    38.0   17.849 -107.445   1822.6    819.0
     1     1    23     1    26    14     0     2    39.0   17.962 -107.418   1824.6    819.7
     1     1    23     1    26    15     0     3    40.0   18.064 -107.394   1832.8    819.4
     1     1    23     1    26    16     0     2    41.0   18.166 -107.385   1839.8    818.2
     1     1    23     1    26    17     0     1    42.0   18.277 -107.400   1838.3    818.6
     1     1    23     1    26    18     0     0    43.0   18.395 -107.436   1828.6    819.7
     1     1    23     1    26    19     0     1    44.0   18.523 -107.478   1814.6    820.5
     1     1    23     1    26    20     0     2    45.0   18.665 -107.513   1801.3    820.9
     1     1    23     1    26    21     0     3    46.0   18.817 -107.544   1788.4    821.3
     1     1    23     1    26    22     0     2    47.0   18.975 -107.572   1768.4    822.5
     1     1    23     1    26    23     0     1    48.0   19.139 -107.599   1739.3    825.8
     1     1    23     1    27     0     0     0    49.0   19.311 -107.626   1712.0    828.8
     1     1    23     1    27     1     0     1    50.0   19.492 -107.652   1702.3    831.4
     1     1    23     1    27     2     0     2    51.0   19.678 -107.678   1709.1    830.1
     1     1    23     1    27     3     0     3    52.0   19.870 -107.700   1708.7    829.5
     1     1    23     1    27     4     0     2    53.0   20.068 -107.709   1695.1    831.7
     1     1    23     1    27     5     0     1    54.0   20.274 -107.699   1683.9    833.8
     1     1    23     1    27     6     0     0    55.0   20.487 -107.671   1685.9    834.1
     1     1    23     1    27     7     0     1    56.0   20.705 -107.631   1697.4    831.9
     1     1    23     1    27     8     0     2    57.0   20.924 -107.579   1713.0    830.1
     1     1    23     1    27     9     0     3    58.0   21.148 -107.519   1735.8    827.6
     1     1    23     1    27    10     0     2    59.0   21.377 -107.458   1758.4    824.5
     1     1    23     1    27    11     0     1    60.0   21.608 -107.402   1774.6    823.0
     1     1    23     1    27    12     0     0    61.0   21.839 -107.349   1789.3    821.7
     1     1    23     1    27    13     0     1    62.0   22.070 -107.301   1811.3    820.7
     1     1    23     1    27    14     0     2    63.0   22.303 -107.260   1840.5    817.7
     1     1    23     1    27    15     0     3    64.0   22.538 -107.229   1871.7    815.4
     1     1    23     1    27    16     0     2    65.0   22.777 -107.208   1902.9    812.1
     1     1    23     1    27    17     0     1    66.0   23.024 -107.199   1930.0    809.7
     1     1    23     1    27    18     0     0    67.0   23.282 -107.204   1946.8    807.7
     1     1    23     1    27    19     0     1    68.0   23.545 -107.224   1968.2    807.0
     1     1    23     1    27    20     0     2    69.0   23.806 -107.248   2002.9    801.8
     1     1    23     1    27    21     0     3    70.0   24.061 -107.277   2025.3    795.6
     1     1    23     1    27    22     0     2    71.0   24.308 -107.309   2006.0    787.8
     1     1    23     1    27    23     0     1    72.0   24.545 -107.352   1944.1    787.5
     1     1    23     1    28     0     0     0    73.0   24.777 -107.416   1854.3    791.5
     1     1    23     1    28     1     0     1    74.0   25.016 -107.507   1784.5    798.7
     1     1    23     1    28     2     0     2    75.0   25.279 -107.584   1752.1    781.7
     1     1    23     1    28     3     0     3    76.0   25.558 -107.616   1756.7    762.0
     1     1    23     1    28     4     0     2    77.0   25.851 -107.580   1744.4    728.5
     1     1    23     1    28     5     0     1    78.0   26.143 -107.414   1629.2    695.6
     1     1    23     1    28     6     0     0    79.0   26.429 -107.057   1409.8    659.2
     1     1    23     1    28     7     0     1    80.0   26.709 -106.547   1174.0    678.0
     1     1    23     1    28     8     0     2    81.0   26.960 -106.044   1035.1    714.4
     1     1    23     1    28     9     0     3    82.0   27.188 -105.613   1023.4    739.2
     1     1    23     1    28    10     0     2    83.0   27.394 -105.275   1056.8    749.4
     1     1    23     1    28    11     0     1    84.0   27.566 -105.016   1073.6    757.7
     1     1    23     1    28    12     0     0    85.0   27.725 -104.791   1063.2    762.0
     1     1    23     1    28    13     0     1    86.0   27.895 -104.552   1042.2    767.0
     1     1    23     1    28    14     0     2    87.0   28.079 -104.285    996.8    769.5
     1     1    23     1    28    15     0     3    88.0   28.270 -103.991    921.5    775.6
     1     1    23     1    28    16     0     2    89.0   28.457 -103.689    885.7    789.4
     1     1    23     1    28    17     0     1    90.0   28.627 -103.392    904.9    795.7
     1     1    23     1    28    18     0     0    91.0   28.773 -103.100    910.4    807.4
     1     1    23     1    28    19     0     1    92.0   28.900 -102.837    876.1    813.6
     1     1    23     1    28    20     0     2    93.0   29.013 -102.595    860.1    809.0
     1     1    23     1    28    21     0     3    94.0   29.117 -102.328    922.9    794.2
     1     1    23     1    28    22     0     2    95.0   29.211 -102.011   1028.8    772.7
     1     1    23     1    28    23     0     1    96.0   29.299 -101.688   1084.5    792.9
     1     1    23     1    29     0     0     0    97.0   29.383 -101.412   1066.2    821.6
     1     1    23     1    29     1     0     1    98.0   29.470 -101.176   1018.0    842.7
     1     1    23     1    29     2     0     2    99.0   29.573 -100.975    946.2    859.1
     1     1    23     1    29     3     0     3   100.0   29.692 -100.808    868.8    866.1
     1     1    23     1    29     4     0     2   101.0   29.840 -100.672    804.5    867.6
     1     1    23     1    29     5     0     1   102.0   30.025 -100.556    745.1    866.1
     1     1    23     1    29     6     0     0   103.0   30.251 -100.428    690.2    867.9
     1     1    23     1    29     7     0     1   104.0   30.501 -100.250    641.0    869.5
     1     1    23     1    29     8     0     2   105.0   30.762 -100.020    582.6    874.7
     1     1    23     1    29     9     0     3   106.0   31.045  -99.747    526.5    886.1
     1     1    23     1    29    10     0     2   107.0   31.291  -99.454    500.8    895.0
     1     1    23     1    29    11     0     1   108.0   31.465  -99.165    481.5    899.7
     1     1    23     1    29    12     0     0   109.0   31.585  -98.887    432.8    908.7
     1     1    23     1    29    13     0     1   110.0   31.644  -98.623    395.2    923.7
     1     1    23     1    29    14     0     2   111.0   31.648  -98.384    416.0    924.2
     1     1    23     1    29    15     0     3   112.0   31.608  -98.176    471.6    921.0
     1     1    23     1    29    16     0     2   113.0   31.546  -97.993    510.6    915.2
     1     1    23     1    29    17     0     1   114.0   31.455  -97.856    515.7    920.4
     1     1    23     1    29    18     0     0   115.0   31.334  -97.779    506.2    922.1
     1     1    23     1    29    19     0     1   116.0   31.180  -97.752    500.9    925.5
     1     1    23     1    29    20     0     2   117.0   31.023  -97.744    515.6    923.1
     1     1    23     1    29    21     0     3   118.0   30.876  -97.747    545.5    919.9
     1     1    23     1    29    22     0     2   119.0   30.743  -97.751    565.6    916.6
     1     1    23     1    29    23     0     1   120.0   30.607  -97.765    552.6    919.1
