     8     1
    GDAS    22    12    22     0     0
    GDAS    22    12    29     0     0
    GDAS    23     1     1     0     0
    GDAS    23     1     8     0     0
    GDAS    23     1    15     0     0
    GDAS    23     1    22     0     0
    GDAS    23     1    29     0     0
    GDAS    23     2     1     0     0
     1 FORWARD  OMEGA   
    23     1    10    16   45.067  -98.208   451.9
     1 PRESSURE
     1     1    23     1    10    16     0     2     0.0   45.067  -98.208    451.9    906.6
     1     1    23     1    10    17     0     1     1.0   45.176  -98.210    458.9    905.3
     1     1    23     1    10    18     0     0     2.0   45.318  -98.214    462.8    904.0
     1     1    23     1    10    19     0     1     3.0   45.478  -98.218    464.6    903.0
     1     1    23     1    10    20     0     2     4.0   45.637  -98.223    472.4    901.5
     1     1    23     1    10    21     0     3     5.0   45.792  -98.224    496.5    898.4
     1     1    23     1    10    22     0     2     6.0   45.943  -98.214    543.1    893.1
     1     1    23     1    10    23     0     1     7.0   46.096  -98.191    610.5    886.1
     1     1    23     1    11     0     0     0     8.0   46.248  -98.157    698.8    877.6
     1     1    23     1    11     1     0     1     9.0   46.399  -98.097    788.1    866.4
     1     1    23     1    11     2     0     2    10.0   46.555  -98.006    841.4    861.7
     1     1    23     1    11     3     0     3    11.0   46.722  -97.891    844.4    862.2
     1     1    23     1    11     4     0     2    12.0   46.902  -97.740    848.3    869.0
     1     1    23     1    11     5     0     1    13.0   47.092  -97.555    899.6    864.5
     1     1    23     1    11     6     0     0    14.0   47.288  -97.353    967.3    857.0
     1     1    23     1    11     7     0     1    15.0   47.480  -97.155   1018.5    852.6
     1     1    23     1    11     8     0     2    16.0   47.664  -96.975   1035.8    852.7
     1     1    23     1    11     9     0     3    17.0   47.836  -96.823   1027.4    853.7
     1     1    23     1    11    10     0     2    18.0   47.968  -96.718   1023.7    855.3
     1     1    23     1    11    11     0     1    19.0   48.045  -96.659   1029.3    853.0
     1     1    23     1    11    12     0     0    20.0   48.075  -96.637   1030.4    852.1
     1     1    23     1    11    13     0     1    21.0   48.061  -96.640   1044.9    853.2
     1     1    23     1    11    14     0     2    22.0   48.006  -96.656   1095.8    848.3
     1     1    23     1    11    15     0     3    23.0   47.908  -96.681   1176.1    839.3
     1     1    23     1    11    16     0     2    24.0   47.769  -96.677   1235.1    828.7
     1     1    23     1    11    17     0     1    25.0   47.594  -96.632   1246.9    828.0
     1     1    23     1    11    18     0     0    26.0   47.375  -96.570   1222.8    830.4
     1     1    23     1    11    19     0     1    27.0   47.118  -96.500   1191.1    835.5
     1     1    23     1    11    20     0     2    28.0   46.840  -96.412   1175.0    836.3
     1     1    23     1    11    21     0     3    29.0   46.536  -96.305   1167.0    836.7
     1     1    23     1    11    22     0     2    30.0   46.209  -96.176   1152.7    838.6
     1     1    23     1    11    23     0     1    31.0   45.859  -96.034   1134.2    842.9
     1     1    23     1    12     0     0     0    32.0   45.485  -95.896   1103.4    845.2
     1     1    23     1    12     1     0     1    33.0   45.105  -95.766   1041.1    851.7
     1     1    23     1    12     2     0     2    34.0   44.724  -95.648    956.3    858.8
     1     1    23     1    12     3     0     3    35.0   44.322  -95.566    883.8    863.9
     1     1    23     1    12     4     0     2    36.0   43.897  -95.519    834.3    865.0
     1     1    23     1    12     5     0     1    37.0   43.470  -95.496    781.9    872.8
     1     1    23     1    12     6     0     0    38.0   43.024  -95.508    742.3    884.1
     1     1    23     1    12     7     0     1    39.0   42.548  -95.535    727.6    886.3
     1     1    23     1    12     8     0     2    40.0   42.037  -95.565    719.4    889.2
     1     1    23     1    12     9     0     3    41.0   41.470  -95.617    697.6    892.5
     1     1    23     1    12    10     0     2    42.0   40.849  -95.690    665.3    899.9
     1     1    23     1    12    11     0     1    43.0   40.186  -95.775    658.6    904.1
     1     1    23     1    12    12     0     0    44.0   39.496  -95.867    661.9    900.3
     1     1    23     1    12    13     0     1    45.0   38.822  -95.944    657.5    902.3
     1     1    23     1    12    14     0     2    46.0   38.162  -96.022    618.0    902.5
     1     1    23     1    12    15     0     3    47.0   37.527  -96.064    524.0    920.2
     1     1    23     1    12    16     0     2    48.0   36.956  -96.035    420.4    939.7
     1     1    23     1    12    17     0     1    49.0   36.451  -95.968    346.1    956.6
     1     1    23     1    12    18     0     0    50.0   36.003  -95.899    313.5    961.7
     1     1    23     1    12    19     0     1    51.0   35.585  -95.809    288.0    962.7
     1     1    23     1    12    20     0     2    52.0   35.185  -95.675    258.4    967.5
     1     1    23     1    12    21     0     3    53.0   34.805  -95.511    226.6    972.3
     1     1    23     1    12    22     0     2    54.0   34.451  -95.347    186.0    979.2
     1     1    23     1    12    23     0     1    55.0   34.123  -95.209    133.2    989.0
     1     1    23     1    13     0     0     0    56.0   33.818  -95.100     79.9    997.9
     1     1    23     1    13     1     0     1    57.0   33.549  -95.009     46.7   1004.7
     1     1    23     1    13     2     0     2    58.0   33.312  -94.922     31.4   1007.2
     1     1    23     1    13     3     0     3    59.0   33.101  -94.843     25.8   1008.7
     1     1    23     1    13     4     0     2    60.0   32.907  -94.778     23.2   1009.0
     1     1    23     1    13     5     0     1    61.0   32.723  -94.739     20.3   1009.6
     1     1    23     1    13     6     0     0    62.0   32.543  -94.732     17.1   1010.2
     1     1    23     1    13     7     0     1    63.0   32.371  -94.730     15.0   1011.0
     1     1    23     1    13     8     0     2    64.0   32.222  -94.693     14.4   1011.3
     1     1    23     1    13     9     0     3    65.0   32.102  -94.619     14.3   1011.6
     1     1    23     1    13    10     0     2    66.0   31.990  -94.541     14.3   1011.9
     1     1    23     1    13    11     0     1    67.0   31.864  -94.483     14.2   1012.5
     1     1    23     1    13    12     0     0    68.0   31.731  -94.441     14.2   1013.0
     1     1    23     1    13    13     0     1    69.0   31.601  -94.404     14.2   1014.2
     1     1    23     1    13    14     0     2    70.0   31.480  -94.371     13.7   1015.2
     1     1    23     1    13    15     0     3    71.0   31.364  -94.345     12.5   1016.1
     1     1    23     1    13    16     0     2    72.0   31.250  -94.322     11.1   1015.8
     1     1    23     1    13    17     0     1    73.0   31.138  -94.297     10.0   1015.5
     1     1    23     1    13    18     0     0    74.0   31.026  -94.267      9.3   1015.2
     1     1    23     1    13    19     0     1    75.0   30.907  -94.232      8.8   1016.2
     1     1    23     1    13    20     0     2    76.0   30.776  -94.189      8.4   1017.4
     1     1    23     1    13    21     0     3    77.0   30.633  -94.138      8.1   1018.4
     1     1    23     1    13    22     0     2    78.0   30.491  -94.086      7.8   1019.5
     1     1    23     1    13    23     0     1    79.0   30.364  -94.043      7.3   1020.6
     1     1    23     1    14     0     0     0    80.0   30.253  -94.011      6.5   1021.5
     1     1    23     1    14     1     0     1    81.0   30.150  -93.989      5.5   1023.4
     1     1    23     1    14     2     0     2    82.0   30.048  -93.972      4.6   1025.6
     1     1    23     1    14     3     0     3    83.0   29.942  -93.962      3.8   1027.3
     1     1    23     1    14     4     0     2    84.0   29.827  -93.969      3.0   1026.1
     1     1    23     1    14     5     0     1    85.0   29.701  -94.005      2.2   1024.9
     1     1    23     1    14     6     0     0    86.0   29.567  -94.072      1.4   1023.7
     1     1    23     1    14     7     0     1    87.0   29.431  -94.166      0.8   1023.9
     1     1    23     1    14     8     0     2    88.0   29.299  -94.278      0.7   1023.9
     1     1    23     1    14     9     0     3    89.0   29.177  -94.406      1.0   1023.7
     1     1    23     1    14    10     0     2    90.0   29.068  -94.541      1.4   1023.8
     1     1    23     1    14    11     0     1    91.0   28.973  -94.674      1.7   1023.8
     1     1    23     1    14    12     0     0    92.0   28.893  -94.802      2.0   1023.8
     1     1    23     1    14    13     0     1    93.0   28.833  -94.936      2.5   1024.8
     1     1    23     1    14    14     0     2    94.0   28.802  -95.086      3.1   1025.6
     1     1    23     1    14    15     0     3    95.0   28.798  -95.247      3.8   1026.0
     1     1    23     1    14    16     0     2    96.0   28.815  -95.402      4.1   1024.9
     1     1    23     1    14    17     0     1    97.0   28.846  -95.543      4.0   1024.2
     1     1    23     1    14    18     0     0    98.0   28.892  -95.674      3.9   1023.7
     1     1    23     1    14    19     0     1    99.0   28.959  -95.795      3.8   1022.6
     1     1    23     1    14    20     0     2   100.0   29.053  -95.902      4.1   1020.8
     1     1    23     1    14    21     0     3   101.0   29.181  -95.992      4.8   1018.2
     1     1    23     1    14    22     0     2   102.0   29.315  -96.076      5.6   1016.8
     1     1    23     1    14    23     0     1   103.0   29.431  -96.167      6.5   1015.4
     1     1    23     1    15     0     0     0   104.0   29.533  -96.266      7.5   1013.9
     1     1    23     1    15     1     0     1   105.0   29.635  -96.370      8.8   1012.2
     1     1    23     1    15     2     0     2   106.0   29.747  -96.474     10.6   1010.2
     1     1    23     1    15     3     0     3   107.0   29.876  -96.582     13.5   1007.8
     1     1    23     1    15     4     0     2   108.0   30.021  -96.684     18.2   1005.3
     1     1    23     1    15     5     0     1   109.0   30.178  -96.772     25.2   1003.6
     1     1    23     1    15     6     0     0   110.0   30.350  -96.843     33.6   1001.9
     1     1    23     1    15     7     0     1   111.0   30.539  -96.897     42.7    999.6
     1     1    23     1    15     8     0     2   112.0   30.748  -96.933     53.1    996.8
     1     1    23     1    15     9     0     3   113.0   30.985  -96.948     64.0    992.6
     1     1    23     1    15    10     0     2   114.0   31.257  -96.940     78.8    988.7
     1     1    23     1    15    11     0     1   115.0   31.572  -96.909    102.0    983.1
     1     1    23     1    15    12     0     0   116.0   31.936  -96.860    128.6    976.8
     1     1    23     1    15    13     0     1   117.0   32.327  -96.804    148.8    975.1
     1     1    23     1    15    14     0     2   118.0   32.712  -96.752    162.9    975.3
     1     1    23     1    15    15     0     3   119.0   33.091  -96.705    180.1    974.0
     1     1    23     1    15    16     0     2   120.0   33.491  -96.659    205.4    968.3
