     8     1
    GDAS    22    12    22     0     0
    GDAS    22    12    29     0     0
    GDAS    23     1     1     0     0
    GDAS    23     1     8     0     0
    GDAS    23     1    15     0     0
    GDAS    23     1    22     0     0
    GDAS    23     1    29     0     0
    GDAS    23     2     1     0     0
     1 FORWARD  OMEGA   
    23     1    12    11   28.136 -119.655    25.4
     1 PRESSURE
     1     1    23     1    12    11     0     1     0.0   28.136 -119.655     25.4   1018.4
     1     1    23     1    12    12     0     0     1.0   28.085 -119.746     24.2   1018.5
     1     1    23     1    12    13     0     1     2.0   28.029 -119.838     22.9   1018.6
     1     1    23     1    12    14     0     2     3.0   27.971 -119.935     21.7   1018.7
     1     1    23     1    12    15     0     3     4.0   27.913 -120.037     20.6   1018.8
     1     1    23     1    12    16     0     2     5.0   27.868 -120.143     19.8   1018.9
     1     1    23     1    12    17     0     1     6.0   27.849 -120.252     19.5   1018.9
     1     1    23     1    12    18     0     0     7.0   27.856 -120.366     19.9   1018.9
     1     1    23     1    12    19     0     1     8.0   27.889 -120.479     20.2   1018.5
     1     1    23     1    12    20     0     2     9.0   27.944 -120.587     19.6   1018.4
     1     1    23     1    12    21     0     3    10.0   28.019 -120.684     18.4   1018.4
     1     1    23     1    12    22     0     2    11.0   28.104 -120.768     17.0   1018.4
     1     1    23     1    12    23     0     1    12.0   28.194 -120.837     16.0   1018.5
     1     1    23     1    13     0     0     0    13.0   28.289 -120.895     15.6   1018.6
     1     1    23     1    13     1     0     1    14.0   28.392 -120.951     15.7   1018.6
     1     1    23     1    13     2     0     2    15.0   28.506 -121.013     16.3   1018.3
     1     1    23     1    13     3     0     3    16.0   28.632 -121.078     17.2   1018.1
     1     1    23     1    13     4     0     2    17.0   28.764 -121.122     18.3   1017.9
     1     1    23     1    13     5     0     1    18.0   28.897 -121.128     19.4   1017.7
     1     1    23     1    13     6     0     0    19.0   29.027 -121.095     20.6   1017.6
     1     1    23     1    13     7     0     1    20.0   29.145 -121.023     22.0   1017.4
     1     1    23     1    13     8     0     2    21.0   29.242 -120.915     23.3   1017.2
     1     1    23     1    13     9     0     3    22.0   29.315 -120.774     23.9   1017.0
     1     1    23     1    13    10     0     2    23.0   29.366 -120.628     22.7   1017.1
     1     1    23     1    13    11     0     1    24.0   29.400 -120.500     19.9   1017.5
     1     1    23     1    13    12     0     0    25.0   29.412 -120.383     16.6   1018.0
     1     1    23     1    13    13     0     1    26.0   29.415 -120.268     13.9   1018.6
     1     1    23     1    13    14     0     2    27.0   29.422 -120.156     12.4   1018.8
     1     1    23     1    13    15     0     3    28.0   29.435 -120.046     12.0   1018.8
     1     1    23     1    13    16     0     2    29.0   29.449 -119.946     12.0   1019.9
     1     1    23     1    13    17     0     1    30.0   29.459 -119.865     11.6   1021.3
     1     1    23     1    13    18     0     0    31.0   29.465 -119.798     10.9   1022.8
     1     1    23     1    13    19     0     1    32.0   29.465 -119.731     10.2   1021.8
     1     1    23     1    13    20     0     2    33.0   29.455 -119.655      9.8   1020.6
     1     1    23     1    13    21     0     3    34.0   29.436 -119.572      9.9   1019.5
     1     1    23     1    13    22     0     2    35.0   29.409 -119.495     10.1   1019.4
     1     1    23     1    13    23     0     1    36.0   29.381 -119.434     10.2   1019.4
     1     1    23     1    14     0     0     0    37.0   29.349 -119.387      9.8   1019.4
     1     1    23     1    14     1     0     1    38.0   29.314 -119.351      9.0   1019.4
     1     1    23     1    14     2     0     2    39.0   29.275 -119.318      7.9   1019.4
     1     1    23     1    14     3     0     3    40.0   29.232 -119.288      6.5   1019.4
     1     1    23     1    14     4     0     2    41.0   29.189 -119.253      5.1   1019.4
     1     1    23     1    14     5     0     1    42.0   29.145 -119.205      4.1   1019.5
     1     1    23     1    14     6     0     0    43.0   29.098 -119.142      3.6   1019.5
     1     1    23     1    14     7     0     1    44.0   29.044 -119.064      3.7   1019.5
     1     1    23     1    14     8     0     2    45.0   28.980 -118.970      4.0   1019.5
     1     1    23     1    14     9     0     3    46.0   28.905 -118.865      4.3   1019.1
     1     1    23     1    14    10     0     2    47.0   28.826 -118.755      4.6   1017.7
     1     1    23     1    14    11     0     1    48.0   28.748 -118.642      4.4   1016.6
     1     1    23     1    14    12     0     0    49.0   28.666 -118.522      3.9   1015.8
     1     1    23     1    14    13     0     1    50.0   28.582 -118.402      2.9   1015.8
     1     1    23     1    14    14     0     2    51.0   28.500 -118.289      1.9   1015.8
     1     1    23     1    14    15     0     3    52.0   28.420 -118.180      0.9   1015.7
     1     1    23     1    14    16     0     2    53.0   28.351 -118.071      0.2   1016.6
     1     1    23     1    14    17     0     1    54.0   28.303 -117.960      0.0   1017.6
     1     1    23     1    14    18     0     0    55.0   28.279 -117.851      0.0   1018.7
     1     1    23     1    14    19     0     1    56.0   28.271 -117.730      0.0   1017.7
     1     1    23     1    14    20     0     2    57.0   28.272 -117.580      0.2   1016.7
     1     1    23     1    14    21     0     3    58.0   28.284 -117.404      0.7   1015.6
     1     1    23     1    14    22     0     2    59.0   28.296 -117.214      1.3   1015.6
     1     1    23     1    14    23     0     1    60.0   28.290 -117.021      1.4   1015.7
     1     1    23     1    15     0     0     0    61.0   28.261 -116.819      1.2   1015.7
     1     1    23     1    15     1     0     1    62.0   28.216 -116.616      0.9   1015.7
     1     1    23     1    15     2     0     2    63.0   28.168 -116.420      0.8   1015.7
     1     1    23     1    15     3     0     3    64.0   28.114 -116.233      0.7   1015.6
     1     1    23     1    15     4     0     2    65.0   28.060 -116.050      0.6   1015.6
     1     1    23     1    15     5     0     1    66.0   28.019 -115.876      0.7   1015.5
     1     1    23     1    15     6     0     0    67.0   27.998 -115.718      1.1   1015.5
     1     1    23     1    15     7     0     1    68.0   28.004 -115.570      1.7   1015.5
     1     1    23     1    15     8     0     2    69.0   28.034 -115.420      2.3   1015.5
     1     1    23     1    15     9     0     3    70.0   28.074 -115.251      2.6   1015.5
     1     1    23     1    15    10     0     2    71.0   28.108 -115.067      2.8   1014.4
     1     1    23     1    15    11     0     1    72.0   28.133 -114.890      3.1   1012.3
     1     1    23     1    15    12     0     0    73.0   28.152 -114.731      3.7   1010.1
     1     1    23     1    15    13     0     1    74.0   28.178 -114.595      4.7   1009.4
     1     1    23     1    15    14     0     2    75.0   28.229 -114.482      6.2   1007.9
     1     1    23     1    15    15     0     3    76.0   28.308 -114.389      8.3   1005.4
     1     1    23     1    15    16     0     2    77.0   28.406 -114.298     11.1   1001.8
     1     1    23     1    15    17     0     1    78.0   28.516 -114.200     16.4    996.2
     1     1    23     1    15    18     0     0    79.0   28.642 -114.100     28.3    988.4
     1     1    23     1    15    19     0     1    80.0   28.793 -113.995     56.4    976.0
     1     1    23     1    15    20     0     2    81.0   28.989 -113.886    126.1    965.3
     1     1    23     1    15    21     0     3    82.0   29.242 -113.753    249.7    961.4
     1     1    23     1    15    22     0     2    83.0   29.500 -113.560    352.9    957.4
     1     1    23     1    15    23     0     1    84.0   29.734 -113.291    449.3    958.5
     1     1    23     1    16     0     0     0    85.0   29.983 -112.906    585.7    940.1
     1     1    23     1    16     1     0     1    86.0   30.257 -112.455    733.6    889.6
     1     1    23     1    16     2     0     2    87.0   30.536 -112.010    845.5    846.3
     1     1    23     1    16     3     0     3    88.0   30.824 -111.569    990.2    819.3
     1     1    23     1    16     4     0     2    89.0   31.138 -111.075   1191.1    763.8
     1     1    23     1    16     5     0     1    90.0   31.482 -110.482   1298.2    727.5
     1     1    23     1    16     6     0     0    91.0   31.792 -109.825   1203.9    722.0
     1     1    23     1    16     7     0     1    92.0   32.003 -109.268   1149.2    752.0
     1     1    23     1    16     8     0     2    93.0   32.164 -108.750   1202.9    736.8
     1     1    23     1    16     9     0     3    94.0   32.309 -108.091   1339.3    706.7
     1     1    23     1    16    10     0     2    95.0   32.443 -107.205   1546.5    701.5
     1     1    23     1    16    11     0     1    96.0   32.559 -106.269   1867.8    673.5
     1     1    23     1    16    12     0     0    97.0   32.634 -105.232   2168.5    643.0
     1     1    23     1    16    13     0     1    98.0   32.651 -104.194   2226.1    666.4
     1     1    23     1    16    14     0     2    99.0   32.617 -103.263   2168.9    681.4
     1     1    23     1    16    15     0     3   100.0   32.574 -102.394   2038.1    701.7
     1     1    23     1    16    16     0     2   101.0   32.571 -101.593   1847.5    731.4
     1     1    23     1    16    17     0     1   102.0   32.608 -100.864   1665.4    759.8
     1     1    23     1    16    18     0     0   103.0   32.652 -100.148   1523.7    789.7
     1     1    23     1    16    19     0     1   104.0   32.715  -99.462   1468.2    806.6
     1     1    23     1    16    20     0     2   105.0   32.790  -98.844   1502.0    805.2
     1     1    23     1    16    21     0     3   106.0   32.865  -98.286   1541.2    798.9
     1     1    23     1    16    22     0     2   107.0   32.945  -97.756   1563.5    806.9
     1     1    23     1    16    23     0     1   108.0   33.046  -97.226   1619.0    813.0
     1     1    23     1    17     0     0     0   109.0   33.159  -96.684   1678.0    807.5
     1     1    23     1    17     1     0     1   110.0   33.261  -96.128   1754.2    804.9
     1     1    23     1    17     2     0     2   111.0   33.333  -95.538   1822.0    792.5
     1     1    23     1    17     3     0     3   112.0   33.373  -94.936   1770.2    794.2
     1     1    23     1    17     4     0     2   113.0   33.414  -94.379   1672.4    815.4
     1     1    23     1    17     5     0     1   114.0   33.470  -93.853   1603.4    822.4
     1     1    23     1    17     6     0     0   115.0   33.521  -93.340   1559.8    829.6
     1     1    23     1    17     7     0     1   116.0   33.571  -92.832   1533.1    831.9
     1     1    23     1    17     8     0     2   117.0   33.628  -92.332   1488.5    836.8
     1     1    23     1    17     9     0     3   118.0   33.667  -91.842   1419.7    846.0
     1     1    23     1    17    10     0     2   119.0   33.697  -91.363   1369.0    857.6
     1     1    23     1    17    11     0     1   120.0   33.724  -90.897   1356.1    859.3
