     8     1
    GDAS    22    12    22     0     0
    GDAS    22    12    29     0     0
    GDAS    23     1     1     0     0
    GDAS    23     1     8     0     0
    GDAS    23     1    15     0     0
    GDAS    23     1    22     0     0
    GDAS    23     1    29     0     0
    GDAS    23     2     1     0     0
     1 FORWARD  OMEGA   
    23     1    24    11   35.123 -163.471  4688.1
     1 PRESSURE
     1     1    23     1    24    11     0     1     0.0   35.123 -163.471   4688.1    559.3
     1     1    23     1    24    12     0     0     1.0   35.536 -162.008   4530.5    568.2
     1     1    23     1    24    13     0     1     2.0   36.008 -160.564   4313.0    589.1
     1     1    23     1    24    14     0     2     3.0   36.548 -159.248   4185.0    599.8
     1     1    23     1    24    15     0     3     4.0   37.070 -157.994   4088.6    605.7
     1     1    23     1    24    16     0     2     5.0   37.589 -156.801   3971.8    618.0
     1     1    23     1    24    17     0     1     6.0   38.190 -155.789   3941.5    620.7
     1     1    23     1    24    18     0     0     7.0   38.855 -154.917   3933.5    621.0
     1     1    23     1    24    19     0     1     8.0   39.552 -154.122   3938.8    621.7
     1     1    23     1    24    20     0     2     9.0   40.363 -153.408   3937.2    622.2
     1     1    23     1    24    21     0     3    10.0   41.250 -152.734   3901.9    624.9
     1     1    23     1    24    22     0     2    11.0   42.168 -152.012   3846.7    629.0
     1     1    23     1    24    23     0     1    12.0   43.111 -151.240   3774.9    634.8
     1     1    23     1    25     0     0     0    13.0   44.028 -150.443   3748.2    638.0
     1     1    23     1    25     1     0     1    14.0   44.913 -149.592   3784.5    633.7
     1     1    23     1    25     2     0     2    15.0   45.787 -148.715   3800.6    634.9
     1     1    23     1    25     3     0     3    16.0   46.636 -147.880   3869.8    630.5
     1     1    23     1    25     4     0     2    17.0   47.427 -147.092   3912.9    625.1
     1     1    23     1    25     5     0     1    18.0   48.189 -146.314   3901.3    629.9
     1     1    23     1    25     6     0     0    19.0   48.933 -145.539   3912.9    626.6
     1     1    23     1    25     7     0     1    20.0   49.684 -144.796   3845.9    634.2
     1     1    23     1    25     8     0     2    21.0   50.432 -144.033   3813.0    637.8
     1     1    23     1    25     9     0     3    22.0   51.157 -143.196   3829.9    637.2
     1     1    23     1    25    10     0     2    23.0   51.859 -142.277   3842.7    634.7
     1     1    23     1    25    11     0     1    24.0   52.552 -141.355   3810.0    639.0
     1     1    23     1    25    12     0     0    25.0   53.220 -140.464   3861.2    635.9
     1     1    23     1    25    13     0     1    26.0   53.832 -139.492   3955.0    626.7
     1     1    23     1    25    14     0     2    27.0   54.419 -138.411   4022.5    621.5
     1     1    23     1    25    15     0     3    28.0   54.992 -137.269   4019.6    621.9
     1     1    23     1    25    16     0     2    29.0   55.518 -136.083   4094.5    618.6
     1     1    23     1    25    17     0     1    30.0   55.989 -134.830   4488.4    589.0
     1     1    23     1    25    18     0     0    31.0   56.462 -133.443   4729.6    559.8
     1     1    23     1    25    19     0     1    32.0   56.930 -131.740   4393.9    503.7
     1     1    23     1    25    20     0     2    33.0   57.349 -129.682   3867.9    534.3
     1     1    23     1    25    21     0     3    34.0   57.580 -127.605   3639.8    537.3
     1     1    23     1    25    22     0     2    35.0   57.577 -125.421   3608.2    528.5
     1     1    23     1    25    23     0     1    36.0   57.328 -123.268   3090.5    605.9
     1     1    23     1    26     0     0     0    37.0   56.822 -121.566   3574.5    587.9
     1     1    23     1    26     1     0     1    38.0   56.181 -120.091   4034.8    570.6
     1     1    23     1    26     2     0     2    39.0   55.499 -118.713   4458.7    532.9
     1     1    23     1    26     3     0     3    40.0   54.828 -117.524   4483.8    522.6
     1     1    23     1    26     4     0     2    41.0   54.090 -116.391   4520.1    508.5
     1     1    23     1    26     5     0     1    42.0   53.320 -115.296   4516.1    517.9
     1     1    23     1    26     6     0     0    43.0   52.590 -114.289   4711.0    490.5
     1     1    23     1    26     7     0     1    44.0   51.796 -113.410   4668.2    501.6
     1     1    23     1    26     8     0     2    45.0   50.983 -112.601   4607.1    508.8
     1     1    23     1    26     9     0     3    46.0   50.173 -111.879   4595.1    515.1
     1     1    23     1    26    10     0     2    47.0   49.331 -111.220   4499.9    506.2
     1     1    23     1    26    11     0     1    48.0   48.462 -110.648   4291.0    523.7
     1     1    23     1    26    12     0     0    49.0   47.632 -110.157   4042.0    531.0
     1     1    23     1    26    13     0     1    50.0   46.756 -109.729   4072.7    513.3
     1     1    23     1    26    14     0     2    51.0   45.858 -109.387   4533.1    473.9
     1     1    23     1    26    15     0     3    52.0   44.870 -109.137   4420.4    462.3
     1     1    23     1    26    16     0     2    53.0   43.891 -108.973   4101.1    458.5
     1     1    23     1    26    17     0     1    54.0   42.971 -108.920   4294.9    450.8
     1     1    23     1    26    18     0     0    55.0   42.089 -108.972   4719.7    416.9
     1     1    23     1    26    19     0     1    56.0   41.151 -109.057   4887.7    394.6
     1     1    23     1    26    20     0     2    57.0   40.238 -109.134   4826.6    432.3
     1     1    23     1    26    21     0     3    58.0   39.419 -109.232   4880.5    434.7
     1     1    23     1    26    22     0     2    59.0   38.652 -109.347   4910.5    428.4
     1     1    23     1    26    23     0     1    60.0   37.888 -109.508   4800.1    431.3
     1     1    23     1    27     0     0     0    61.0   37.166 -109.683   4678.4    458.2
     1     1    23     1    27     1     0     1    62.0   36.507 -109.869   4420.8    460.5
     1     1    23     1    27     2     0     2    63.0   35.909 -110.072   4060.6    472.9
     1     1    23     1    27     3     0     3    64.0   35.365 -110.265   3721.2    517.4
     1     1    23     1    27     4     0     2    65.0   34.871 -110.440   3462.6    543.4
     1     1    23     1    27     5     0     1    66.0   34.433 -110.595   3291.4    550.5
     1     1    23     1    27     6     0     0    67.0   34.054 -110.716   3140.2    557.6
     1     1    23     1    27     7     0     1    68.0   33.711 -110.810   3007.9    588.3
     1     1    23     1    27     8     0     2    69.0   33.379 -110.898   2884.9    621.4
     1     1    23     1    27     9     0     3    70.0   33.054 -110.981   2794.9    651.0
     1     1    23     1    27    10     0     2    71.0   32.737 -111.079   2705.2    661.6
     1     1    23     1    27    11     0     1    72.0   32.436 -111.204   2614.8    670.4
     1     1    23     1    27    12     0     0    73.0   32.153 -111.333   2519.2    678.6
     1     1    23     1    27    13     0     1    74.0   31.889 -111.459   2442.2    687.5
     1     1    23     1    27    14     0     2    75.0   31.647 -111.576   2411.8    691.2
     1     1    23     1    27    15     0     3    76.0   31.420 -111.670   2404.0    692.0
     1     1    23     1    27    16     0     2    77.0   31.212 -111.748   2372.4    695.5
     1     1    23     1    27    17     0     1    78.0   31.034 -111.828   2300.4    706.4
     1     1    23     1    27    18     0     0    79.0   30.886 -111.918   2223.8    721.0
     1     1    23     1    27    19     0     1    80.0   30.757 -111.998   2165.6    728.7
     1     1    23     1    27    20     0     2    81.0   30.639 -112.043   2108.5    733.9
     1     1    23     1    27    21     0     3    82.0   30.534 -112.051   2042.7    739.6
     1     1    23     1    27    22     0     2    83.0   30.433 -112.031   1998.4    744.1
     1     1    23     1    27    23     0     1    84.0   30.332 -111.986   2004.3    740.7
     1     1    23     1    28     0     0     0    85.0   30.231 -111.906   2058.5    733.5
     1     1    23     1    28     1     0     1    86.0   30.136 -111.800   2127.6    723.6
     1     1    23     1    28     2     0     2    87.0   30.049 -111.685   2189.6    718.0
     1     1    23     1    28     3     0     3    88.0   29.969 -111.561   2254.2    714.1
     1     1    23     1    28     4     0     2    89.0   29.907 -111.427   2306.5    709.9
     1     1    23     1    28     5     0     1    90.0   29.871 -111.287   2324.0    709.1
     1     1    23     1    28     6     0     0    91.0   29.860 -111.142   2298.9    710.4
     1     1    23     1    28     7     0     1    92.0   29.879 -110.985   2253.3    714.4
     1     1    23     1    28     8     0     2    93.0   29.934 -110.790   2222.8    708.8
     1     1    23     1    28     9     0     3    94.0   30.025 -110.542   2221.3    696.1
     1     1    23     1    28    10     0     2    95.0   30.149 -110.227   2230.8    678.1
     1     1    23     1    28    11     0     1    96.0   30.297 -109.831   2217.4    659.9
     1     1    23     1    28    12     0     0    97.0   30.468 -109.337   2138.5    647.8
     1     1    23     1    28    13     0     1    98.0   30.651 -108.744   1982.0    650.6
     1     1    23     1    28    14     0     2    99.0   30.811 -108.112   1868.2    677.8
     1     1    23     1    28    15     0     3   100.0   30.933 -107.469   1840.4    693.7
     1     1    23     1    28    16     0     2   101.0   31.029 -106.787   1837.0    695.0
     1     1    23     1    28    17     0     1   102.0   31.119 -106.027   1806.9    679.8
     1     1    23     1    28    18     0     0   103.0   31.204 -105.211   1669.7    695.7
     1     1    23     1    28    19     0     1   104.0   31.278 -104.436   1544.8    725.4
     1     1    23     1    28    20     0     2   105.0   31.367 -103.715   1651.8    727.0
     1     1    23     1    28    21     0     3   106.0   31.463 -103.046   1577.4    739.9
     1     1    23     1    28    22     0     2   107.0   31.568 -102.470   1475.5    773.8
     1     1    23     1    28    23     0     1   108.0   31.682 -101.885   1445.1    773.2
     1     1    23     1    29     0     0     0   109.0   31.826 -101.279   1446.5    779.2
     1     1    23     1    29     1     0     1   110.0   31.983 -100.635   1418.4    783.9
     1     1    23     1    29     2     0     2   111.0   32.122  -99.982   1290.3    806.4
     1     1    23     1    29     3     0     3   112.0   32.274  -99.376   1143.0    836.8
     1     1    23     1    29     4     0     2   113.0   32.424  -98.809   1038.6    854.7
     1     1    23     1    29     5     0     1   114.0   32.557  -98.264    985.2    866.5
     1     1    23     1    29     6     0     0   115.0   32.686  -97.732    989.6    873.8
     1     1    23     1    29     7     0     1   116.0   32.807  -97.212   1043.6    877.1
     1     1    23     1    29     8     0     2   117.0   32.921  -96.716   1114.9    873.4
     1     1    23     1    29     9     0     3   118.0   33.024  -96.251   1176.4    866.2
     1     1    23     1    29    10     0     2   119.0   33.130  -95.800   1229.6    861.8
     1     1    23     1    29    11     0     1   120.0   33.242  -95.346   1299.4    856.3
