     8     1
    GDAS    22    12    22     0     0
    GDAS    22    12    29     0     0
    GDAS    23     1     1     0     0
    GDAS    23     1     8     0     0
    GDAS    23     1    15     0     0
    GDAS    23     1    22     0     0
    GDAS    23     1    29     0     0
    GDAS    23     2     1     0     0
     1 FORWARD  OMEGA   
    22    12    27    16   27.022 -111.324   134.9
     1 PRESSURE
     1     1    22    12    27    16     0     2     0.0   27.022 -111.324    134.9   1001.7
     1     1    22    12    27    17     0     1     1.0   26.999 -111.305    130.2   1003.0
     1     1    22    12    27    18     0     0     2.0   26.962 -111.271    127.6   1003.7
     1     1    22    12    27    19     0     1     3.0   26.925 -111.238    125.3   1002.2
     1     1    22    12    27    20     0     2     4.0   26.901 -111.223    121.4   1001.2
     1     1    22    12    27    21     0     3     5.0   26.892 -111.230    116.9   1000.3
     1     1    22    12    27    22     0     2     6.0   26.897 -111.253    115.8   1000.1
     1     1    22    12    27    23     0     1     7.0   26.914 -111.283    121.0    998.9
     1     1    22    12    28     0     0     0     8.0   26.940 -111.319    133.0    997.4
     1     1    22    12    28     1     0     1     9.0   26.972 -111.349    143.8    996.0
     1     1    22    12    28     2     0     2    10.0   27.010 -111.362    142.3    996.5
     1     1    22    12    28     3     0     3    11.0   27.055 -111.359    128.6    998.3
     1     1    22    12    28     4     0     2    12.0   27.116 -111.349    112.9   1000.1
     1     1    22    12    28     5     0     1    13.0   27.199 -111.340    101.6   1000.7
     1     1    22    12    28     6     0     0    14.0   27.305 -111.332     94.0   1000.8
     1     1    22    12    28     7     0     1    15.0   27.420 -111.323     89.9    999.9
     1     1    22    12    28     8     0     2    16.0   27.528 -111.312     88.5    998.7
     1     1    22    12    28     9     0     3    17.0   27.626 -111.298     89.2    997.3
     1     1    22    12    28    10     0     2    18.0   27.713 -111.287     95.1    996.2
     1     1    22    12    28    11     0     1    19.0   27.791 -111.284    110.7    993.9
     1     1    22    12    28    12     0     0    20.0   27.865 -111.287    139.4    990.6
     1     1    22    12    28    13     0     1    21.0   27.947 -111.298    185.8    985.1
     1     1    22    12    28    14     0     2    22.0   28.053 -111.314    255.6    976.9
     1     1    22    12    28    15     0     3    23.0   28.191 -111.316    348.1    964.5
     1     1    22    12    28    16     0     2    24.0   28.357 -111.290    457.9    950.2
     1     1    22    12    28    17     0     1    25.0   28.537 -111.234    584.4    933.4
     1     1    22    12    28    18     0     0    26.0   28.726 -111.146    737.9    914.3
     1     1    22    12    28    19     0     1    27.0   28.936 -111.008    893.7    889.1
     1     1    22    12    28    20     0     2    28.0   29.178 -110.802   1007.4    856.0
     1     1    22    12    28    21     0     3    29.0   29.438 -110.512   1079.7    821.6
     1     1    22    12    28    22     0     2    30.0   29.726 -110.150   1088.9    790.6
     1     1    22    12    28    23     0     1    31.0   30.065 -109.744   1063.8    770.7
     1     1    22    12    29     0     0     0    32.0   30.415 -109.273    936.8    746.8
     1     1    22    12    29     1     0     1    33.0   30.738 -108.762    819.3    755.6
     1     1    22    12    29     2     0     2    34.0   31.026 -108.167    814.4    781.1
     1     1    22    12    29     3     0     3    35.0   31.212 -107.524    792.6    775.2
     1     1    22    12    29     4     0     2    36.0   31.327 -106.899    635.8    802.1
     1     1    22    12    29     5     0     1    37.0   31.387 -106.272    547.0    808.3
     1     1    22    12    29     6     0     0    38.0   31.405 -105.634    672.1    797.8
     1     1    22    12    29     7     0     1    39.0   31.393 -104.968   1007.8    771.0
     1     1    22    12    29     8     0     2    40.0   31.410 -104.271   1242.2    736.6
     1     1    22    12    29     9     0     3    41.0   31.438 -103.600   1266.7    764.9
     1     1    22    12    29    10     0     2    42.0   31.464 -102.959   1270.2    782.4
     1     1    22    12    29    11     0     1    43.0   31.496 -102.346   1290.6    785.0
     1     1    22    12    29    12     0     0    44.0   31.537 -101.764   1299.7    783.9
     1     1    22    12    29    13     0     1    45.0   31.578 -101.207   1224.7    792.0
     1     1    22    12    29    14     0     2    46.0   31.607 -100.676   1093.5    817.9
     1     1    22    12    29    15     0     3    47.0   31.620 -100.180   1009.5    836.6
     1     1    22    12    29    16     0     2    48.0   31.611  -99.735    960.0    842.6
     1     1    22    12    29    17     0     1    49.0   31.561  -99.346    920.4    853.8
     1     1    22    12    29    18     0     0    50.0   31.460  -99.010    947.2    859.1
     1     1    22    12    29    19     0     1    51.0   31.349  -98.735   1000.7    848.8
     1     1    22    12    29    20     0     2    52.0   31.245  -98.520   1003.0    852.3
     1     1    22    12    29    21     0     3    53.0   31.122  -98.352    967.4    859.2
     1     1    22    12    29    22     0     2    54.0   30.992  -98.214    867.5    868.8
     1     1    22    12    29    23     0     1    55.0   30.864  -98.107    697.0    891.7
     1     1    22    12    30     0     0     0    56.0   30.694  -98.028    515.8    917.6
     1     1    22    12    30     1     0     1    57.0   30.488  -97.972    426.7    937.7
     1     1    22    12    30     2     0     2    58.0   30.294  -97.963    468.9    931.4
     1     1    22    12    30     3     0     3    59.0   30.119  -98.004    630.6    915.3
     1     1    22    12    30     4     0     2    60.0   29.961  -98.025    835.1    884.5
     1     1    22    12    30     5     0     1    61.0   29.824  -97.993    945.5    875.4
     1     1    22    12    30     6     0     0    62.0   29.706  -97.943    941.8    878.2
     1     1    22    12    30     7     0     1    63.0   29.596  -97.912    881.8    894.3
     1     1    22    12    30     8     0     2    64.0   29.480  -97.908    839.1    902.4
     1     1    22    12    30     9     0     3    65.0   29.361  -97.922    838.8    905.8
     1     1    22    12    30    10     0     2    66.0   29.243  -97.948    866.9    902.1
     1     1    22    12    30    11     0     1    67.0   29.129  -97.990    890.5    901.0
     1     1    22    12    30    12     0     0    68.0   29.022  -98.047    905.8    900.8
     1     1    22    12    30    13     0     1    69.0   28.927  -98.092    892.7    900.2
     1     1    22    12    30    14     0     2    70.0   28.841  -98.111    822.2    908.0
     1     1    22    12    30    15     0     3    71.0   28.749  -98.112    697.5    921.7
     1     1    22    12    30    16     0     2    72.0   28.631  -98.120    588.2    940.8
     1     1    22    12    30    17     0     1    73.0   28.498  -98.141    563.8    942.9
     1     1    22    12    30    18     0     0    74.0   28.362  -98.165    618.6    936.4
     1     1    22    12    30    19     0     1    75.0   28.247  -98.178    690.7    921.8
     1     1    22    12    30    20     0     2    76.0   28.152  -98.171    717.8    918.8
     1     1    22    12    30    21     0     3    77.0   28.068  -98.149    698.2    920.7
     1     1    22    12    30    22     0     2    78.0   27.981  -98.106    651.5    929.1
     1     1    22    12    30    23     0     1    79.0   27.891  -98.039    606.9    935.5
     1     1    22    12    31     0     0     0    80.0   27.802  -97.959    570.9    941.0
     1     1    22    12    31     1     0     1    81.0   27.705  -97.883    533.7    945.7
     1     1    22    12    31     2     0     2    82.0   27.591  -97.830    489.6    952.9
     1     1    22    12    31     3     0     3    83.0   27.457  -97.801    450.2    960.0
     1     1    22    12    31     4     0     2    84.0   27.321  -97.794    423.7    964.5
     1     1    22    12    31     5     0     1    85.0   27.206  -97.803    405.4    966.6
     1     1    22    12    31     6     0     0    86.0   27.117  -97.826    384.7    969.2
     1     1    22    12    31     7     0     1    87.0   27.053  -97.857    366.6    972.4
     1     1    22    12    31     8     0     2    88.0   27.006  -97.888    359.3    973.7
     1     1    22    12    31     9     0     3    89.0   26.976  -97.914    365.8    973.1
     1     1    22    12    31    10     0     2    90.0   26.951  -97.935    378.9    971.1
     1     1    22    12    31    11     0     1    91.0   26.922  -97.957    389.9    970.1
     1     1    22    12    31    12     0     0    92.0   26.888  -97.979    397.4    969.6
     1     1    22    12    31    13     0     1    93.0   26.873  -98.002    403.3    969.6
     1     1    22    12    31    14     0     2    94.0   26.900  -98.028    410.4    968.8
     1     1    22    12    31    15     0     3    95.0   26.973  -98.055    419.2    967.8
     1     1    22    12    31    16     0     2    96.0   27.082  -98.069    416.2    965.4
     1     1    22    12    31    17     0     1    97.0   27.207  -98.059    392.9    966.9
     1     1    22    12    31    18     0     0    98.0   27.345  -98.025    360.2    969.9
     1     1    22    12    31    19     0     1    99.0   27.498  -97.980    335.5    971.9
     1     1    22    12    31    20     0     2   100.0   27.669  -97.930    325.0    970.5
     1     1    22    12    31    21     0     3   101.0   27.854  -97.868    322.5    968.5
     1     1    22    12    31    22     0     2   102.0   28.056  -97.798    327.0    967.5
     1     1    22    12    31    23     0     1   103.0   28.274  -97.727    340.4    966.6
     1     1    23     1     1     0     0     0   104.0   28.499  -97.655    365.1    964.7
     1     1    23     1     1     1     0     1   105.0   28.743  -97.577    400.3    961.4
     1     1    23     1     1     2     0     2   106.0   29.022  -97.487    442.3    957.5
     1     1    23     1     1     3     0     3   107.0   29.342  -97.367    477.4    948.9
     1     1    23     1     1     4     0     2   108.0   29.689  -97.197    500.5    944.6
     1     1    23     1     1     5     0     1   109.0   30.061  -96.966    529.3    942.6
     1     1    23     1     1     6     0     0   110.0   30.454  -96.667    564.9    935.9
     1     1    23     1     1     7     0     1   111.0   30.847  -96.314    598.3    932.6
     1     1    23     1     1     8     0     2   112.0   31.228  -95.923    639.0    930.9
     1     1    23     1     1     9     0     3   113.0   31.591  -95.495    687.7    922.6
     1     1    23     1     1    10     0     2   114.0   31.937  -95.035    730.3    913.0
     1     1    23     1     1    11     0     1   115.0   32.270  -94.556    759.0    912.2
     1     1    23     1     1    12     0     0   116.0   32.608  -94.068    762.3    914.2
     1     1    23     1     1    13     0     1   117.0   32.959  -93.569    746.4    918.6
     1     1    23     1     1    14     0     2   118.0   33.294  -93.066    763.1    920.6
     1     1    23     1     1    15     0     3   119.0   33.607  -92.561    813.5    914.2
     1     1    23     1     1    16     0     2   120.0   33.909  -92.073    837.9    908.2
