     8     1
    GDAS    22    12    22     0     0
    GDAS    22    12    29     0     0
    GDAS    23     1     1     0     0
    GDAS    23     1     8     0     0
    GDAS    23     1    15     0     0
    GDAS    23     1    22     0     0
    GDAS    23     1    29     0     0
    GDAS    23     2     1     0     0
     1 FORWARD  OMEGA   
    23     1    24    11   41.113 -101.919   725.2
     1 PRESSURE
     1     1    23     1    24    11     0     1     0.0   41.113 -101.919    725.2    810.5
     1     1    23     1    24    12     0     0     1.0   41.056 -101.520    714.2    822.6
     1     1    23     1    24    13     0     1     2.0   41.026 -101.152    715.7    826.2
     1     1    23     1    24    14     0     2     3.0   40.991 -100.847    650.4    833.8
     1     1    23     1    24    15     0     3     4.0   40.918 -100.589    521.1    856.2
     1     1    23     1    24    16     0     2     5.0   40.845 -100.328    423.3    877.5
     1     1    23     1    24    17     0     1     6.0   40.782 -100.078    373.7    883.8
     1     1    23     1    24    18     0     0     7.0   40.710  -99.857    340.2    891.0
     1     1    23     1    24    19     0     1     8.0   40.623  -99.650    318.5    896.4
     1     1    23     1    24    20     0     2     9.0   40.519  -99.446    312.8    900.4
     1     1    23     1    24    21     0     3    10.0   40.388  -99.256    326.8    901.7
     1     1    23     1    24    22     0     2    11.0   40.234  -99.092    352.8    901.4
     1     1    23     1    24    23     0     1    12.0   40.054  -98.976    378.3    901.3
     1     1    23     1    25     0     0     0    13.0   39.837  -98.916    399.1    901.4
     1     1    23     1    25     1     0     1    14.0   39.601  -98.885    412.1    901.8
     1     1    23     1    25     2     0     2    15.0   39.351  -98.867    419.7    903.0
     1     1    23     1    25     3     0     3    16.0   39.065  -98.873    431.8    903.6
     1     1    23     1    25     4     0     2    17.0   38.756  -98.888    448.2    899.5
     1     1    23     1    25     5     0     1    18.0   38.449  -98.890    460.9    895.7
     1     1    23     1    25     6     0     0    19.0   38.140  -98.894    470.0    892.4
     1     1    23     1    25     7     0     1    20.0   37.807  -98.894    476.0    891.9
     1     1    23     1    25     8     0     2    21.0   37.438  -98.878    480.4    894.3
     1     1    23     1    25     9     0     3    22.0   37.043  -98.850    488.9    896.6
     1     1    23     1    25    10     0     2    23.0   36.632  -98.807    496.5    894.5
     1     1    23     1    25    11     0     1    24.0   36.213  -98.742    494.9    894.8
     1     1    23     1    25    12     0     0    25.0   35.797  -98.659    492.2    900.0
     1     1    23     1    25    13     0     1    26.0   35.396  -98.569    493.9    906.0
     1     1    23     1    25    14     0     2    27.0   35.014  -98.481    502.8    910.5
     1     1    23     1    25    15     0     3    28.0   34.655  -98.399    508.8    913.5
     1     1    23     1    25    16     0     2    29.0   34.344  -98.295    504.3    920.1
     1     1    23     1    25    17     0     1    30.0   34.091  -98.148    497.0    925.1
     1     1    23     1    25    18     0     0    31.0   33.876  -97.960    492.7    928.3
     1     1    23     1    25    19     0     1    32.0   33.666  -97.759    485.5    928.8
     1     1    23     1    25    20     0     2    33.0   33.436  -97.570    471.4    932.8
     1     1    23     1    25    21     0     3    34.0   33.185  -97.389    457.1    937.8
     1     1    23     1    25    22     0     2    35.0   32.936  -97.217    438.4    943.9
     1     1    23     1    25    23     0     1    36.0   32.703  -97.061    407.1    949.9
     1     1    23     1    26     0     0     0    37.0   32.482  -96.923    366.2    955.9
     1     1    23     1    26     1     0     1    38.0   32.267  -96.786    321.2    962.3
     1     1    23     1    26     2     0     2    39.0   32.054  -96.642    270.6    970.3
     1     1    23     1    26     3     0     3    40.0   31.844  -96.514    220.6    980.4
     1     1    23     1    26     4     0     2    41.0   31.639  -96.405    182.9    987.9
     1     1    23     1    26     5     0     1    42.0   31.435  -96.313    154.3    992.4
     1     1    23     1    26     6     0     0    43.0   31.238  -96.241    123.4    997.0
     1     1    23     1    26     7     0     1    44.0   31.064  -96.196     96.4   1001.5
     1     1    23     1    26     8     0     2    45.0   30.919  -96.178     79.6   1003.9
     1     1    23     1    26     9     0     3    46.0   30.794  -96.182     70.5   1005.3
     1     1    23     1    26    10     0     2    47.0   30.676  -96.189     63.5   1006.7
     1     1    23     1    26    11     0     1    48.0   30.561  -96.184     55.2   1009.0
     1     1    23     1    26    12     0     0    49.0   30.449  -96.171     46.5   1010.7
     1     1    23     1    26    13     0     1    50.0   30.339  -96.161     39.8   1012.9
     1     1    23     1    26    14     0     2    51.0   30.229  -96.161     37.3   1014.3
     1     1    23     1    26    15     0     3    52.0   30.123  -96.169     39.7   1015.1
     1     1    23     1    26    16     0     2    53.0   30.021  -96.173     43.9   1014.5
     1     1    23     1    26    17     0     1    54.0   29.928  -96.163     44.2   1015.1
     1     1    23     1    26    18     0     0    55.0   29.842  -96.141     40.5   1016.4
     1     1    23     1    26    19     0     1    56.0   29.754  -96.115     34.9   1017.3
     1     1    23     1    26    20     0     2    57.0   29.659  -96.095     29.5   1018.1
     1     1    23     1    26    21     0     3    58.0   29.557  -96.081     24.3   1018.8
     1     1    23     1    26    22     0     2    59.0   29.460  -96.075     19.9   1019.9
     1     1    23     1    26    23     0     1    60.0   29.375  -96.082     16.5   1020.6
     1     1    23     1    27     0     0     0    61.0   29.303  -96.101     14.2   1021.1
     1     1    23     1    27     1     0     1    62.0   29.242  -96.124     12.3   1022.3
     1     1    23     1    27     2     0     2    63.0   29.189  -96.147     10.6   1023.7
     1     1    23     1    27     3     0     3    64.0   29.144  -96.169      8.8   1024.9
     1     1    23     1    27     4     0     2    65.0   29.105  -96.191      7.2   1025.2
     1     1    23     1    27     5     0     1    66.0   29.072  -96.213      6.0   1025.3
     1     1    23     1    27     6     0     0    67.0   29.047  -96.234      5.2   1025.4
     1     1    23     1    27     7     0     1    68.0   29.026  -96.257      4.6   1024.2
     1     1    23     1    27     8     0     2    69.0   29.008  -96.284      4.0   1023.0
     1     1    23     1    27     9     0     3    70.0   28.993  -96.316      3.5   1021.6
     1     1    23     1    27    10     0     2    71.0   28.980  -96.355      2.9   1021.6
     1     1    23     1    27    11     0     1    72.0   28.967  -96.403      2.5   1021.6
     1     1    23     1    27    12     0     0    73.0   28.954  -96.459      2.1   1021.6
     1     1    23     1    27    13     0     1    74.0   28.949  -96.519      1.9   1021.5
     1     1    23     1    27    14     0     2    75.0   28.956  -96.579      1.8   1021.3
     1     1    23     1    27    15     0     3    76.0   28.976  -96.637      1.8   1021.1
     1     1    23     1    27    16     0     2    77.0   29.004  -96.692      1.7   1020.8
     1     1    23     1    27    17     0     1    78.0   29.036  -96.750      1.5   1020.5
     1     1    23     1    27    18     0     0    79.0   29.076  -96.808      1.2   1020.2
     1     1    23     1    27    19     0     1    80.0   29.112  -96.869      0.8   1018.7
     1     1    23     1    27    20     0     2    81.0   29.135  -96.934      0.4   1017.3
     1     1    23     1    27    21     0     3    82.0   29.144  -97.004      0.0   1016.0
     1     1    23     1    27    22     0     2    83.0   29.143  -97.078      0.0   1015.4
     1     1    23     1    27    23     0     1    84.0   29.141  -97.154      0.0   1014.8
     1     1    23     1    28     0     0     0    85.0   29.137  -97.236      0.0   1014.2
     1     1    23     1    28     1     0     1    86.0   29.134  -97.327      0.0   1013.5
     1     1    23     1    28     2     0     2    87.0   29.134  -97.428      0.2   1012.6
     1     1    23     1    28     3     0     3    88.0   29.138  -97.534      0.9   1011.6
     1     1    23     1    28     4     0     2    89.0   29.145  -97.642      1.6   1009.3
     1     1    23     1    28     5     0     1    90.0   29.161  -97.751      2.4   1006.9
     1     1    23     1    28     6     0     0    91.0   29.186  -97.863      3.1   1004.4
     1     1    23     1    28     7     0     1    92.0   29.216  -97.971      4.3   1001.8
     1     1    23     1    28     8     0     2    93.0   29.244  -98.065      5.8    999.3
     1     1    23     1    28     9     0     3    94.0   29.268  -98.146      7.7    996.8
     1     1    23     1    28    10     0     2    95.0   29.295  -98.210      9.6    995.1
     1     1    23     1    28    11     0     1    96.0   29.334  -98.254     11.6    993.0
     1     1    23     1    28    12     0     0    97.0   29.385  -98.279     13.7    990.8
     1     1    23     1    28    13     0     1    98.0   29.446  -98.293     15.9    988.7
     1     1    23     1    28    14     0     2    99.0   29.516  -98.306     18.1    986.4
     1     1    23     1    28    15     0     3   100.0   29.594  -98.318     20.4    983.8
     1     1    23     1    28    16     0     2   101.0   29.691  -98.319     23.7    980.7
     1     1    23     1    28    17     0     1   102.0   29.816  -98.300     29.3    977.2
     1     1    23     1    28    18     0     0   103.0   29.965  -98.259     38.4    973.4
     1     1    23     1    28    19     0     1   104.0   30.131  -98.197     48.2    971.4
     1     1    23     1    28    20     0     2   105.0   30.305  -98.122     54.0    971.1
     1     1    23     1    28    21     0     3   106.0   30.480  -98.041     57.3    971.4
     1     1    23     1    28    22     0     2   107.0   30.660  -97.951     56.0    972.3
     1     1    23     1    28    23     0     1   108.0   30.843  -97.854     49.7    974.8
     1     1    23     1    29     0     0     0   109.0   31.034  -97.753     42.3    977.2
     1     1    23     1    29     1     0     1   110.0   31.227  -97.643     37.8    979.4
     1     1    23     1    29     2     0     2   111.0   31.422  -97.521     36.8    981.0
     1     1    23     1    29     3     0     3   112.0   31.624  -97.388     36.7    982.4
     1     1    23     1    29     4     0     2   113.0   31.830  -97.252     36.5    983.7
     1     1    23     1    29     5     0     1   114.0   32.033  -97.125     35.7    984.9
     1     1    23     1    29     6     0     0   115.0   32.224  -97.013     35.2    987.5
     1     1    23     1    29     7     0     1   116.0   32.396  -96.905     34.2    988.9
     1     1    23     1    29     8     0     2   117.0   32.548  -96.789     32.0    990.2
     1     1    23     1    29     9     0     3   118.0   32.678  -96.666     29.5    991.2
     1     1    23     1    29    10     0     2   119.0   32.775  -96.543     28.0    992.4
     1     1    23     1    29    11     0     1   120.0   32.832  -96.423     28.3    993.0
