     8     1
    GDAS    22    12    22     0     0
    GDAS    22    12    29     0     0
    GDAS    23     1     1     0     0
    GDAS    23     1     8     0     0
    GDAS    23     1    15     0     0
    GDAS    23     1    22     0     0
    GDAS    23     1    29     0     0
    GDAS    23     2     1     0     0
     1 FORWARD  OMEGA   
    22    12    29    12   26.962 -108.173   589.0
     1 PRESSURE
     1     1    22    12    29    12     0     0     0.0   26.962 -108.173    589.0    849.5
     1     1    22    12    29    13     0     1     1.0   27.026 -108.191    441.2    863.9
     1     1    22    12    29    14     0     2     2.0   27.071 -108.230    338.0    872.0
     1     1    22    12    29    15     0     3     3.0   27.108 -108.281    265.9    878.7
     1     1    22    12    29    16     0     2     4.0   27.141 -108.326    201.3    883.1
     1     1    22    12    29    17     0     1     5.0   27.168 -108.351    141.2    889.6
     1     1    22    12    29    18     0     0     6.0   27.195 -108.361     95.2    892.4
     1     1    22    12    29    19     0     1     7.0   27.224 -108.350     74.2    891.0
     1     1    22    12    29    20     0     2     8.0   27.258 -108.314     82.4    881.8
     1     1    22    12    29    21     0     3     9.0   27.295 -108.253    121.0    868.7
     1     1    22    12    29    22     0     2    10.0   27.323 -108.195    153.5    854.5
     1     1    22    12    29    23     0     1    11.0   27.333 -108.167    130.6    854.3
     1     1    22    12    30     0     0     0    12.0   27.324 -108.171     76.7    863.7
     1     1    22    12    30     1     0     1    13.0   27.307 -108.194     40.8    874.9
     1     1    22    12    30     2     0     2    14.0   27.293 -108.224     23.8    879.0
     1     1    22    12    30     3     0     3    15.0   27.280 -108.261     15.8    883.5
     1     1    22    12    30     4     0     2    16.0   27.266 -108.300     11.6    888.1
     1     1    22    12    30     5     0     1    17.0   27.244 -108.337      8.4    893.2
     1     1    22    12    30     6     0     0    18.0   27.217 -108.370      5.8    898.5
     1     1    22    12    30     7     0     1    19.0   27.185 -108.399      3.6    904.1
     1     1    22    12    30     8     0     2    20.0   27.153 -108.426      2.4    909.6
     1     1    22    12    30     9     0     3    21.0   27.121 -108.450      2.1    914.7
     1     1    22    12    30    10     0     2    22.0   27.092 -108.471      2.3    919.2
     1     1    22    12    30    11     0     1    23.0   27.070 -108.491      2.5    922.8
     1     1    22    12    30    12     0     0    24.0   27.056 -108.510      2.5    925.7
     1     1    22    12    30    13     0     1    25.0   27.047 -108.531      2.6    928.0
     1     1    22    12    30    14     0     2    26.0   27.042 -108.558      2.9    930.3
     1     1    22    12    30    15     0     3    27.0   27.040 -108.591      3.4    932.6
     1     1    22    12    30    16     0     2    28.0   27.049 -108.623      4.0    934.0
     1     1    22    12    30    17     0     1    29.0   27.077 -108.650      4.8    933.3
     1     1    22    12    30    18     0     0    30.0   27.122 -108.671      6.0    930.3
     1     1    22    12    30    19     0     1    31.0   27.178 -108.677      8.0    924.2
     1     1    22    12    30    20     0     2    32.0   27.236 -108.662     11.5    916.3
     1     1    22    12    30    21     0     3    33.0   27.295 -108.624     18.7    905.9
     1     1    22    12    30    22     0     2    34.0   27.345 -108.567     34.5    895.4
     1     1    22    12    30    23     0     1    35.0   27.374 -108.499     64.0    884.9
     1     1    22    12    31     0     0     0    36.0   27.384 -108.419    111.8    873.1
     1     1    22    12    31     1     0     1    37.0   27.378 -108.341    159.8    861.5
     1     1    22    12    31     2     0     2    38.0   27.363 -108.283    186.2    856.4
     1     1    22    12    31     3     0     3    39.0   27.338 -108.247    196.2    856.0
     1     1    22    12    31     4     0     2    40.0   27.307 -108.231    194.5    858.9
     1     1    22    12    31     5     0     1    41.0   27.273 -108.236    181.4    864.7
     1     1    22    12    31     6     0     0    42.0   27.233 -108.262    155.9    874.0
     1     1    22    12    31     7     0     1    43.0   27.187 -108.299    124.3    885.6
     1     1    22    12    31     8     0     2    44.0   27.137 -108.340     94.2    896.7
     1     1    22    12    31     9     0     3    45.0   27.086 -108.386     68.1    908.0
     1     1    22    12    31    10     0     2    46.0   27.036 -108.435     47.3    918.6
     1     1    22    12    31    11     0     1    47.0   26.991 -108.488     31.8    927.4
     1     1    22    12    31    12     0     0    48.0   26.951 -108.543     20.8    934.3
     1     1    22    12    31    13     0     1    49.0   26.917 -108.598     13.6    941.2
     1     1    22    12    31    14     0     2    50.0   26.885 -108.649      8.6    947.0
     1     1    22    12    31    15     0     3    51.0   26.854 -108.696      4.7    952.2
     1     1    22    12    31    16     0     2    52.0   26.834 -108.734      1.9    955.6
     1     1    22    12    31    17     0     1    53.0   26.832 -108.761      1.0    957.3
     1     1    22    12    31    18     0     0    54.0   26.847 -108.777      2.1    957.5
     1     1    22    12    31    19     0     1    55.0   26.878 -108.779      5.2    954.9
     1     1    22    12    31    20     0     2    56.0   26.923 -108.767      9.9    950.6
     1     1    22    12    31    21     0     3    57.0   26.981 -108.739     19.7    943.5
     1     1    22    12    31    22     0     2    58.0   27.041 -108.693     43.7    933.3
     1     1    22    12    31    23     0     1    59.0   27.090 -108.630     87.3    919.9
     1     1    23     1     1     0     0     0    60.0   27.127 -108.548    153.4    904.2
     1     1    23     1     1     1     0     1    61.0   27.152 -108.471    222.4    888.0
     1     1    23     1     1     2     0     2    62.0   27.167 -108.425    277.7    878.0
     1     1    23     1     1     3     0     3    63.0   27.179 -108.407    322.5    871.6
     1     1    23     1     1     4     0     2    64.0   27.196 -108.411    357.6    866.6
     1     1    23     1     1     5     0     1    65.0   27.225 -108.427    379.8    862.6
     1     1    23     1     1     6     0     0    66.0   27.266 -108.457    386.6    860.0
     1     1    23     1     1     7     0     1    67.0   27.314 -108.494    377.1    858.3
     1     1    23     1     1     8     0     2    68.0   27.367 -108.534    351.9    858.2
     1     1    23     1     1     9     0     3    69.0   27.423 -108.576    313.5    859.5
     1     1    23     1     1    10     0     2    70.0   27.482 -108.618    281.2    862.1
     1     1    23     1     1    11     0     1    71.0   27.548 -108.655    271.3    859.5
     1     1    23     1     1    12     0     0    72.0   27.625 -108.686    283.3    853.2
     1     1    23     1     1    13     0     1    73.0   27.720 -108.709    309.4    843.3
     1     1    23     1     1    14     0     2    74.0   27.840 -108.725    344.4    830.9
     1     1    23     1     1    15     0     3    75.0   27.995 -108.729    395.4    813.4
     1     1    23     1     1    16     0     2    76.0   28.199 -108.700    486.2    804.3
     1     1    23     1     1    17     0     1    77.0   28.467 -108.598    596.1    784.7
     1     1    23     1     1    18     0     0    78.0   28.797 -108.394    690.6    759.4
     1     1    23     1     1    19     0     1    79.0   29.182 -108.050    741.6    725.6
     1     1    23     1     1    20     0     2    80.0   29.615 -107.580    596.3    733.8
     1     1    23     1     1    21     0     3    81.0   30.011 -107.124    316.5    813.1
     1     1    23     1     1    22     0     2    82.0   30.293 -106.775    149.3    851.8
     1     1    23     1     1    23     0     1    83.0   30.508 -106.469    108.6    842.0
     1     1    23     1     2     0     0     0    84.0   30.690 -106.166     62.3    843.2
     1     1    23     1     2     1     0     1    85.0   30.857 -105.899     30.0    846.3
     1     1    23     1     2     2     0     2    86.0   31.022 -105.689     17.1    848.1
     1     1    23     1     2     3     0     3    87.0   31.182 -105.527     17.4    849.4
     1     1    23     1     2     4     0     2    88.0   31.332 -105.384     24.0    849.2
     1     1    23     1     2     5     0     1    89.0   31.459 -105.245     38.9    849.9
     1     1    23     1     2     6     0     0    90.0   31.554 -105.106     72.7    849.8
     1     1    23     1     2     7     0     1    91.0   31.629 -104.940    153.2    847.7
     1     1    23     1     2     8     0     2    92.0   31.731 -104.695    278.7    841.9
     1     1    23     1     2     9     0     3    93.0   31.859 -104.322    442.4    842.5
     1     1    23     1     2    10     0     2    94.0   31.996 -103.807    627.8    837.6
     1     1    23     1     2    11     0     1    95.0   32.140 -103.272    771.1    816.9
     1     1    23     1     2    12     0     0    96.0   32.290 -102.739    835.2    810.2
     1     1    23     1     2    13     0     1    97.0   32.427 -102.202    860.1    816.3
     1     1    23     1     2    14     0     2    98.0   32.575 -101.681    880.7    819.6
     1     1    23     1     2    15     0     3    99.0   32.706 -101.210    828.6    827.1
     1     1    23     1     2    16     0     2   100.0   32.833 -100.791    761.6    852.4
     1     1    23     1     2    17     0     1   101.0   33.011 -100.412    765.2    860.9
     1     1    23     1     2    18     0     0   102.0   33.194 -100.044    781.2    862.8
     1     1    23     1     2    19     0     1   103.0   33.390  -99.687    782.1    868.1
     1     1    23     1     2    20     0     2   104.0   33.624  -99.350    809.8    870.1
     1     1    23     1     2    21     0     3   105.0   33.854  -99.042    850.9    869.0
     1     1    23     1     2    22     0     2   106.0   34.050  -98.700    931.0    869.1
     1     1    23     1     2    23     0     1   107.0   34.251  -98.281    966.3    854.0
     1     1    23     1     3     0     0     0   108.0   34.504  -97.826    842.5    868.7
     1     1    23     1     3     1     0     1   109.0   34.776  -97.331    689.2    894.4
     1     1    23     1     3     2     0     2   110.0   34.997  -96.777    557.1    902.9
     1     1    23     1     3     3     0     3   111.0   35.172  -96.240    469.1    929.0
     1     1    23     1     3     4     0     2   112.0   35.347  -95.725    453.6    929.7
     1     1    23     1     3     5     0     1   113.0   35.502  -95.205    473.1    923.7
     1     1    23     1     3     6     0     0   114.0   35.624  -94.657    514.0    913.1
     1     1    23     1     3     7     0     1   115.0   35.753  -94.106    592.4    895.0
     1     1    23     1     3     8     0     2   116.0   35.893  -93.574    662.2    882.2
     1     1    23     1     3     9     0     3   117.0   35.993  -93.055    609.5    888.9
     1     1    23     1     3    10     0     2   118.0   36.107  -92.604    532.4    916.7
     1     1    23     1     3    11     0     1   119.0   36.268  -92.232    558.6    915.3
     1     1    23     1     3    12     0     0   120.0   36.449  -91.911    665.3    901.7
