     8     1
    GDAS    22    12    22     0     0
    GDAS    22    12    29     0     0
    GDAS    23     1     1     0     0
    GDAS    23     1     8     0     0
    GDAS    23     1    15     0     0
    GDAS    23     1    22     0     0
    GDAS    23     1    29     0     0
    GDAS    23     2     1     0     0
     1 FORWARD  OMEGA   
    23     1    24    13   41.310 -101.302   608.8
     1 PRESSURE
     1     1    23     1    24    13     0     1     0.0   41.310 -101.302    608.8    834.0
     1     1    23     1    24    14     0     2     1.0   41.169 -101.032    566.0    840.3
     1     1    23     1    24    15     0     3     2.0   41.008 -100.820    449.6    858.0
     1     1    23     1    24    16     0     2     3.0   40.862 -100.597    353.1    882.0
     1     1    23     1    24    17     0     1     4.0   40.741 -100.367    317.8    886.5
     1     1    23     1    24    18     0     0     5.0   40.617 -100.159    300.5    891.1
     1     1    23     1    24    19     0     1     6.0   40.481  -99.961    284.5    896.1
     1     1    23     1    24    20     0     2     7.0   40.331  -99.767    278.7    901.6
     1     1    23     1    24    21     0     3     8.0   40.162  -99.590    300.0    902.3
     1     1    23     1    24    22     0     2     9.0   39.977  -99.440    338.9    899.7
     1     1    23     1    24    23     0     1    10.0   39.776  -99.329    372.2    898.0
     1     1    23     1    25     0     0     0    11.0   39.552  -99.254    391.5    898.6
     1     1    23     1    25     1     0     1    12.0   39.312  -99.201    401.2    900.1
     1     1    23     1    25     2     0     2    13.0   39.047  -99.171    408.8    901.6
     1     1    23     1    25     3     0     3    14.0   38.743  -99.167    418.7    899.0
     1     1    23     1    25     4     0     2    15.0   38.424  -99.163    428.2    895.1
     1     1    23     1    25     5     0     1    16.0   38.113  -99.150    436.8    892.2
     1     1    23     1    25     6     0     0    17.0   37.798  -99.143    444.4    891.8
     1     1    23     1    25     7     0     1    18.0   37.459  -99.130    450.4    894.0
     1     1    23     1    25     8     0     2    19.0   37.093  -99.100    459.0    896.6
     1     1    23     1    25     9     0     3    20.0   36.703  -99.054    466.9    893.7
     1     1    23     1    25    10     0     2    21.0   36.297  -98.985    459.6    892.5
     1     1    23     1    25    11     0     1    22.0   35.883  -98.899    445.1    897.8
     1     1    23     1    25    12     0     0    23.0   35.476  -98.799    437.7    907.1
     1     1    23     1    25    13     0     1    24.0   35.088  -98.689    439.7    913.6
     1     1    23     1    25    14     0     2    25.0   34.722  -98.579    445.5    918.8
     1     1    23     1    25    15     0     3    26.0   34.385  -98.471    443.2    923.8
     1     1    23     1    25    16     0     2    27.0   34.097  -98.341    428.8    931.1
     1     1    23     1    25    17     0     1    28.0   33.858  -98.170    412.6    935.5
     1     1    23     1    25    18     0     0    29.0   33.649  -97.964    405.1    937.6
     1     1    23     1    25    19     0     1    30.0   33.442  -97.751    399.8    938.5
     1     1    23     1    25    20     0     2    31.0   33.218  -97.553    389.6    942.6
     1     1    23     1    25    21     0     3    32.0   32.977  -97.364    379.0    947.4
     1     1    23     1    25    22     0     2    33.0   32.737  -97.187    358.8    951.9
     1     1    23     1    25    23     0     1    34.0   32.515  -97.028    324.2    958.8
     1     1    23     1    26     0     0     0    35.0   32.303  -96.886    284.0    965.4
     1     1    23     1    26     1     0     1    36.0   32.098  -96.749    242.2    971.8
     1     1    23     1    26     2     0     2    37.0   31.899  -96.614    200.5    979.9
     1     1    23     1    26     3     0     3    38.0   31.702  -96.500    163.9    988.3
     1     1    23     1    26     4     0     2    39.0   31.508  -96.407    135.5    993.9
     1     1    23     1    26     5     0     1    40.0   31.319  -96.329    111.4    997.3
     1     1    23     1    26     6     0     0    41.0   31.140  -96.269     86.0   1001.1
     1     1    23     1    26     7     0     1    42.0   30.986  -96.232     65.3   1005.2
     1     1    23     1    26     8     0     2    43.0   30.858  -96.218     52.9   1007.0
     1     1    23     1    26     9     0     3    44.0   30.747  -96.222     46.3   1008.1
     1     1    23     1    26    10     0     2    45.0   30.643  -96.227     41.1   1009.3
     1     1    23     1    26    11     0     1    46.0   30.540  -96.222     35.1   1010.9
     1     1    23     1    26    12     0     0    47.0   30.438  -96.208     28.9   1012.6
     1     1    23     1    26    13     0     1    48.0   30.337  -96.196     24.3   1014.6
     1     1    23     1    26    14     0     2    49.0   30.235  -96.194     22.6   1015.9
     1     1    23     1    26    15     0     3    50.0   30.135  -96.201     24.1   1016.8
     1     1    23     1    26    16     0     2    51.0   30.038  -96.203     26.7   1016.4
     1     1    23     1    26    17     0     1    52.0   29.947  -96.193     26.8   1016.9
     1     1    23     1    26    18     0     0    53.0   29.862  -96.169     24.3   1018.0
     1     1    23     1    26    19     0     1    54.0   29.775  -96.143     20.7   1018.9
     1     1    23     1    26    20     0     2    55.0   29.682  -96.124     17.3   1019.6
     1     1    23     1    26    21     0     3    56.0   29.582  -96.109     14.2   1020.1
     1     1    23     1    26    22     0     2    57.0   29.486  -96.103     11.7   1021.0
     1     1    23     1    26    23     0     1    58.0   29.403  -96.110      9.9   1021.5
     1     1    23     1    27     0     0     0    59.0   29.332  -96.128      8.6   1021.5
     1     1    23     1    27     1     0     1    60.0   29.273  -96.151      7.3   1022.5
     1     1    23     1    27     2     0     2    61.0   29.222  -96.173      5.9   1023.5
     1     1    23     1    27     3     0     3    62.0   29.178  -96.195      4.3   1024.6
     1     1    23     1    27     4     0     2    63.0   29.141  -96.217      2.7   1024.8
     1     1    23     1    27     5     0     1    64.0   29.111  -96.238      1.5   1024.9
     1     1    23     1    27     6     0     0    65.0   29.087  -96.258      0.7   1025.0
     1     1    23     1    27     7     0     1    66.0   29.068  -96.280      0.1   1023.8
     1     1    23     1    27     8     0     2    67.0   29.053  -96.307      0.0   1022.6
     1     1    23     1    27     9     0     3    68.0   29.040  -96.337      0.0   1021.3
     1     1    23     1    27    10     0     2    69.0   29.030  -96.374      0.0   1021.3
     1     1    23     1    27    11     0     1    70.0   29.020  -96.418      0.0   1021.3
     1     1    23     1    27    12     0     0    71.0   29.010  -96.470      0.0   1021.2
     1     1    23     1    27    13     0     1    72.0   29.008  -96.527      0.0   1021.1
     1     1    23     1    27    14     0     2    73.0   29.017  -96.582      0.0   1020.9
     1     1    23     1    27    15     0     3    74.0   29.039  -96.634      0.0   1020.7
     1     1    23     1    27    16     0     2    75.0   29.070  -96.687      0.0   1020.4
     1     1    23     1    27    17     0     1    76.0   29.107  -96.741      0.0   1020.1
     1     1    23     1    27    18     0     0    77.0   29.151  -96.796      0.0   1019.6
     1     1    23     1    27    19     0     1    78.0   29.196  -96.853      0.0   1018.1
     1     1    23     1    27    20     0     2    79.0   29.228  -96.913      0.0   1016.7
     1     1    23     1    27    21     0     3    80.0   29.248  -96.977      0.0   1015.3
     1     1    23     1    27    22     0     2    81.0   29.261  -97.044      0.0   1014.7
     1     1    23     1    27    23     0     1    82.0   29.271  -97.115      0.0   1014.0
     1     1    23     1    28     0     0     0    83.0   29.281  -97.190      0.0   1013.2
     1     1    23     1    28     1     0     1    84.0   29.292  -97.274      0.1   1012.1
     1     1    23     1    28     2     0     2    85.0   29.310  -97.365      0.7   1010.9
     1     1    23     1    28     3     0     3    86.0   29.334  -97.461      1.9   1009.3
     1     1    23     1    28     4     0     2    87.0   29.365  -97.557      3.4   1006.6
     1     1    23     1    28     5     0     1    88.0   29.406  -97.650      5.0   1003.8
     1     1    23     1    28     6     0     0    89.0   29.457  -97.740      6.7   1001.0
     1     1    23     1    28     7     0     1    90.0   29.513  -97.821      8.7    998.3
     1     1    23     1    28     8     0     2    91.0   29.566  -97.891     11.3    995.7
     1     1    23     1    28     9     0     3    92.0   29.614  -97.951     14.8    993.1
     1     1    23     1    28    10     0     2    93.0   29.663  -97.997     19.6    990.3
     1     1    23     1    28    11     0     1    94.0   29.722  -98.026     25.3    987.1
     1     1    23     1    28    12     0     0    95.0   29.790  -98.039     31.2    984.0
     1     1    23     1    28    13     0     1    96.0   29.867  -98.042     37.1    981.8
     1     1    23     1    28    14     0     2    97.0   29.959  -98.038     43.3    979.4
     1     1    23     1    28    15     0     3    98.0   30.068  -98.025     49.0    978.0
     1     1    23     1    28    16     0     2    99.0   30.201  -97.995     51.3    977.4
     1     1    23     1    28    17     0     1   100.0   30.357  -97.945     46.9    977.5
     1     1    23     1    28    18     0     0   101.0   30.532  -97.876     34.5    979.0
     1     1    23     1    28    19     0     1   102.0   30.704  -97.799     20.4    981.7
     1     1    23     1    28    20     0     2   103.0   30.862  -97.723     11.2    983.7
     1     1    23     1    28    21     0     3   104.0   31.007  -97.648      7.9    984.2
     1     1    23     1    28    22     0     2   105.0   31.150  -97.569      7.6    985.4
     1     1    23     1    28    23     0     1   106.0   31.305  -97.485      7.3    986.4
     1     1    23     1    29     0     0     0   107.0   31.472  -97.401      7.3    987.3
     1     1    23     1    29     1     0     1   108.0   31.651  -97.314      7.3    988.0
     1     1    23     1    29     2     0     2   109.0   31.843  -97.215      7.3    988.6
     1     1    23     1    29     3     0     3   110.0   32.048  -97.096      7.2    989.8
     1     1    23     1    29     4     0     2   111.0   32.248  -96.976      7.2    992.0
     1     1    23     1    29     5     0     1   112.0   32.429  -96.876      7.4    992.8
     1     1    23     1    29     6     0     0   113.0   32.596  -96.786      7.7    993.3
     1     1    23     1    29     7     0     1   114.0   32.750  -96.693      8.0    993.6
     1     1    23     1    29     8     0     2   115.0   32.891  -96.592      8.1    993.8
     1     1    23     1    29     9     0     3   116.0   33.017  -96.486      8.1    993.8
     1     1    23     1    29    10     0     2   117.0   33.104  -96.378      8.2    994.3
     1     1    23     1    29    11     0     1   118.0   33.138  -96.271      8.1    994.8
     1     1    23     1    29    12     0     0   119.0   33.131  -96.170      7.6    995.2
     1     1    23     1    29    13     0     1   120.0   33.083  -96.080      6.6    996.5
