     8     1
    GDAS    22    12    22     0     0
    GDAS    22    12    29     0     0
    GDAS    23     1     1     0     0
    GDAS    23     1     8     0     0
    GDAS    23     1    15     0     0
    GDAS    23     1    22     0     0
    GDAS    23     1    29     0     0
    GDAS    23     2     1     0     0
     1 FORWARD  OMEGA   
    22    12    29    11   37.039 -132.091  1587.3
     1 PRESSURE
     1     1    22    12    29    11     0     1     0.0   37.039 -132.091   1587.3    837.1
     1     1    22    12    29    12     0     0     1.0   36.988 -131.502   1563.1    836.0
     1     1    22    12    29    13     0     1     2.0   36.935 -130.919   1519.4    845.4
     1     1    22    12    29    14     0     2     3.0   36.881 -130.332   1523.1    847.1
     1     1    22    12    29    15     0     3     4.0   36.826 -129.746   1589.1    839.9
     1     1    22    12    29    16     0     2     5.0   36.759 -129.138   1673.4    827.4
     1     1    22    12    29    17     0     1     6.0   36.676 -128.516   1713.0    822.0
     1     1    22    12    29    18     0     0     7.0   36.595 -127.932   1697.2    824.8
     1     1    22    12    29    19     0     1     8.0   36.505 -127.385   1676.8    831.3
     1     1    22    12    29    20     0     2     9.0   36.410 -126.844   1693.5    828.5
     1     1    22    12    29    21     0     3    10.0   36.340 -126.314   1733.8    824.3
     1     1    22    12    29    22     0     2    11.0   36.274 -125.789   1784.3    818.1
     1     1    22    12    29    23     0     1    12.0   36.197 -125.262   1826.8    813.4
     1     1    22    12    30     0     0     0    13.0   36.135 -124.746   1859.5    810.6
     1     1    22    12    30     1     0     1    14.0   36.063 -124.237   1895.3    808.3
     1     1    22    12    30     2     0     2    15.0   35.964 -123.725   1954.5    803.8
     1     1    22    12    30     3     0     3    16.0   35.865 -123.210   2038.7    795.1
     1     1    22    12    30     4     0     2    17.0   35.748 -122.710   2110.6    785.7
     1     1    22    12    30     5     0     1    18.0   35.604 -122.243   2140.6    783.5
     1     1    22    12    30     6     0     0    19.0   35.458 -121.795   2139.5    781.8
     1     1    22    12    30     7     0     1    20.0   35.294 -121.356   2120.5    780.8
     1     1    22    12    30     8     0     2    21.0   35.103 -120.934   2065.8    783.3
     1     1    22    12    30     9     0     3    22.0   34.892 -120.525   1964.1    773.9
     1     1    22    12    30    10     0     2    23.0   34.632 -120.118   1901.3    773.9
     1     1    22    12    30    11     0     1    24.0   34.329 -119.713   1892.0    789.7
     1     1    22    12    30    12     0     0    25.0   34.018 -119.297   1912.9    809.3
     1     1    22    12    30    13     0     1    26.0   33.698 -118.887   1929.0    805.5
     1     1    22    12    30    14     0     2    27.0   33.376 -118.524   1908.1    804.3
     1     1    22    12    30    15     0     3    28.0   33.051 -118.192   1852.6    813.9
     1     1    22    12    30    16     0     2    29.0   32.728 -117.875   1770.0    819.5
     1     1    22    12    30    17     0     1    30.0   32.438 -117.595   1692.2    828.9
     1     1    22    12    30    18     0     0    31.0   32.169 -117.340   1653.8    835.1
     1     1    22    12    30    19     0     1    32.0   31.913 -117.095   1638.4    837.8
     1     1    22    12    30    20     0     2    33.0   31.659 -116.861   1602.8    825.7
     1     1    22    12    30    21     0     3    34.0   31.401 -116.653   1545.7    820.2
     1     1    22    12    30    22     0     2    35.0   31.142 -116.473   1479.5    829.5
     1     1    22    12    30    23     0     1    36.0   30.889 -116.323   1407.7    843.1
     1     1    22    12    31     0     0     0    37.0   30.644 -116.195   1337.0    853.4
     1     1    22    12    31     1     0     1    38.0   30.396 -116.065   1278.7    863.8
     1     1    22    12    31     2     0     2    39.0   30.142 -115.918   1231.8    870.9
     1     1    22    12    31     3     0     3    40.0   29.896 -115.765   1191.3    869.7
     1     1    22    12    31     4     0     2    41.0   29.672 -115.626   1147.4    870.7
     1     1    22    12    31     5     0     1    42.0   29.462 -115.502   1101.6    878.2
     1     1    22    12    31     6     0     0    43.0   29.248 -115.384   1069.4    887.4
     1     1    22    12    31     7     0     1    44.0   29.028 -115.264   1049.6    897.7
     1     1    22    12    31     8     0     2    45.0   28.814 -115.152   1027.4    900.6
     1     1    22    12    31     9     0     3    46.0   28.620 -115.057   1004.0    903.1
     1     1    22    12    31    10     0     2    47.0   28.446 -114.976    979.5    904.8
     1     1    22    12    31    11     0     1    48.0   28.288 -114.906    954.1    907.0
     1     1    22    12    31    12     0     0    49.0   28.141 -114.846    931.9    909.8
     1     1    22    12    31    13     0     1    50.0   28.007 -114.795    920.2    912.7
     1     1    22    12    31    14     0     2    51.0   27.892 -114.755    918.9    912.6
     1     1    22    12    31    15     0     3    52.0   27.793 -114.730    926.1    912.3
     1     1    22    12    31    16     0     2    53.0   27.717 -114.714    930.9    910.5
     1     1    22    12    31    17     0     1    54.0   27.671 -114.700    919.0    912.0
     1     1    22    12    31    18     0     0    55.0   27.659 -114.682    888.2    915.6
     1     1    22    12    31    19     0     1    56.0   27.669 -114.654    867.7    920.4
     1     1    22    12    31    20     0     2    57.0   27.689 -114.611    888.0    917.8
     1     1    22    12    31    21     0     3    58.0   27.717 -114.554    950.1    910.4
     1     1    22    12    31    22     0     2    59.0   27.736 -114.481   1022.6    898.8
     1     1    22    12    31    23     0     1    60.0   27.735 -114.391   1070.3    893.6
     1     1    23     1     1     0     0     0    61.0   27.719 -114.281   1097.9    890.9
     1     1    23     1     1     1     0     1    62.0   27.698 -114.155   1103.8    889.9
     1     1    23     1     1     2     0     2    63.0   27.676 -114.021   1076.1    892.2
     1     1    23     1     1     3     0     3    64.0   27.652 -113.884   1004.2    895.5
     1     1    23     1     1     4     0     2    65.0   27.636 -113.746    924.4    903.3
     1     1    23     1     1     5     0     1    66.0   27.639 -113.607    865.6    903.7
     1     1    23     1     1     6     0     0    67.0   27.661 -113.463    808.9    902.8
     1     1    23     1     1     7     0     1    68.0   27.704 -113.304    715.3    902.2
     1     1    23     1     1     8     0     2    69.0   27.768 -113.114    536.6    909.8
     1     1    23     1     1     9     0     3    70.0   27.847 -112.930    314.6    933.5
     1     1    23     1     1    10     0     2    71.0   27.925 -112.787    145.6    961.8
     1     1    23     1     1    11     0     1    72.0   27.999 -112.677     61.9    975.6
     1     1    23     1     1    12     0     0    73.0   28.072 -112.589      9.3    982.1
     1     1    23     1     1    13     0     1    74.0   28.136 -112.506      0.5    987.6
     1     1    23     1     1    14     0     2    75.0   28.190 -112.409      0.0    992.8
     1     1    23     1     1    15     0     3    76.0   28.229 -112.292      1.5    998.1
     1     1    23     1     1    16     0     2    77.0   28.271 -112.147      7.0   1004.5
     1     1    23     1     1    17     0     1    78.0   28.344 -111.968     18.5   1008.7
     1     1    23     1     1    18     0     0    79.0   28.471 -111.775     48.3   1002.5
     1     1    23     1     1    19     0     1    80.0   28.662 -111.598    105.1    989.6
     1     1    23     1     1    20     0     2    81.0   28.898 -111.416    185.2    974.8
     1     1    23     1     1    21     0     3    82.0   29.172 -111.192    318.3    946.8
     1     1    23     1     1    22     0     2    83.0   29.504 -110.943    499.9    899.6
     1     1    23     1     1    23     0     1    84.0   29.919 -110.656    658.1    845.0
     1     1    23     1     2     0     0     0    85.0   30.425 -110.275    790.1    795.0
     1     1    23     1     2     1     0     1    86.0   31.047 -109.771    892.0    742.4
     1     1    23     1     2     2     0     2    87.0   31.693 -109.215    718.4    745.3
     1     1    23     1     2     3     0     3    88.0   32.159 -108.751    468.2    813.2
     1     1    23     1     2     4     0     2    89.0   32.509 -108.286    516.4    796.2
     1     1    23     1     2     5     0     1    90.0   32.881 -107.668    991.4    713.0
     1     1    23     1     2     6     0     0    91.0   33.370 -106.994    991.1    695.1
     1     1    23     1     2     7     0     1    92.0   33.762 -106.492    832.5    765.5
     1     1    23     1     2     8     0     2    93.0   34.201 -105.952   1027.8    718.1
     1     1    23     1     2     9     0     3    94.0   34.674 -105.386   1198.1    693.5
     1     1    23     1     2    10     0     2    95.0   35.067 -104.844   1197.9    711.7
     1     1    23     1     2    11     0     1    96.0   35.434 -104.281   1076.3    714.7
     1     1    23     1     2    12     0     0    97.0   35.766 -103.747    919.0    751.6
     1     1    23     1     2    13     0     1    98.0   36.113 -103.248    882.4    766.0
     1     1    23     1     2    14     0     2    99.0   36.451 -102.825    926.3    769.2
     1     1    23     1     2    15     0     3   100.0   36.780 -102.476   1030.3    764.3
     1     1    23     1     2    16     0     2   101.0   37.122 -102.218   1148.1    756.7
     1     1    23     1     2    17     0     1   102.0   37.487 -102.053   1259.2    755.3
     1     1    23     1     2    18     0     0   103.0   37.866 -101.973   1392.3    747.1
     1     1    23     1     2    19     0     1   104.0   38.257 -101.941   1506.8    729.7
     1     1    23     1     2    20     0     2   105.0   38.650 -101.932   1569.9    719.6
     1     1    23     1     2    21     0     3   106.0   39.054 -101.967   1617.7    713.1
     1     1    23     1     2    22     0     2   107.0   39.439 -102.026   1674.9    709.7
     1     1    23     1     2    23     0     1   108.0   39.758 -102.086   1746.0    707.0
     1     1    23     1     3     0     0     0   109.0   40.010 -102.160   1856.2    697.8
     1     1    23     1     3     1     0     1   110.0   40.210 -102.258   1982.2    680.6
     1     1    23     1     3     2     0     2   111.0   40.363 -102.378   2097.3    667.2
     1     1    23     1     3     3     0     3   112.0   40.461 -102.522   2214.0    654.6
     1     1    23     1     3     4     0     2   113.0   40.482 -102.680   2361.8    639.7
     1     1    23     1     3     5     0     1   114.0   40.419 -102.843   2584.8    619.4
     1     1    23     1     3     6     0     0   115.0   40.295 -103.011   2898.4    589.0
     1     1    23     1     3     7     0     1   116.0   40.107 -103.096   3128.2    558.4
     1     1    23     1     3     8     0     2   117.0   39.847 -103.005   3174.2    557.1
     1     1    23     1     3     9     0     3   118.0   39.530 -102.726   3155.9    565.6
     1     1    23     1     3    10     0     2   119.0   39.184 -102.300   3135.8    576.7
     1     1    23     1     3    11     0     1   120.0   38.836 -101.747   3110.1    587.3
