     8     1
    GDAS    22    12    22     0     0
    GDAS    22    12    29     0     0
    GDAS    23     1     1     0     0
    GDAS    23     1     8     0     0
    GDAS    23     1    15     0     0
    GDAS    23     1    22     0     0
    GDAS    23     1    29     0     0
    GDAS    23     2     1     0     0
     1 FORWARD  OMEGA   
    23     1    10    15   44.777  -98.105   439.3
     1 PRESSURE
     1     1    23     1    10    15     0     3     0.0   44.777  -98.105    439.3    909.2
     1     1    23     1    10    16     0     2     1.0   44.851  -98.108    446.9    908.6
     1     1    23     1    10    17     0     1     2.0   44.960  -98.119    460.3    906.7
     1     1    23     1    10    18     0     0     3.0   45.102  -98.136    475.1    904.2
     1     1    23     1    10    19     0     1     4.0   45.266  -98.157    483.5    901.5
     1     1    23     1    10    20     0     2     5.0   45.436  -98.183    488.7    900.4
     1     1    23     1    10    21     0     3     6.0   45.604  -98.209    504.1    898.1
     1     1    23     1    10    22     0     2     7.0   45.770  -98.225    540.7    893.8
     1     1    23     1    10    23     0     1     8.0   45.934  -98.224    603.4    886.6
     1     1    23     1    11     0     0     0     9.0   46.099  -98.207    692.4    877.2
     1     1    23     1    11     1     0     1    10.0   46.261  -98.158    784.1    865.7
     1     1    23     1    11     2     0     2    11.0   46.426  -98.076    841.6    860.5
     1     1    23     1    11     3     0     3    12.0   46.603  -97.971    848.0    860.6
     1     1    23     1    11     4     0     2    13.0   46.791  -97.830    852.0    867.3
     1     1    23     1    11     5     0     1    14.0   46.988  -97.644    910.7    863.3
     1     1    23     1    11     6     0     0    15.0   47.190  -97.433    992.8    853.3
     1     1    23     1    11     7     0     1    16.0   47.387  -97.220   1052.0    847.7
     1     1    23     1    11     8     0     2    17.0   47.580  -97.023   1067.2    848.7
     1     1    23     1    11     9     0     3    18.0   47.763  -96.855   1053.4    851.0
     1     1    23     1    11    10     0     2    19.0   47.904  -96.735   1045.6    853.3
     1     1    23     1    11    11     0     1    20.0   47.989  -96.667   1051.8    850.8
     1     1    23     1    11    12     0     0    21.0   48.026  -96.643   1055.2    849.6
     1     1    23     1    11    13     0     1    22.0   48.018  -96.645   1072.3    850.3
     1     1    23     1    11    14     0     2    23.0   47.966  -96.660   1124.7    845.1
     1     1    23     1    11    15     0     3    24.0   47.871  -96.677   1201.5    836.2
     1     1    23     1    11    16     0     2    25.0   47.733  -96.666   1256.4    826.4
     1     1    23     1    11    17     0     1    26.0   47.560  -96.618   1266.0    825.8
     1     1    23     1    11    18     0     0    27.0   47.341  -96.556   1240.6    828.3
     1     1    23     1    11    19     0     1    28.0   47.084  -96.486   1207.7    833.3
     1     1    23     1    11    20     0     2    29.0   46.805  -96.397   1190.3    834.5
     1     1    23     1    11    21     0     3    30.0   46.499  -96.288   1179.8    835.2
     1     1    23     1    11    22     0     2    31.0   46.170  -96.158   1163.5    837.6
     1     1    23     1    11    23     0     1    32.0   45.819  -96.015   1143.3    842.0
     1     1    23     1    12     0     0     0    33.0   45.445  -95.877   1109.7    844.4
     1     1    23     1    12     1     0     1    34.0   45.066  -95.748   1043.3    851.4
     1     1    23     1    12     2     0     2    35.0   44.684  -95.631    957.7    858.5
     1     1    23     1    12     3     0     3    36.0   44.279  -95.552    889.5    862.8
     1     1    23     1    12     4     0     2    37.0   43.854  -95.508    841.1    864.2
     1     1    23     1    12     5     0     1    38.0   43.427  -95.487    786.7    872.8
     1     1    23     1    12     6     0     0    39.0   42.979  -95.502    748.9    883.8
     1     1    23     1    12     7     0     1    40.0   42.502  -95.532    736.4    885.4
     1     1    23     1    12     8     0     2    41.0   41.989  -95.565    728.9    888.2
     1     1    23     1    12     9     0     3    42.0   41.417  -95.622    706.5    891.5
     1     1    23     1    12    10     0     2    43.0   40.792  -95.699    675.9    899.1
     1     1    23     1    12    11     0     1    44.0   40.125  -95.789    672.3    902.2
     1     1    23     1    12    12     0     0    45.0   39.431  -95.886    675.8    898.4
     1     1    23     1    12    13     0     1    46.0   38.751  -95.969    665.6    900.5
     1     1    23     1    12    14     0     2    47.0   38.084  -96.051    612.1    902.6
     1     1    23     1    12    15     0     3    48.0   37.449  -96.085    508.0    923.2
     1     1    23     1    12    16     0     2    49.0   36.883  -96.047    407.5    942.4
     1     1    23     1    12    17     0     1    50.0   36.383  -95.976    340.6    957.5
     1     1    23     1    12    18     0     0    51.0   35.936  -95.904    310.2    961.8
     1     1    23     1    12    19     0     1    52.0   35.517  -95.812    284.6    963.3
     1     1    23     1    12    20     0     2    53.0   35.118  -95.676    255.6    968.0
     1     1    23     1    12    21     0     3    54.0   34.738  -95.510    222.7    973.0
     1     1    23     1    12    22     0     2    55.0   34.384  -95.346    179.2    980.6
     1     1    23     1    12    23     0     1    56.0   34.056  -95.210    124.1    990.5
     1     1    23     1    13     0     0     0    57.0   33.753  -95.101     72.8    999.4
     1     1    23     1    13     1     0     1    58.0   33.486  -95.010     43.5   1005.0
     1     1    23     1    13     2     0     2    59.0   33.248  -94.923     30.7   1007.1
     1     1    23     1    13     3     0     3    60.0   33.035  -94.844     26.5   1008.5
     1     1    23     1    13     4     0     2    61.0   32.837  -94.779     24.5   1008.6
     1     1    23     1    13     5     0     1    62.0   32.648  -94.741     21.7   1009.3
     1     1    23     1    13     6     0     0    63.0   32.459  -94.738     18.5   1009.9
     1     1    23     1    13     7     0     1    64.0   32.277  -94.741     16.5   1010.6
     1     1    23     1    13     8     0     2    65.0   32.120  -94.707     15.9   1010.8
     1     1    23     1    13     9     0     3    66.0   31.996  -94.634     15.9   1011.3
     1     1    23     1    13    10     0     2    67.0   31.881  -94.555     15.9   1011.9
     1     1    23     1    13    11     0     1    68.0   31.754  -94.498     15.8   1012.4
     1     1    23     1    13    12     0     0    69.0   31.623  -94.454     15.9   1012.9
     1     1    23     1    13    13     0     1    70.0   31.495  -94.416     15.9   1014.0
     1     1    23     1    13    14     0     2    71.0   31.375  -94.383     15.1   1014.9
     1     1    23     1    13    15     0     3    72.0   31.259  -94.358     13.5   1015.8
     1     1    23     1    13    16     0     2    73.0   31.146  -94.336     11.7   1015.7
     1     1    23     1    13    17     0     1    74.0   31.035  -94.311     10.3   1015.5
     1     1    23     1    13    18     0     0    75.0   30.922  -94.282      9.4   1016.0
     1     1    23     1    13    19     0     1    76.0   30.799  -94.247      8.8   1017.3
     1     1    23     1    13    20     0     2    77.0   30.663  -94.204      8.3   1018.4
     1     1    23     1    13    21     0     3    78.0   30.515  -94.150      8.0   1019.3
     1     1    23     1    13    22     0     2    79.0   30.368  -94.095      7.6   1020.5
     1     1    23     1    13    23     0     1    80.0   30.237  -94.050      7.1   1021.6
     1     1    23     1    14     0     0     0    81.0   30.121  -94.016      6.3   1022.6
     1     1    23     1    14     1     0     1    82.0   30.014  -93.990      5.4   1024.7
     1     1    23     1    14     2     0     2    83.0   29.900  -93.973      4.6   1026.1
     1     1    23     1    14     3     0     3    84.0   29.767  -93.967      3.8   1027.3
     1     1    23     1    14     4     0     2    85.0   29.615  -93.984      3.0   1026.1
     1     1    23     1    14     5     0     1    86.0   29.449  -94.034      2.2   1024.9
     1     1    23     1    14     6     0     0    87.0   29.274  -94.121      1.4   1024.0
     1     1    23     1    14     7     0     1    88.0   29.100  -94.236      0.9   1024.2
     1     1    23     1    14     8     0     2    89.0   28.937  -94.367      0.8   1024.1
     1     1    23     1    14     9     0     3    90.0   28.796  -94.505      1.0   1023.7
     1     1    23     1    14    10     0     2    91.0   28.675  -94.641      1.3   1023.8
     1     1    23     1    14    11     0     1    92.0   28.570  -94.771      1.5   1023.8
     1     1    23     1    14    12     0     0    93.0   28.481  -94.898      1.8   1023.8
     1     1    23     1    14    13     0     1    94.0   28.413  -95.030      2.3   1024.3
     1     1    23     1    14    14     0     2    95.0   28.370  -95.173      2.7   1024.5
     1     1    23     1    14    15     0     3    96.0   28.352  -95.324      2.9   1024.6
     1     1    23     1    14    16     0     2    97.0   28.356  -95.475      3.0   1024.2
     1     1    23     1    14    17     0     1    98.0   28.383  -95.619      3.0   1023.9
     1     1    23     1    14    18     0     0    99.0   28.434  -95.755      2.9   1023.7
     1     1    23     1    14    19     0     1   100.0   28.505  -95.880      2.9   1022.5
     1     1    23     1    14    20     0     2   101.0   28.599  -95.990      3.1   1021.0
     1     1    23     1    14    21     0     3   102.0   28.717  -96.087      3.5   1019.4
     1     1    23     1    14    22     0     2   103.0   28.842  -96.183      4.0   1019.1
     1     1    23     1    14    23     0     1   104.0   28.948  -96.288      4.5   1018.7
     1     1    23     1    15     0     0     0   105.0   29.033  -96.403      5.1   1018.0
     1     1    23     1    15     1     0     1   106.0   29.110  -96.524      5.9   1016.1
     1     1    23     1    15     2     0     2   107.0   29.195  -96.642      7.0   1013.9
     1     1    23     1    15     3     0     3   108.0   29.289  -96.757      8.6   1011.6
     1     1    23     1    15     4     0     2   109.0   29.392  -96.857     10.5   1009.8
     1     1    23     1    15     5     0     1   110.0   29.501  -96.936     12.8   1008.1
     1     1    23     1    15     6     0     0   111.0   29.618  -96.997     15.7   1006.4
     1     1    23     1    15     7     0     1   112.0   29.743  -97.047     19.9   1004.2
     1     1    23     1    15     8     0     2   113.0   29.881  -97.089     26.6   1001.4
     1     1    23     1    15     9     0     3   114.0   30.030  -97.122     37.2    998.3
     1     1    23     1    15    10     0     2   115.0   30.193  -97.144     49.7    995.5
     1     1    23     1    15    11     0     1   116.0   30.378  -97.151     61.3    992.7
     1     1    23     1    15    12     0     0   117.0   30.590  -97.138     74.1    989.8
     1     1    23     1    15    13     0     1   118.0   30.838  -97.105     89.7    986.8
     1     1    23     1    15    14     0     2   119.0   31.123  -97.056    103.7    983.6
     1     1    23     1    15    15     0     3   120.0   31.439  -96.992    112.2    981.0
