     8     1
    GDAS    22    12    22     0     0
    GDAS    22    12    29     0     0
    GDAS    23     1     1     0     0
    GDAS    23     1     8     0     0
    GDAS    23     1    15     0     0
    GDAS    23     1    22     0     0
    GDAS    23     1    29     0     0
    GDAS    23     2     1     0     0
     1 FORWARD  OMEGA   
    23     1    16    11   51.697  -95.124   697.6
     1 PRESSURE
     1     1    23     1    16    11     0     1     0.0   51.697  -95.124    697.6    883.9
     1     1    23     1    16    12     0     0     1.0   51.661  -95.000    708.5    881.3
     1     1    23     1    16    13     0     1     2.0   51.617  -94.900    715.2    880.7
     1     1    23     1    16    14     0     2     3.0   51.578  -94.828    719.5    880.0
     1     1    23     1    16    15     0     3     4.0   51.542  -94.784    719.8    879.7
     1     1    23     1    16    16     0     2     5.0   51.502  -94.758    715.1    880.1
     1     1    23     1    16    17     0     1     6.0   51.452  -94.743    706.3    881.2
     1     1    23     1    16    18     0     0     7.0   51.390  -94.740    696.7    882.4
     1     1    23     1    16    19     0     1     8.0   51.306  -94.758    684.3    883.2
     1     1    23     1    16    20     0     2     9.0   51.187  -94.813    663.5    885.4
     1     1    23     1    16    21     0     3    10.0   51.035  -94.908    632.0    889.3
     1     1    23     1    16    22     0     2    11.0   50.857  -95.057    607.0    895.0
     1     1    23     1    16    23     0     1    12.0   50.656  -95.265    603.8    896.7
     1     1    23     1    17     0     0     0    13.0   50.433  -95.529    610.9    896.9
     1     1    23     1    17     1     0     1    14.0   50.205  -95.830    603.2    898.3
     1     1    23     1    17     2     0     2    15.0   49.977  -96.141    581.9    904.3
     1     1    23     1    17     3     0     3    16.0   49.739  -96.453    566.5    907.5
     1     1    23     1    17     4     0     2    17.0   49.488  -96.739    554.7    908.3
     1     1    23     1    17     5     0     1    18.0   49.228  -96.982    542.2    910.0
     1     1    23     1    17     6     0     0    19.0   48.955  -97.190    545.2    908.1
     1     1    23     1    17     7     0     1    20.0   48.676  -97.382    564.9    901.4
     1     1    23     1    17     8     0     2    21.0   48.393  -97.564    583.3    894.7
     1     1    23     1    17     9     0     3    22.0   48.118  -97.730    594.9    887.8
     1     1    23     1    17    10     0     2    23.0   47.854  -97.879    597.6    884.2
     1     1    23     1    17    11     0     1    24.0   47.596  -98.007    593.4    884.6
     1     1    23     1    17    12     0     0    25.0   47.339  -98.109    586.6    886.7
     1     1    23     1    17    13     0     1    26.0   47.081  -98.192    581.5    888.4
     1     1    23     1    17    14     0     2    27.0   46.827  -98.270    579.4    887.7
     1     1    23     1    17    15     0     3    28.0   46.579  -98.352    577.4    886.3
     1     1    23     1    17    16     0     2    29.0   46.349  -98.421    574.3    885.3
     1     1    23     1    17    17     0     1    30.0   46.148  -98.459    569.7    884.8
     1     1    23     1    17    18     0     0    31.0   45.978  -98.461    563.1    885.7
     1     1    23     1    17    19     0     1    32.0   45.823  -98.431    550.1    888.5
     1     1    23     1    17    20     0     2    33.0   45.667  -98.378    527.4    893.3
     1     1    23     1    17    21     0     3    34.0   45.506  -98.307    498.5    898.9
     1     1    23     1    17    22     0     2    35.0   45.338  -98.239    474.6    904.9
     1     1    23     1    17    23     0     1    36.0   45.161  -98.187    459.2    907.6
     1     1    23     1    18     0     0     0    37.0   44.973  -98.145    440.4    910.4
     1     1    23     1    18     1     0     1    38.0   44.793  -98.116    417.6    914.4
     1     1    23     1    18     2     0     2    39.0   44.643  -98.103    395.8    917.3
     1     1    23     1    18     3     0     3    40.0   44.522  -98.106    375.9    920.0
     1     1    23     1    18     4     0     2    41.0   44.416  -98.122    359.0    921.7
     1     1    23     1    18     5     0     1    42.0   44.313  -98.149    343.0    922.9
     1     1    23     1    18     6     0     0    43.0   44.216  -98.185    323.1    924.5
     1     1    23     1    18     7     0     1    44.0   44.124  -98.240    303.4    926.8
     1     1    23     1    18     8     0     2    45.0   44.032  -98.323    292.0    927.0
     1     1    23     1    18     9     0     3    46.0   43.942  -98.435    292.3    924.8
     1     1    23     1    18    10     0     2    47.0   43.860  -98.564    298.4    920.7
     1     1    23     1    18    11     0     1    48.0   43.786  -98.695    302.2    917.5
     1     1    23     1    18    12     0     0    49.0   43.712  -98.829    300.2    914.8
     1     1    23     1    18    13     0     1    50.0   43.628  -98.991    291.1    912.6
     1     1    23     1    18    14     0     2    51.0   43.525  -99.208    282.6    912.0
     1     1    23     1    18    15     0     3    52.0   43.403  -99.480    290.6    907.8
     1     1    23     1    18    16     0     2    53.0   43.266  -99.782    324.1    898.4
     1     1    23     1    18    17     0     1    54.0   43.121 -100.092    379.1    884.0
     1     1    23     1    18    18     0     0    55.0   42.968 -100.422    439.9    866.1
     1     1    23     1    18    19     0     1    56.0   42.781 -100.763    500.7    850.4
     1     1    23     1    18    20     0     2    57.0   42.532 -101.098    560.4    834.3
     1     1    23     1    18    21     0     3    58.0   42.214 -101.421    620.4    819.6
     1     1    23     1    18    22     0     2    59.0   41.833 -101.731    694.6    805.2
     1     1    23     1    18    23     0     1    60.0   41.397 -101.999    799.6    793.2
     1     1    23     1    19     0     0     0    61.0   40.891 -102.213    946.4    777.1
     1     1    23     1    19     1     0     1    62.0   40.323 -102.292   1077.3    760.1
     1     1    23     1    19     2     0     2    63.0   39.697 -102.223   1146.4    752.2
     1     1    23     1    19     3     0     3    64.0   38.978 -102.038   1120.0    750.2
     1     1    23     1    19     4     0     2    65.0   38.275 -101.714   1099.3    772.9
     1     1    23     1    19     5     0     1    66.0   37.611 -101.274   1016.7    785.5
     1     1    23     1    19     6     0     0    67.0   36.992 -100.749    927.4    819.6
     1     1    23     1    19     7     0     1    68.0   36.427 -100.154    799.8    826.8
     1     1    23     1    19     8     0     2    69.0   35.970  -99.551    600.8    867.2
     1     1    23     1    19     9     0     3    70.0   35.624  -98.996    473.8    900.4
     1     1    23     1    19    10     0     2    71.0   35.343  -98.483    408.3    915.4
     1     1    23     1    19    11     0     1    72.0   35.100  -97.989    329.2    932.1
     1     1    23     1    19    12     0     0    73.0   34.879  -97.507    251.4    946.7
     1     1    23     1    19    13     0     1    74.0   34.661  -97.046    205.0    957.1
     1     1    23     1    19    14     0     2    75.0   34.451  -96.638    179.4    966.2
     1     1    23     1    19    15     0     3    76.0   34.254  -96.288    159.4    974.9
     1     1    23     1    19    16     0     2    77.0   34.067  -95.983    140.9    981.2
     1     1    23     1    19    17     0     1    78.0   33.892  -95.714    119.8    984.4
     1     1    23     1    19    18     0     0    79.0   33.733  -95.472     97.3    987.9
     1     1    23     1    19    19     0     1    80.0   33.598  -95.250     77.9    991.3
     1     1    23     1    19    20     0     2    81.0   33.486  -95.043     63.3    994.3
     1     1    23     1    19    21     0     3    82.0   33.390  -94.852     52.8    996.9
     1     1    23     1    19    22     0     2    83.0   33.304  -94.679     45.6    998.3
     1     1    23     1    19    23     0     1    84.0   33.225  -94.530     41.1    999.6
     1     1    23     1    20     0     0     0    85.0   33.155  -94.405     39.4   1000.7
     1     1    23     1    20     1     0     1    86.0   33.083  -94.297     37.3   1002.4
     1     1    23     1    20     2     0     2    87.0   33.002  -94.200     32.0   1005.2
     1     1    23     1    20     3     0     3    88.0   32.916  -94.115     25.0   1007.9
     1     1    23     1    20     4     0     2    89.0   32.833  -94.051     19.1   1009.8
     1     1    23     1    20     5     0     1    90.0   32.755  -94.009     15.5   1010.7
     1     1    23     1    20     6     0     0    91.0   32.681  -93.986     13.1   1011.2
     1     1    23     1    20     7     0     1    92.0   32.606  -93.980     11.5   1011.5
     1     1    23     1    20     8     0     2    93.0   32.529  -93.989     10.3   1011.8
     1     1    23     1    20     9     0     3    94.0   32.449  -94.012      9.5   1011.7
     1     1    23     1    20    10     0     2    95.0   32.370  -94.047      8.9   1011.5
     1     1    23     1    20    11     0     1    96.0   32.298  -94.092      8.5   1011.3
     1     1    23     1    20    12     0     0    97.0   32.233  -94.149      8.2   1011.0
     1     1    23     1    20    13     0     1    98.0   32.171  -94.220      8.0   1011.6
     1     1    23     1    20    14     0     2    99.0   32.110  -94.307      7.6   1011.9
     1     1    23     1    20    15     0     3   100.0   32.051  -94.411      6.9   1011.8
     1     1    23     1    20    16     0     2   101.0   32.001  -94.525      6.1   1011.2
     1     1    23     1    20    17     0     1   102.0   31.971  -94.634      5.3   1011.0
     1     1    23     1    20    18     0     0   103.0   31.967  -94.737      4.6   1011.1
     1     1    23     1    20    19     0     1   104.0   31.986  -94.839      4.1   1009.3
     1     1    23     1    20    20     0     2   105.0   32.020  -94.952      4.0   1007.5
     1     1    23     1    20    21     0     3   106.0   32.062  -95.074      4.0   1006.3
     1     1    23     1    20    22     0     2   107.0   32.101  -95.195      3.5   1006.5
     1     1    23     1    20    23     0     1   108.0   32.130  -95.309      2.3   1006.4
     1     1    23     1    21     0     0     0   109.0   32.148  -95.423      0.7   1006.1
     1     1    23     1    21     1     0     1   110.0   32.164  -95.541      0.0   1006.0
     1     1    23     1    21     2     0     2   111.0   32.186  -95.665      0.0   1005.8
     1     1    23     1    21     3     0     3   112.0   32.219  -95.790      0.0   1005.6
     1     1    23     1    21     4     0     2   113.0   32.260  -95.912      0.3   1005.6
     1     1    23     1    21     5     0     1   114.0   32.303  -96.029      1.0   1005.3
     1     1    23     1    21     6     0     0   115.0   32.348  -96.143      2.3   1004.4
     1     1    23     1    21     7     0     1   116.0   32.395  -96.255      4.3   1003.0
     1     1    23     1    21     8     0     2   117.0   32.447  -96.372      6.9   1001.3
     1     1    23     1    21     9     0     3   118.0   32.506  -96.494      9.9    999.3
     1     1    23     1    21    10     0     2   119.0   32.574  -96.615     13.3    997.2
     1     1    23     1    21    11     0     1   120.0   32.649  -96.726     17.4    995.5
