     8     1
    GDAS    22    12    22     0     0
    GDAS    22    12    29     0     0
    GDAS    23     1     1     0     0
    GDAS    23     1     8     0     0
    GDAS    23     1    15     0     0
    GDAS    23     1    22     0     0
    GDAS    23     1    29     0     0
    GDAS    23     2     1     0     0
     1 FORWARD  OMEGA   
    23     1    18    14   50.584 -132.076  1361.2
     1 PRESSURE
     1     1    23     1    18    14     0     2     0.0   50.584 -132.076   1361.2    845.7
     1     1    23     1    18    15     0     3     1.0   50.630 -131.571   1461.1    837.5
     1     1    23     1    18    16     0     2     2.0   50.678 -131.114   1567.0    824.7
     1     1    23     1    18    17     0     1     3.0   50.725 -130.700   1649.5    816.2
     1     1    23     1    18    18     0     0     4.0   50.779 -130.326   1681.7    811.4
     1     1    23     1    18    19     0     1     5.0   50.850 -129.975   1665.2    816.3
     1     1    23     1    18    20     0     2     6.0   50.936 -129.623   1659.8    821.5
     1     1    23     1    18    21     0     3     7.0   51.037 -129.263   1723.5    817.6
     1     1    23     1    18    22     0     2     8.0   51.146 -128.894   1830.8    802.5
     1     1    23     1    18    23     0     1     9.0   51.247 -128.521   1935.1    791.7
     1     1    23     1    19     0     0     0    10.0   51.341 -128.146   2075.5    780.5
     1     1    23     1    19     1     0     1    11.0   51.422 -127.761   2241.5    746.9
     1     1    23     1    19     2     0     2    12.0   51.479 -127.364   2404.5    709.2
     1     1    23     1    19     3     0     3    13.0   51.518 -126.949   2620.7    666.8
     1     1    23     1    19     4     0     2    14.0   51.536 -126.514   2675.8    614.5
     1     1    23     1    19     5     0     1    15.0   51.537 -126.066   2458.9    613.1
     1     1    23     1    19     6     0     0    16.0   51.524 -125.658   2226.5    648.6
     1     1    23     1    19     7     0     1    17.0   51.510 -125.337   2083.3    667.2
     1     1    23     1    19     8     0     2    18.0   51.511 -125.087   2012.1    676.7
     1     1    23     1    19     9     0     3    19.0   51.530 -124.867   1984.7    675.8
     1     1    23     1    19    10     0     2    20.0   51.552 -124.654   1968.4    671.1
     1     1    23     1    19    11     0     1    21.0   51.571 -124.442   1938.4    669.8
     1     1    23     1    19    12     0     0    22.0   51.596 -124.222   1886.2    671.5
     1     1    23     1    19    13     0     1    23.0   51.633 -123.995   1816.2    677.2
     1     1    23     1    19    14     0     2    24.0   51.689 -123.786   1748.9    688.8
     1     1    23     1    19    15     0     3    25.0   51.774 -123.607   1687.7    700.2
     1     1    23     1    19    16     0     2    26.0   51.895 -123.436   1641.6    713.8
     1     1    23     1    19    17     0     1    27.0   52.047 -123.250   1611.5    723.5
     1     1    23     1    19    18     0     0    28.0   52.222 -123.049   1581.0    727.2
     1     1    23     1    19    19     0     1    29.0   52.417 -122.815   1563.4    733.4
     1     1    23     1    19    20     0     2    30.0   52.632 -122.525   1582.3    735.7
     1     1    23     1    19    21     0     3    31.0   52.886 -122.178   1661.0    729.2
     1     1    23     1    19    22     0     2    32.0   53.146 -121.750   1779.3    710.1
     1     1    23     1    19    23     0     1    33.0   53.332 -121.186   1876.5    681.7
     1     1    23     1    20     0     0     0    34.0   53.422 -120.475   1890.7    650.1
     1     1    23     1    20     1     0     1    35.0   53.420 -119.726   1754.7    649.8
     1     1    23     1    20     2     0     2    36.0   53.403 -119.072   1581.8    674.3
     1     1    23     1    20     3     0     3    37.0   53.422 -118.471   1355.1    699.5
     1     1    23     1    20     4     0     2    38.0   53.476 -117.880   1117.3    742.7
     1     1    23     1    20     5     0     1    39.0   53.490 -117.237    970.3    766.6
     1     1    23     1    20     6     0     0    40.0   53.442 -116.541    875.2    786.0
     1     1    23     1    20     7     0     1    41.0   53.369 -115.922    797.3    815.1
     1     1    23     1    20     8     0     2    42.0   53.288 -115.398    765.8    823.5
     1     1    23     1    20     9     0     3    43.0   53.220 -114.902    734.9    833.7
     1     1    23     1    20    10     0     2    44.0   53.132 -114.396    686.9    838.8
     1     1    23     1    20    11     0     1    45.0   53.015 -113.868    616.1    850.6
     1     1    23     1    20    12     0     0    46.0   52.862 -113.353    564.2    862.7
     1     1    23     1    20    13     0     1    47.0   52.686 -112.879    542.6    867.1
     1     1    23     1    20    14     0     2    48.0   52.506 -112.427    527.6    866.3
     1     1    23     1    20    15     0     3    49.0   52.298 -111.990    476.0    865.9
     1     1    23     1    20    16     0     2    50.0   52.102 -111.566    398.3    878.0
     1     1    23     1    20    17     0     1    51.0   51.956 -111.133    336.8    885.8
     1     1    23     1    20    18     0     0    52.0   51.831 -110.685    285.7    895.9
     1     1    23     1    20    19     0     1    53.0   51.715 -110.205    254.8    904.5
     1     1    23     1    20    20     0     2    54.0   51.598 -109.676    242.9    908.0
     1     1    23     1    20    21     0     3    55.0   51.474 -109.137    227.6    910.3
     1     1    23     1    20    22     0     2    56.0   51.364 -108.612    210.4    914.2
     1     1    23     1    20    23     0     1    57.0   51.261 -108.101    221.2    914.9
     1     1    23     1    21     0     0     0    58.0   51.112 -107.583    255.2    912.3
     1     1    23     1    21     1     0     1    59.0   50.922 -107.031    259.5    910.2
     1     1    23     1    21     2     0     2    60.0   50.745 -106.476    230.0    916.4
     1     1    23     1    21     3     0     3    61.0   50.568 -105.953    224.2    917.6
     1     1    23     1    21     4     0     2    62.0   50.387 -105.449    227.0    916.7
     1     1    23     1    21     5     0     1    63.0   50.225 -104.977    205.3    920.3
     1     1    23     1    21     6     0     0    64.0   50.072 -104.547    179.3    925.1
     1     1    23     1    21     7     0     1    65.0   49.897 -104.127    175.3    924.5
     1     1    23     1    21     8     0     2    66.0   49.711 -103.704    188.0    919.6
     1     1    23     1    21     9     0     3    67.0   49.533 -103.291    207.0    916.0
     1     1    23     1    21    10     0     2    68.0   49.360 -102.885    229.3    915.1
     1     1    23     1    21    11     0     1    69.0   49.172 -102.450    236.4    916.1
     1     1    23     1    21    12     0     0    70.0   48.970 -101.959    201.6    924.2
     1     1    23     1    21    13     0     1    71.0   48.794 -101.520    169.7    934.4
     1     1    23     1    21    14     0     2    72.0   48.628 -101.147    162.0    935.6
     1     1    23     1    21    15     0     3    73.0   48.464 -100.800    152.0    934.0
     1     1    23     1    21    16     0     2    74.0   48.319 -100.469    131.3    936.5
     1     1    23     1    21    17     0     1    75.0   48.205 -100.163    112.1    940.5
     1     1    23     1    21    18     0     0    76.0   48.118  -99.883    101.8    944.0
     1     1    23     1    21    19     0     1    77.0   48.047  -99.610     98.4    945.6
     1     1    23     1    21    20     0     2    78.0   47.980  -99.331     97.3    945.7
     1     1    23     1    21    21     0     3    79.0   47.916  -99.051     95.8    945.1
     1     1    23     1    21    22     0     2    80.0   47.848  -98.762     86.0    945.5
     1     1    23     1    21    23     0     1    81.0   47.780  -98.458     58.6    949.6
     1     1    23     1    22     0     0     0    82.0   47.730  -98.181     26.3    957.3
     1     1    23     1    22     1     0     1    83.0   47.697  -97.952      5.7    961.2
     1     1    23     1    22     2     0     2    84.0   47.670  -97.764      0.0    964.8
     1     1    23     1    22     3     0     3    85.0   47.642  -97.595      0.0    968.2
     1     1    23     1    22     4     0     2    86.0   47.618  -97.444      0.0    971.6
     1     1    23     1    22     5     0     1    87.0   47.604  -97.310      0.0    974.7
     1     1    23     1    22     6     0     0    88.0   47.600  -97.189      0.0    977.5
     1     1    23     1    22     7     0     1    89.0   47.609  -97.084      0.6    979.5
     1     1    23     1    22     8     0     2    90.0   47.634  -96.995      1.4    980.8
     1     1    23     1    22     9     0     3    91.0   47.673  -96.922      1.8    979.5
     1     1    23     1    22    10     0     2    92.0   47.721  -96.863      1.9    978.7
     1     1    23     1    22    11     0     1    93.0   47.774  -96.820      2.0    978.1
     1     1    23     1    22    12     0     0    94.0   47.834  -96.794      2.0    977.5
     1     1    23     1    22    13     0     1    95.0   47.901  -96.775      2.0    977.3
     1     1    23     1    22    14     0     2    96.0   47.975  -96.749      2.0    977.0
     1     1    23     1    22    15     0     3    97.0   48.056  -96.716      2.0    976.6
     1     1    23     1    22    16     0     2    98.0   48.145  -96.683      2.0    976.2
     1     1    23     1    22    17     0     1    99.0   48.244  -96.656      2.0    976.0
     1     1    23     1    22    18     0     0   100.0   48.352  -96.634      2.0    975.7
     1     1    23     1    22    19     0     1   101.0   48.469  -96.613      2.1    975.1
     1     1    23     1    22    20     0     2   102.0   48.594  -96.590      2.3    974.3
     1     1    23     1    22    21     0     3   103.0   48.727  -96.563      2.7    973.2
     1     1    23     1    22    22     0     2   104.0   48.865  -96.534      3.4    972.8
     1     1    23     1    22    23     0     1   105.0   49.007  -96.502      4.8    972.4
     1     1    23     1    23     0     0     0   106.0   49.155  -96.468      6.7    972.5
     1     1    23     1    23     1     0     1   107.0   49.305  -96.421      8.7    972.5
     1     1    23     1    23     2     0     2   108.0   49.452  -96.349     10.7    972.2
     1     1    23     1    23     3     0     3   109.0   49.595  -96.249     13.0    971.5
     1     1    23     1    23     4     0     2   110.0   49.727  -96.121     15.9    969.8
     1     1    23     1    23     5     0     1   111.0   49.838  -95.969     19.5    967.5
     1     1    23     1    23     6     0     0   112.0   49.930  -95.797     23.6    965.0
     1     1    23     1    23     7     0     1   113.0   49.997  -95.614     27.7    963.5
     1     1    23     1    23     8     0     2   114.0   50.035  -95.425     31.8    961.8
     1     1    23     1    23     9     0     3   115.0   50.048  -95.231     35.4    960.0
     1     1    23     1    23    10     0     2   116.0   50.036  -95.039     37.4    959.3
     1     1    23     1    23    11     0     1   117.0   49.997  -94.853     38.9    959.0
     1     1    23     1    23    12     0     0   118.0   49.930  -94.664     43.1    958.1
     1     1    23     1    23    13     0     1   119.0   49.848  -94.452     53.2    956.0
     1     1    23     1    23    14     0     2   120.0   49.759  -94.214     69.8    952.7
