     8     1
    GDAS    22    12    22     0     0
    GDAS    22    12    29     0     0
    GDAS    23     1     1     0     0
    GDAS    23     1     8     0     0
    GDAS    23     1    15     0     0
    GDAS    23     1    22     0     0
    GDAS    23     1    29     0     0
    GDAS    23     2     1     0     0
     1 FORWARD  OMEGA   
    23     1     6    13   32.080 -105.413     0.0
     1 PRESSURE
     1     1    23     1     6    13     0     1     0.0   32.080 -105.413      0.0    861.6
     1     1    23     1     6    14     0     2     1.0   32.166 -105.403      4.7    860.9
     1     1    23     1     6    15     0     3     2.0   32.259 -105.375     13.3    859.9
     1     1    23     1     6    16     0     2     3.0   32.354 -105.306     29.9    857.7
     1     1    23     1     6    17     0     1     4.0   32.441 -105.175     54.3    855.6
     1     1    23     1     6    18     0     0     5.0   32.513 -104.968     63.0    854.2
     1     1    23     1     6    19     0     1     6.0   32.565 -104.709     66.9    864.0
     1     1    23     1     6    20     0     2     7.0   32.601 -104.418     94.0    870.4
     1     1    23     1     6    21     0     3     8.0   32.626 -104.101    163.2    875.4
     1     1    23     1     6    22     0     2     9.0   32.624 -103.771    307.7    865.3
     1     1    23     1     6    23     0     1    10.0   32.592 -103.419    497.9    846.2
     1     1    23     1     7     0     0     0    11.0   32.549 -103.038    694.9    828.8
     1     1    23     1     7     1     0     1    12.0   32.490 -102.663    847.4    815.4
     1     1    23     1     7     2     0     2    13.0   32.415 -102.326    938.5    813.9
     1     1    23     1     7     3     0     3    14.0   32.326 -102.035   1022.1    813.4
     1     1    23     1     7     4     0     2    15.0   32.260 -101.782   1108.8    807.1
     1     1    23     1     7     5     0     1    16.0   32.233 -101.551   1166.7    804.6
     1     1    23     1     7     6     0     0    17.0   32.225 -101.352   1199.4    804.5
     1     1    23     1     7     7     0     1    18.0   32.213 -101.185   1232.2    805.6
     1     1    23     1     7     8     0     2    19.0   32.193 -101.043   1284.8    802.5
     1     1    23     1     7     9     0     3    20.0   32.182 -100.916   1360.8    797.0
     1     1    23     1     7    10     0     2    21.0   32.185 -100.775   1433.5    789.5
     1     1    23     1     7    11     0     1    22.0   32.181 -100.614   1470.0    788.5
     1     1    23     1     7    12     0     0    23.0   32.164 -100.449   1479.7    790.6
     1     1    23     1     7    13     0     1    24.0   32.135 -100.289   1484.3    794.0
     1     1    23     1     7    14     0     2    25.0   32.103 -100.132   1499.3    794.9
     1     1    23     1     7    15     0     3    26.0   32.069  -99.977   1525.9    794.3
     1     1    23     1     7    16     0     2    27.0   32.039  -99.819   1549.1    792.2
     1     1    23     1     7    17     0     1    28.0   32.009  -99.664   1560.6    793.5
     1     1    23     1     7    18     0     0    29.0   31.977  -99.515   1571.8    794.7
     1     1    23     1     7    19     0     1    30.0   31.946  -99.369   1589.3    794.3
     1     1    23     1     7    20     0     2    31.0   31.917  -99.224   1615.9    793.1
     1     1    23     1     7    21     0     3    32.0   31.891  -99.078   1656.0    790.7
     1     1    23     1     7    22     0     2    33.0   31.866  -98.933   1685.0    787.3
     1     1    23     1     7    23     0     1    34.0   31.841  -98.796   1672.7    790.4
     1     1    23     1     8     0     0     0    35.0   31.817  -98.671   1626.4    797.4
     1     1    23     1     8     1     0     1    36.0   31.804  -98.560   1579.1    806.3
     1     1    23     1     8     2     0     2    37.0   31.809  -98.458   1550.0    810.2
     1     1    23     1     8     3     0     3    38.0   31.826  -98.361   1525.1    813.7
     1     1    23     1     8     4     0     2    39.0   31.845  -98.255   1503.8    817.9
     1     1    23     1     8     5     0     1    40.0   31.857  -98.123   1498.8    821.2
     1     1    23     1     8     6     0     0    41.0   31.864  -97.966   1532.0    821.1
     1     1    23     1     8     7     0     1    42.0   31.854  -97.776   1566.3    815.0
     1     1    23     1     8     8     0     2    43.0   31.807  -97.560   1561.4    819.3
     1     1    23     1     8     9     0     3    44.0   31.722  -97.332   1541.6    825.9
     1     1    23     1     8    10     0     2    45.0   31.608  -97.114   1547.6    832.0
     1     1    23     1     8    11     0     1    46.0   31.474  -96.911   1577.6    829.5
     1     1    23     1     8    12     0     0    47.0   31.300  -96.715   1570.0    829.4
     1     1    23     1     8    13     0     1    48.0   31.102  -96.543   1530.4    839.5
     1     1    23     1     8    14     0     2    49.0   30.912  -96.408   1525.4    845.2
     1     1    23     1     8    15     0     3    50.0   30.730  -96.298   1568.0    840.3
     1     1    23     1     8    16     0     2    51.0   30.547  -96.188   1595.9    833.7
     1     1    23     1     8    17     0     1    52.0   30.364  -96.094   1592.7    837.2
     1     1    23     1     8    18     0     0    53.0   30.191  -96.043   1612.3    838.7
     1     1    23     1     8    19     0     1    54.0   30.030  -95.993   1655.1    831.2
     1     1    23     1     8    20     0     2    55.0   29.875  -95.922   1684.3    828.2
     1     1    23     1     8    21     0     3    56.0   29.729  -95.851   1693.6    829.1
     1     1    23     1     8    22     0     2    57.0   29.593  -95.800   1684.1    830.8
     1     1    23     1     8    23     0     1    58.0   29.472  -95.788   1651.9    835.4
     1     1    23     1     9     0     0     0    59.0   29.366  -95.825   1600.3    841.4
     1     1    23     1     9     1     0     1    60.0   29.287  -95.903   1546.2    849.6
     1     1    23     1     9     2     0     2    61.0   29.245  -95.996   1508.6    854.1
     1     1    23     1     9     3     0     3    62.0   29.238  -96.089   1488.0    856.5
     1     1    23     1     9     4     0     2    63.0   29.264  -96.167   1466.3    856.6
     1     1    23     1     9     5     0     1    64.0   29.317  -96.225   1427.5    860.2
     1     1    23     1     9     6     0     0    65.0   29.395  -96.261   1377.6    864.7
     1     1    23     1     9     7     0     1    66.0   29.483  -96.274   1336.9    869.6
     1     1    23     1     9     8     0     2    67.0   29.571  -96.257   1320.6    869.8
     1     1    23     1     9     9     0     3    68.0   29.661  -96.207   1323.6    868.0
     1     1    23     1     9    10     0     2    69.0   29.745  -96.131   1333.7    865.2
     1     1    23     1     9    11     0     1    70.0   29.813  -96.041   1352.0    863.5
     1     1    23     1     9    12     0     0    71.0   29.860  -95.935   1398.2    859.9
     1     1    23     1     9    13     0     1    72.0   29.892  -95.803   1450.7    852.8
     1     1    23     1     9    14     0     2    73.0   29.918  -95.654   1474.7    851.6
     1     1    23     1     9    15     0     3    74.0   29.938  -95.501   1462.3    854.1
     1     1    23     1     9    16     0     2    75.0   29.959  -95.358   1434.9    860.4
     1     1    23     1     9    17     0     1    76.0   29.982  -95.223   1416.3    863.2
     1     1    23     1     9    18     0     0    77.0   30.004  -95.093   1406.2    865.2
     1     1    23     1     9    19     0     1    78.0   30.033  -94.962   1411.9    865.2
     1     1    23     1     9    20     0     2    79.0   30.076  -94.822   1437.1    861.2
     1     1    23     1     9    21     0     3    80.0   30.132  -94.662   1472.8    855.7
     1     1    23     1     9    22     0     2    81.0   30.188  -94.480   1491.5    851.2
     1     1    23     1     9    23     0     1    82.0   30.240  -94.284   1469.1    852.9
     1     1    23     1    10     0     0     0    83.0   30.289  -94.083   1400.0    859.2
     1     1    23     1    10     1     0     1    84.0   30.350  -93.892   1315.2    870.8
     1     1    23     1    10     2     0     2    85.0   30.430  -93.697   1247.9    877.4
     1     1    23     1    10     3     0     3    86.0   30.524  -93.490   1194.7    881.9
     1     1    23     1    10     4     0     2    87.0   30.630  -93.263   1147.2    885.2
     1     1    23     1    10     5     0     1    88.0   30.752  -93.014   1093.2    888.6
     1     1    23     1    10     6     0     0    89.0   30.894  -92.744   1036.5    896.2
     1     1    23     1    10     7     0     1    90.0   31.039  -92.451    994.7    903.0
     1     1    23     1    10     8     0     2    91.0   31.169  -92.135    978.5    908.1
     1     1    23     1    10     9     0     3    92.0   31.276  -91.795    978.1    906.3
     1     1    23     1    10    10     0     2    93.0   31.352  -91.439    976.4    904.0
     1     1    23     1    10    11     0     1    94.0   31.395  -91.076    971.6    902.6
     1     1    23     1    10    12     0     0    95.0   31.412  -90.712    965.4    902.1
     1     1    23     1    10    13     0     1    96.0   31.416  -90.361    959.0    901.6
     1     1    23     1    10    14     0     2    97.0   31.425  -90.031    943.3    901.2
     1     1    23     1    10    15     0     3    98.0   31.444  -89.724    918.3    905.0
     1     1    23     1    10    16     0     2    99.0   31.474  -89.440    903.3    908.0
     1     1    23     1    10    17     0     1   100.0   31.522  -89.170    908.9    906.7
     1     1    23     1    10    18     0     0   101.0   31.594  -88.909    927.9    904.6
     1     1    23     1    10    19     0     1   102.0   31.682  -88.655    939.2    903.3
     1     1    23     1    10    20     0     2   103.0   31.777  -88.415    938.1    906.7
     1     1    23     1    10    21     0     3   104.0   31.882  -88.180    945.0    908.6
     1     1    23     1    10    22     0     2   105.0   31.995  -87.920    957.4    907.2
     1     1    23     1    10    23     0     1   106.0   32.102  -87.619    955.1    902.8
     1     1    23     1    11     0     0     0   107.0   32.193  -87.287    925.7    901.9
     1     1    23     1    11     1     0     1   108.0   32.270  -86.938    878.5    905.4
     1     1    23     1    11     2     0     2   109.0   32.346  -86.577    840.6    907.5
     1     1    23     1    11     3     0     3   110.0   32.423  -86.198    810.5    906.3
     1     1    23     1    11     4     0     2   111.0   32.503  -85.810    795.0    908.4
     1     1    23     1    11     5     0     1   112.0   32.574  -85.422    806.7    907.0
     1     1    23     1    11     6     0     0   113.0   32.631  -85.042    826.3    903.8
     1     1    23     1    11     7     0     1   114.0   32.674  -84.675    847.8    901.9
     1     1    23     1    11     8     0     2   115.0   32.699  -84.325    873.5    898.3
     1     1    23     1    11     9     0     3   116.0   32.707  -83.997    890.9    895.4
     1     1    23     1    11    10     0     2   117.0   32.705  -83.688    899.1    898.5
     1     1    23     1    11    11     0     1   118.0   32.699  -83.390    902.7    901.5
     1     1    23     1    11    12     0     0   119.0   32.687  -83.113    903.4    904.7
     1     1    23     1    11    13     0     1   120.0   32.679  -82.854    902.6    906.7
