     8     1
    GDAS    22    12    22     0     0
    GDAS    22    12    29     0     0
    GDAS    23     1     1     0     0
    GDAS    23     1     8     0     0
    GDAS    23     1    15     0     0
    GDAS    23     1    22     0     0
    GDAS    23     1    29     0     0
    GDAS    23     2     1     0     0
     1 FORWARD  OMEGA   
    23     1    20    16   41.822 -101.540   408.7
     1 PRESSURE
     1     1    23     1    20    16     0     2     0.0   41.822 -101.540    408.7    852.5
     1     1    23     1    20    17     0     1     1.0   41.747 -101.475    417.6    853.4
     1     1    23     1    20    18     0     0     2.0   41.713 -101.392    426.3    854.9
     1     1    23     1    20    19     0     1     3.0   41.704 -101.297    436.1    855.1
     1     1    23     1    20    20     0     2     4.0   41.707 -101.191    442.8    856.0
     1     1    23     1    20    21     0     3     5.0   41.725 -101.075    444.7    857.4
     1     1    23     1    20    22     0     2     6.0   41.742 -100.960    441.0    859.9
     1     1    23     1    20    23     0     1     7.0   41.737 -100.856    430.9    862.8
     1     1    23     1    21     0     0     0     8.0   41.710 -100.764    414.2    866.7
     1     1    23     1    21     1     0     1     9.0   41.676 -100.680    398.5    870.8
     1     1    23     1    21     2     0     2    10.0   41.649 -100.594    389.2    873.5
     1     1    23     1    21     3     0     3    11.0   41.632 -100.503    386.2    875.7
     1     1    23     1    21     4     0     2    12.0   41.622 -100.402    389.6    877.3
     1     1    23     1    21     5     0     1    13.0   41.617 -100.288    399.8    878.3
     1     1    23     1    21     6     0     0    14.0   41.622 -100.161    417.7    878.9
     1     1    23     1    21     7     0     1    15.0   41.630 -100.022    433.3    878.0
     1     1    23     1    21     8     0     2    16.0   41.628  -99.876    432.6    879.2
     1     1    23     1    21     9     0     3    17.0   41.611  -99.724    415.0    882.5
     1     1    23     1    21    10     0     2    18.0   41.572  -99.564    384.9    887.4
     1     1    23     1    21    11     0     1    19.0   41.509  -99.393    349.1    893.0
     1     1    23     1    21    12     0     0    20.0   41.439  -99.211    312.1    899.4
     1     1    23     1    21    13     0     1    21.0   41.375  -99.041    285.0    906.0
     1     1    23     1    21    14     0     2    22.0   41.311  -98.905    271.9    909.3
     1     1    23     1    21    15     0     3    23.0   41.245  -98.799    267.1    911.5
     1     1    23     1    21    16     0     2    24.0   41.174  -98.714    264.9    912.9
     1     1    23     1    21    17     0     1    25.0   41.100  -98.640    262.3    914.8
     1     1    23     1    21    18     0     0    26.0   41.029  -98.579    260.9    916.3
     1     1    23     1    21    19     0     1    27.0   40.951  -98.521    261.4    917.0
     1     1    23     1    21    20     0     2    28.0   40.857  -98.457    263.7    917.6
     1     1    23     1    21    21     0     3    29.0   40.746  -98.389    267.2    918.2
     1     1    23     1    21    22     0     2    30.0   40.621  -98.327    270.4    919.3
     1     1    23     1    21    23     0     1    31.0   40.479  -98.278    270.4    920.8
     1     1    23     1    22     0     0     0    32.0   40.313  -98.238    265.1    923.2
     1     1    23     1    22     1     0     1    33.0   40.127  -98.202    247.0    926.2
     1     1    23     1    22     2     0     2    34.0   39.933  -98.168    212.2    931.4
     1     1    23     1    22     3     0     3    35.0   39.744  -98.127    173.0    937.5
     1     1    23     1    22     4     0     2    36.0   39.574  -98.070    144.2    942.7
     1     1    23     1    22     5     0     1    37.0   39.424  -97.995    128.9    944.4
     1     1    23     1    22     6     0     0    38.0   39.285  -97.906    121.1    945.8
     1     1    23     1    22     7     0     1    39.0   39.142  -97.810    116.6    947.0
     1     1    23     1    22     8     0     2    40.0   38.986  -97.708    113.8    948.6
     1     1    23     1    22     9     0     3    41.0   38.819  -97.599    111.2    949.3
     1     1    23     1    22    10     0     2    42.0   38.642  -97.492    107.4    950.2
     1     1    23     1    22    11     0     1    43.0   38.454  -97.390    101.1    950.9
     1     1    23     1    22    12     0     0    44.0   38.260  -97.286     90.9    951.8
     1     1    23     1    22    13     0     1    45.0   38.064  -97.192     77.0    953.1
     1     1    23     1    22    14     0     2    46.0   37.874  -97.122     62.7    956.5
     1     1    23     1    22    15     0     3    47.0   37.695  -97.075     50.9    960.0
     1     1    23     1    22    16     0     2    48.0   37.532  -97.030     43.0    963.2
     1     1    23     1    22    17     0     1    49.0   37.383  -96.969     39.0    965.7
     1     1    23     1    22    18     0     0    50.0   37.240  -96.896     37.7    967.9
     1     1    23     1    22    19     0     1    51.0   37.099  -96.816     38.6    969.5
     1     1    23     1    22    20     0     2    52.0   36.960  -96.731     41.1    971.1
     1     1    23     1    22    21     0     3    53.0   36.823  -96.634     43.3    972.5
     1     1    23     1    22    22     0     2    54.0   36.689  -96.542     41.7    974.6
     1     1    23     1    22    23     0     1    55.0   36.561  -96.472     36.4    977.3
     1     1    23     1    23     0     0     0    56.0   36.444  -96.428     30.4    979.6
     1     1    23     1    23     1     0     1    57.0   36.342  -96.399     26.4    982.3
     1     1    23     1    23     2     0     2    58.0   36.256  -96.380     25.0    984.3
     1     1    23     1    23     3     0     3    59.0   36.189  -96.375     25.8    985.8
     1     1    23     1    23     4     0     2    60.0   36.134  -96.374     27.5    986.0
     1     1    23     1    23     5     0     1    61.0   36.087  -96.366     28.8    986.5
     1     1    23     1    23     6     0     0    62.0   36.050  -96.350     29.2    987.0
     1     1    23     1    23     7     0     1    63.0   36.016  -96.328     29.8    987.7
     1     1    23     1    23     8     0     2    64.0   35.981  -96.303     31.6    987.9
     1     1    23     1    23     9     0     3    65.0   35.944  -96.276     34.9    988.0
     1     1    23     1    23    10     0     2    66.0   35.904  -96.258     38.8    988.7
     1     1    23     1    23    11     0     1    67.0   35.864  -96.259     41.8    989.3
     1     1    23     1    23    12     0     0    68.0   35.822  -96.281     43.9    989.7
     1     1    23     1    23    13     0     1    69.0   35.784  -96.315     45.7    989.5
     1     1    23     1    23    14     0     2    70.0   35.754  -96.352     48.0    989.1
     1     1    23     1    23    15     0     3    71.0   35.731  -96.389     51.0    988.8
     1     1    23     1    23    16     0     2    72.0   35.718  -96.414     53.4    988.4
     1     1    23     1    23    17     0     1    73.0   35.715  -96.415     53.6    988.5
     1     1    23     1    23    18     0     0    74.0   35.724  -96.394     51.6    989.1
     1     1    23     1    23    19     0     1    75.0   35.733  -96.363     48.4    989.5
     1     1    23     1    23    20     0     2    76.0   35.735  -96.338     45.2    989.8
     1     1    23     1    23    21     0     3    77.0   35.729  -96.318     41.9    990.0
     1     1    23     1    23    22     0     2    78.0   35.721  -96.316     39.8    989.7
     1     1    23     1    23    23     0     1    79.0   35.716  -96.341     39.9    988.8
     1     1    23     1    24     0     0     0    80.0   35.715  -96.395     42.1    987.5
     1     1    23     1    24     1     0     1    81.0   35.723  -96.469     44.7    986.5
     1     1    23     1    24     2     0     2    82.0   35.746  -96.551     46.0    985.8
     1     1    23     1    24     3     0     3    83.0   35.787  -96.642     46.3    985.2
     1     1    23     1    24     4     0     2    84.0   35.844  -96.730     45.9    984.7
     1     1    23     1    24     5     0     1    85.0   35.914  -96.804     45.1    984.4
     1     1    23     1    24     6     0     0    86.0   35.997  -96.862     44.7    984.5
     1     1    23     1    24     7     0     1    87.0   36.077  -96.917     45.4    983.4
     1     1    23     1    24     8     0     2    88.0   36.138  -96.991     47.6    981.9
     1     1    23     1    24     9     0     3    89.0   36.177  -97.082     51.1    980.3
     1     1    23     1    24    10     0     2    90.0   36.208  -97.181     56.6    978.2
     1     1    23     1    24    11     0     1    91.0   36.244  -97.275     64.1    975.5
     1     1    23     1    24    12     0     0    92.0   36.287  -97.362     71.9    973.0
     1     1    23     1    24    13     0     1    93.0   36.330  -97.431     81.7    971.6
     1     1    23     1    24    14     0     2    94.0   36.365  -97.481     97.9    969.5
     1     1    23     1    24    15     0     3    95.0   36.394  -97.516    125.9    966.5
     1     1    23     1    24    16     0     2    96.0   36.408  -97.568    158.3    960.1
     1     1    23     1    24    17     0     1    97.0   36.396  -97.672    175.5    955.9
     1     1    23     1    24    18     0     0    98.0   36.357  -97.831    172.3    954.6
     1     1    23     1    24    19     0     1    99.0   36.298  -98.014    167.6    955.1
     1     1    23     1    24    20     0     2   100.0   36.225  -98.188    176.6    948.8
     1     1    23     1    24    21     0     3   101.0   36.134  -98.350    195.9    941.2
     1     1    23     1    24    22     0     2   102.0   36.012  -98.486    218.1    934.4
     1     1    23     1    24    23     0     1   103.0   35.845  -98.585    237.2    930.1
     1     1    23     1    25     0     0     0   104.0   35.628  -98.651    243.6    929.0
     1     1    23     1    25     1     0     1   105.0   35.383  -98.696    235.5    931.5
     1     1    23     1    25     2     0     2   106.0   35.136  -98.718    219.4    935.8
     1     1    23     1    25     3     0     3   107.0   34.892  -98.702    200.7    941.3
     1     1    23     1    25     4     0     2   108.0   34.650  -98.645    179.7    947.1
     1     1    23     1    25     5     0     1   109.0   34.415  -98.548    157.7    953.9
     1     1    23     1    25     6     0     0   110.0   34.185  -98.416    140.1    960.1
     1     1    23     1    25     7     0     1   111.0   33.961  -98.250    126.9    964.3
     1     1    23     1    25     8     0     2   112.0   33.756  -98.052    113.4    965.5
     1     1    23     1    25     9     0     3   113.0   33.576  -97.826     97.6    968.6
     1     1    23     1    25    10     0     2   114.0   33.414  -97.598     84.6    973.8
     1     1    23     1    25    11     0     1   115.0   33.259  -97.382     75.9    978.8
     1     1    23     1    25    12     0     0   116.0   33.110  -97.176     66.9    984.6
     1     1    23     1    25    13     0     1   117.0   32.971  -96.991     55.6    991.6
     1     1    23     1    25    14     0     2   118.0   32.844  -96.828     43.6    993.9
     1     1    23     1    25    15     0     3   119.0   32.726  -96.679     33.2    996.2
     1     1    23     1    25    16     0     2   120.0   32.615  -96.529     25.0    998.2
