     8     1
    GDAS    22    12    22     0     0
    GDAS    22    12    29     0     0
    GDAS    23     1     1     0     0
    GDAS    23     1     8     0     0
    GDAS    23     1    15     0     0
    GDAS    23     1    22     0     0
    GDAS    23     1    29     0     0
    GDAS    23     2     1     0     0
     1 FORWARD  OMEGA   
    22    12    31    15   47.954 -109.900   130.5
     1 PRESSURE
     1     1    22    12    31    15     0     3     0.0   47.954 -109.900    130.5    876.2
     1     1    22    12    31    16     0     2     1.0   47.939 -109.658    192.8    867.9
     1     1    22    12    31    17     0     1     2.0   47.910 -109.227    255.2    857.5
     1     1    22    12    31    18     0     0     3.0   47.851 -108.681    308.1    857.1
     1     1    22    12    31    19     0     1     4.0   47.751 -108.188    377.6    861.7
     1     1    22    12    31    20     0     2     5.0   47.623 -107.728    453.0    855.6
     1     1    22    12    31    21     0     3     6.0   47.480 -107.229    500.3    845.8
     1     1    22    12    31    22     0     2     7.0   47.313 -106.663    523.3    844.2
     1     1    22    12    31    23     0     1     8.0   47.127 -106.063    570.3    845.7
     1     1    23     1     1     0     0     0     9.0   46.948 -105.464    650.0    837.8
     1     1    23     1     1     1     0     1    10.0   46.793 -104.917    725.7    828.2
     1     1    23     1     1     2     0     2    11.0   46.654 -104.413    760.0    819.4
     1     1    23     1     1     3     0     3    12.0   46.535 -103.890    724.2    820.7
     1     1    23     1     1     4     0     2    13.0   46.409 -103.313    655.7    836.0
     1     1    23     1     1     5     0     1    14.0   46.273 -102.680    609.3    847.4
     1     1    23     1     1     6     0     0    15.0   46.171 -102.018    563.0    857.8
     1     1    23     1     1     7     0     1    16.0   46.062 -101.404    525.4    869.4
     1     1    23     1     1     8     0     2    17.0   45.914 -100.866    528.7    872.7
     1     1    23     1     1     9     0     3    18.0   45.770 -100.371    561.6    871.8
     1     1    23     1     1    10     0     2    19.0   45.636  -99.885    572.6    870.2
     1     1    23     1     1    11     0     1    20.0   45.498  -99.385    537.1    879.3
     1     1    23     1     1    12     0     0    21.0   45.358  -98.871    506.5    893.3
     1     1    23     1     1    13     0     1    22.0   45.219  -98.395    503.7    899.3
     1     1    23     1     1    14     0     2    23.0   45.085  -97.968    499.8    902.5
     1     1    23     1     1    15     0     3    24.0   44.961  -97.544    470.8    896.0
     1     1    23     1     1    16     0     2    25.0   44.844  -97.098    397.6    895.7
     1     1    23     1     1    17     0     1    26.0   44.742  -96.666    321.9    915.5
     1     1    23     1     1    18     0     0    27.0   44.643  -96.270    286.3    928.4
     1     1    23     1     1    19     0     1    28.0   44.534  -95.910    285.9    930.2
     1     1    23     1     1    20     0     2    29.0   44.410  -95.574    294.3    927.5
     1     1    23     1     1    21     0     3    30.0   44.275  -95.248    288.4    929.0
     1     1    23     1     1    22     0     2    31.0   44.131  -94.954    277.0    934.9
     1     1    23     1     1    23     0     1    32.0   43.985  -94.707    277.4    938.7
     1     1    23     1     2     0     0     0    33.0   43.834  -94.498    289.1    939.4
     1     1    23     1     2     1     0     1    34.0   43.682  -94.323    296.4    939.7
     1     1    23     1     2     2     0     2    35.0   43.530  -94.183    294.2    942.1
     1     1    23     1     2     3     0     3    36.0   43.371  -94.081    291.7    943.8
     1     1    23     1     2     4     0     2    37.0   43.202  -94.019    293.6    942.9
     1     1    23     1     2     5     0     1    38.0   43.024  -94.002    296.9    940.9
     1     1    23     1     2     6     0     0    39.0   42.839  -94.039    298.3    940.0
     1     1    23     1     2     7     0     1    40.0   42.660  -94.141    304.1    939.3
     1     1    23     1     2     8     0     2    41.0   42.502  -94.311    323.2    936.0
     1     1    23     1     2     9     0     3    42.0   42.370  -94.550    357.3    930.1
     1     1    23     1     2    10     0     2    43.0   42.268  -94.847    386.3    922.9
     1     1    23     1     2    11     0     1    44.0   42.192  -95.181    397.8    922.2
     1     1    23     1     2    12     0     0    45.0   42.138  -95.541    412.7    924.4
     1     1    23     1     2    13     0     1    46.0   42.106  -95.933    458.1    923.0
     1     1    23     1     2    14     0     2    47.0   42.097  -96.359    535.5    907.8
     1     1    23     1     2    15     0     3    48.0   42.100  -96.811    625.9    892.0
     1     1    23     1     2    16     0     2    49.0   42.127  -97.289    715.0    873.9
     1     1    23     1     2    17     0     1    50.0   42.191  -97.792    798.0    860.0
     1     1    23     1     2    18     0     0    51.0   42.284  -98.322    862.0    844.8
     1     1    23     1     2    19     0     1    52.0   42.365  -98.863    885.1    835.4
     1     1    23     1     2    20     0     2    53.0   42.420  -99.407    892.8    830.3
     1     1    23     1     2    21     0     3    54.0   42.459  -99.949    879.6    823.7
     1     1    23     1     2    22     0     2    55.0   42.457 -100.505    888.9    819.1
     1     1    23     1     2    23     0     1    56.0   42.436 -101.068    951.4    797.0
     1     1    23     1     3     0     0     0    57.0   42.394 -101.619   1014.3    780.0
     1     1    23     1     3     1     0     1    58.0   42.328 -102.148   1081.7    767.3
     1     1    23     1     3     2     0     2    59.0   42.237 -102.658   1195.0    755.7
     1     1    23     1     3     3     0     3    60.0   42.122 -103.145   1375.1    733.9
     1     1    23     1     3     4     0     2    61.0   41.987 -103.561   1589.6    707.9
     1     1    23     1     3     5     0     1    62.0   41.836 -103.889   1782.4    683.9
     1     1    23     1     3     6     0     0    63.0   41.667 -104.117   1927.7    661.5
     1     1    23     1     3     7     0     1    64.0   41.479 -104.220   2019.0    644.1
     1     1    23     1     3     8     0     2    65.0   41.272 -104.220   2048.0    635.3
     1     1    23     1     3     9     0     3    66.0   41.030 -104.155   1997.6    631.7
     1     1    23     1     3    10     0     2    67.0   40.741 -104.047   1888.4    648.7
     1     1    23     1     3    11     0     1    68.0   40.402 -103.897   1760.0    666.8
     1     1    23     1     3    12     0     0    69.0   40.028 -103.721   1641.9    684.1
     1     1    23     1     3    13     0     1    70.0   39.646 -103.491   1494.1    688.6
     1     1    23     1     3    14     0     2    71.0   39.252 -103.212   1277.0    707.0
     1     1    23     1     3    15     0     3    72.0   38.814 -102.954   1042.8    743.0
     1     1    23     1     3    16     0     2    73.0   38.396 -102.768    917.3    775.4
     1     1    23     1     3    17     0     1    74.0   38.045 -102.604    848.7    785.5
     1     1    23     1     3    18     0     0    75.0   37.729 -102.432    767.0    796.5
     1     1    23     1     3    19     0     1    76.0   37.448 -102.263    716.5    804.9
     1     1    23     1     3    20     0     2    77.0   37.205 -102.113    694.1    806.4
     1     1    23     1     3    21     0     3    78.0   36.999 -101.972    670.4    810.9
     1     1    23     1     3    22     0     2    79.0   36.830 -101.843    632.1    818.2
     1     1    23     1     3    23     0     1    80.0   36.694 -101.739    574.4    827.9
     1     1    23     1     4     0     0     0    81.0   36.581 -101.662    503.8    838.0
     1     1    23     1     4     1     0     1    82.0   36.476 -101.616    443.0    848.5
     1     1    23     1     4     2     0     2    83.0   36.370 -101.604    410.9    852.8
     1     1    23     1     4     3     0     3    84.0   36.267 -101.627    409.8    852.8
     1     1    23     1     4     4     0     2    85.0   36.188 -101.666    425.6    848.4
     1     1    23     1     4     5     0     1    86.0   36.142 -101.697    435.8    846.2
     1     1    23     1     4     6     0     0    87.0   36.124 -101.718    436.2    845.3
     1     1    23     1     4     7     0     1    88.0   36.116 -101.720    420.0    846.6
     1     1    23     1     4     8     0     2    89.0   36.100 -101.694    383.8    851.2
     1     1    23     1     4     9     0     3    90.0   36.076 -101.639    330.8    858.3
     1     1    23     1     4    10     0     2    91.0   36.050 -101.555    274.3    868.6
     1     1    23     1     4    11     0     1    92.0   36.036 -101.441    226.2    877.2
     1     1    23     1     4    12     0     0    93.0   36.035 -101.298    187.7    885.6
     1     1    23     1     4    13     0     1    94.0   36.034 -101.141    156.4    893.9
     1     1    23     1     4    14     0     2    95.0   36.025 -100.990    128.0    901.6
     1     1    23     1     4    15     0     3    96.0   36.010 -100.854    101.9    906.5
     1     1    23     1     4    16     0     2    97.0   35.996 -100.727     78.6    910.8
     1     1    23     1     4    17     0     1    98.0   35.990 -100.597     56.5    915.5
     1     1    23     1     4    18     0     0    99.0   35.996 -100.452     35.9    919.5
     1     1    23     1     4    19     0     1   100.0   35.996 -100.296     19.2    923.7
     1     1    23     1     4    20     0     2   101.0   35.976 -100.136      6.9    927.2
     1     1    23     1     4    21     0     3   102.0   35.945  -99.971      0.0    930.3
     1     1    23     1     4    22     0     2   103.0   35.897  -99.820      0.0    934.9
     1     1    23     1     4    23     0     1   104.0   35.827  -99.709      0.0    938.7
     1     1    23     1     5     0     0     0   105.0   35.740  -99.632      0.0    941.9
     1     1    23     1     5     1     0     1   106.0   35.649  -99.574      0.0    944.5
     1     1    23     1     5     2     0     2   107.0   35.556  -99.523      0.0    947.1
     1     1    23     1     5     3     0     3   108.0   35.450  -99.486      0.0    949.8
     1     1    23     1     5     4     0     2   109.0   35.336  -99.456      0.0    953.0
     1     1    23     1     5     5     0     1   110.0   35.226  -99.419      0.0    956.3
     1     1    23     1     5     6     0     0   111.0   35.121  -99.377      0.0    959.6
     1     1    23     1     5     7     0     1   112.0   35.024  -99.325      0.0    961.7
     1     1    23     1     5     8     0     2   113.0   34.938  -99.259      0.0    963.8
     1     1    23     1     5     9     0     3   114.0   34.866  -99.179      0.0    965.9
     1     1    23     1     5    10     0     2   115.0   34.803  -99.091      0.0    968.3
     1     1    23     1     5    11     0     1   116.0   34.748  -99.001      0.0    970.8
     1     1    23     1     5    12     0     0   117.0   34.699  -98.904      0.0    972.9
     1     1    23     1     5    13     0     1   118.0   34.652  -98.806      0.0    975.4
     1     1    23     1     5    14     0     2   119.0   34.608  -98.712      0.0    977.6
     1     1    23     1     5    15     0     3   120.0   34.569  -98.618      0.0    979.6
