     8     1
    GDAS    22    12    22     0     0
    GDAS    22    12    29     0     0
    GDAS    23     1     1     0     0
    GDAS    23     1     8     0     0
    GDAS    23     1    15     0     0
    GDAS    23     1    22     0     0
    GDAS    23     1    29     0     0
    GDAS    23     2     1     0     0
     1 FORWARD  OMEGA   
    22    12    29    11   34.513  174.149  2203.0
     1 PRESSURE
     1     1    22    12    29    11     0     1     0.0   34.513  174.149   2203.0    775.3
     1     1    22    12    29    12     0     0     1.0   34.352  174.703   2134.4    782.5
     1     1    22    12    29    13     0     1     2.0   34.211  175.240   2070.5    788.3
     1     1    22    12    29    14     0     2     3.0   34.089  175.765   2031.1    794.8
     1     1    22    12    29    15     0     3     4.0   33.986  176.278   2026.1    794.0
     1     1    22    12    29    16     0     2     5.0   33.888  176.788   1995.8    792.1
     1     1    22    12    29    17     0     1     6.0   33.789  177.288   1912.3    803.0
     1     1    22    12    29    18     0     0     7.0   33.694  177.761   1827.6    814.4
     1     1    22    12    29    19     0     1     8.0   33.617  178.220   1783.3    820.6
     1     1    22    12    29    20     0     2     9.0   33.567  178.676   1780.3    819.6
     1     1    22    12    29    21     0     3    10.0   33.545  179.121   1782.8    817.5
     1     1    22    12    29    22     0     2    11.0   33.556  179.572   1754.7    818.5
     1     1    22    12    29    23     0     1    12.0   33.601 -179.959   1685.8    826.1
     1     1    22    12    30     0     0     0    13.0   33.678 -179.482   1625.6    835.9
     1     1    22    12    30     1     0     1    14.0   33.783 -178.985   1586.2    837.0
     1     1    22    12    30     2     0     2    15.0   33.913 -178.466   1581.3    840.6
     1     1    22    12    30     3     0     3    16.0   34.070 -177.925   1611.7    833.4
     1     1    22    12    30     4     0     2    17.0   34.242 -177.362   1620.1    829.9
     1     1    22    12    30     5     0     1    18.0   34.426 -176.786   1568.5    834.1
     1     1    22    12    30     6     0     0    19.0   34.643 -176.211   1505.3    846.9
     1     1    22    12    30     7     0     1    20.0   34.895 -175.614   1417.4    848.1
     1     1    22    12    30     8     0     2    21.0   35.184 -174.989   1276.9    865.8
     1     1    22    12    30     9     0     3    22.0   35.513 -174.340   1175.2    881.3
     1     1    22    12    30    10     0     2    23.0   35.883 -173.650   1144.5    882.0
     1     1    22    12    30    11     0     1    24.0   36.296 -172.920   1135.0    877.6
     1     1    22    12    30    12     0     0    25.0   36.749 -172.153   1069.5    879.9
     1     1    22    12    30    13     0     1    26.0   37.255 -171.350   1009.9    890.2
     1     1    22    12    30    14     0     2    27.0   37.817 -170.534    979.7    890.3
     1     1    22    12    30    15     0     3    28.0   38.422 -169.697    952.5    890.6
     1     1    22    12    30    16     0     2    29.0   39.094 -168.832    857.8    900.0
     1     1    22    12    30    17     0     1    30.0   39.859 -167.988    816.6    904.0
     1     1    22    12    30    18     0     0    31.0   40.686 -167.124    863.5    896.0
     1     1    22    12    30    19     0     1    32.0   41.532 -166.182    925.8    885.5
     1     1    22    12    30    20     0     2    33.0   42.427 -165.249    961.7    883.6
     1     1    22    12    30    21     0     3    34.0   43.349 -164.287   1145.9    856.4
     1     1    22    12    30    22     0     2    35.0   44.218 -163.148   1282.6    841.1
     1     1    22    12    30    23     0     1    36.0   45.163 -162.020   1481.1    819.4
     1     1    22    12    31     0     0     0    37.0   45.930 -160.822   1616.7    805.9
     1     1    22    12    31     1     0     1    38.0   46.694 -159.570   2001.0    768.7
     1     1    22    12    31     2     0     2    39.0   47.469 -158.490   2524.4    710.8
     1     1    22    12    31     3     0     3    40.0   48.057 -157.412   2856.4    690.4
     1     1    22    12    31     4     0     2    41.0   48.666 -156.194   3262.4    649.2
     1     1    22    12    31     5     0     1    42.0   49.357 -155.030   3596.1    625.5
     1     1    22    12    31     6     0     0    43.0   49.944 -153.771   4034.0    586.8
     1     1    22    12    31     7     0     1    44.0   50.490 -152.338   4346.4    565.1
     1     1    22    12    31     8     0     2    45.0   51.024 -150.929   4772.3    537.5
     1     1    22    12    31     9     0     3    46.0   51.525 -149.461   5371.8    489.3
     1     1    22    12    31    10     0     2    47.0   51.958 -147.882   5713.5    470.2
     1     1    22    12    31    11     0     1    48.0   52.319 -146.273   5938.3    456.6
     1     1    22    12    31    12     0     0    49.0   52.632 -144.692   6339.9    431.5
     1     1    22    12    31    13     0     1    50.0   52.884 -143.031   6587.5    415.5
     1     1    22    12    31    14     0     2    51.0   53.029 -141.359   6611.7    416.2
     1     1    22    12    31    15     0     3    52.0   53.137 -139.787   6641.2    415.2
     1     1    22    12    31    16     0     2    53.0   53.118 -138.285   6632.4    417.4
     1     1    22    12    31    17     0     1    54.0   53.017 -136.828   6599.0    419.8
     1     1    22    12    31    18     0     0    55.0   52.868 -135.462   6574.3    421.8
     1     1    22    12    31    19     0     1    56.0   52.639 -134.182   6477.9    429.4
     1     1    22    12    31    20     0     2    57.0   52.338 -132.984   6436.1    434.7
     1     1    22    12    31    21     0     3    58.0   51.981 -131.898   6407.6    434.5
     1     1    22    12    31    22     0     2    59.0   51.546 -130.867   6367.1    438.7
     1     1    22    12    31    23     0     1    60.0   50.978 -129.872   6363.3    439.8
     1     1    23     1     1     0     0     0    61.0   50.340 -128.998   6263.6    444.9
     1     1    23     1     1     1     0     1    62.0   49.646 -128.232   6189.2    452.5
     1     1    23     1     1     2     0     2    63.0   48.859 -127.547   6161.6    454.4
     1     1    23     1     1     3     0     3    64.0   48.055 -126.989   6147.5    456.3
     1     1    23     1     1     4     0     2    65.0   47.204 -126.527   6073.3    461.1
     1     1    23     1     1     5     0     1    66.0   46.299 -126.199   5969.4    468.9
     1     1    23     1     1     6     0     0    67.0   45.366 -125.984   5878.6    476.2
     1     1    23     1     1     7     0     1    68.0   44.442 -125.839   5782.9    481.4
     1     1    23     1     1     8     0     2    69.0   43.546 -125.691   5594.7    496.2
     1     1    23     1     1     9     0     3    70.0   42.665 -125.575   5451.0    507.0
     1     1    23     1     1    10     0     2    71.0   41.790 -125.467   5361.7    512.7
     1     1    23     1     1    11     0     1    72.0   40.917 -125.331   5145.4    526.7
     1     1    23     1     1    12     0     0    73.0   40.064 -125.145   4803.5    554.6
     1     1    23     1     1    13     0     1    74.0   39.229 -124.904   4556.0    574.0
     1     1    23     1     1    14     0     2    75.0   38.410 -124.636   4365.1    587.4
     1     1    23     1     1    15     0     3    76.0   37.605 -124.331   4092.2    608.6
     1     1    23     1     1    16     0     2    77.0   36.802 -123.994   3840.4    631.7
     1     1    23     1     1    17     0     1    78.0   36.015 -123.602   3640.7    646.7
     1     1    23     1     1    18     0     0    79.0   35.245 -123.143   3452.5    664.1
     1     1    23     1     1    19     0     1    80.0   34.479 -122.629   3353.0    672.0
     1     1    23     1     1    20     0     2    81.0   33.719 -122.080   3329.7    673.6
     1     1    23     1     1    21     0     3    82.0   32.990 -121.505   3282.1    676.5
     1     1    23     1     1    22     0     2    83.0   32.298 -120.878   3180.1    683.7
     1     1    23     1     1    23     0     1    84.0   31.653 -120.221   3060.3    697.1
     1     1    23     1     2     0     0     0    85.0   31.057 -119.556   2924.9    706.8
     1     1    23     1     2     1     0     1    86.0   30.512 -118.891   2796.3    723.0
     1     1    23     1     2     2     0     2    87.0   30.031 -118.228   2730.2    730.6
     1     1    23     1     2     3     0     3    88.0   29.616 -117.570   2668.8    730.0
     1     1    23     1     2     4     0     2    89.0   29.250 -116.908   2566.9    741.6
     1     1    23     1     2     5     0     1    90.0   28.921 -116.234   2485.5    753.4
     1     1    23     1     2     6     0     0    91.0   28.641 -115.558   2450.6    755.5
     1     1    23     1     2     7     0     1    92.0   28.418 -114.899   2403.7    754.4
     1     1    23     1     2     8     0     2    93.0   28.227 -114.280   2318.6    761.3
     1     1    23     1     2     9     0     3    94.0   28.051 -113.689   2172.4    761.9
     1     1    23     1     2    10     0     2    95.0   27.911 -113.100   1859.3    763.5
     1     1    23     1     2    11     0     1    96.0   27.850 -112.589   1535.8    829.5
     1     1    23     1     2    12     0     0    97.0   27.858 -112.187   1372.8    863.1
     1     1    23     1     2    13     0     1    98.0   27.917 -111.859   1348.4    867.1
     1     1    23     1     2    14     0     2    99.0   28.023 -111.575   1390.8    856.2
     1     1    23     1     2    15     0     3   100.0   28.181 -111.323   1456.1    845.9
     1     1    23     1     2    16     0     2   101.0   28.384 -111.081   1552.6    832.1
     1     1    23     1     2    17     0     1   102.0   28.626 -110.812   1697.5    807.8
     1     1    23     1     2    18     0     0   103.0   28.914 -110.477   1891.3    767.8
     1     1    23     1     2    19     0     1   104.0   29.238 -109.992   2094.1    711.6
     1     1    23     1     2    20     0     2   105.0   29.575 -109.317   2176.2    661.3
     1     1    23     1     2    21     0     3   106.0   29.923 -108.455   1855.4    628.8
     1     1    23     1     2    22     0     2   107.0   30.201 -107.437   1105.0    743.2
     1     1    23     1     2    23     0     1   108.0   30.353 -106.735   1105.0    746.4
     1     1    23     1     3     0     0     0   109.0   30.405 -106.096   1314.6    732.0
     1     1    23     1     3     1     0     1   110.0   30.488 -105.410   1437.3    699.2
     1     1    23     1     3     2     0     2   111.0   30.567 -104.677   1283.7    728.9
     1     1    23     1     3     3     0     3   112.0   30.566 -103.939   1081.3    759.4
     1     1    23     1     3     4     0     2   113.0   30.501 -103.272    867.7    795.2
     1     1    23     1     3     5     0     1   114.0   30.371 -102.744    593.4    845.4
     1     1    23     1     3     6     0     0   115.0   30.192 -102.313    349.1    891.0
     1     1    23     1     3     7     0     1   116.0   30.004 -101.994    176.7    929.4
     1     1    23     1     3     8     0     2   117.0   29.867 -101.795     87.0    932.3
     1     1    23     1     3     9     0     3   118.0   29.779 -101.663     43.0    930.5
     1     1    23     1     3    10     0     2   119.0   29.708 -101.564     19.6    931.5
     1     1    23     1     3    11     0     1   120.0   29.629 -101.474      6.9    932.5
