     8     1
    GDAS    22    12    22     0     0
    GDAS    22    12    29     0     0
    GDAS    23     1     1     0     0
    GDAS    23     1     8     0     0
    GDAS    23     1    15     0     0
    GDAS    23     1    22     0     0
    GDAS    23     1    29     0     0
    GDAS    23     2     1     0     0
     1 FORWARD  OMEGA   
    23     1    24    12   17.239 -107.004  2249.2
     1 PRESSURE
     1     1    23     1    24    12     0     0     0.0   17.239 -107.004   2249.2    778.9
     1     1    23     1    24    13     0     1     1.0   17.357 -106.952   2250.9    779.4
     1     1    23     1    24    14     0     2     2.0   17.484 -106.898   2251.9    779.3
     1     1    23     1    24    15     0     3     3.0   17.616 -106.842   2243.0    780.1
     1     1    23     1    24    16     0     2     4.0   17.750 -106.782   2212.4    782.3
     1     1    23     1    24    17     0     1     5.0   17.881 -106.718   2154.3    787.9
     1     1    23     1    24    18     0     0     6.0   18.011 -106.649   2072.9    795.8
     1     1    23     1    24    19     0     1     7.0   18.137 -106.571   2004.4    804.7
     1     1    23     1    24    20     0     2     8.0   18.253 -106.483   1974.7    806.1
     1     1    23     1    24    21     0     3     9.0   18.360 -106.385   1969.2    805.2
     1     1    23     1    24    22     0     2    10.0   18.460 -106.286   1963.2    804.0
     1     1    23     1    24    23     0     1    11.0   18.556 -106.193   1938.0    806.4
     1     1    23     1    25     0     0     0    12.0   18.651 -106.111   1891.5    810.8
     1     1    23     1    25     1     0     1    13.0   18.741 -106.036   1845.4    818.0
     1     1    23     1    25     2     0     2    14.0   18.821 -105.965   1828.6    820.5
     1     1    23     1    25     3     0     3    15.0   18.887 -105.896   1848.5    819.2
     1     1    23     1    25     4     0     2    16.0   18.942 -105.833   1883.4    813.7
     1     1    23     1    25     5     0     1    17.0   18.986 -105.774   1906.2    811.5
     1     1    23     1    25     6     0     0    18.0   19.022 -105.716   1916.9    810.4
     1     1    23     1    25     7     0     1    19.0   19.058 -105.657   1921.6    809.5
     1     1    23     1    25     8     0     2    20.0   19.101 -105.593   1925.1    807.7
     1     1    23     1    25     9     0     3    21.0   19.152 -105.522   1925.8    805.9
     1     1    23     1    25    10     0     2    22.0   19.212 -105.448   1923.3    804.5
     1     1    23     1    25    11     0     1    23.0   19.282 -105.376   1918.9    802.6
     1     1    23     1    25    12     0     0    24.0   19.360 -105.308   1913.9    800.3
     1     1    23     1    25    13     0     1    25.0   19.444 -105.247   1908.1    798.0
     1     1    23     1    25    14     0     2    26.0   19.529 -105.200   1901.3    795.9
     1     1    23     1    25    15     0     3    27.0   19.613 -105.167   1894.7    793.6
     1     1    23     1    25    16     0     2    28.0   19.699 -105.148   1876.1    791.1
     1     1    23     1    25    17     0     1    29.0   19.792 -105.147   1833.3    792.2
     1     1    23     1    25    18     0     0    30.0   19.895 -105.164   1766.8    795.7
     1     1    23     1    25    19     0     1    31.0   19.994 -105.194   1684.2    801.1
     1     1    23     1    25    20     0     2    32.0   20.079 -105.227   1599.6    808.9
     1     1    23     1    25    21     0     3    33.0   20.152 -105.256   1516.8    816.3
     1     1    23     1    25    22     0     2    34.0   20.219 -105.280   1457.2    824.3
     1     1    23     1    25    23     0     1    35.0   20.288 -105.301   1435.8    826.0
     1     1    23     1    26     0     0     0    36.0   20.357 -105.316   1446.0    824.5
     1     1    23     1    26     1     0     1    37.0   20.432 -105.323   1466.0    820.7
     1     1    23     1    26     2     0     2    38.0   20.519 -105.313   1480.1    818.3
     1     1    23     1    26     3     0     3    39.0   20.614 -105.283   1490.3    815.1
     1     1    23     1    26     4     0     2    40.0   20.707 -105.244   1497.5    811.2
     1     1    23     1    26     5     0     1    41.0   20.792 -105.207   1501.8    807.6
     1     1    23     1    26     6     0     0    42.0   20.867 -105.173   1503.0    804.6
     1     1    23     1    26     7     0     1    43.0   20.939 -105.140   1502.2    801.6
     1     1    23     1    26     8     0     2    44.0   21.013 -105.104   1501.0    798.8
     1     1    23     1    26     9     0     3    45.0   21.092 -105.064   1499.0    799.0
     1     1    23     1    26    10     0     2    46.0   21.168 -105.025   1497.0    800.3
     1     1    23     1    26    11     0     1    47.0   21.239 -104.989   1498.7    800.5
     1     1    23     1    26    12     0     0    48.0   21.311 -104.955   1500.9    799.9
     1     1    23     1    26    13     0     1    49.0   21.392 -104.922   1500.6    799.9
     1     1    23     1    26    14     0     2    50.0   21.484 -104.890   1496.2    800.6
     1     1    23     1    26    15     0     3    51.0   21.589 -104.860   1489.0    801.6
     1     1    23     1    26    16     0     2    52.0   21.702 -104.833   1463.5    802.4
     1     1    23     1    26    17     0     1    53.0   21.808 -104.822   1404.5    809.5
     1     1    23     1    26    18     0     0    54.0   21.898 -104.828   1318.8    820.9
     1     1    23     1    26    19     0     1    55.0   21.961 -104.831   1241.3    833.1
     1     1    23     1    26    20     0     2    56.0   22.000 -104.802   1211.8    832.3
     1     1    23     1    26    21     0     3    57.0   22.029 -104.736   1238.4    817.4
     1     1    23     1    26    22     0     2    58.0   22.063 -104.655   1293.3    794.4
     1     1    23     1    26    23     0     1    59.0   22.096 -104.574   1324.8    776.9
     1     1    23     1    27     0     0     0    60.0   22.124 -104.495   1316.1    764.8
     1     1    23     1    27     1     0     1    61.0   22.150 -104.411   1289.0    757.5
     1     1    23     1    27     2     0     2    62.0   22.185 -104.317   1265.4    746.4
     1     1    23     1    27     3     0     3    63.0   22.235 -104.216   1252.5    733.4
     1     1    23     1    27     4     0     2    64.0   22.310 -104.109   1250.9    717.9
     1     1    23     1    27     5     0     1    65.0   22.423 -103.991   1253.8    702.2
     1     1    23     1    27     6     0     0    66.0   22.571 -103.852   1253.7    695.0
     1     1    23     1    27     7     0     1    67.0   22.742 -103.681   1245.1    687.7
     1     1    23     1    27     8     0     2    68.0   22.928 -103.475   1235.9    678.4
     1     1    23     1    27     9     0     3    69.0   23.134 -103.235   1233.9    673.4
     1     1    23     1    27    10     0     2    70.0   23.346 -102.970   1228.6    674.7
     1     1    23     1    27    11     0     1    71.0   23.547 -102.686   1228.8    686.4
     1     1    23     1    27    12     0     0    72.0   23.742 -102.376   1255.1    692.8
     1     1    23     1    27    13     0     1    73.0   23.939 -102.043   1302.4    694.8
     1     1    23     1    27    14     0     2    74.0   24.132 -101.701   1334.5    694.9
     1     1    23     1    27    15     0     3    75.0   24.312 -101.365   1336.6    695.5
     1     1    23     1    27    16     0     2    76.0   24.483 -101.034   1323.9    692.5
     1     1    23     1    27    17     0     1    77.0   24.646 -100.734   1318.9    700.3
     1     1    23     1    27    18     0     0    78.0   24.800 -100.482   1313.6    712.3
     1     1    23     1    27    19     0     1    79.0   24.937 -100.277   1279.4    727.2
     1     1    23     1    27    20     0     2    80.0   25.061 -100.123   1196.5    749.4
     1     1    23     1    27    21     0     3    81.0   25.181 -100.021   1076.9    776.1
     1     1    23     1    27    22     0     2    82.0   25.300  -99.974    978.6    801.3
     1     1    23     1    27    23     0     1    83.0   25.415  -99.965    917.8    814.4
     1     1    23     1    28     0     0     0    84.0   25.521  -99.984    875.4    823.8
     1     1    23     1    28     1     0     1    85.0   25.627 -100.020    840.1    832.2
     1     1    23     1    28     2     0     2    86.0   25.744 -100.069    804.3    841.9
     1     1    23     1    28     3     0     3    87.0   25.876 -100.123    763.0    853.3
     1     1    23     1    28     4     0     2    88.0   26.044 -100.201    725.3    866.8
     1     1    23     1    28     5     0     1    89.0   26.252 -100.311    711.1    873.5
     1     1    23     1    28     6     0     0    90.0   26.475 -100.427    722.8    875.8
     1     1    23     1    28     7     0     1    91.0   26.692 -100.516    743.5    875.7
     1     1    23     1    28     8     0     2    92.0   26.899 -100.571    750.0    878.1
     1     1    23     1    28     9     0     3    93.0   27.098 -100.604    730.0    882.1
     1     1    23     1    28    10     0     2    94.0   27.284 -100.623    697.9    887.9
     1     1    23     1    28    11     0     1    95.0   27.461 -100.632    666.8    892.1
     1     1    23     1    28    12     0     0    96.0   27.640 -100.635    631.3    897.3
     1     1    23     1    28    13     0     1    97.0   27.835 -100.639    602.2    903.8
     1     1    23     1    28    14     0     2    98.0   28.058 -100.646    595.0    907.0
     1     1    23     1    28    15     0     3    99.0   28.307 -100.653    608.5    907.3
     1     1    23     1    28    16     0     2   100.0   28.568 -100.655    630.9    906.5
     1     1    23     1    28    17     0     1   101.0   28.824 -100.650    652.6    906.2
     1     1    23     1    28    18     0     0   102.0   29.061 -100.639    669.6    904.2
     1     1    23     1    28    19     0     1   103.0   29.279 -100.613    673.0    895.8
     1     1    23     1    28    20     0     2   104.0   29.480 -100.562    661.5    890.6
     1     1    23     1    28    21     0     3   105.0   29.661 -100.481    644.6    886.1
     1     1    23     1    28    22     0     2   106.0   29.833 -100.363    629.5    881.2
     1     1    23     1    28    23     0     1   107.0   30.004 -100.196    616.4    874.1
     1     1    23     1    29     0     0     0   108.0   30.170  -99.976    595.6    873.1
     1     1    23     1    29     1     0     1   109.0   30.359  -99.737    566.7    880.6
     1     1    23     1    29     2     0     2   110.0   30.585  -99.480    533.1    887.2
     1     1    23     1    29     3     0     3   111.0   30.830  -99.189    470.0    895.9
     1     1    23     1    29     4     0     2   112.0   31.105  -98.881    366.3    913.6
     1     1    23     1    29     5     0     1   113.0   31.413  -98.585    285.7    935.1
     1     1    23     1    29     6     0     0   114.0   31.711  -98.295    251.4    942.3
     1     1    23     1    29     7     0     1   115.0   31.971  -97.999    217.8    947.9
     1     1    23     1    29     8     0     2   116.0   32.197  -97.713    177.9    958.4
     1     1    23     1    29     9     0     3   117.0   32.402  -97.447    144.9    967.9
     1     1    23     1    29    10     0     2   118.0   32.552  -97.216    125.3    975.4
     1     1    23     1    29    11     0     1   119.0   32.627  -97.013    121.3    980.4
     1     1    23     1    29    12     0     0   120.0   32.639  -96.817    128.2    980.8
