     8     1
    GDAS    22    12    22     0     0
    GDAS    22    12    29     0     0
    GDAS    23     1     1     0     0
    GDAS    23     1     8     0     0
    GDAS    23     1    15     0     0
    GDAS    23     1    22     0     0
    GDAS    23     1    29     0     0
    GDAS    23     2     1     0     0
     1 FORWARD  OMEGA   
    23     1    18    16   49.772 -112.737  1588.1
     1 PRESSURE
     1     1    23     1    18    16     0     2     0.0   49.772 -112.737   1588.1    728.9
     1     1    23     1    18    17     0     1     1.0   49.782 -112.611   1541.5    735.6
     1     1    23     1    18    18     0     0     2.0   49.818 -112.476   1485.2    744.7
     1     1    23     1    18    19     0     1     3.0   49.883 -112.326   1422.0    755.4
     1     1    23     1    18    20     0     2     4.0   49.981 -112.136   1349.8    767.9
     1     1    23     1    18    21     0     3     5.0   50.127 -111.890   1266.2    780.1
     1     1    23     1    18    22     0     2     6.0   50.288 -111.643   1202.7    789.9
     1     1    23     1    18    23     0     1     7.0   50.425 -111.453   1170.6    793.3
     1     1    23     1    19     0     0     0     8.0   50.538 -111.323   1157.4    795.0
     1     1    23     1    19     1     0     1     9.0   50.642 -111.240   1143.4    795.4
     1     1    23     1    19     2     0     2    10.0   50.759 -111.193   1114.3    799.1
     1     1    23     1    19     3     0     3    11.0   50.898 -111.177   1076.8    804.0
     1     1    23     1    19     4     0     2    12.0   51.063 -111.185   1027.2    808.1
     1     1    23     1    19     5     0     1    13.0   51.250 -111.200    963.4    813.6
     1     1    23     1    19     6     0     0    14.0   51.452 -111.205    893.2    819.7
     1     1    23     1    19     7     0     1    15.0   51.654 -111.197    836.4    825.9
     1     1    23     1    19     8     0     2    16.0   51.842 -111.183    806.3    827.5
     1     1    23     1    19     9     0     3    17.0   52.012 -111.162    801.1    827.4
     1     1    23     1    19    10     0     2    18.0   52.154 -111.134    811.9    827.8
     1     1    23     1    19    11     0     1    19.0   52.258 -111.094    826.0    828.3
     1     1    23     1    19    12     0     0    20.0   52.326 -111.038    841.3    828.2
     1     1    23     1    19    13     0     1    21.0   52.368 -110.970    861.3    828.0
     1     1    23     1    19    14     0     2    22.0   52.389 -110.899    892.4    826.0
     1     1    23     1    19    15     0     3    23.0   52.386 -110.829    932.4    822.3
     1     1    23     1    19    16     0     2    24.0   52.351 -110.744    970.1    818.2
     1     1    23     1    19    17     0     1    25.0   52.280 -110.628    995.5    815.8
     1     1    23     1    19    18     0     0    26.0   52.184 -110.486   1007.8    814.8
     1     1    23     1    19    19     0     1    27.0   52.057 -110.334   1007.4    814.6
     1     1    23     1    19    20     0     2    28.0   51.891 -110.183   1001.0    817.2
     1     1    23     1    19    21     0     3    29.0   51.702 -110.018    998.2    820.7
     1     1    23     1    19    22     0     2    30.0   51.490 -109.842    994.7    823.0
     1     1    23     1    19    23     0     1    31.0   51.256 -109.660    990.4    826.4
     1     1    23     1    20     0     0     0    32.0   51.017 -109.461    991.4    828.0
     1     1    23     1    20     1     0     1    33.0   50.759 -109.259    985.3    824.7
     1     1    23     1    20     2     0     2    34.0   50.466 -109.067    962.8    823.1
     1     1    23     1    20     3     0     3    35.0   50.161 -108.860    916.2    823.1
     1     1    23     1    20     4     0     2    36.0   49.869 -108.645    869.0    826.5
     1     1    23     1    20     5     0     1    37.0   49.596 -108.445    839.6    826.9
     1     1    23     1    20     6     0     0    38.0   49.346 -108.247    810.4    827.7
     1     1    23     1    20     7     0     1    39.0   49.117 -108.044    766.5    832.8
     1     1    23     1    20     8     0     2    40.0   48.893 -107.836    733.7    841.2
     1     1    23     1    20     9     0     3    41.0   48.662 -107.604    737.2    844.5
     1     1    23     1    20    10     0     2    42.0   48.430 -107.343    764.1    843.4
     1     1    23     1    20    11     0     1    43.0   48.196 -107.071    792.8    843.5
     1     1    23     1    20    12     0     0    44.0   47.950 -106.788    812.3    843.0
     1     1    23     1    20    13     0     1    45.0   47.702 -106.511    808.8    838.9
     1     1    23     1    20    14     0     2    46.0   47.462 -106.259    785.1    838.9
     1     1    23     1    20    15     0     3    47.0   47.226 -106.034    752.6    840.4
     1     1    23     1    20    16     0     2    48.0   47.010 -105.821    716.2    841.8
     1     1    23     1    20    17     0     1    49.0   46.830 -105.602    689.1    846.8
     1     1    23     1    20    18     0     0    50.0   46.680 -105.377    681.9    847.6
     1     1    23     1    20    19     0     1    51.0   46.549 -105.141    686.9    844.9
     1     1    23     1    20    20     0     2    52.0   46.424 -104.892    692.3    841.6
     1     1    23     1    20    21     0     3    53.0   46.296 -104.630    695.8    838.9
     1     1    23     1    20    22     0     2    54.0   46.149 -104.350    705.2    836.6
     1     1    23     1    20    23     0     1    55.0   45.975 -104.061    721.8    832.9
     1     1    23     1    21     0     0     0    56.0   45.782 -103.778    729.6    831.5
     1     1    23     1    21     1     0     1    57.0   45.588 -103.493    739.5    834.5
     1     1    23     1    21     2     0     2    58.0   45.396 -103.204    764.0    833.3
     1     1    23     1    21     3     0     3    59.0   45.207 -102.919    783.3    833.8
     1     1    23     1    21     4     0     2    60.0   45.016 -102.629    771.6    837.1
     1     1    23     1    21     5     0     1    61.0   44.804 -102.331    740.8    846.4
     1     1    23     1    21     6     0     0    62.0   44.560 -102.033    750.3    850.5
     1     1    23     1    21     7     0     1    63.0   44.319 -101.721    751.4    844.6
     1     1    23     1    21     8     0     2    64.0   44.106 -101.407    702.4    855.6
     1     1    23     1    21     9     0     3    65.0   43.887 -101.116    672.5    864.4
     1     1    23     1    21    10     0     2    66.0   43.668 -100.825    660.9    859.1
     1     1    23     1    21    11     0     1    67.0   43.464 -100.527    633.0    861.6
     1     1    23     1    21    12     0     0    68.0   43.256 -100.251    591.2    866.7
     1     1    23     1    21    13     0     1    69.0   43.024  -99.986    556.4    871.9
     1     1    23     1    21    14     0     2    70.0   42.788  -99.721    547.5    874.3
     1     1    23     1    21    15     0     3    71.0   42.570  -99.477    569.8    872.9
     1     1    23     1    21    16     0     2    72.0   42.361  -99.259    593.1    866.9
     1     1    23     1    21    17     0     1    73.0   42.155  -99.063    578.5    866.9
     1     1    23     1    21    18     0     0    74.0   41.944  -98.889    533.3    872.6
     1     1    23     1    21    19     0     1    75.0   41.746  -98.740    499.5    882.9
     1     1    23     1    21    20     0     2    76.0   41.570  -98.610    499.1    884.3
     1     1    23     1    21    21     0     3    77.0   41.401  -98.491    520.2    883.8
     1     1    23     1    21    22     0     2    78.0   41.232  -98.385    555.8    882.1
     1     1    23     1    21    23     0     1    79.0   41.051  -98.303    600.5    879.5
     1     1    23     1    22     0     0     0    80.0   40.845  -98.256    643.4    875.6
     1     1    23     1    22     1     0     1    81.0   40.619  -98.222    674.0    873.8
     1     1    23     1    22     2     0     2    82.0   40.389  -98.181    687.0    873.7
     1     1    23     1    22     3     0     3    83.0   40.145  -98.143    666.6    876.9
     1     1    23     1    22     4     0     2    84.0   39.897  -98.111    625.5    886.1
     1     1    23     1    22     5     0     1    85.0   39.661  -98.070    608.2    889.6
     1     1    23     1    22     6     0     0    86.0   39.429  -98.012    618.0    888.0
     1     1    23     1    22     7     0     1    87.0   39.191  -97.945    633.2    885.5
     1     1    23     1    22     8     0     2    88.0   38.944  -97.872    641.9    885.3
     1     1    23     1    22     9     0     3    89.0   38.682  -97.793    642.5    885.2
     1     1    23     1    22    10     0     2    90.0   38.396  -97.717    636.5    886.5
     1     1    23     1    22    11     0     1    91.0   38.094  -97.635    622.9    887.4
     1     1    23     1    22    12     0     0    92.0   37.785  -97.537    607.1    891.9
     1     1    23     1    22    13     0     1    93.0   37.474  -97.444    593.5    896.1
     1     1    23     1    22    14     0     2    94.0   37.171  -97.370    576.3    900.9
     1     1    23     1    22    15     0     3    95.0   36.890  -97.302    552.2    906.4
     1     1    23     1    22    16     0     2    96.0   36.641  -97.219    526.0    913.0
     1     1    23     1    22    17     0     1    97.0   36.420  -97.108    506.2    918.3
     1     1    23     1    22    18     0     0    98.0   36.213  -96.974    498.8    922.4
     1     1    23     1    22    19     0     1    99.0   36.012  -96.822    490.2    923.8
     1     1    23     1    22    20     0     2   100.0   35.816  -96.658    464.6    927.3
     1     1    23     1    22    21     0     3   101.0   35.621  -96.479    428.7    933.0
     1     1    23     1    22    22     0     2   102.0   35.424  -96.297    392.9    939.6
     1     1    23     1    22    23     0     1   103.0   35.221  -96.130    353.5    945.4
     1     1    23     1    23     0     0     0   104.0   35.013  -95.991    303.3    953.9
     1     1    23     1    23     1     0     1   105.0   34.801  -95.899    251.3    963.5
     1     1    23     1    23     2     0     2   106.0   34.587  -95.863    207.0    970.7
     1     1    23     1    23     3     0     3   107.0   34.377  -95.873    172.7    977.4
     1     1    23     1    23     4     0     2   108.0   34.185  -95.905    151.0    982.6
     1     1    23     1    23     5     0     1   109.0   34.018  -95.944    142.3    985.5
     1     1    23     1    23     6     0     0   110.0   33.868  -96.007    144.8    985.5
     1     1    23     1    23     7     0     1   111.0   33.737  -96.080    148.7    984.1
     1     1    23     1    23     8     0     2   112.0   33.632  -96.144    147.0    984.8
     1     1    23     1    23     9     0     3   113.0   33.550  -96.202    141.7    986.0
     1     1    23     1    23    10     0     2   114.0   33.476  -96.275    136.3    986.9
     1     1    23     1    23    11     0     1   115.0   33.397  -96.386    133.7    987.2
     1     1    23     1    23    12     0     0   116.0   33.316  -96.531    135.0    987.2
     1     1    23     1    23    13     0     1   117.0   33.249  -96.687    141.1    987.4
     1     1    23     1    23    14     0     2   118.0   33.211  -96.823    149.4    986.9
     1     1    23     1    23    15     0     3   119.0   33.199  -96.932    156.3    986.6
     1     1    23     1    23    16     0     2   120.0   33.200  -97.029    162.6    985.4
