     8     1
    GDAS    22    12    22     0     0
    GDAS    22    12    29     0     0
    GDAS    23     1     1     0     0
    GDAS    23     1     8     0     0
    GDAS    23     1    15     0     0
    GDAS    23     1    22     0     0
    GDAS    23     1    29     0     0
    GDAS    23     2     1     0     0
     1 FORWARD  OMEGA   
    23     1     6    12   27.757 -122.146  4476.0
     1 PRESSURE
     1     1    23     1     6    12     0     0     0.0   27.757 -122.146   4476.0    589.0
     1     1    23     1     6    13     0     1     1.0   27.882 -121.768   4508.4    586.5
     1     1    23     1     6    14     0     2     2.0   27.990 -121.413   4522.0    584.7
     1     1    23     1     6    15     0     3     3.0   28.067 -121.096   4491.0    586.1
     1     1    23     1     6    16     0     2     4.0   28.124 -120.809   4452.1    593.2
     1     1    23     1     6    17     0     1     5.0   28.188 -120.527   4455.4    593.4
     1     1    23     1     6    18     0     0     6.0   28.256 -120.245   4490.0    590.0
     1     1    23     1     6    19     0     1     7.0   28.327 -119.956   4524.6    585.5
     1     1    23     1     6    20     0     2     8.0   28.400 -119.651   4552.2    583.9
     1     1    23     1     6    21     0     3     9.0   28.476 -119.333   4587.8    581.0
     1     1    23     1     6    22     0     2    10.0   28.548 -119.006   4607.5    577.3
     1     1    23     1     6    23     0     1    11.0   28.604 -118.676   4583.2    579.0
     1     1    23     1     7     0     0     0    12.0   28.646 -118.348   4527.0    584.2
     1     1    23     1     7     1     0     1    13.0   28.666 -118.030   4461.2    590.1
     1     1    23     1     7     2     0     2    14.0   28.662 -117.729   4401.4    595.5
     1     1    23     1     7     3     0     3    15.0   28.641 -117.439   4352.7    599.4
     1     1    23     1     7     4     0     2    16.0   28.617 -117.160   4314.7    602.6
     1     1    23     1     7     5     0     1    17.0   28.593 -116.893   4279.8    604.8
     1     1    23     1     7     6     0     0    18.0   28.563 -116.628   4232.8    608.1
     1     1    23     1     7     7     0     1    19.0   28.520 -116.356   4164.7    613.0
     1     1    23     1     7     8     0     2    20.0   28.472 -116.070   4079.8    620.0
     1     1    23     1     7     9     0     3    21.0   28.428 -115.775   3967.0    627.3
     1     1    23     1     7    10     0     2    22.0   28.392 -115.494   3818.3    640.3
     1     1    23     1     7    11     0     1    23.0   28.362 -115.235   3653.0    654.1
     1     1    23     1     7    12     0     0    24.0   28.335 -114.996   3473.5    668.6
     1     1    23     1     7    13     0     1    25.0   28.310 -114.784   3305.2    684.0
     1     1    23     1     7    14     0     2    26.0   28.291 -114.600   3176.6    693.5
     1     1    23     1     7    15     0     3    27.0   28.277 -114.432   3078.4    700.7
     1     1    23     1     7    16     0     2    28.0   28.272 -114.278   3009.1    706.2
     1     1    23     1     7    17     0     1    29.0   28.286 -114.139   2966.4    708.3
     1     1    23     1     7    18     0     0    30.0   28.323 -114.029   2941.9    708.5
     1     1    23     1     7    19     0     1    31.0   28.379 -113.931   2902.5    706.0
     1     1    23     1     7    20     0     2    32.0   28.449 -113.823   2816.4    710.5
     1     1    23     1     7    21     0     3    33.0   28.528 -113.698   2688.2    719.8
     1     1    23     1     7    22     0     2    34.0   28.597 -113.573   2561.9    734.1
     1     1    23     1     7    23     0     1    35.0   28.653 -113.467   2467.9    742.4
     1     1    23     1     8     0     0     0    36.0   28.702 -113.387   2394.3    749.9
     1     1    23     1     8     1     0     1    37.0   28.751 -113.336   2343.0    756.9
     1     1    23     1     8     2     0     2    38.0   28.804 -113.313   2322.7    760.7
     1     1    23     1     8     3     0     3    39.0   28.865 -113.311   2337.3    761.0
     1     1    23     1     8     4     0     2    40.0   28.948 -113.313   2359.1    757.9
     1     1    23     1     8     5     0     1    41.0   29.062 -113.307   2357.5    759.8
     1     1    23     1     8     6     0     0    42.0   29.206 -113.298   2334.7    764.0
     1     1    23     1     8     7     0     1    43.0   29.365 -113.280   2320.0    769.3
     1     1    23     1     8     8     0     2    44.0   29.528 -113.241   2336.3    769.1
     1     1    23     1     8     9     0     3    45.0   29.700 -113.179   2378.7    766.5
     1     1    23     1     8    10     0     2    46.0   29.868 -113.090   2420.1    761.5
     1     1    23     1     8    11     0     1    47.0   30.019 -112.965   2422.9    758.6
     1     1    23     1     8    12     0     0    48.0   30.159 -112.804   2381.9    753.9
     1     1    23     1     8    13     0     1    49.0   30.288 -112.639   2348.4    750.5
     1     1    23     1     8    14     0     2    50.0   30.402 -112.496   2345.6    742.2
     1     1    23     1     8    15     0     3    51.0   30.500 -112.371   2359.0    733.6
     1     1    23     1     8    16     0     2    52.0   30.594 -112.259   2378.2    725.8
     1     1    23     1     8    17     0     1    53.0   30.692 -112.161   2409.8    719.0
     1     1    23     1     8    18     0     0    54.0   30.794 -112.072   2476.9    710.1
     1     1    23     1     8    19     0     1    55.0   30.896 -111.972   2572.3    695.0
     1     1    23     1     8    20     0     2    56.0   30.996 -111.838   2659.6    679.2
     1     1    23     1     8    21     0     3    57.0   31.087 -111.674   2721.0    664.7
     1     1    23     1     8    22     0     2    58.0   31.154 -111.492   2768.3    653.4
     1     1    23     1     8    23     0     1    59.0   31.189 -111.297   2805.9    641.1
     1     1    23     1     9     0     0     0    60.0   31.189 -111.085   2814.9    629.7
     1     1    23     1     9     1     0     1    61.0   31.166 -110.857   2787.0    623.3
     1     1    23     1     9     2     0     2    62.0   31.136 -110.618   2744.2    620.8
     1     1    23     1     9     3     0     3    63.0   31.098 -110.371   2740.7    615.2
     1     1    23     1     9     4     0     2    64.0   31.051 -110.108   2796.0    601.2
     1     1    23     1     9     5     0     1    65.0   30.995 -109.821   2852.7    587.8
     1     1    23     1     9     6     0     0    66.0   30.933 -109.515   2797.2    586.9
     1     1    23     1     9     7     0     1    67.0   30.867 -109.204   2613.4    603.1
     1     1    23     1     9     8     0     2    68.0   30.806 -108.898   2421.5    623.1
     1     1    23     1     9     9     0     3    69.0   30.741 -108.600   2301.1    638.8
     1     1    23     1     9    10     0     2    70.0   30.671 -108.307   2225.6    642.9
     1     1    23     1     9    11     0     1    71.0   30.595 -108.027   2147.6    646.6
     1     1    23     1     9    12     0     0    72.0   30.509 -107.765   2061.9    654.7
     1     1    23     1     9    13     0     1    73.0   30.433 -107.516   1984.9    666.9
     1     1    23     1     9    14     0     2    74.0   30.375 -107.276   1951.9    676.2
     1     1    23     1     9    15     0     3    75.0   30.319 -107.051   1982.5    680.3
     1     1    23     1     9    16     0     2    76.0   30.258 -106.844   2026.4    672.6
     1     1    23     1     9    17     0     1    77.0   30.199 -106.651   2045.6    671.3
     1     1    23     1     9    18     0     0    78.0   30.138 -106.481   2068.9    670.8
     1     1    23     1     9    19     0     1    79.0   30.079 -106.318   2062.9    667.0
     1     1    23     1     9    20     0     2    80.0   30.027 -106.142   1966.8    673.5
     1     1    23     1     9    21     0     3    81.0   29.978 -105.958   1756.3    691.6
     1     1    23     1     9    22     0     2    82.0   29.948 -105.779   1562.7    722.5
     1     1    23     1     9    23     0     1    83.0   29.940 -105.600   1478.2    730.0
     1     1    23     1    10     0     0     0    84.0   29.949 -105.420   1460.8    731.8
     1     1    23     1    10     1     0     1    85.0   29.954 -105.225   1421.6    731.3
     1     1    23     1    10     2     0     2    86.0   29.944 -105.015   1287.0    746.9
     1     1    23     1    10     3     0     3    87.0   29.919 -104.796   1103.9    766.6
     1     1    23     1    10     4     0     2    88.0   29.895 -104.589    965.4    782.3
     1     1    23     1    10     5     0     1    89.0   29.880 -104.398    890.8    785.3
     1     1    23     1    10     6     0     0    90.0   29.876 -104.213    831.5    787.2
     1     1    23     1    10     7     0     1    91.0   29.885 -104.028    769.2    791.5
     1     1    23     1    10     8     0     2    92.0   29.915 -103.845    717.4    800.7
     1     1    23     1    10     9     0     3    93.0   29.967 -103.662    677.1    808.6
     1     1    23     1    10    10     0     2    94.0   30.033 -103.458    630.8    817.3
     1     1    23     1    10    11     0     1    95.0   30.099 -103.214    564.3    831.4
     1     1    23     1    10    12     0     0    96.0   30.159 -102.934    488.3    849.8
     1     1    23     1    10    13     0     1    97.0   30.222 -102.652    423.9    871.5
     1     1    23     1    10    14     0     2    98.0   30.291 -102.393    379.0    886.8
     1     1    23     1    10    15     0     3    99.0   30.358 -102.140    352.5    898.7
     1     1    23     1    10    16     0     2   100.0   30.425 -101.893    333.3    903.8
     1     1    23     1    10    17     0     1   101.0   30.502 -101.659    311.8    905.1
     1     1    23     1    10    18     0     0   102.0   30.591 -101.430    290.1    906.4
     1     1    23     1    10    19     0     1   103.0   30.688 -101.187    271.1    905.6
     1     1    23     1    10    20     0     2   104.0   30.791 -100.909    251.1    904.6
     1     1    23     1    10    21     0     3   105.0   30.890 -100.593    227.6    906.7
     1     1    23     1    10    22     0     2   106.0   31.006 -100.252    210.0    912.0
     1     1    23     1    10    23     0     1   107.0   31.161  -99.899    188.0    918.0
     1     1    23     1    11     0     0     0   108.0   31.327  -99.555    153.7    928.6
     1     1    23     1    11     1     0     1   109.0   31.471  -99.238    128.8    938.0
     1     1    23     1    11     2     0     2   110.0   31.599  -98.930    120.8    943.9
     1     1    23     1    11     3     0     3   111.0   31.732  -98.605    117.7    949.0
     1     1    23     1    11     4     0     2   112.0   31.876  -98.263     93.5    955.2
     1     1    23     1    11     5     0     1   113.0   32.013  -97.954     56.8    964.9
     1     1    23     1    11     6     0     0   114.0   32.141  -97.699     31.1    973.6
     1     1    23     1    11     7     0     1   115.0   32.262  -97.492     18.2    979.3
     1     1    23     1    11     8     0     2   116.0   32.371  -97.318     12.0    982.9
     1     1    23     1    11     9     0     3   117.0   32.468  -97.166      9.0    986.0
     1     1    23     1    11    10     0     2   118.0   32.555  -97.027      7.4    988.9
     1     1    23     1    11    11     0     1   119.0   32.638  -96.893      6.5    990.0
     1     1    23     1    11    12     0     0   120.0   32.720  -96.764      6.3    990.4
