     8     1
    GDAS    22    12    22     0     0
    GDAS    22    12    29     0     0
    GDAS    23     1     1     0     0
    GDAS    23     1     8     0     0
    GDAS    23     1    15     0     0
    GDAS    23     1    22     0     0
    GDAS    23     1    29     0     0
    GDAS    23     2     1     0     0
     1 FORWARD  OMEGA   
    23     1     4    12   49.490  -92.354   565.6
     1 PRESSURE
     1     1    23     1     4    12     0     0     0.0   49.490  -92.354    565.6    897.8
     1     1    23     1     4    13     0     1     1.0   49.397  -92.811    498.8    905.7
     1     1    23     1     4    14     0     2     2.0   49.319  -93.288    439.2    914.8
     1     1    23     1     4    15     0     3     3.0   49.249  -93.778    396.9    923.6
     1     1    23     1     4    16     0     2     4.0   49.175  -94.250    383.3    927.7
     1     1    23     1     4    17     0     1     5.0   49.093  -94.685    394.2    926.9
     1     1    23     1     4    18     0     0     6.0   49.008  -95.104    406.4    923.9
     1     1    23     1     4    19     0     1     7.0   48.920  -95.485    403.3    924.3
     1     1    23     1     4    20     0     2     8.0   48.818  -95.801    394.2    926.2
     1     1    23     1     4    21     0     3     9.0   48.699  -96.054    392.3    927.4
     1     1    23     1     4    22     0     2    10.0   48.564  -96.289    394.0    928.2
     1     1    23     1     4    23     0     1    11.0   48.417  -96.531    390.9    930.5
     1     1    23     1     5     0     0     0    12.0   48.254  -96.779    380.7    933.7
     1     1    23     1     5     1     0     1    13.0   48.068  -97.002    372.6    937.8
     1     1    23     1     5     2     0     2    14.0   47.861  -97.178    374.4    933.7
     1     1    23     1     5     3     0     3    15.0   47.642  -97.319    381.5    930.2
     1     1    23     1     5     4     0     2    16.0   47.413  -97.448    385.6    927.5
     1     1    23     1     5     5     0     1    17.0   47.176  -97.574    384.4    926.7
     1     1    23     1     5     6     0     0    18.0   46.934  -97.693    379.7    926.2
     1     1    23     1     5     7     0     1    19.0   46.690  -97.793    377.8    925.3
     1     1    23     1     5     8     0     2    20.0   46.447  -97.874    383.5    923.1
     1     1    23     1     5     9     0     3    21.0   46.207  -97.953    393.0    921.1
     1     1    23     1     5    10     0     2    22.0   45.972  -98.006    409.1    919.4
     1     1    23     1     5    11     0     1    23.0   45.738  -97.997    433.6    916.6
     1     1    23     1     5    12     0     0    24.0   45.498  -97.923    462.0    912.4
     1     1    23     1     5    13     0     1    25.0   45.243  -97.824    478.4    907.1
     1     1    23     1     5    14     0     2    26.0   44.974  -97.720    473.8    904.5
     1     1    23     1     5    15     0     3    27.0   44.700  -97.605    458.2    905.6
     1     1    23     1     5    16     0     2    28.0   44.424  -97.477    437.0    906.7
     1     1    23     1     5    17     0     1    29.0   44.143  -97.327    406.2    908.9
     1     1    23     1     5    18     0     0    30.0   43.857  -97.143    366.0    913.4
     1     1    23     1     5    19     0     1    31.0   43.579  -96.920    329.0    921.2
     1     1    23     1     5    20     0     2    32.0   43.328  -96.669    308.9    927.7
     1     1    23     1     5    21     0     3    33.0   43.103  -96.409    313.4    930.8
     1     1    23     1     5    22     0     2    34.0   42.883  -96.155    339.4    929.1
     1     1    23     1     5    23     0     1    35.0   42.659  -95.905    365.6    926.5
     1     1    23     1     6     0     0     0    36.0   42.435  -95.649    372.9    926.0
     1     1    23     1     6     1     0     1    37.0   42.217  -95.388    369.1    927.5
     1     1    23     1     6     2     0     2    38.0   42.005  -95.123    362.8    926.9
     1     1    23     1     6     3     0     3    39.0   41.803  -94.844    343.4    930.0
     1     1    23     1     6     4     0     2    40.0   41.617  -94.559    310.8    937.4
     1     1    23     1     6     5     0     1    41.0   41.447  -94.274    278.2    943.7
     1     1    23     1     6     6     0     0    42.0   41.285  -93.990    250.1    948.0
     1     1    23     1     6     7     0     1    43.0   41.135  -93.708    230.0    952.9
     1     1    23     1     6     8     0     2    44.0   41.001  -93.427    220.4    956.1
     1     1    23     1     6     9     0     3    45.0   40.884  -93.150    219.1    958.5
     1     1    23     1     6    10     0     2    46.0   40.778  -92.880    218.2    960.0
     1     1    23     1     6    11     0     1    47.0   40.678  -92.625    211.9    963.2
     1     1    23     1     6    12     0     0    48.0   40.584  -92.385    204.7    966.5
     1     1    23     1     6    13     0     1    49.0   40.498  -92.159    198.0    969.3
     1     1    23     1     6    14     0     2    50.0   40.423  -91.950    191.2    971.8
     1     1    23     1     6    15     0     3    51.0   40.359  -91.759    184.1    973.1
     1     1    23     1     6    16     0     2    52.0   40.310  -91.584    178.1    974.0
     1     1    23     1     6    17     0     1    53.0   40.273  -91.421    174.0    974.5
     1     1    23     1     6    18     0     0    54.0   40.244  -91.266    171.7    974.8
     1     1    23     1     6    19     0     1    55.0   40.216  -91.117    170.2    974.7
     1     1    23     1     6    20     0     2    56.0   40.187  -90.972    169.2    974.9
     1     1    23     1     6    21     0     3    57.0   40.157  -90.834    168.8    975.7
     1     1    23     1     6    22     0     2    58.0   40.122  -90.719    169.6    976.8
     1     1    23     1     6    23     0     1    59.0   40.078  -90.642    173.1    977.5
     1     1    23     1     7     0     0     0    60.0   40.026  -90.603    180.6    977.5
     1     1    23     1     7     1     0     1    61.0   39.970  -90.600    187.9    976.3
     1     1    23     1     7     2     0     2    62.0   39.915  -90.636    189.3    976.2
     1     1    23     1     7     3     0     3    63.0   39.860  -90.713    185.4    976.4
     1     1    23     1     7     4     0     2    64.0   39.804  -90.815    178.7    976.9
     1     1    23     1     7     5     0     1    65.0   39.750  -90.926    171.2    977.1
     1     1    23     1     7     6     0     0    66.0   39.696  -91.049    162.9    977.7
     1     1    23     1     7     7     0     1    67.0   39.633  -91.193    157.3    978.2
     1     1    23     1     7     8     0     2    68.0   39.556  -91.367    156.1    977.4
     1     1    23     1     7     9     0     3    69.0   39.464  -91.578    158.4    975.7
     1     1    23     1     7    10     0     2    70.0   39.358  -91.841    162.7    973.1
     1     1    23     1     7    11     0     1    71.0   39.239  -92.167    167.4    971.1
     1     1    23     1     7    12     0     0    72.0   39.113  -92.538    174.0    971.9
     1     1    23     1     7    13     0     1    73.0   38.998  -92.918    189.3    973.8
     1     1    23     1     7    14     0     2    74.0   38.898  -93.297    215.4    968.8
     1     1    23     1     7    15     0     3    75.0   38.801  -93.693    245.5    963.1
     1     1    23     1     7    16     0     2    76.0   38.687  -94.085    274.0    959.1
     1     1    23     1     7    17     0     1    77.0   38.543  -94.436    296.9    955.5
     1     1    23     1     7    18     0     0    78.0   38.368  -94.735    306.2    953.3
     1     1    23     1     7    19     0     1    79.0   38.157  -94.995    310.2    953.0
     1     1    23     1     7    20     0     2    80.0   37.923  -95.225    316.7    950.2
     1     1    23     1     7    21     0     3    81.0   37.683  -95.396    320.8    948.9
     1     1    23     1     7    22     0     2    82.0   37.441  -95.516    317.3    949.7
     1     1    23     1     7    23     0     1    83.0   37.190  -95.619    309.9    952.7
     1     1    23     1     8     0     0     0    84.0   36.928  -95.720    310.7    954.9
     1     1    23     1     8     1     0     1    85.0   36.664  -95.811    308.5    955.1
     1     1    23     1     8     2     0     2    86.0   36.407  -95.881    287.8    959.9
     1     1    23     1     8     3     0     3    87.0   36.155  -95.928    253.1    967.0
     1     1    23     1     8     4     0     2    88.0   35.922  -95.949    218.8    973.2
     1     1    23     1     8     5     0     1    89.0   35.714  -95.951    194.1    976.1
     1     1    23     1     8     6     0     0    90.0   35.525  -95.944    176.7    978.0
     1     1    23     1     8     7     0     1    91.0   35.339  -95.934    164.8    979.3
     1     1    23     1     8     8     0     2    92.0   35.140  -95.927    158.0    980.0
     1     1    23     1     8     9     0     3    93.0   34.918  -95.919    152.9    980.8
     1     1    23     1     8    10     0     2    94.0   34.679  -95.913    144.1    983.4
     1     1    23     1     8    11     0     1    95.0   34.445  -95.911    129.3    986.9
     1     1    23     1     8    12     0     0    96.0   34.229  -95.908    108.7    990.8
     1     1    23     1     8    13     0     1    97.0   34.030  -95.899     85.5    995.7
     1     1    23     1     8    14     0     2    98.0   33.835  -95.892     64.7    999.5
     1     1    23     1     8    15     0     3    99.0   33.637  -95.898     48.4   1001.3
     1     1    23     1     8    16     0     2   100.0   33.449  -95.913     36.4   1002.5
     1     1    23     1     8    17     0     1   101.0   33.285  -95.929     28.7   1003.7
     1     1    23     1     8    18     0     0   102.0   33.145  -95.947     24.2   1005.0
     1     1    23     1     8    19     0     1   103.0   33.019  -95.965     20.6   1004.4
     1     1    23     1     8    20     0     2   104.0   32.901  -95.982     17.0   1004.4
     1     1    23     1     8    21     0     3   105.0   32.790  -95.995     13.8   1004.6
     1     1    23     1     8    22     0     2   106.0   32.688  -96.013     11.1   1005.6
     1     1    23     1     8    23     0     1   107.0   32.597  -96.045      9.0   1006.1
     1     1    23     1     9     0     0     0   108.0   32.520  -96.090      7.1   1006.3
     1     1    23     1     9     1     0     1   109.0   32.456  -96.146      5.7   1006.5
     1     1    23     1     9     2     0     2   110.0   32.406  -96.211      4.8   1006.5
     1     1    23     1     9     3     0     3   111.0   32.370  -96.285      4.6   1006.3
     1     1    23     1     9     4     0     2   112.0   32.353  -96.356      4.5   1006.2
     1     1    23     1     9     5     0     1   113.0   32.361  -96.415      4.4   1005.9
     1     1    23     1     9     6     0     0   114.0   32.394  -96.465      4.3   1005.6
     1     1    23     1     9     7     0     1   115.0   32.439  -96.512      4.3   1004.4
     1     1    23     1     9     8     0     2   116.0   32.485  -96.561      4.7   1003.3
     1     1    23     1     9     9     0     3   117.0   32.534  -96.611      5.5   1002.3
     1     1    23     1     9    10     0     2   118.0   32.589  -96.657      6.6   1001.9
     1     1    23     1     9    11     0     1   119.0   32.654  -96.696      8.0   1001.5
     1     1    23     1     9    12     0     0   120.0   32.728  -96.729      9.9   1001.1
