     8     1
    GDAS    22    12    22     0     0
    GDAS    22    12    29     0     0
    GDAS    23     1     1     0     0
    GDAS    23     1     8     0     0
    GDAS    23     1    15     0     0
    GDAS    23     1    22     0     0
    GDAS    23     1    29     0     0
    GDAS    23     2     1     0     0
     1 FORWARD  OMEGA   
    23     1     8    15   53.135 -112.524   905.5
     1 PRESSURE
     1     1    23     1     8    15     0     3     0.0   53.135 -112.524    905.5    824.5
     1     1    23     1     8    16     0     2     1.0   53.294 -112.398    862.1    830.5
     1     1    23     1     8    17     0     1     2.0   53.447 -112.297    830.1    835.2
     1     1    23     1     8    18     0     0     3.0   53.592 -112.214    824.3    836.7
     1     1    23     1     8    19     0     1     4.0   53.730 -112.143    834.6    834.2
     1     1    23     1     8    20     0     2     5.0   53.862 -112.079    843.0    833.1
     1     1    23     1     8    21     0     3     6.0   53.990 -112.013    846.0    832.4
     1     1    23     1     8    22     0     2     7.0   54.112 -111.945    844.3    833.5
     1     1    23     1     8    23     0     1     8.0   54.224 -111.870    840.6    834.6
     1     1    23     1     9     0     0     0     9.0   54.328 -111.783    838.0    835.4
     1     1    23     1     9     1     0     1    10.0   54.429 -111.697    843.4    835.5
     1     1    23     1     9     2     0     2    11.0   54.523 -111.618    857.3    833.8
     1     1    23     1     9     3     0     3    12.0   54.600 -111.524    871.5    831.5
     1     1    23     1     9     4     0     2    13.0   54.673 -111.412    881.1    830.2
     1     1    23     1     9     5     0     1    14.0   54.756 -111.292    886.4    829.1
     1     1    23     1     9     6     0     0    15.0   54.846 -111.163    888.2    828.4
     1     1    23     1     9     7     0     1    16.0   54.934 -111.026    889.6    827.7
     1     1    23     1     9     8     0     2    17.0   55.016 -110.889    892.9    827.2
     1     1    23     1     9     9     0     3    18.0   55.096 -110.763    901.7    827.4
     1     1    23     1     9    10     0     2    19.0   55.161 -110.651    916.6    826.1
     1     1    23     1     9    11     0     1    20.0   55.200 -110.548    932.3    824.7
     1     1    23     1     9    12     0     0    21.0   55.210 -110.447    946.8    823.4
     1     1    23     1     9    13     0     1    22.0   55.198 -110.345    956.6    821.9
     1     1    23     1     9    14     0     2    23.0   55.177 -110.242    956.9    821.7
     1     1    23     1     9    15     0     3    24.0   55.150 -110.138    945.4    822.5
     1     1    23     1     9    16     0     2    25.0   55.124 -110.048    943.2    824.9
     1     1    23     1     9    17     0     1    26.0   55.099 -109.981    974.3    821.3
     1     1    23     1     9    18     0     0    27.0   55.073 -109.929   1033.6    814.2
     1     1    23     1     9    19     0     1    28.0   55.049 -109.870   1095.5    805.8
     1     1    23     1     9    20     0     2    29.0   55.026 -109.795   1144.3    801.1
     1     1    23     1     9    21     0     3    30.0   55.004 -109.707   1192.8    796.2
     1     1    23     1     9    22     0     2    31.0   54.979 -109.617   1241.6    790.6
     1     1    23     1     9    23     0     1    32.0   54.945 -109.528   1282.4    786.7
     1     1    23     1    10     0     0     0    33.0   54.901 -109.437   1312.3    784.0
     1     1    23     1    10     1     0     1    34.0   54.855 -109.353   1334.1    782.8
     1     1    23     1    10     2     0     2    35.0   54.820 -109.288   1357.3    781.4
     1     1    23     1    10     3     0     3    36.0   54.798 -109.241   1387.8    779.1
     1     1    23     1    10     4     0     2    37.0   54.785 -109.193   1419.3    775.5
     1     1    23     1    10     5     0     1    38.0   54.781 -109.132   1442.0    773.4
     1     1    23     1    10     6     0     0    39.0   54.787 -109.059   1449.9    772.4
     1     1    23     1    10     7     0     1    40.0   54.794 -108.972   1445.5    774.0
     1     1    23     1    10     8     0     2    41.0   54.791 -108.860   1436.0    776.9
     1     1    23     1    10     9     0     3    42.0   54.776 -108.719   1425.4    780.5
     1     1    23     1    10    10     0     2    43.0   54.746 -108.563   1427.2    783.9
     1     1    23     1    10    11     0     1    44.0   54.697 -108.410   1448.1    783.9
     1     1    23     1    10    12     0     0    45.0   54.629 -108.260   1482.6    782.2
     1     1    23     1    10    13     0     1    46.0   54.549 -108.124   1512.8    779.0
     1     1    23     1    10    14     0     2    47.0   54.455 -108.010   1524.6    778.7
     1     1    23     1    10    15     0     3    48.0   54.344 -107.914   1519.8    778.7
     1     1    23     1    10    16     0     2    49.0   54.220 -107.827   1504.8    780.1
     1     1    23     1    10    17     0     1    50.0   54.094 -107.746   1483.5    781.5
     1     1    23     1    10    18     0     0    51.0   53.967 -107.683   1454.9    783.7
     1     1    23     1    10    19     0     1    52.0   53.843 -107.607   1433.1    786.6
     1     1    23     1    10    20     0     2    53.0   53.721 -107.485   1429.1    786.1
     1     1    23     1    10    21     0     3    54.0   53.599 -107.321   1437.5    784.4
     1     1    23     1    10    22     0     2    55.0   53.467 -107.136   1439.3    782.1
     1     1    23     1    10    23     0     1    56.0   53.317 -106.950   1420.7    783.8
     1     1    23     1    11     0     0     0    57.0   53.152 -106.765   1383.4    788.7
     1     1    23     1    11     1     0     1    58.0   52.967 -106.599   1348.6    796.2
     1     1    23     1    11     2     0     2    59.0   52.759 -106.455   1338.2    798.9
     1     1    23     1    11     3     0     3    60.0   52.531 -106.333   1336.2    798.5
     1     1    23     1    11     4     0     2    61.0   52.306 -106.234   1326.7    799.3
     1     1    23     1    11     5     0     1    62.0   52.111 -106.156   1312.5    800.9
     1     1    23     1    11     6     0     0    63.0   51.948 -106.096   1303.3    801.9
     1     1    23     1    11     7     0     1    64.0   51.797 -106.013   1293.2    801.1
     1     1    23     1    11     8     0     2    65.0   51.636 -105.876   1273.0    802.9
     1     1    23     1    11     9     0     3    66.0   51.458 -105.701   1249.2    805.4
     1     1    23     1    11    10     0     2    67.0   51.261 -105.520   1231.6    808.3
     1     1    23     1    11    11     0     1    68.0   51.043 -105.344   1225.7    809.6
     1     1    23     1    11    12     0     0    69.0   50.799 -105.154   1226.8    809.3
     1     1    23     1    11    13     0     1    70.0   50.527 -104.940   1228.5    808.2
     1     1    23     1    11    14     0     2    71.0   50.238 -104.731   1227.8    806.5
     1     1    23     1    11    15     0     3    72.0   49.942 -104.539   1223.4    805.4
     1     1    23     1    11    16     0     2    73.0   49.639 -104.346   1210.9    804.6
     1     1    23     1    11    17     0     1    74.0   49.331 -104.138   1214.1    805.7
     1     1    23     1    11    18     0     0    75.0   49.035 -103.929   1276.7    801.0
     1     1    23     1    11    19     0     1    76.0   48.739 -103.689   1345.9    789.3
     1     1    23     1    11    20     0     2    77.0   48.430 -103.408   1357.3    789.9
     1     1    23     1    11    21     0     3    78.0   48.123 -103.088   1321.7    792.3
     1     1    23     1    11    22     0     2    79.0   47.807 -102.747   1272.5    797.7
     1     1    23     1    11    23     0     1    80.0   47.467 -102.399   1225.4    800.8
     1     1    23     1    12     0     0     0    81.0   47.110 -102.046   1156.6    809.8
     1     1    23     1    12     1     0     1    82.0   46.742 -101.700   1076.5    821.8
     1     1    23     1    12     2     0     2    83.0   46.360 -101.373   1001.6    828.8
     1     1    23     1    12     3     0     3    84.0   45.958 -101.065    910.2    837.1
     1     1    23     1    12     4     0     2    85.0   45.543 -100.779    813.6    852.5
     1     1    23     1    12     5     0     1    86.0   45.138 -100.520    744.1    863.3
     1     1    23     1    12     6     0     0    87.0   44.751 -100.270    705.3    870.6
     1     1    23     1    12     7     0     1    88.0   44.377 -100.026    682.5    877.4
     1     1    23     1    12     8     0     2    89.0   44.019  -99.788    677.5    882.6
     1     1    23     1    12     9     0     3    90.0   43.667  -99.540    682.0    875.6
     1     1    23     1    12    10     0     2    91.0   43.290  -99.276    681.5    873.1
     1     1    23     1    12    11     0     1    92.0   42.862  -98.996    690.7    872.6
     1     1    23     1    12    12     0     0    93.0   42.379  -98.716    696.8    866.4
     1     1    23     1    12    13     0     1    94.0   41.853  -98.468    665.3    867.9
     1     1    23     1    12    14     0     2    95.0   41.299  -98.255    606.9    884.2
     1     1    23     1    12    15     0     3    96.0   40.754  -98.072    550.9    899.0
     1     1    23     1    12    16     0     2    97.0   40.257  -97.925    512.2    909.6
     1     1    23     1    12    17     0     1    98.0   39.815  -97.807    482.0    915.1
     1     1    23     1    12    18     0     0    99.0   39.426  -97.696    455.9    921.7
     1     1    23     1    12    19     0     1   100.0   39.073  -97.589    450.9    925.4
     1     1    23     1    12    20     0     2   101.0   38.733  -97.476    455.8    923.2
     1     1    23     1    12    21     0     3   102.0   38.392  -97.346    444.7    923.5
     1     1    23     1    12    22     0     2   103.0   38.032  -97.190    405.2    927.8
     1     1    23     1    12    23     0     1   104.0   37.664  -97.015    359.2    939.6
     1     1    23     1    13     0     0     0   105.0   37.309  -96.835    338.8    947.4
     1     1    23     1    13     1     0     1   106.0   36.958  -96.676    329.0    949.4
     1     1    23     1    13     2     0     2   107.0   36.606  -96.572    314.3    955.6
     1     1    23     1    13     3     0     3   108.0   36.262  -96.522    311.4    960.3
     1     1    23     1    13     4     0     2   109.0   35.919  -96.510    322.9    959.8
     1     1    23     1    13     5     0     1   110.0   35.559  -96.518    327.8    956.2
     1     1    23     1    13     6     0     0   111.0   35.174  -96.558    315.9    955.9
     1     1    23     1    13     7     0     1   112.0   34.792  -96.605    294.0    960.1
     1     1    23     1    13     8     0     2   113.0   34.441  -96.621    261.5    968.3
     1     1    23     1    13     9     0     3   114.0   34.126  -96.605    218.7    977.5
     1     1    23     1    13    10     0     2   115.0   33.852  -96.581    182.4    986.0
     1     1    23     1    13    11     0     1   116.0   33.603  -96.576    161.2    989.5
     1     1    23     1    13    12     0     0   117.0   33.370  -96.593    150.0    991.4
     1     1    23     1    13    13     0     1   118.0   33.150  -96.624    141.8    993.4
     1     1    23     1    13    14     0     2   119.0   32.943  -96.662    132.9    995.2
     1     1    23     1    13    15     0     3   120.0   32.751  -96.711    125.9    995.7
