     8     1
    GDAS    22    12    22     0     0
    GDAS    22    12    29     0     0
    GDAS    23     1     1     0     0
    GDAS    23     1     8     0     0
    GDAS    23     1    15     0     0
    GDAS    23     1    22     0     0
    GDAS    23     1    29     0     0
    GDAS    23     2     1     0     0
     1 FORWARD  OMEGA   
    23     1     4    15   46.399 -101.812  1096.9
     1 PRESSURE
     1     1    23     1     4    15     0     3     0.0   46.399 -101.812   1096.9    811.7
     1     1    23     1     4    16     0     2     1.0   46.264 -101.776   1080.2    812.7
     1     1    23     1     4    17     0     1     2.0   46.119 -101.734   1059.3    814.8
     1     1    23     1     4    18     0     0     3.0   45.961 -101.682   1040.5    816.9
     1     1    23     1     4    19     0     1     4.0   45.786 -101.616   1026.4    818.6
     1     1    23     1     4    20     0     2     5.0   45.593 -101.534   1010.8    820.2
     1     1    23     1     4    21     0     3     6.0   45.375 -101.432    983.2    823.1
     1     1    23     1     4    22     0     2     7.0   45.125 -101.320    932.3    828.9
     1     1    23     1     4    23     0     1     8.0   44.841 -101.201    861.9    838.6
     1     1    23     1     5     0     0     0     9.0   44.527 -101.063    817.3    847.7
     1     1    23     1     5     1     0     1    10.0   44.193 -100.907    839.6    848.5
     1     1    23     1     5     2     0     2    11.0   43.842 -100.745    894.6    837.2
     1     1    23     1     5     3     0     3    12.0   43.465 -100.577    913.0    825.7
     1     1    23     1     5     4     0     2    13.0   43.060 -100.386    887.7    824.4
     1     1    23     1     5     5     0     1    14.0   42.628 -100.172    860.9    830.4
     1     1    23     1     5     6     0     0    15.0   42.173  -99.960    852.1    831.9
     1     1    23     1     5     7     0     1    16.0   41.696  -99.726    824.8    832.1
     1     1    23     1     5     8     0     2    17.0   41.204  -99.451    767.2    845.3
     1     1    23     1     5     9     0     3    18.0   40.722  -99.165    732.6    858.2
     1     1    23     1     5    10     0     2    19.0   40.260  -98.876    699.7    864.7
     1     1    23     1     5    11     0     1    20.0   39.807  -98.578    646.9    880.8
     1     1    23     1     5    12     0     0    21.0   39.357  -98.267    621.5    891.2
     1     1    23     1     5    13     0     1    22.0   38.930  -97.942    629.4    892.6
     1     1    23     1     5    14     0     2    23.0   38.535  -97.591    625.7    893.8
     1     1    23     1     5    15     0     3    24.0   38.155  -97.214    586.1    901.7
     1     1    23     1     5    16     0     2    25.0   37.812  -96.820    545.8    912.7
     1     1    23     1     5    17     0     1    26.0   37.520  -96.435    523.2    920.1
     1     1    23     1     5    18     0     0    27.0   37.272  -96.079    512.0    925.7
     1     1    23     1     5    19     0     1    28.0   37.061  -95.745    501.9    928.3
     1     1    23     1     5    20     0     2    29.0   36.880  -95.406    485.2    930.5
     1     1    23     1     5    21     0     3    30.0   36.726  -95.057    463.0    933.3
     1     1    23     1     5    22     0     2    31.0   36.585  -94.701    454.4    931.1
     1     1    23     1     5    23     0     1    32.0   36.442  -94.337    464.2    921.6
     1     1    23     1     6     0     0     0    33.0   36.285  -93.966    466.5    912.7
     1     1    23     1     6     1     0     1    34.0   36.118  -93.594    447.7    918.6
     1     1    23     1     6     2     0     2    35.0   35.949  -93.227    418.5    930.2
     1     1    23     1     6     3     0     3    36.0   35.773  -92.866    396.9    942.4
     1     1    23     1     6     4     0     2    37.0   35.603  -92.527    373.1    951.2
     1     1    23     1     6     5     0     1    38.0   35.452  -92.221    333.8    962.2
     1     1    23     1     6     6     0     0    39.0   35.315  -91.949    285.3    973.7
     1     1    23     1     6     7     0     1    40.0   35.188  -91.716    242.4    982.6
     1     1    23     1     6     8     0     2    41.0   35.068  -91.526    213.6    987.2
     1     1    23     1     6     9     0     3    42.0   34.955  -91.379    195.2    990.1
     1     1    23     1     6    10     0     2    43.0   34.854  -91.269    183.4    992.2
     1     1    23     1     6    11     0     1    44.0   34.767  -91.191    175.5    994.2
     1     1    23     1     6    12     0     0    45.0   34.695  -91.140    170.9    995.7
     1     1    23     1     6    13     0     1    46.0   34.643  -91.115    166.8    996.6
     1     1    23     1     6    14     0     2    47.0   34.616  -91.115    160.4    997.9
     1     1    23     1     6    15     0     3    48.0   34.616  -91.140    151.8    999.2
     1     1    23     1     6    16     0     2    49.0   34.644  -91.173    143.8   1000.1
     1     1    23     1     6    17     0     1    50.0   34.702  -91.199    139.0   1000.0
     1     1    23     1     6    18     0     0    51.0   34.788  -91.215    137.2    999.3
     1     1    23     1     6    19     0     1    52.0   34.901  -91.229    138.4    997.6
     1     1    23     1     6    20     0     2    53.0   35.037  -91.251    142.0    995.5
     1     1    23     1     6    21     0     3    54.0   35.192  -91.279    145.8    993.2
     1     1    23     1     6    22     0     2    55.0   35.359  -91.320    145.1    992.0
     1     1    23     1     6    23     0     1    56.0   35.538  -91.382    139.7    991.6
     1     1    23     1     7     0     0     0    57.0   35.734  -91.465    134.3    990.2
     1     1    23     1     7     1     0     1    58.0   35.940  -91.558    131.4    987.6
     1     1    23     1     7     2     0     2    59.0   36.149  -91.651    133.7    982.5
     1     1    23     1     7     3     0     3    60.0   36.365  -91.751    143.4    975.2
     1     1    23     1     7     4     0     2    61.0   36.591  -91.847    160.1    966.1
     1     1    23     1     7     5     0     1    62.0   36.831  -91.927    183.3    956.4
     1     1    23     1     7     6     0     0    63.0   37.097  -91.990    215.6    948.9
     1     1    23     1     7     7     0     1    64.0   37.357  -92.058    246.8    947.7
     1     1    23     1     7     8     0     2    65.0   37.574  -92.160    273.9    948.3
     1     1    23     1     7     9     0     3    66.0   37.752  -92.295    314.7    946.6
     1     1    23     1     7    10     0     2    67.0   37.890  -92.475    379.9    941.2
     1     1    23     1     7    11     0     1    68.0   37.986  -92.735    461.3    932.5
     1     1    23     1     7    12     0     0    69.0   38.049  -93.085    539.9    923.3
     1     1    23     1     7    13     0     1    70.0   38.099  -93.494    621.8    918.7
     1     1    23     1     7    14     0     2    71.0   38.146  -93.923    724.2    910.1
     1     1    23     1     7    15     0     3    72.0   38.180  -94.356    835.7    894.7
     1     1    23     1     7    16     0     2    73.0   38.186  -94.756    924.5    881.3
     1     1    23     1     7    17     0     1    74.0   38.161  -95.092    980.4    873.8
     1     1    23     1     7    18     0     0    75.0   38.108  -95.368   1015.5    869.5
     1     1    23     1     7    19     0     1    76.0   38.026  -95.591   1047.3    865.5
     1     1    23     1     7    20     0     2    77.0   37.911  -95.755   1075.4    860.9
     1     1    23     1     7    21     0     3    78.0   37.765  -95.845   1085.4    860.0
     1     1    23     1     7    22     0     2    79.0   37.595  -95.875   1081.3    862.1
     1     1    23     1     7    23     0     1    80.0   37.404  -95.863   1066.7    865.1
     1     1    23     1     8     0     0     0    81.0   37.194  -95.828   1040.0    869.4
     1     1    23     1     8     1     0     1    82.0   36.973  -95.781   1002.3    875.1
     1     1    23     1     8     2     0     2    83.0   36.759  -95.722    950.0    881.6
     1     1    23     1     8     3     0     3    84.0   36.556  -95.660    876.7    890.9
     1     1    23     1     8     4     0     2    85.0   36.357  -95.594    787.2    902.0
     1     1    23     1     8     5     0     1    86.0   36.156  -95.522    692.5    913.6
     1     1    23     1     8     6     0     0    87.0   35.955  -95.453    603.4    925.0
     1     1    23     1     8     7     0     1    88.0   35.746  -95.390    528.2    934.0
     1     1    23     1     8     8     0     2    89.0   35.511  -95.329    465.4    941.6
     1     1    23     1     8     9     0     3    90.0   35.245  -95.268    412.4    949.0
     1     1    23     1     8    10     0     2    91.0   34.960  -95.213    377.5    955.1
     1     1    23     1     8    11     0     1    92.0   34.662  -95.174    352.8    958.3
     1     1    23     1     8    12     0     0    93.0   34.356  -95.153    318.4    963.7
     1     1    23     1     8    13     0     1    94.0   34.053  -95.157    270.3    972.4
     1     1    23     1     8    14     0     2    95.0   33.770  -95.189    228.2    980.0
     1     1    23     1     8    15     0     3    96.0   33.509  -95.252    199.7    982.8
     1     1    23     1     8    16     0     2    97.0   33.282  -95.322    177.1    985.8
     1     1    23     1     8    17     0     1    98.0   33.096  -95.374    161.1    988.2
     1     1    23     1     8    18     0     0    99.0   32.944  -95.412    152.1    989.7
     1     1    23     1     8    19     0     1   100.0   32.810  -95.440    145.5    989.7
     1     1    23     1     8    20     0     2   101.0   32.678  -95.465    137.1    990.6
     1     1    23     1     8    21     0     3   102.0   32.548  -95.486    127.0    991.5
     1     1    23     1     8    22     0     2   103.0   32.421  -95.513    116.0    993.2
     1     1    23     1     8    23     0     1   104.0   32.295  -95.558    105.0    995.1
     1     1    23     1     9     0     0     0   105.0   32.172  -95.621     95.3    997.1
     1     1    23     1     9     1     0     1   106.0   32.060  -95.703     89.2    999.2
     1     1    23     1     9     2     0     2   107.0   31.967  -95.803     87.4   1000.4
     1     1    23     1     9     3     0     3   108.0   31.895  -95.921     88.0   1001.2
     1     1    23     1     9     4     0     2   109.0   31.850  -96.038     88.3   1001.4
     1     1    23     1     9     5     0     1   110.0   31.838  -96.136     87.0   1000.8
     1     1    23     1     9     6     0     0   111.0   31.855  -96.215     84.7   1000.3
     1     1    23     1     9     7     0     1   112.0   31.889  -96.290     83.1    999.1
     1     1    23     1     9     8     0     2   113.0   31.925  -96.374     83.8    997.2
     1     1    23     1     9     9     0     3   114.0   31.965  -96.462     87.9    994.9
     1     1    23     1     9    10     0     2   115.0   32.021  -96.547     93.0    992.7
     1     1    23     1     9    11     0     1   116.0   32.099  -96.620     94.7    991.5
     1     1    23     1     9    12     0     0   117.0   32.195  -96.678     93.2    991.0
     1     1    23     1     9    13     0     1   118.0   32.307  -96.722     93.0    991.8
     1     1    23     1     9    14     0     2   119.0   32.440  -96.752     97.4    991.6
     1     1    23     1     9    15     0     3   120.0   32.598  -96.770    106.1    991.2
