     8     1
    GDAS    22    12    22     0     0
    GDAS    22    12    29     0     0
    GDAS    23     1     1     0     0
    GDAS    23     1     8     0     0
    GDAS    23     1    15     0     0
    GDAS    23     1    22     0     0
    GDAS    23     1    29     0     0
    GDAS    23     2     1     0     0
     1 FORWARD  OMEGA   
    23     1    14    13   43.804  -97.189   403.5
     1 PRESSURE
     1     1    23     1    14    13     0     1     0.0   43.804  -97.189    403.5    906.9
     1     1    23     1    14    14     0     2     1.0   44.195  -96.869    373.5    902.4
     1     1    23     1    14    15     0     3     2.0   44.589  -96.571    320.6    912.0
     1     1    23     1    14    16     0     2     3.0   44.962  -96.353    274.7    927.7
     1     1    23     1    14    17     0     1     4.0   45.309  -96.247    246.5    935.3
     1     1    23     1    14    18     0     0     5.0   45.643  -96.253    221.5    938.4
     1     1    23     1    14    19     0     1     6.0   45.968  -96.370    193.6    942.6
     1     1    23     1    14    20     0     2     7.0   46.286  -96.563    167.6    945.3
     1     1    23     1    14    21     0     3     8.0   46.587  -96.798    151.3    949.3
     1     1    23     1    14    22     0     2     9.0   46.871  -97.049    152.4    951.7
     1     1    23     1    14    23     0     1    10.0   47.157  -97.284    166.7    945.4
     1     1    23     1    15     0     0     0    11.0   47.459  -97.505    194.0    937.1
     1     1    23     1    15     1     0     1    12.0   47.788  -97.704    232.4    925.6
     1     1    23     1    15     2     0     2    13.0   48.134  -97.857    263.5    917.3
     1     1    23     1    15     3     0     3    14.0   48.478  -97.975    278.3    917.5
     1     1    23     1    15     4     0     2    15.0   48.788  -98.087    292.6    920.6
     1     1    23     1    15     5     0     1    16.0   49.035  -98.202    317.4    918.4
     1     1    23     1    15     6     0     0    17.0   49.217  -98.312    345.1    914.4
     1     1    23     1    15     7     0     1    18.0   49.346  -98.402    368.0    911.7
     1     1    23     1    15     8     0     2    19.0   49.443  -98.469    383.9    910.2
     1     1    23     1    15     9     0     3    20.0   49.516  -98.510    390.5    909.6
     1     1    23     1    15    10     0     2    21.0   49.564  -98.519    390.2    910.6
     1     1    23     1    15    11     0     1    22.0   49.578  -98.486    387.3    911.6
     1     1    23     1    15    12     0     0    23.0   49.560  -98.408    381.5    912.9
     1     1    23     1    15    13     0     1    24.0   49.525  -98.307    370.9    914.8
     1     1    23     1    15    14     0     2    25.0   49.484  -98.211    353.3    917.6
     1     1    23     1    15    15     0     3    26.0   49.434  -98.124    329.0    921.1
     1     1    23     1    15    16     0     2    27.0   49.386  -98.037    304.0    925.8
     1     1    23     1    15    17     0     1    28.0   49.357  -97.938    283.5    929.4
     1     1    23     1    15    18     0     0    29.0   49.356  -97.831    269.7    932.6
     1     1    23     1    15    19     0     1    30.0   49.368  -97.731    266.4    934.1
     1     1    23     1    15    20     0     2    31.0   49.374  -97.651    271.9    933.7
     1     1    23     1    15    21     0     3    32.0   49.372  -97.586    281.8    932.7
     1     1    23     1    15    22     0     2    33.0   49.370  -97.538    291.3    932.0
     1     1    23     1    15    23     0     1    34.0   49.370  -97.511    297.3    932.1
     1     1    23     1    16     0     0     0    35.0   49.374  -97.504    300.4    932.4
     1     1    23     1    16     1     0     1    36.0   49.378  -97.510    302.4    932.6
     1     1    23     1    16     2     0     2    37.0   49.381  -97.519    305.2    932.4
     1     1    23     1    16     3     0     3    38.0   49.382  -97.530    308.9    932.1
     1     1    23     1    16     4     0     2    39.0   49.375  -97.546    315.5    931.7
     1     1    23     1    16     5     0     1    40.0   49.352  -97.569    326.9    930.3
     1     1    23     1    16     6     0     0    41.0   49.315  -97.598    343.0    928.2
     1     1    23     1    16     7     0     1    42.0   49.251  -97.645    365.4    925.1
     1     1    23     1    16     8     0     2    43.0   49.151  -97.719    399.2    920.4
     1     1    23     1    16     9     0     3    44.0   49.014  -97.829    451.8    913.1
     1     1    23     1    16    10     0     2    45.0   48.862  -97.973    502.6    901.1
     1     1    23     1    16    11     0     1    46.0   48.707  -98.157    528.3    894.3
     1     1    23     1    16    12     0     0    47.0   48.551  -98.386    534.8    890.5
     1     1    23     1    16    13     0     1    48.0   48.387  -98.656    541.3    888.4
     1     1    23     1    16    14     0     2    49.0   48.213  -98.959    566.8    884.3
     1     1    23     1    16    15     0     3    50.0   48.031  -99.282    612.9    878.7
     1     1    23     1    16    16     0     2    51.0   47.862  -99.590    657.5    871.1
     1     1    23     1    16    17     0     1    52.0   47.710  -99.863    688.0    867.3
     1     1    23     1    16    18     0     0    53.0   47.562 -100.101    708.0    863.4
     1     1    23     1    16    19     0     1    54.0   47.405 -100.305    716.8    859.8
     1     1    23     1    16    20     0     2    55.0   47.225 -100.474    717.0    857.5
     1     1    23     1    16    21     0     3    56.0   47.022 -100.611    716.6    855.6
     1     1    23     1    16    22     0     2    57.0   46.804 -100.724    720.8    853.1
     1     1    23     1    16    23     0     1    58.0   46.580 -100.825    728.4    850.3
     1     1    23     1    17     0     0     0    59.0   46.352 -100.915    740.7    847.4
     1     1    23     1    17     1     0     1    60.0   46.124 -100.989    750.2    843.4
     1     1    23     1    17     2     0     2    61.0   45.903 -101.038    744.0    842.9
     1     1    23     1    17     3     0     3    62.0   45.694 -101.063    718.8    845.6
     1     1    23     1    17     4     0     2    63.0   45.497 -101.067    683.4    850.7
     1     1    23     1    17     5     0     1    64.0   45.312 -101.054    647.7    855.0
     1     1    23     1    17     6     0     0    65.0   45.138 -101.023    610.9    859.5
     1     1    23     1    17     7     0     1    66.0   44.968 -100.971    575.3    864.1
     1     1    23     1    17     8     0     2    67.0   44.793 -100.893    547.9    868.3
     1     1    23     1    17     9     0     3    68.0   44.610 -100.790    529.6    871.3
     1     1    23     1    17    10     0     2    69.0   44.421 -100.670    510.6    874.4
     1     1    23     1    17    11     0     1    70.0   44.222 -100.541    488.1    879.6
     1     1    23     1    17    12     0     0    71.0   44.012 -100.405    470.0    885.0
     1     1    23     1    17    13     0     1    72.0   43.806 -100.268    454.9    884.3
     1     1    23     1    17    14     0     2    73.0   43.620 -100.135    441.0    884.8
     1     1    23     1    17    15     0     3    74.0   43.449 -100.005    430.0    885.2
     1     1    23     1    17    16     0     2    75.0   43.294  -99.870    416.5    884.5
     1     1    23     1    17    17     0     1    76.0   43.153  -99.731    397.5    885.9
     1     1    23     1    17    18     0     0    77.0   43.025  -99.593    377.8    888.1
     1     1    23     1    17    19     0     1    78.0   42.904  -99.471    370.6    890.5
     1     1    23     1    17    20     0     2    79.0   42.792  -99.372    383.5    888.8
     1     1    23     1    17    21     0     3    80.0   42.689  -99.293    410.4    885.6
     1     1    23     1    17    22     0     2    81.0   42.590  -99.238    433.8    881.0
     1     1    23     1    17    23     0     1    82.0   42.490  -99.214    439.2    879.9
     1     1    23     1    18     0     0     0    83.0   42.388  -99.224    432.9    880.1
     1     1    23     1    18     1     0     1    84.0   42.287  -99.272    431.5    880.2
     1     1    23     1    18     2     0     2    85.0   42.187  -99.357    449.8    876.4
     1     1    23     1    18     3     0     3    86.0   42.087  -99.483    495.8    869.4
     1     1    23     1    18     4     0     2    87.0   42.006  -99.636    563.6    858.9
     1     1    23     1    18     5     0     1    88.0   41.964  -99.805    636.5    849.5
     1     1    23     1    18     6     0     0    89.0   41.963  -99.996    716.1    840.1
     1     1    23     1    18     7     0     1    90.0   42.004 -100.210    798.3    826.2
     1     1    23     1    18     8     0     2    91.0   42.079 -100.451    863.6    814.3
     1     1    23     1    18     9     0     3    92.0   42.175 -100.727    905.6    805.0
     1     1    23     1    18    10     0     2    93.0   42.262 -101.041    951.3    796.6
     1     1    23     1    18    11     0     1    94.0   42.324 -101.391   1015.6    783.5
     1     1    23     1    18    12     0     0    95.0   42.364 -101.760   1095.5    769.8
     1     1    23     1    18    13     0     1    96.0   42.377 -102.134   1194.4    755.9
     1     1    23     1    18    14     0     2    97.0   42.354 -102.505   1305.4    743.5
     1     1    23     1    18    15     0     3    98.0   42.298 -102.867   1403.8    731.3
     1     1    23     1    18    16     0     2    99.0   42.201 -103.204   1471.1    720.9
     1     1    23     1    18    17     0     1   100.0   42.060 -103.502   1530.1    715.2
     1     1    23     1    18    18     0     0   101.0   41.868 -103.755   1621.1    703.7
     1     1    23     1    18    19     0     1   102.0   41.596 -103.964   1770.6    682.2
     1     1    23     1    18    20     0     2   103.0   41.221 -104.153   1930.4    645.3
     1     1    23     1    18    21     0     3   104.0   40.745 -104.305   2075.8    627.4
     1     1    23     1    18    22     0     2   105.0   40.208 -104.338   2267.4    621.6
     1     1    23     1    18    23     0     1   106.0   39.620 -104.269   2322.8    593.7
     1     1    23     1    19     0     0     0   107.0   38.941 -104.079   1802.7    602.3
     1     1    23     1    19     1     0     1   108.0   38.265 -103.788   1527.5    757.6
     1     1    23     1    19     2     0     2   109.0   37.730 -103.397   1725.3    684.8
     1     1    23     1    19     3     0     3   110.0   37.132 -102.878   1929.9    669.4
     1     1    23     1    19     4     0     2   111.0   36.561 -102.257   1965.7    666.3
     1     1    23     1    19     5     0     1   112.0   36.068 -101.594   1765.1    709.9
     1     1    23     1    19     6     0     0   113.0   35.586 -100.884   1480.4    759.6
     1     1    23     1    19     7     0     1   114.0   35.115 -100.175   1198.9    806.5
     1     1    23     1    19     8     0     2   115.0   34.666  -99.519   1007.1    850.3
     1     1    23     1    19     9     0     3   116.0   34.252  -98.914    898.3    869.2
     1     1    23     1    19    10     0     2   117.0   33.856  -98.335    773.2    886.9
     1     1    23     1    19    11     0     1   118.0   33.451  -97.818    644.2    907.7
     1     1    23     1    19    12     0     0   119.0   33.053  -97.349    532.7    927.9
     1     1    23     1    19    13     0     1   120.0   32.692  -96.945    448.0    946.3
