     8     1
    GDAS    22    12    22     0     0
    GDAS    22    12    29     0     0
    GDAS    23     1     1     0     0
    GDAS    23     1     8     0     0
    GDAS    23     1    15     0     0
    GDAS    23     1    22     0     0
    GDAS    23     1    29     0     0
    GDAS    23     2     1     0     0
     1 FORWARD  OMEGA   
    23     1    12    14   31.347 -118.979    19.7
     1 PRESSURE
     1     1    23     1    12    14     0     2     0.0   31.347 -118.979     19.7   1019.0
     1     1    23     1    12    15     0     3     1.0   31.262 -119.003     19.4   1019.0
     1     1    23     1    12    16     0     2     2.0   31.188 -119.038     19.0   1019.0
     1     1    23     1    12    17     0     1     3.0   31.134 -119.089     18.5   1019.0
     1     1    23     1    12    18     0     0     4.0   31.102 -119.155     17.8   1019.1
     1     1    23     1    12    19     0     1     5.0   31.086 -119.220     16.7   1019.1
     1     1    23     1    12    20     0     2     6.0   31.077 -119.267     15.2   1019.2
     1     1    23     1    12    21     0     3     7.0   31.075 -119.293     13.4   1019.4
     1     1    23     1    12    22     0     2     8.0   31.077 -119.315     12.0   1019.7
     1     1    23     1    12    23     0     1     9.0   31.087 -119.348     11.2   1019.8
     1     1    23     1    13     0     0     0    10.0   31.105 -119.395     10.9   1019.8
     1     1    23     1    13     1     0     1    11.0   31.139 -119.442     10.9   1019.6
     1     1    23     1    13     2     0     2    12.0   31.191 -119.479     10.9   1019.4
     1     1    23     1    13     3     0     3    13.0   31.260 -119.501     11.1   1019.1
     1     1    23     1    13     4     0     2    14.0   31.334 -119.507     11.3   1019.1
     1     1    23     1    13     5     0     1    15.0   31.402 -119.491     11.3   1019.0
     1     1    23     1    13     6     0     0    16.0   31.463 -119.456     11.0   1019.1
     1     1    23     1    13     7     0     1    17.0   31.515 -119.397     10.7   1019.2
     1     1    23     1    13     8     0     2    18.0   31.552 -119.309     10.8   1019.2
     1     1    23     1    13     9     0     3    19.0   31.571 -119.191     11.5   1019.0
     1     1    23     1    13    10     0     2    20.0   31.569 -119.054     12.5   1018.7
     1     1    23     1    13    11     0     1    21.0   31.549 -118.916     12.7   1018.6
     1     1    23     1    13    12     0     0    22.0   31.513 -118.777     11.9   1018.7
     1     1    23     1    13    13     0     1    23.0   31.470 -118.653     10.8   1019.0
     1     1    23     1    13    14     0     2    24.0   31.430 -118.560      9.8   1019.1
     1     1    23     1    13    15     0     3    25.0   31.388 -118.494      8.6   1019.0
     1     1    23     1    13    16     0     2    26.0   31.351 -118.437      7.5   1019.6
     1     1    23     1    13    17     0     1    27.0   31.321 -118.371      7.1   1020.2
     1     1    23     1    13    18     0     0    28.0   31.299 -118.296      7.3   1021.1
     1     1    23     1    13    19     0     1    29.0   31.275 -118.209      7.9   1020.7
     1     1    23     1    13    20     0     2    30.0   31.240 -118.104      8.5   1020.2
     1     1    23     1    13    21     0     3    31.0   31.195 -117.986      9.0   1019.4
     1     1    23     1    13    22     0     2    32.0   31.138 -117.871      9.3   1019.3
     1     1    23     1    13    23     0     1    33.0   31.064 -117.772      9.2   1018.9
     1     1    23     1    14     0     0     0    34.0   30.969 -117.683      8.6   1018.2
     1     1    23     1    14     1     0     1    35.0   30.859 -117.592      7.8   1018.2
     1     1    23     1    14     2     0     2    36.0   30.742 -117.493      7.0   1018.6
     1     1    23     1    14     3     0     3    37.0   30.617 -117.389      6.4   1019.3
     1     1    23     1    14     4     0     2    38.0   30.488 -117.279      6.1   1019.4
     1     1    23     1    14     5     0     1    39.0   30.360 -117.164      6.2   1019.4
     1     1    23     1    14     6     0     0    40.0   30.233 -117.045      6.7   1019.5
     1     1    23     1    14     7     0     1    41.0   30.103 -116.928      7.2   1017.8
     1     1    23     1    14     8     0     2    42.0   29.959 -116.818      7.4   1016.8
     1     1    23     1    14     9     0     3    43.0   29.803 -116.712      7.4   1015.8
     1     1    23     1    14    10     0     2    44.0   29.641 -116.605      7.0   1015.8
     1     1    23     1    14    11     0     1    45.0   29.475 -116.491      6.4   1015.8
     1     1    23     1    14    12     0     0    46.0   29.302 -116.370      6.0   1015.8
     1     1    23     1    14    13     0     1    47.0   29.130 -116.249      6.0   1015.7
     1     1    23     1    14    14     0     2    48.0   28.974 -116.130      5.9   1015.7
     1     1    23     1    14    15     0     3    49.0   28.831 -116.013      5.1   1015.7
     1     1    23     1    14    16     0     2    50.0   28.705 -115.901      4.1   1016.0
     1     1    23     1    14    17     0     1    51.0   28.602 -115.801      3.4   1016.5
     1     1    23     1    14    18     0     0    52.0   28.525 -115.721      2.9   1017.1
     1     1    23     1    14    19     0     1    53.0   28.473 -115.646      2.4   1016.5
     1     1    23     1    14    20     0     2    54.0   28.444 -115.554      2.1   1016.0
     1     1    23     1    14    21     0     3    55.0   28.432 -115.448      2.3   1015.5
     1     1    23     1    14    22     0     2    56.0   28.421 -115.332      3.0   1015.6
     1     1    23     1    14    23     0     1    57.0   28.397 -115.214      4.4   1015.6
     1     1    23     1    15     0     0     0    58.0   28.361 -115.099      6.3   1015.7
     1     1    23     1    15     1     0     1    59.0   28.323 -114.999      8.4   1015.6
     1     1    23     1    15     2     0     2    60.0   28.285 -114.917     10.1   1014.3
     1     1    23     1    15     3     0     3    61.0   28.244 -114.848     11.5   1013.2
     1     1    23     1    15     4     0     2    62.0   28.208 -114.782     13.2   1012.6
     1     1    23     1    15     5     0     1    63.0   28.185 -114.712     15.5   1012.0
     1     1    23     1    15     6     0     0    64.0   28.173 -114.637     18.4   1011.3
     1     1    23     1    15     7     0     1    65.0   28.164 -114.550     21.5   1009.8
     1     1    23     1    15     8     0     2    66.0   28.154 -114.451     24.1   1008.3
     1     1    23     1    15     9     0     3    67.0   28.147 -114.351     26.1   1006.6
     1     1    23     1    15    10     0     2    68.0   28.142 -114.257     28.6   1005.5
     1     1    23     1    15    11     0     1    69.0   28.133 -114.169     33.7   1004.5
     1     1    23     1    15    12     0     0    70.0   28.124 -114.083     42.8   1003.5
     1     1    23     1    15    13     0     1    71.0   28.129 -114.008     56.3   1002.0
     1     1    23     1    15    14     0     2    72.0   28.173 -113.939     71.1    995.9
     1     1    23     1    15    15     0     3    73.0   28.253 -113.866     83.5    989.7
     1     1    23     1    15    16     0     2    74.0   28.351 -113.776     92.8    984.6
     1     1    23     1    15    17     0     1    75.0   28.450 -113.667     94.5    981.5
     1     1    23     1    15    18     0     0    76.0   28.557 -113.562     87.6    981.6
     1     1    23     1    15    19     0     1    77.0   28.674 -113.466     79.9    983.0
     1     1    23     1    15    20     0     2    78.0   28.804 -113.389     78.2    985.3
     1     1    23     1    15    21     0     3    79.0   28.947 -113.346     90.0    987.0
     1     1    23     1    15    22     0     2    80.0   29.095 -113.317    114.5    986.7
     1     1    23     1    15    23     0     1    81.0   29.234 -113.263    133.5    987.8
     1     1    23     1    16     0     0     0    82.0   29.363 -113.163    140.4    990.6
     1     1    23     1    16     1     0     1    83.0   29.493 -113.024    139.6    995.4
     1     1    23     1    16     2     0     2    84.0   29.645 -112.851    148.2    988.3
     1     1    23     1    16     3     0     3    85.0   29.836 -112.635    183.0    968.8
     1     1    23     1    16     4     0     2    86.0   30.069 -112.353    243.6    937.0
     1     1    23     1    16     5     0     1    87.0   30.329 -112.019    321.6    905.4
     1     1    23     1    16     6     0     0    88.0   30.616 -111.678    462.1    881.7
     1     1    23     1    16     7     0     1    89.0   30.952 -111.294    717.2    827.0
     1     1    23     1    16     8     0     2    90.0   31.337 -110.804    948.7    770.7
     1     1    23     1    16     9     0     3    91.0   31.703 -110.220    890.9    749.8
     1     1    23     1    16    10     0     2    92.0   31.959 -109.689    672.6    787.8
     1     1    23     1    16    11     0     1    93.0   32.103 -109.255    562.9    807.6
     1     1    23     1    16    12     0     0    94.0   32.198 -108.843    578.7    794.3
     1     1    23     1    16    13     0     1    95.0   32.262 -108.390    599.8    777.1
     1     1    23     1    16    14     0     2    96.0   32.276 -107.900    554.1    778.6
     1     1    23     1    16    15     0     3    97.0   32.254 -107.452    463.8    801.5
     1     1    23     1    16    16     0     2    98.0   32.226 -107.076    360.9    824.7
     1     1    23     1    16    17     0     1    99.0   32.210 -106.738    296.3    832.4
     1     1    23     1    16    18     0     0   100.0   32.218 -106.409    304.4    827.0
     1     1    23     1    16    19     0     1   101.0   32.270 -106.057    454.0    810.5
     1     1    23     1    16    20     0     2   102.0   32.353 -105.596    781.1    776.4
     1     1    23     1    16    21     0     3   103.0   32.429 -105.017   1024.1    744.4
     1     1    23     1    16    22     0     2   104.0   32.485 -104.437   1133.5    760.3
     1     1    23     1    16    23     0     1   105.0   32.511 -103.865   1302.6    767.0
     1     1    23     1    17     0     0     0   106.0   32.496 -103.230   1409.4    740.3
     1     1    23     1    17     1     0     1   107.0   32.499 -102.584   1268.3    765.0
     1     1    23     1    17     2     0     2   108.0   32.525 -101.923   1085.0    799.6
     1     1    23     1    17     3     0     3   109.0   32.556 -101.191    924.8    824.7
     1     1    23     1    17     4     0     2   110.0   32.581 -100.423    764.7    856.5
     1     1    23     1    17     5     0     1   111.0   32.563  -99.745    683.4    875.6
     1     1    23     1    17     6     0     0   112.0   32.518  -99.137    614.1    886.0
     1     1    23     1    17     7     0     1   113.0   32.467  -98.579    531.2    902.2
     1     1    23     1    17     8     0     2   114.0   32.428  -98.069    442.1    916.3
     1     1    23     1    17     9     0     3   115.0   32.406  -97.612    373.9    934.5
     1     1    23     1    17    10     0     2   116.0   32.397  -97.197    357.1    943.9
     1     1    23     1    17    11     0     1   117.0   32.410  -96.797    385.1    944.6
     1     1    23     1    17    12     0     0   118.0   32.458  -96.404    442.8    941.8
     1     1    23     1    17    13     0     1   119.0   32.529  -96.033    525.8    935.0
     1     1    23     1    17    14     0     2   120.0   32.606  -95.678    595.5    923.1
