     8     1
    GDAS    22    12    22     0     0
    GDAS    22    12    29     0     0
    GDAS    23     1     1     0     0
    GDAS    23     1     8     0     0
    GDAS    23     1    15     0     0
    GDAS    23     1    22     0     0
    GDAS    23     1    29     0     0
    GDAS    23     2     1     0     0
     1 FORWARD  OMEGA   
    23     1    16    15   53.220  -92.340   277.7
     1 PRESSURE
     1     1    23     1    16    15     0     3     0.0   53.220  -92.340    277.7    939.5
     1     1    23     1    16    16     0     2     1.0   53.134  -92.323    295.8    937.1
     1     1    23     1    16    17     0     1     2.0   53.052  -92.302    308.6    935.4
     1     1    23     1    16    18     0     0     3.0   52.972  -92.279    313.8    934.4
     1     1    23     1    16    19     0     1     4.0   52.881  -92.256    317.8    933.5
     1     1    23     1    16    20     0     2     5.0   52.772  -92.242    327.7    930.5
     1     1    23     1    16    21     0     3     6.0   52.643  -92.243    340.3    926.8
     1     1    23     1    16    22     0     2     7.0   52.491  -92.279    351.6    923.0
     1     1    23     1    16    23     0     1     8.0   52.309  -92.373    358.6    919.4
     1     1    23     1    17     0     0     0     9.0   52.094  -92.528    357.3    916.0
     1     1    23     1    17     1     0     1    10.0   51.859  -92.738    344.1    916.0
     1     1    23     1    17     2     0     2    11.0   51.622  -92.985    325.6    918.6
     1     1    23     1    17     3     0     3    12.0   51.381  -93.258    310.7    921.5
     1     1    23     1    17     4     0     2    13.0   51.144  -93.546    303.0    922.1
     1     1    23     1    17     5     0     1    14.0   50.914  -93.840    298.8    921.5
     1     1    23     1    17     6     0     0    15.0   50.690  -94.134    293.9    922.8
     1     1    23     1    17     7     0     1    16.0   50.458  -94.404    289.3    925.8
     1     1    23     1    17     8     0     2    17.0   50.217  -94.640    288.6    928.0
     1     1    23     1    17     9     0     3    18.0   49.976  -94.849    294.3    929.2
     1     1    23     1    17    10     0     2    19.0   49.722  -95.041    306.8    929.1
     1     1    23     1    17    11     0     1    20.0   49.440  -95.232    325.1    927.4
     1     1    23     1    17    12     0     0    21.0   49.131  -95.426    349.6    924.5
     1     1    23     1    17    13     0     1    22.0   48.811  -95.634    377.4    920.7
     1     1    23     1    17    14     0     2    23.0   48.496  -95.859    402.8    918.3
     1     1    23     1    17    15     0     3    24.0   48.183  -96.103    428.7    917.1
     1     1    23     1    17    16     0     2    25.0   47.874  -96.329    455.7    914.8
     1     1    23     1    17    17     0     1    26.0   47.578  -96.500    473.8    912.7
     1     1    23     1    17    18     0     0    27.0   47.300  -96.626    483.0    913.2
     1     1    23     1    17    19     0     1    28.0   47.036  -96.709    495.5    913.6
     1     1    23     1    17    20     0     2    29.0   46.784  -96.740    509.9    910.9
     1     1    23     1    17    21     0     3    30.0   46.543  -96.709    513.6    909.2
     1     1    23     1    17    22     0     2    31.0   46.300  -96.646    504.7    909.8
     1     1    23     1    17    23     0     1    32.0   46.043  -96.585    488.6    912.0
     1     1    23     1    18     0     0     0    33.0   45.776  -96.541    473.1    911.3
     1     1    23     1    18     1     0     1    34.0   45.515  -96.519    467.7    909.1
     1     1    23     1    18     2     0     2    35.0   45.276  -96.522    478.8    904.7
     1     1    23     1    18     3     0     3    36.0   45.066  -96.555    511.3    897.5
     1     1    23     1    18     4     0     2    37.0   44.890  -96.593    550.5    888.7
     1     1    23     1    18     5     0     1    38.0   44.739  -96.619    582.6    884.7
     1     1    23     1    18     6     0     0    39.0   44.609  -96.635    616.9    881.1
     1     1    23     1    18     7     0     1    40.0   44.501  -96.650    637.6    875.9
     1     1    23     1    18     8     0     2    41.0   44.415  -96.677    618.9    877.5
     1     1    23     1    18     9     0     3    42.0   44.345  -96.727    559.0    883.6
     1     1    23     1    18    10     0     2    43.0   44.282  -96.810    498.6    894.0
     1     1    23     1    18    11     0     1    44.0   44.229  -96.924    472.4    896.2
     1     1    23     1    18    12     0     0    45.0   44.190  -97.060    480.0    896.1
     1     1    23     1    18    13     0     1    46.0   44.154  -97.222    499.2    893.8
     1     1    23     1    18    14     0     2    47.0   44.108  -97.427    505.0    896.4
     1     1    23     1    18    15     0     3    48.0   44.049  -97.673    496.3    901.2
     1     1    23     1    18    16     0     2    49.0   43.982  -97.948    485.8    907.7
     1     1    23     1    18    17     0     1    50.0   43.908  -98.242    480.7    904.1
     1     1    23     1    18    18     0     0    51.0   43.820  -98.570    474.6    898.6
     1     1    23     1    18    19     0     1    52.0   43.694  -98.928    463.9    892.5
     1     1    23     1    18    20     0     2    53.0   43.513  -99.285    458.0    889.2
     1     1    23     1    18    21     0     3    54.0   43.286  -99.613    472.3    881.5
     1     1    23     1    18    22     0     2    55.0   43.017  -99.930    522.6    867.9
     1     1    23     1    18    23     0     1    56.0   42.698 -100.282    604.6    847.8
     1     1    23     1    19     0     0     0    57.0   42.305 -100.657    719.5    827.0
     1     1    23     1    19     1     0     1    58.0   41.838 -101.026    865.2    800.1
     1     1    23     1    19     2     0     2    59.0   41.327 -101.321    994.3    784.1
     1     1    23     1    19     3     0     3    60.0   40.768 -101.511   1135.3    773.2
     1     1    23     1    19     4     0     2    61.0   40.158 -101.555   1268.3    755.9
     1     1    23     1    19     5     0     1    62.0   39.506 -101.429   1324.2    749.3
     1     1    23     1    19     6     0     0    63.0   38.798 -101.161   1292.1    757.1
     1     1    23     1    19     7     0     1    64.0   38.072 -100.756   1164.2    776.9
     1     1    23     1    19     8     0     2    65.0   37.398 -100.237   1008.9    811.2
     1     1    23     1    19     9     0     3    66.0   36.795  -99.657    780.8    841.8
     1     1    23     1    19    10     0     2    67.0   36.336  -99.101    601.2    885.3
     1     1    23     1    19    11     0     1    68.0   35.947  -98.573    539.8    894.4
     1     1    23     1    19    12     0     0    69.0   35.615  -98.052    466.9    913.7
     1     1    23     1    19    13     0     1    70.0   35.338  -97.544    381.0    931.3
     1     1    23     1    19    14     0     2    71.0   35.075  -97.054    326.6    938.6
     1     1    23     1    19    15     0     3    72.0   34.814  -96.611    296.5    948.8
     1     1    23     1    19    16     0     2    73.0   34.578  -96.235    266.4    959.5
     1     1    23     1    19    17     0     1    74.0   34.371  -95.911    227.8    969.0
     1     1    23     1    19    18     0     0    75.0   34.182  -95.624    185.0    975.8
     1     1    23     1    19    19     0     1    76.0   34.018  -95.367    147.4    983.0
     1     1    23     1    19    20     0     2    77.0   33.887  -95.130    120.0    986.3
     1     1    23     1    19    21     0     3    78.0   33.782  -94.910    100.9    989.1
     1     1    23     1    19    22     0     2    79.0   33.694  -94.711     88.9    991.3
     1     1    23     1    19    23     0     1    80.0   33.615  -94.536     82.8    992.8
     1     1    23     1    20     0     0     0    81.0   33.542  -94.386     81.6    993.8
     1     1    23     1    20     1     0     1    82.0   33.463  -94.253     79.6    994.8
     1     1    23     1    20     2     0     2    83.0   33.369  -94.132     71.6    997.6
     1     1    23     1    20     3     0     3    84.0   33.261  -94.022     58.3   1001.7
     1     1    23     1    20     4     0     2    85.0   33.152  -93.931     45.4   1005.3
     1     1    23     1    20     5     0     1    86.0   33.051  -93.867     36.4   1007.3
     1     1    23     1    20     6     0     0    87.0   32.954  -93.829     31.1   1008.5
     1     1    23     1    20     7     0     1    88.0   32.858  -93.815     27.5   1008.9
     1     1    23     1    20     8     0     2    89.0   32.763  -93.820     24.2   1009.4
     1     1    23     1    20     9     0     3    90.0   32.665  -93.845     21.4   1009.9
     1     1    23     1    20    10     0     2    91.0   32.572  -93.883     19.1   1010.3
     1     1    23     1    20    11     0     1    92.0   32.487  -93.933     17.3   1010.5
     1     1    23     1    20    12     0     0    93.0   32.413  -93.993     15.9   1010.7
     1     1    23     1    20    13     0     1    94.0   32.346  -94.064     14.9   1011.5
     1     1    23     1    20    14     0     2    95.0   32.283  -94.147     14.1   1012.1
     1     1    23     1    20    15     0     3    96.0   32.224  -94.245     13.3   1012.5
     1     1    23     1    20    16     0     2    97.0   32.171  -94.350     12.3   1012.0
     1     1    23     1    20    17     0     1    98.0   32.132  -94.455     11.2   1011.8
     1     1    23     1    20    18     0     0    99.0   32.113  -94.555     10.2   1011.9
     1     1    23     1    20    19     0     1   100.0   32.115  -94.655      9.5   1010.2
     1     1    23     1    20    20     0     2   101.0   32.134  -94.758      9.3   1008.4
     1     1    23     1    20    21     0     3   102.0   32.164  -94.868      9.2   1006.6
     1     1    23     1    20    22     0     2   103.0   32.197  -94.981      8.9   1006.0
     1     1    23     1    20    23     0     1   104.0   32.224  -95.090      8.0   1006.0
     1     1    23     1    21     0     0     0   105.0   32.242  -95.195      6.8   1005.9
     1     1    23     1    21     1     0     1   106.0   32.257  -95.305      5.9   1005.7
     1     1    23     1    21     2     0     2   107.0   32.274  -95.424      5.8   1005.5
     1     1    23     1    21     3     0     3   108.0   32.299  -95.548      6.1   1005.3
     1     1    23     1    21     4     0     2   109.0   32.330  -95.670      6.7   1005.2
     1     1    23     1    21     5     0     1   110.0   32.366  -95.788      7.6   1005.1
     1     1    23     1    21     6     0     0   111.0   32.405  -95.903      9.1   1005.0
     1     1    23     1    21     7     0     1   112.0   32.446  -96.019     11.3   1004.2
     1     1    23     1    21     8     0     2   113.0   32.491  -96.141     14.6   1002.1
     1     1    23     1    21     9     0     3   114.0   32.545  -96.270     18.9    999.6
     1     1    23     1    21    10     0     2   115.0   32.610  -96.402     24.0    997.1
     1     1    23     1    21    11     0     1   116.0   32.684  -96.528     29.8    995.1
     1     1    23     1    21    12     0     0   117.0   32.766  -96.639     36.6    993.5
     1     1    23     1    21    13     0     1   118.0   32.860  -96.736     44.5    992.3
     1     1    23     1    21    14     0     2   119.0   32.973  -96.825     54.1    991.2
     1     1    23     1    21    15     0     3   120.0   33.110  -96.910     67.6    989.0
