     8     1
    GDAS    22    12    22     0     0
    GDAS    22    12    29     0     0
    GDAS    23     1     1     0     0
    GDAS    23     1     8     0     0
    GDAS    23     1    15     0     0
    GDAS    23     1    22     0     0
    GDAS    23     1    29     0     0
    GDAS    23     2     1     0     0
     1 FORWARD  OMEGA   
    23     1    16    15   43.550 -105.507  1664.9
     1 PRESSURE
     1     1    23     1    16    15     0     3     0.0   43.550 -105.507   1664.9    677.2
     1     1    23     1    16    16     0     2     1.0   43.408 -105.191   1646.3    681.1
     1     1    23     1    16    17     0     1     2.0   43.303 -104.883   1637.0    684.0
     1     1    23     1    16    18     0     0     3.0   43.222 -104.579   1642.3    686.4
     1     1    23     1    16    19     0     1     4.0   43.137 -104.260   1655.3    688.6
     1     1    23     1    16    20     0     2     5.0   43.025 -103.904   1644.7    699.5
     1     1    23     1    16    21     0     3     6.0   42.900 -103.501   1590.0    714.0
     1     1    23     1    16    22     0     2     7.0   42.770 -103.068   1520.9    729.3
     1     1    23     1    16    23     0     1     8.0   42.629 -102.655   1467.3    732.7
     1     1    23     1    17     0     0     0     9.0   42.489 -102.285   1441.7    732.7
     1     1    23     1    17     1     0     1    10.0   42.355 -101.937   1432.2    732.0
     1     1    23     1    17     2     0     2    11.0   42.213 -101.586   1416.8    736.9
     1     1    23     1    17     3     0     3    12.0   42.052 -101.207   1353.1    745.6
     1     1    23     1    17     4     0     2    13.0   41.888 -100.825   1249.6    766.2
     1     1    23     1    17     5     0     1    14.0   41.729 -100.463   1145.1    784.0
     1     1    23     1    17     6     0     0    15.0   41.578 -100.123   1033.7    800.3
     1     1    23     1    17     7     0     1    16.0   41.427  -99.802    933.8    817.3
     1     1    23     1    17     8     0     2    17.0   41.264  -99.489    860.4    828.0
     1     1    23     1    17     9     0     3    18.0   41.092  -99.182    804.0    838.2
     1     1    23     1    17    10     0     2    19.0   40.924  -98.896    758.7    847.6
     1     1    23     1    17    11     0     1    20.0   40.762  -98.637    717.7    856.8
     1     1    23     1    17    12     0     0    21.0   40.600  -98.402    678.5    865.8
     1     1    23     1    17    13     0     1    22.0   40.434  -98.196    639.0    874.5
     1     1    23     1    17    14     0     2    23.0   40.265  -98.029    603.9    882.9
     1     1    23     1    17    15     0     3    24.0   40.098  -97.903    583.1    888.3
     1     1    23     1    17    16     0     2    25.0   39.951  -97.815    574.5    890.1
     1     1    23     1    17    17     0     1    26.0   39.838  -97.758    565.3    891.5
     1     1    23     1    17    18     0     0    27.0   39.764  -97.733    550.6    893.7
     1     1    23     1    17    19     0     1    28.0   39.713  -97.739    531.8    895.7
     1     1    23     1    17    20     0     2    29.0   39.666  -97.776    511.6    897.4
     1     1    23     1    17    21     0     3    30.0   39.625  -97.845    491.2    898.8
     1     1    23     1    17    22     0     2    31.0   39.587  -97.957    484.0    900.4
     1     1    23     1    17    23     0     1    32.0   39.558  -98.118    500.6    896.8
     1     1    23     1    18     0     0     0    33.0   39.542  -98.326    534.1    890.6
     1     1    23     1    18     1     0     1    34.0   39.550  -98.580    575.8    882.9
     1     1    23     1    18     2     0     2    35.0   39.589  -98.878    626.8    874.8
     1     1    23     1    18     3     0     3    36.0   39.666  -99.212    693.6    862.1
     1     1    23     1    18     4     0     2    37.0   39.794  -99.571    764.5    846.6
     1     1    23     1    18     5     0     1    38.0   39.969  -99.954    841.0    833.7
     1     1    23     1    18     6     0     0    39.0   40.176 -100.338    913.2    815.5
     1     1    23     1    18     7     0     1    40.0   40.405 -100.731    967.8    802.0
     1     1    23     1    18     8     0     2    41.0   40.645 -101.168   1003.6    790.5
     1     1    23     1    18     9     0     3    42.0   40.863 -101.630   1097.7    778.7
     1     1    23     1    18    10     0     2    43.0   41.065 -102.069   1308.2    747.1
     1     1    23     1    18    11     0     1    44.0   41.254 -102.479   1592.7    710.6
     1     1    23     1    18    12     0     0    45.0   41.410 -102.867   1912.1    676.7
     1     1    23     1    18    13     0     1    46.0   41.498 -103.228   2193.2    642.3
     1     1    23     1    18    14     0     2    47.0   41.501 -103.562   2380.5    624.1
     1     1    23     1    18    15     0     3    48.0   41.430 -103.887   2487.4    609.4
     1     1    23     1    18    16     0     2    49.0   41.278 -104.207   2546.8    596.6
     1     1    23     1    18    17     0     1    50.0   41.053 -104.532   2613.7    577.4
     1     1    23     1    18    18     0     0    51.0   40.754 -104.852   2732.7    565.4
     1     1    23     1    18    19     0     1    52.0   40.375 -105.087   2914.4    555.5
     1     1    23     1    18    20     0     2    53.0   39.937 -105.217   3175.4    531.1
     1     1    23     1    18    21     0     3    54.0   39.445 -105.282   3393.6    477.6
     1     1    23     1    18    22     0     2    55.0   38.923 -105.306   3517.2    442.9
     1     1    23     1    18    23     0     1    56.0   38.396 -105.235   3588.4    451.7
     1     1    23     1    19     0     0     0    57.0   37.858 -105.078   3474.0    461.6
     1     1    23     1    19     1     0     1    58.0   37.337 -104.866   3355.0    486.0
     1     1    23     1    19     2     0     2    59.0   36.862 -104.573   3449.5    489.3
     1     1    23     1    19     3     0     3    60.0   36.425 -104.206   3545.1    498.3
     1     1    23     1    19     4     0     2    61.0   36.032 -103.793   3501.0    523.9
     1     1    23     1    19     5     0     1    62.0   35.693 -103.305   3365.0    551.5
     1     1    23     1    19     6     0     0    63.0   35.389 -102.772   3134.6    578.5
     1     1    23     1    19     7     0     1    64.0   35.099 -102.238   2873.0    612.4
     1     1    23     1    19     8     0     2    65.0   34.825 -101.679   2637.5    642.5
     1     1    23     1    19     9     0     3    66.0   34.549 -101.118   2451.3    673.9
     1     1    23     1    19    10     0     2    67.0   34.292 -100.567   2359.7    696.7
     1     1    23     1    19    11     0     1    68.0   34.060 -100.015   2273.3    713.0
     1     1    23     1    19    12     0     0    69.0   33.806  -99.465   2083.2    740.9
     1     1    23     1    19    13     0     1    70.0   33.517  -98.920   1873.7    775.5
     1     1    23     1    19    14     0     2    71.0   33.234  -98.397   1723.3    792.4
     1     1    23     1    19    15     0     3    72.0   32.956  -97.897   1633.8    804.9
     1     1    23     1    19    16     0     2    73.0   32.683  -97.419   1567.9    816.4
     1     1    23     1    19    17     0     1    74.0   32.426  -96.986   1478.5    831.3
     1     1    23     1    19    18     0     0    75.0   32.191  -96.614   1355.7    846.8
     1     1    23     1    19    19     0     1    76.0   31.976  -96.307   1221.8    866.6
     1     1    23     1    19    20     0     2    77.0   31.782  -96.064   1104.2    883.8
     1     1    23     1    19    21     0     3    78.0   31.618  -95.881   1007.6    893.6
     1     1    23     1    19    22     0     2    79.0   31.472  -95.748    928.7    902.5
     1     1    23     1    19    23     0     1    80.0   31.326  -95.654    868.8    909.6
     1     1    23     1    20     0     0     0    81.0   31.178  -95.592    829.4    914.5
     1     1    23     1    20     1     0     1    82.0   31.039  -95.562    791.0    917.3
     1     1    23     1    20     2     0     2    83.0   30.917  -95.568    733.7    924.3
     1     1    23     1    20     3     0     3    84.0   30.809  -95.610    660.8    933.9
     1     1    23     1    20     4     0     2    85.0   30.707  -95.687    595.1    943.5
     1     1    23     1    20     5     0     1    86.0   30.607  -95.792    551.3    947.9
     1     1    23     1    20     6     0     0    87.0   30.518  -95.921    522.9    950.4
     1     1    23     1    20     7     0     1    88.0   30.443  -96.077    500.9    951.5
     1     1    23     1    20     8     0     2    89.0   30.379  -96.263    481.7    953.3
     1     1    23     1    20     9     0     3    90.0   30.329  -96.481    469.0    954.4
     1     1    23     1    20    10     0     2    91.0   30.285  -96.726    468.2    954.6
     1     1    23     1    20    11     0     1    92.0   30.243  -96.991    482.8    952.6
     1     1    23     1    20    12     0     0    93.0   30.208  -97.266    512.0    943.7
     1     1    23     1    20    13     0     1    94.0   30.192  -97.544    549.0    933.2
     1     1    23     1    20    14     0     2    95.0   30.203  -97.828    578.9    923.3
     1     1    23     1    20    15     0     3    96.0   30.247  -98.122    591.7    914.7
     1     1    23     1    20    16     0     2    97.0   30.340  -98.416    605.0    907.3
     1     1    23     1    20    17     0     1    98.0   30.497  -98.695    632.8    896.5
     1     1    23     1    20    18     0     0    99.0   30.715  -98.947    662.7    885.9
     1     1    23     1    20    19     0     1   100.0   30.971  -99.164    683.2    878.9
     1     1    23     1    20    20     0     2   101.0   31.231  -99.350    701.1    876.6
     1     1    23     1    20    21     0     3   102.0   31.499  -99.509    725.6    872.3
     1     1    23     1    20    22     0     2   103.0   31.790  -99.658    754.3    869.0
     1     1    23     1    20    23     0     1   104.0   32.115  -99.806    770.4    865.7
     1     1    23     1    21     0     0     0   105.0   32.462  -99.969    751.4    869.0
     1     1    23     1    21     1     0     1   106.0   32.841 -100.155    729.6    876.1
     1     1    23     1    21     2     0     2   107.0   33.272 -100.331    735.1    869.6
     1     1    23     1    21     3     0     3   108.0   33.749 -100.489    777.7    856.3
     1     1    23     1    21     4     0     2   109.0   34.264 -100.600    850.0    840.1
     1     1    23     1    21     5     0     1   110.0   34.809 -100.683    943.6    827.1
     1     1    23     1    21     6     0     0   111.0   35.397 -100.740   1204.3    810.7
     1     1    23     1    21     7     0     1   112.0   35.963 -100.607   1743.6    750.5
     1     1    23     1    21     8     0     2   113.0   36.499 -100.376   2269.3    693.8
     1     1    23     1    21     9     0     3   114.0   37.060 -100.201   2723.3    660.4
     1     1    23     1    21    10     0     2   115.0   37.593 -100.021   3130.4    622.4
     1     1    23     1    21    11     0     1   116.0   38.074  -99.795   3625.9    592.8
     1     1    23     1    21    12     0     0   117.0   38.546  -99.584   4332.0    540.3
     1     1    23     1    21    13     0     1   118.0   39.020  -99.423   5240.3    482.6
     1     1    23     1    21    14     0     2   119.0   39.549  -99.270   6151.9    409.2
     1     1    23     1    21    15     0     3   120.0   40.172  -99.043   6720.6    372.7
