     8     1
    GDAS    22    12    22     0     0
    GDAS    22    12    29     0     0
    GDAS    23     1     1     0     0
    GDAS    23     1     8     0     0
    GDAS    23     1    15     0     0
    GDAS    23     1    22     0     0
    GDAS    23     1    29     0     0
    GDAS    23     2     1     0     0
     1 FORWARD  OMEGA   
    22    12    29    15   33.291 -123.350    29.5
     1 PRESSURE
     1     1    22    12    29    15     0     3     0.0   33.291 -123.350     29.5   1008.9
     1     1    22    12    29    16     0     2     1.0   33.310 -123.056     32.8   1009.6
     1     1    22    12    29    17     0     1     2.0   33.322 -122.786     36.0   1010.2
     1     1    22    12    29    18     0     0     3.0   33.320 -122.539     38.1   1010.9
     1     1    22    12    29    19     0     1     4.0   33.303 -122.301     38.4   1010.7
     1     1    22    12    29    20     0     2     5.0   33.283 -122.073     37.2   1010.8
     1     1    22    12    29    21     0     3     6.0   33.258 -121.863     36.0   1011.0
     1     1    22    12    29    22     0     2     7.0   33.231 -121.665     36.1   1010.9
     1     1    22    12    29    23     0     1     8.0   33.205 -121.471     37.7   1010.6
     1     1    22    12    30     0     0     0     9.0   33.173 -121.279     39.5   1010.3
     1     1    22    12    30     1     0     1    10.0   33.130 -121.094     41.9   1010.3
     1     1    22    12    30     2     0     2    11.0   33.077 -120.919     46.1   1010.0
     1     1    22    12    30     3     0     3    12.0   33.011 -120.752     51.3   1009.6
     1     1    22    12    30     4     0     2    13.0   32.935 -120.590     55.3   1010.1
     1     1    22    12    30     5     0     1    14.0   32.854 -120.430     57.4   1010.8
     1     1    22    12    30     6     0     0    15.0   32.772 -120.273     58.5   1011.6
     1     1    22    12    30     7     0     1    16.0   32.692 -120.118     58.0   1011.6
     1     1    22    12    30     8     0     2    17.0   32.615 -119.969     55.0   1012.2
     1     1    22    12    30     9     0     3    18.0   32.542 -119.824     51.2   1012.7
     1     1    22    12    30    10     0     2    19.0   32.467 -119.681     49.0   1012.5
     1     1    22    12    30    11     0     1    20.0   32.382 -119.540     48.6   1012.0
     1     1    22    12    30    12     0     0    21.0   32.287 -119.401     49.1   1011.4
     1     1    22    12    30    13     0     1    22.0   32.186 -119.270     50.4   1012.0
     1     1    22    12    30    14     0     2    23.0   32.087 -119.153     53.4   1012.5
     1     1    22    12    30    15     0     3    24.0   31.983 -119.055     59.5   1012.7
     1     1    22    12    30    16     0     2    25.0   31.881 -118.963     63.8   1011.4
     1     1    22    12    30    17     0     1    26.0   31.792 -118.863     60.6   1012.2
     1     1    22    12    30    18     0     0    27.0   31.714 -118.759     53.0   1013.9
     1     1    22    12    30    19     0     1    28.0   31.637 -118.649     45.6   1014.5
     1     1    22    12    30    20     0     2    29.0   31.549 -118.535     40.0   1014.4
     1     1    22    12    30    21     0     3    30.0   31.454 -118.418     34.5   1014.1
     1     1    22    12    30    22     0     2    31.0   31.354 -118.311     29.5   1014.1
     1     1    22    12    30    23     0     1    32.0   31.253 -118.218     25.9   1014.1
     1     1    22    12    31     0     0     0    33.0   31.152 -118.140     23.7   1014.1
     1     1    22    12    31     1     0     1    34.0   31.050 -118.071     22.0   1015.4
     1     1    22    12    31     2     0     2    35.0   30.943 -118.007     19.6   1016.9
     1     1    22    12    31     3     0     3    36.0   30.828 -117.941     17.0   1018.4
     1     1    22    12    31     4     0     2    37.0   30.710 -117.877     15.0   1018.6
     1     1    22    12    31     5     0     1    38.0   30.595 -117.819     13.6   1018.6
     1     1    22    12    31     6     0     0    39.0   30.483 -117.768     12.5   1018.6
     1     1    22    12    31     7     0     1    40.0   30.371 -117.718     11.5   1017.7
     1     1    22    12    31     8     0     2    41.0   30.254 -117.664     10.5   1017.0
     1     1    22    12    31     9     0     3    42.0   30.133 -117.607      9.5   1016.3
     1     1    22    12    31    10     0     2    43.0   30.007 -117.546      8.7   1016.3
     1     1    22    12    31    11     0     1    44.0   29.871 -117.481      8.0   1016.3
     1     1    22    12    31    12     0     0    45.0   29.726 -117.414      7.4   1016.3
     1     1    22    12    31    13     0     1    46.0   29.581 -117.344      6.6   1016.2
     1     1    22    12    31    14     0     2    47.0   29.444 -117.270      5.6   1016.1
     1     1    22    12    31    15     0     3    48.0   29.314 -117.195      4.3   1016.0
     1     1    22    12    31    16     0     2    49.0   29.194 -117.115      2.8   1016.1
     1     1    22    12    31    17     0     1    50.0   29.085 -117.026      1.4   1016.0
     1     1    22    12    31    18     0     0    51.0   28.989 -116.931      0.3   1016.0
     1     1    22    12    31    19     0     1    52.0   28.904 -116.826      0.0   1016.3
     1     1    22    12    31    20     0     2    53.0   28.824 -116.708      0.4   1016.3
     1     1    22    12    31    21     0     3    54.0   28.748 -116.576      1.6   1016.3
     1     1    22    12    31    22     0     2    55.0   28.672 -116.439      2.8   1015.5
     1     1    22    12    31    23     0     1    56.0   28.598 -116.303      3.5   1014.6
     1     1    23     1     1     0     0     0    57.0   28.524 -116.169      3.9   1013.6
     1     1    23     1     1     1     0     1    58.0   28.453 -116.034      4.0   1013.5
     1     1    23     1     1     2     0     2    59.0   28.393 -115.902      3.9   1013.7
     1     1    23     1     1     3     0     3    60.0   28.346 -115.772      3.7   1013.8
     1     1    23     1     1     4     0     2    61.0   28.314 -115.648      3.4   1014.1
     1     1    23     1     1     5     0     1    62.0   28.300 -115.529      3.2   1014.3
     1     1    23     1     1     6     0     0    63.0   28.305 -115.412      3.1   1014.5
     1     1    23     1     1     7     0     1    64.0   28.324 -115.288      3.1   1014.2
     1     1    23     1     1     8     0     2    65.0   28.348 -115.149      3.3   1013.8
     1     1    23     1     1     9     0     3    66.0   28.371 -114.994      3.8   1013.3
     1     1    23     1     1    10     0     2    67.0   28.401 -114.838      4.3   1009.5
     1     1    23     1     1    11     0     1    68.0   28.454 -114.696      4.8   1005.5
     1     1    23     1     1    12     0     0    69.0   28.531 -114.564      5.9   1000.9
     1     1    23     1     1    13     0     1    70.0   28.636 -114.438      8.3    995.5
     1     1    23     1     1    14     0     2    71.0   28.777 -114.311     14.3    987.5
     1     1    23     1     1    15     0     3    72.0   28.967 -114.176     37.7    974.4
     1     1    23     1     1    16     0     2    73.0   29.218 -113.992    126.9    968.7
     1     1    23     1     1    17     0     1    74.0   29.519 -113.709    319.6    962.5
     1     1    23     1     1    18     0     0    75.0   29.848 -113.322    534.2    949.2
     1     1    23     1     1    19     0     1    76.0   30.222 -112.890    744.2    916.3
     1     1    23     1     1    20     0     2    77.0   30.625 -112.446   1048.9    867.7
     1     1    23     1     1    21     0     3    78.0   31.134 -111.859   2409.0    770.2
     1     1    23     1     1    22     0     2    79.0   31.883 -111.137   4140.6    454.8
     1     1    23     1     1    23     0     1    80.0   32.722 -110.419   4581.4    497.3
     1     1    23     1     2     0     0     0    81.0   33.556 -109.830   5129.5    425.4
     1     1    23     1     2     1     0     1    82.0   34.540 -109.268   5422.1    380.3
     1     1    23     1     2     2     0     2    83.0   35.631 -108.905   5798.0    351.6
     1     1    23     1     2     3     0     3    84.0   36.581 -108.698   6161.9    351.3
     1     1    23     1     2     4     0     2    85.0   37.462 -108.673   6453.2    329.7
     1     1    23     1     2     5     0     1    86.0   38.348 -108.688   6492.8    316.7
     1     1    23     1     2     6     0     0    87.0   39.151 -108.685   6798.3    311.5
     1     1    23     1     2     7     0     1    88.0   39.920 -108.771   7238.0    299.4
     1     1    23     1     2     8     0     2    89.0   40.639 -108.864   7419.3    278.0
     1     1    23     1     2     9     0     3    90.0   41.330 -108.877   7447.6    269.7
     1     1    23     1     2    10     0     2    91.0   41.977 -108.802   7531.9    271.3
     1     1    23     1     2    11     0     1    92.0   42.549 -108.616   7637.4    269.8
     1     1    23     1     2    12     0     0    93.0   43.047 -108.369   7672.5    277.6
     1     1    23     1     2    13     0     1    94.0   43.485 -108.097   7681.0    291.4
     1     1    23     1     2    14     0     2    95.0   43.884 -107.808   7609.1    296.3
     1     1    23     1     2    15     0     3    96.0   44.252 -107.474   7421.0    291.4
     1     1    23     1     2    16     0     2    97.0   44.592 -107.097   7345.3    301.0
     1     1    23     1     2    17     0     1    98.0   44.909 -106.705   7377.4    317.5
     1     1    23     1     2    18     0     0    99.0   45.173 -106.357   7288.4    327.7
     1     1    23     1     2    19     0     1   100.0   45.350 -106.088   7143.4    339.7
     1     1    23     1     2    20     0     2   101.0   45.448 -105.902   7009.4    350.1
     1     1    23     1     2    21     0     3   102.0   45.484 -105.841   6932.3    355.1
     1     1    23     1     2    22     0     2   103.0   45.470 -105.899   6918.8    354.9
     1     1    23     1     2    23     0     1   104.0   45.416 -106.026   6947.2    352.2
     1     1    23     1     3     0     0     0   105.0   45.325 -106.197   7006.3    346.5
     1     1    23     1     3     1     0     1   106.0   45.218 -106.394   7096.4    338.9
     1     1    23     1     3     2     0     2   107.0   45.107 -106.622   7218.2    330.2
     1     1    23     1     3     3     0     3   108.0   44.981 -106.879   7360.2    319.5
     1     1    23     1     3     4     0     2   109.0   44.831 -107.248   7375.2    301.9
     1     1    23     1     3     5     0     1   110.0   44.681 -107.760   7273.0    296.7
     1     1    23     1     3     6     0     0   111.0   44.560 -108.305   7120.2    307.2
     1     1    23     1     3     7     0     1   112.0   44.488 -108.778   6940.9    316.5
     1     1    23     1     3     8     0     2   113.0   44.454 -109.177   6760.2    313.4
     1     1    23     1     3     9     0     3   114.0   44.452 -109.542   6584.9    304.9
     1     1    23     1     3    10     0     2   115.0   44.466 -109.862   6449.7    296.1
     1     1    23     1     3    11     0     1   116.0   44.480 -110.133   6392.8    295.1
     1     1    23     1     3    12     0     0   117.0   44.494 -110.375   6391.3    300.4
     1     1    23     1     3    13     0     1   118.0   44.509 -110.580   6398.5    305.1
     1     1    23     1     3    14     0     2   119.0   44.526 -110.747   6429.5    307.0
     1     1    23     1     3    15     0     3   120.0   44.544 -110.891   6487.8    307.1
