     8     1
    GDAS    22    12    22     0     0
    GDAS    22    12    29     0     0
    GDAS    23     1     1     0     0
    GDAS    23     1     8     0     0
    GDAS    23     1    15     0     0
    GDAS    23     1    22     0     0
    GDAS    23     1    29     0     0
    GDAS    23     2     1     0     0
     1 FORWARD  OMEGA   
    22    12    29    11   46.074 -148.616  6494.7
     1 PRESSURE
     1     1    22    12    29    11     0     1     0.0   46.074 -148.616   6494.7    421.4
     1     1    22    12    29    12     0     0     1.0   46.438 -147.571   6494.1    419.8
     1     1    22    12    29    13     0     1     2.0   46.826 -146.762   6469.0    422.9
     1     1    22    12    29    14     0     2     3.0   47.121 -146.044   6519.8    419.3
     1     1    22    12    29    15     0     3     4.0   47.399 -145.276   6636.1    411.1
     1     1    22    12    29    16     0     2     5.0   47.668 -144.597   6721.5    405.3
     1     1    22    12    29    17     0     1     6.0   47.872 -143.953   6711.3    404.4
     1     1    22    12    29    18     0     0     7.0   48.035 -143.363   6704.2    409.4
     1     1    22    12    29    19     0     1     8.0   48.217 -142.809   6744.8    405.2
     1     1    22    12    29    20     0     2     9.0   48.425 -142.265   6765.4    401.9
     1     1    22    12    29    21     0     3    10.0   48.622 -141.745   6728.6    404.2
     1     1    22    12    29    22     0     2    11.0   48.794 -141.282   6672.2    409.2
     1     1    22    12    29    23     0     1    12.0   48.952 -140.873   6626.2    411.7
     1     1    22    12    30     0     0     0    13.0   49.108 -140.479   6608.4    413.8
     1     1    22    12    30     1     0     1    14.0   49.264 -140.094   6644.6    411.9
     1     1    22    12    30     2     0     2    15.0   49.425 -139.739   6716.1    406.8
     1     1    22    12    30     3     0     3    16.0   49.615 -139.432   6811.6    401.4
     1     1    22    12    30     4     0     2    17.0   49.824 -139.186   6923.6    394.1
     1     1    22    12    30     5     0     1    18.0   49.980 -138.931   7011.1    387.8
     1     1    22    12    30     6     0     0    19.0   50.059 -138.628   7043.7    385.1
     1     1    22    12    30     7     0     1    20.0   50.099 -138.342   7048.2    387.1
     1     1    22    12    30     8     0     2    21.0   50.119 -138.106   7062.9    386.8
     1     1    22    12    30     9     0     3    22.0   50.099 -137.896   7095.8    385.1
     1     1    22    12    30    10     0     2    23.0   50.062 -137.694   7133.9    382.2
     1     1    22    12    30    11     0     1    24.0   50.043 -137.509   7165.7    380.7
     1     1    22    12    30    12     0     0    25.0   50.041 -137.345   7196.9    379.2
     1     1    22    12    30    13     0     1    26.0   50.048 -137.177   7220.8    377.3
     1     1    22    12    30    14     0     2    27.0   50.056 -136.986   7221.4    376.9
     1     1    22    12    30    15     0     3    28.0   50.060 -136.766   7212.0    378.4
     1     1    22    12    30    16     0     2    29.0   50.074 -136.511   7226.7    378.7
     1     1    22    12    30    17     0     1    30.0   50.112 -136.222   7263.8    376.0
     1     1    22    12    30    18     0     0    31.0   50.167 -135.908   7293.4    373.8
     1     1    22    12    30    19     0     1    32.0   50.220 -135.598   7304.2    373.6
     1     1    22    12    30    20     0     2    33.0   50.256 -135.302   7306.5    373.9
     1     1    22    12    30    21     0     3    34.0   50.283 -135.014   7306.1    374.2
     1     1    22    12    30    22     0     2    35.0   50.303 -134.753   7312.7    374.2
     1     1    22    12    30    23     0     1    36.0   50.316 -134.536   7332.4    373.1
     1     1    22    12    31     0     0     0    37.0   50.328 -134.359   7364.0    371.2
     1     1    22    12    31     1     0     1    38.0   50.346 -134.195   7393.9    369.0
     1     1    22    12    31     2     0     2    39.0   50.381 -134.029   7407.2    368.1
     1     1    22    12    31     3     0     3    40.0   50.437 -133.866   7399.1    368.6
     1     1    22    12    31     4     0     2    41.0   50.499 -133.676   7383.2    370.4
     1     1    22    12    31     5     0     1    42.0   50.554 -133.438   7377.2    371.0
     1     1    22    12    31     6     0     0    43.0   50.611 -133.167   7385.5    370.8
     1     1    22    12    31     7     0     1    44.0   50.662 -132.874   7414.0    369.7
     1     1    22    12    31     8     0     2    45.0   50.692 -132.561   7451.6    367.1
     1     1    22    12    31     9     0     3    46.0   50.704 -132.235   7469.8    365.5
     1     1    22    12    31    10     0     2    47.0   50.696 -131.885   7470.0    366.8
     1     1    22    12    31    11     0     1    48.0   50.661 -131.488   7473.3    367.1
     1     1    22    12    31    12     0     0    49.0   50.609 -131.058   7469.1    367.0
     1     1    22    12    31    13     0     1    50.0   50.529 -130.587   7452.5    368.8
     1     1    22    12    31    14     0     2    51.0   50.421 -130.064   7434.6    370.3
     1     1    22    12    31    15     0     3    52.0   50.306 -129.531   7426.8    371.6
     1     1    22    12    31    16     0     2    53.0   50.173 -128.999   7448.7    371.6
     1     1    22    12    31    17     0     1    54.0   49.993 -128.446   7450.3    368.5
     1     1    22    12    31    18     0     0    55.0   49.780 -127.894   7367.8    372.6
     1     1    22    12    31    19     0     1    56.0   49.518 -127.361   7307.3    377.6
     1     1    22    12    31    20     0     2    57.0   49.175 -126.839   7381.7    373.5
     1     1    22    12    31    21     0     3    58.0   48.797 -126.290   7436.1    370.4
     1     1    22    12    31    22     0     2    59.0   48.379 -125.743   7388.8    374.2
     1     1    22    12    31    23     0     1    60.0   47.893 -125.283   7351.4    379.9
     1     1    23     1     1     0     0     0    61.0   47.365 -124.880   7281.9    380.7
     1     1    23     1     1     1     0     1    62.0   46.776 -124.468   7196.5    388.5
     1     1    23     1     1     2     0     2    63.0   46.163 -124.073   7088.7    395.2
     1     1    23     1     1     3     0     3    64.0   45.580 -123.727   6967.0    399.0
     1     1    23     1     1     4     0     2    65.0   44.962 -123.398   6848.4    401.7
     1     1    23     1     1     5     0     1    66.0   44.298 -123.128   6640.5    410.4
     1     1    23     1     1     6     0     0    67.0   43.631 -122.904   6376.9    413.8
     1     1    23     1     1     7     0     1    68.0   42.952 -122.662   6118.5    394.0
     1     1    23     1     1     8     0     2    69.0   42.278 -122.425   5913.6    387.6
     1     1    23     1     1     9     0     3    70.0   41.646 -122.201   5786.8    402.0
     1     1    23     1     1    10     0     2    71.0   41.025 -121.993   5688.7    423.0
     1     1    23     1     1    11     0     1    72.0   40.396 -121.840   5455.7    455.8
     1     1    23     1     1    12     0     0    73.0   39.815 -121.730   5106.8    498.8
     1     1    23     1     1    13     0     1    74.0   39.272 -121.619   4849.3    530.1
     1     1    23     1     1    14     0     2    75.0   38.696 -121.494   4679.6    541.6
     1     1    23     1     1    15     0     3    76.0   38.073 -121.324   4533.9    562.9
     1     1    23     1     1    16     0     2    77.0   37.407 -121.073   4435.7    567.2
     1     1    23     1     1    17     0     1    78.0   36.678 -120.734   4314.5    565.2
     1     1    23     1     1    18     0     0    79.0   35.948 -120.339   4196.3    581.8
     1     1    23     1     1    19     0     1    80.0   35.211 -119.850   4154.1    559.2
     1     1    23     1     1    20     0     2    81.0   34.456 -119.232   4127.0    578.7
     1     1    23     1     1    21     0     3    82.0   33.795 -118.586   4113.6    605.0
     1     1    23     1     1    22     0     2    83.0   33.210 -117.902   4080.4    595.8
     1     1    23     1     1    23     0     1    84.0   32.733 -117.158   4023.4    597.4
     1     1    23     1     2     0     0     0    85.0   32.283 -116.318   3729.5    568.3
     1     1    23     1     2     1     0     1    86.0   31.832 -115.434   2696.4    692.7
     1     1    23     1     2     2     0     2    87.0   31.631 -114.866   2426.5    740.6
     1     1    23     1     2     3     0     3    88.0   31.511 -114.461   2427.1    740.2
     1     1    23     1     2     4     0     2    89.0   31.405 -114.129   2450.6    740.4
     1     1    23     1     2     5     0     1    90.0   31.290 -113.817   2432.1    741.1
     1     1    23     1     2     6     0     0    91.0   31.167 -113.549   2338.8    752.2
     1     1    23     1     2     7     0     1    92.0   31.055 -113.355   2244.9    770.6
     1     1    23     1     2     8     0     2    93.0   30.979 -113.165   2240.7    774.2
     1     1    23     1     2     9     0     3    94.0   30.931 -112.911   2342.1    759.7
     1     1    23     1     2    10     0     2    95.0   30.896 -112.521   2388.1    721.9
     1     1    23     1     2    11     0     1    96.0   30.877 -112.042   2290.1    705.0
     1     1    23     1     2    12     0     0    97.0   30.911 -111.485   2191.7    696.6
     1     1    23     1     2    13     0     1    98.0   31.029 -110.785   2214.1    656.5
     1     1    23     1     2    14     0     2    99.0   31.180 -109.954   2216.9    627.9
     1     1    23     1     2    15     0     3   100.0   31.382 -109.099   2147.2    636.4
     1     1    23     1     2    16     0     2   101.0   31.629 -108.286   2209.4    645.4
     1     1    23     1     2    17     0     1   102.0   31.893 -107.493   2115.8    656.8
     1     1    23     1     2    18     0     0   103.0   32.151 -106.648   1762.9    693.4
     1     1    23     1     2    19     0     1   104.0   32.365 -105.720   1929.4    667.8
     1     1    23     1     2    20     0     2   105.0   32.633 -104.761   2116.4    653.1
     1     1    23     1     2    21     0     3   106.0   32.801 -103.880   2050.8    682.2
     1     1    23     1     2    22     0     2   107.0   32.961 -102.994   1734.8    710.4
     1     1    23     1     2    23     0     1   108.0   33.132 -102.154   1308.4    760.7
     1     1    23     1     3     0     0     0   109.0   33.251 -101.329    790.8    830.9
     1     1    23     1     3     1     0     1   110.0   33.324 -100.516    424.0    890.6
     1     1    23     1     3     2     0     2   111.0   33.342  -99.857    257.0    923.5
     1     1    23     1     3     3     0     3   112.0   33.351  -99.337    189.3    940.1
     1     1    23     1     3     4     0     2   113.0   33.362  -98.883    166.3    946.3
     1     1    23     1     3     5     0     1   114.0   33.384  -98.451    159.5    947.6
     1     1    23     1     3     6     0     0   115.0   33.420  -98.048    147.6    952.6
     1     1    23     1     3     7     0     1   116.0   33.463  -97.680    135.1    960.0
     1     1    23     1     3     8     0     2   117.0   33.499  -97.346    123.9    966.0
     1     1    23     1     3     9     0     3   118.0   33.525  -97.047    113.0    971.4
     1     1    23     1     3    10     0     2   119.0   33.546  -96.769    103.6    974.2
     1     1    23     1     3    11     0     1   120.0   33.564  -96.497     96.5    976.0
