     8     1
    GDAS    22    12    22     0     0
    GDAS    22    12    29     0     0
    GDAS    23     1     1     0     0
    GDAS    23     1     8     0     0
    GDAS    23     1    15     0     0
    GDAS    23     1    22     0     0
    GDAS    23     1    29     0     0
    GDAS    23     2     1     0     0
     1 BACKWARD OMEGA   
    23     1    25    17   32.000  -96.000  1500.0
     1 PRESSURE
     1     1    23     1    25    17     0     1     0.0   32.000  -96.000   1500.0    837.1
     1     1    23     1    25    16     0     2    -1.0   32.235  -96.362   1519.9    827.9
     1     1    23     1    25    15     0     3    -2.0   32.490  -96.709   1526.4    824.9
     1     1    23     1    25    14     0     2    -3.0   32.761  -97.039   1530.0    823.0
     1     1    23     1    25    13     0     1    -4.0   33.047  -97.365   1541.9    817.7
     1     1    23     1    25    12     0     0    -5.0   33.348  -97.692   1585.5    807.5
     1     1    23     1    25    11     0     1    -6.0   33.651  -98.003   1659.7    796.0
     1     1    23     1    25    10     0     2    -7.0   33.955  -98.288   1745.6    786.0
     1     1    23     1    25     9     0     3    -8.0   34.266  -98.544   1794.6    773.7
     1     1    23     1    25     8     0     2    -9.0   34.582  -98.761   1816.5    770.6
     1     1    23     1    25     7     0     1   -10.0   34.895  -98.940   1901.4    761.1
     1     1    23     1    25     6     0     0   -11.0   35.201  -99.092   2063.0    736.7
     1     1    23     1    25     5     0     1   -12.0   35.502  -99.220   2184.5    712.4
     1     1    23     1    25     4     0     2   -13.0   35.802  -99.313   2206.5    708.7
     1     1    23     1    25     3     0     3   -14.0   36.097  -99.371   2171.2    711.0
     1     1    23     1    25     2     0     2   -15.0   36.368  -99.414   2121.3    719.3
     1     1    23     1    25     1     0     1   -16.0   36.611  -99.460   2075.3    723.6
     1     1    23     1    25     0     0     0   -17.0   36.840  -99.505   2013.7    729.4
     1     1    23     1    24    23     0     1   -18.0   37.032  -99.539   1957.1    738.2
     1     1    23     1    24    22     0     2   -19.0   37.155  -99.560   1935.1    739.1
     1     1    23     1    24    21     0     3   -20.0   37.211  -99.575   1946.6    736.8
     1     1    23     1    24    20     0     2   -21.0   37.207  -99.582   1964.8    733.4
     1     1    23     1    24    19     0     1   -22.0   37.149  -99.576   1964.9    734.8
     1     1    23     1    24    18     0     0   -23.0   37.032  -99.559   1949.0    738.3
     1     1    23     1    24    17     0     1   -24.0   36.864  -99.521   1956.1    741.7
     1     1    23     1    24    16     0     2   -25.0   36.653  -99.455   2027.9    735.4
     1     1    23     1    24    15     0     3   -26.0   36.384  -99.391   2187.6    721.6
     1     1    23     1    24    14     0     2   -27.0   36.063  -99.359   2325.5    696.3
     1     1    23     1    24    13     0     1   -28.0   35.707  -99.312   2304.8    699.9
     1     1    23     1    24    12     0     0   -29.0   35.317  -99.174   2177.8    724.4
     1     1    23     1    24    11     0     1   -30.0   34.925  -98.967   2088.0    745.4
     1     1    23     1    24    10     0     2   -31.0   34.544  -98.785   2017.7    753.7
     1     1    23     1    24     9     0     3   -32.0   34.174  -98.628   1945.6    770.2
     1     1    23     1    24     8     0     2   -33.0   33.807  -98.498   1897.1    777.1
     1     1    23     1    24     7     0     1   -34.0   33.434  -98.405   1858.2    778.9
     1     1    23     1    24     6     0     0   -35.0   33.058  -98.328   1804.9    780.9
     1     1    23     1    24     5     0     1   -36.0   32.680  -98.248   1744.1    788.6
     1     1    23     1    24     4     0     2   -37.0   32.285  -98.178   1700.4    794.0
     1     1    23     1    24     3     0     3   -38.0   31.878  -98.129   1676.8    796.8
     1     1    23     1    24     2     0     2   -39.0   31.471  -98.086   1653.4    797.7
     1     1    23     1    24     1     0     1   -40.0   31.080  -98.026   1596.4    802.7
     1     1    23     1    24     0     0     0   -41.0   30.720  -97.936   1511.5    816.8
     1     1    23     1    23    23     0     1   -42.0   30.409  -97.814   1445.7    830.8
     1     1    23     1    23    22     0     2   -43.0   30.143  -97.682   1414.3    837.0
     1     1    23     1    23    21     0     3   -44.0   29.917  -97.550   1395.9    842.7
     1     1    23     1    23    20     0     2   -45.0   29.736  -97.419   1384.7    849.9
     1     1    23     1    23    19     0     1   -46.0   29.606  -97.292   1386.6    854.6
     1     1    23     1    23    18     0     0   -47.0   29.522  -97.173   1407.8    856.3
     1     1    23     1    23    17     0     1   -48.0   29.483  -97.072   1437.6    853.7
     1     1    23     1    23    16     0     2   -49.0   29.483  -96.995   1462.7    852.0
     1     1    23     1    23    15     0     3   -50.0   29.518  -96.941   1487.5    849.7
     1     1    23     1    23    14     0     2   -51.0   29.575  -96.915   1518.6    845.4
     1     1    23     1    23    13     0     1   -52.0   29.645  -96.919   1545.3    840.4
     1     1    23     1    23    12     0     0   -53.0   29.728  -96.949   1548.6    837.8
     1     1    23     1    23    11     0     1   -54.0   29.826  -97.000   1529.0    839.5
     1     1    23     1    23    10     0     2   -55.0   29.945  -97.076   1497.3    840.1
     1     1    23     1    23     9     0     3   -56.0   30.080  -97.175   1466.1    840.5
     1     1    23     1    23     8     0     2   -57.0   30.220  -97.297   1475.7    839.3
     1     1    23     1    23     7     0     1   -58.0   30.349  -97.472   1544.2    826.7
     1     1    23     1    23     6     0     0   -59.0   30.461  -97.712   1645.6    809.9
     1     1    23     1    23     5     0     1   -60.0   30.565  -98.006   1734.3    791.1
     1     1    23     1    23     4     0     2   -61.0   30.678  -98.314   1791.1    779.7
     1     1    23     1    23     3     0     3   -62.0   30.814  -98.617   1843.2    768.7
     1     1    23     1    23     2     0     2   -63.0   30.995  -98.935   1926.9    756.2
     1     1    23     1    23     1     0     1   -64.0   31.225  -99.296   2043.3    738.5
     1     1    23     1    23     0     0     0   -65.0   31.495  -99.693   2155.2    724.4
     1     1    23     1    22    23     0     1   -66.0   31.805 -100.134   2265.9    710.8
     1     1    23     1    22    22     0     2   -67.0   32.132 -100.617   2373.3    696.5
     1     1    23     1    22    21     0     3   -68.0   32.470 -101.138   2484.6    680.8
     1     1    23     1    22    20     0     2   -69.0   32.822 -101.688   2608.1    661.1
     1     1    23     1    22    19     0     1   -70.0   33.194 -102.242   2725.4    639.0
     1     1    23     1    22    18     0     0   -71.0   33.607 -102.781   2806.9    617.7
     1     1    23     1    22    17     0     1   -72.0   34.046 -103.291   2845.8    605.5
     1     1    23     1    22    16     0     2   -73.0   34.517 -103.766   2869.0    598.3
     1     1    23     1    22    15     0     3   -74.0   35.039 -104.187   2875.9    585.7
     1     1    23     1    22    14     0     2   -75.0   35.629 -104.551   2894.5    563.1
     1     1    23     1    22    13     0     1   -76.0   36.341 -104.853   3009.1    524.2
     1     1    23     1    22    12     0     0   -77.0   37.169 -105.056   3215.1    484.8
     1     1    23     1    22    11     0     1   -78.0   38.029 -105.153   3407.0    476.9
     1     1    23     1    22    10     0     2   -79.0   38.912 -105.150   3423.6    463.1
     1     1    23     1    22     9     0     3   -80.0   39.803 -105.090   3638.7    502.9
     1     1    23     1    22     8     0     2   -81.0   40.662 -104.994   3631.7    500.7
     1     1    23     1    22     7     0     1   -82.0   41.490 -104.855   3372.1    535.1
     1     1    23     1    22     6     0     0   -83.0   42.285 -104.727   3326.1    555.6
     1     1    23     1    22     5     0     1   -84.0   43.072 -104.590   3366.1    555.4
     1     1    23     1    22     4     0     2   -85.0   43.884 -104.420   3307.1    535.5
     1     1    23     1    22     3     0     3   -86.0   44.676 -104.272   3175.1    578.4
     1     1    23     1    22     2     0     2   -87.0   45.359 -104.273   3167.9    598.2
     1     1    23     1    22     1     0     1   -88.0   46.000 -104.313   3177.9    604.9
     1     1    23     1    22     0     0     0   -89.0   46.624 -104.357   3211.4    605.7
     1     1    23     1    21    23     0     1   -90.0   47.230 -104.402   3258.8    607.8
     1     1    23     1    21    22     0     2   -91.0   47.818 -104.444   3314.2    612.2
     1     1    23     1    21    21     0     3   -92.0   48.404 -104.477   3375.6    609.1
     1     1    23     1    21    20     0     2   -93.0   49.020 -104.493   3459.1    598.1
     1     1    23     1    21    19     0     1   -94.0   49.672 -104.505   3529.2    593.9
     1     1    23     1    21    18     0     0   -95.0   50.341 -104.529   3561.1    597.1
     1     1    23     1    21    17     0     1   -96.0   51.037 -104.591   3614.7    596.2
     1     1    23     1    21    16     0     2   -97.0   51.765 -104.737   3664.3    589.6
     1     1    23     1    21    15     0     3   -98.0   52.509 -104.989   3713.0    591.6
     1     1    23     1    21    14     0     2   -99.0   53.281 -105.334   3805.5    581.2
     1     1    23     1    21    13     0     1  -100.0   54.059 -105.764   3824.5    577.9
     1     1    23     1    21    12     0     0  -101.0   54.843 -106.316   3897.8    577.8
     1     1    23     1    21    11     0     1  -102.0   55.600 -106.982   3926.3    577.3
     1     1    23     1    21    10     0     2  -103.0   56.325 -107.744   3926.6    574.2
     1     1    23     1    21     9     0     3  -104.0   57.016 -108.613   3930.9    573.7
     1     1    23     1    21     8     0     2  -105.0   57.678 -109.552   3930.4    572.3
     1     1    23     1    21     7     0     1  -106.0   58.283 -110.507   3972.3    582.6
     1     1    23     1    21     6     0     0  -107.0   58.841 -111.500   4016.0    583.3
     1     1    23     1    21     5     0     1  -108.0   59.357 -112.533   4031.3    582.2
     1     1    23     1    21     4     0     2  -109.0   59.836 -113.620   4091.2    574.0
     1     1    23     1    21     3     0     3  -110.0   60.309 -114.748   4298.1    559.5
     1     1    23     1    21     2     0     2  -111.0   60.781 -116.008   4431.2    555.8
     1     1    23     1    21     1     0     1  -112.0   61.243 -117.315   4535.1    543.1
     1     1    23     1    21     0     0     0  -113.0   61.732 -118.806   4626.8    521.7
     1     1    23     1    20    23     0     1  -114.0   62.232 -120.648   4757.0    515.5
     1     1    23     1    20    22     0     2  -115.0   62.643 -122.403   4877.7    510.0
     1     1    23     1    20    21     0     3  -116.0   62.995 -124.329   4875.0    496.0
     1     1    23     1    20    20     0     2  -117.0   63.282 -126.545   4778.2    447.4
     1     1    23     1    20    19     0     1  -118.0   63.503 -129.174   4848.0    434.1
     1     1    23     1    20    18     0     0  -119.0   63.533 -131.907   4954.9    441.5
     1     1    23     1    20    17     0     1  -120.0   63.392 -134.287   5129.5    446.9
