     8     1
    GDAS    22    12    22     0     0
    GDAS    22    12    29     0     0
    GDAS    23     1     1     0     0
    GDAS    23     1     8     0     0
    GDAS    23     1    15     0     0
    GDAS    23     1    22     0     0
    GDAS    23     1    29     0     0
    GDAS    23     2     1     0     0
     1 BACKWARD OMEGA   
    23     1     3    23   32.000  -96.000  1000.0
     1 PRESSURE
     1     1    23     1     3    23     0     1     0.0   32.000  -96.000   1000.0    887.8
     1     1    23     1     3    22     0     2    -1.0   31.975  -96.467   1005.9    879.5
     1     1    23     1     3    21     0     3    -2.0   31.948  -96.961    981.3    874.3
     1     1    23     1     3    20     0     2    -3.0   31.926  -97.464   1000.3    874.7
     1     1    23     1     3    19     0     1    -4.0   31.918  -98.027   1143.4    852.1
     1     1    23     1     3    18     0     0    -5.0   31.888  -98.729   1264.3    816.4
     1     1    23     1     3    17     0     1    -6.0   31.850  -99.487   1261.4    815.6
     1     1    23     1     3    16     0     2    -7.0   31.825 -100.228   1317.4    799.4
     1     1    23     1     3    15     0     3    -8.0   31.782 -101.024   1413.3    781.2
     1     1    23     1     3    14     0     2    -9.0   31.722 -101.856   1540.3    759.3
     1     1    23     1     3    13     0     1   -10.0   31.661 -102.696   1625.5    745.9
     1     1    23     1     3    12     0     0   -11.0   31.606 -103.559   1725.0    727.8
     1     1    23     1     3    11     0     1   -12.0   31.555 -104.476   1876.3    692.3
     1     1    23     1     3    10     0     2   -13.0   31.457 -105.416   1976.3    666.9
     1     1    23     1     3     9     0     3   -14.0   31.348 -106.364   2094.7    657.1
     1     1    23     1     3     8     0     2   -15.0   31.221 -107.253   2153.4    663.7
     1     1    23     1     3     7     0     1   -16.0   31.096 -108.112   2096.1    658.9
     1     1    23     1     3     6     0     0   -17.0   31.015 -108.967   2333.5    621.2
     1     1    23     1     3     5     0     1   -18.0   31.090 -109.833   2782.8    581.8
     1     1    23     1     3     4     0     2   -19.0   31.229 -110.644   2900.7    602.5
     1     1    23     1     3     3     0     3   -20.0   31.432 -111.358   3066.0    619.3
     1     1    23     1     3     2     0     2   -21.0   31.694 -112.045   3234.5    626.3
     1     1    23     1     3     1     0     1   -22.0   32.021 -112.732   3307.7    629.9
     1     1    23     1     3     0     0     0   -23.0   32.398 -113.377   3360.5    645.8
     1     1    23     1     2    23     0     1   -24.0   32.788 -114.011   3452.2    639.3
     1     1    23     1     2    22     0     2   -25.0   33.175 -114.674   3588.0    625.5
     1     1    23     1     2    21     0     3   -26.0   33.564 -115.368   3724.2    607.1
     1     1    23     1     2    20     0     2   -27.0   33.962 -116.155   3809.5    551.5
     1     1    23     1     2    19     0     1   -28.0   34.347 -116.948   3869.9    552.0
     1     1    23     1     2    18     0     0   -29.0   34.766 -117.718   3944.1    570.7
     1     1    23     1     2    17     0     1   -30.0   35.194 -118.444   3998.0    559.0
     1     1    23     1     2    16     0     2   -31.0   35.640 -119.094   4114.0    577.8
     1     1    23     1     2    15     0     3   -32.0   36.115 -119.696   4056.5    583.7
     1     1    23     1     2    14     0     2   -33.0   36.597 -120.267   3905.5    612.0
     1     1    23     1     2    13     0     1   -34.0   37.067 -120.787   3793.9    618.4
     1     1    23     1     2    12     0     0   -35.0   37.523 -121.239   3781.6    625.0
     1     1    23     1     2    11     0     1   -36.0   37.963 -121.627   3757.9    622.7
     1     1    23     1     2    10     0     2   -37.0   38.380 -121.956   3669.1    637.4
     1     1    23     1     2     9     0     3   -38.0   38.775 -122.201   3630.6    642.3
     1     1    23     1     2     8     0     2   -39.0   39.171 -122.377   3677.3    623.9
     1     1    23     1     2     7     0     1   -40.0   39.592 -122.500   3728.6    589.9
     1     1    23     1     2     6     0     0   -41.0   40.055 -122.555   3727.2    565.6
     1     1    23     1     2     5     0     1   -42.0   40.572 -122.530   3783.0    552.7
     1     1    23     1     2     4     0     2   -43.0   41.178 -122.427   3865.8    530.2
     1     1    23     1     2     3     0     3   -44.0   41.853 -122.296   3967.4    523.4
     1     1    23     1     2     2     0     2   -45.0   42.561 -122.163   4117.4    498.5
     1     1    23     1     2     1     0     1   -46.0   43.284 -122.000   4300.6    477.3
     1     1    23     1     2     0     0     0   -47.0   44.023 -121.773   4652.5    475.3
     1     1    23     1     1    23     0     1   -48.0   44.765 -121.477   4975.5    472.3
     1     1    23     1     1    22     0     2   -49.0   45.489 -121.159   5313.7    463.8
     1     1    23     1     1    21     0     3   -50.0   46.237 -120.855   5681.1    434.9
     1     1    23     1     1    20     0     2   -51.0   47.034 -120.566   6067.4    408.2
     1     1    23     1     1    19     0     1   -52.0   47.880 -120.271   6377.4    389.2
     1     1    23     1     1    18     0     0   -53.0   48.829 -120.032   6328.4    347.9
     1     1    23     1     1    17     0     1   -54.0   49.851 -119.882   6429.7    356.2
     1     1    23     1     1    16     0     2   -55.0   50.854 -119.829   6683.8    355.2
     1     1    23     1     1    15     0     3   -56.0   51.880 -119.938   6808.1    345.7
     1     1    23     1     1    14     0     2   -57.0   52.954 -120.256   6806.0    320.0
     1     1    23     1     1    13     0     1   -58.0   53.996 -120.802   6884.9    333.6
     1     1    23     1     1    12     0     0   -59.0   54.936 -121.562   6985.5    344.2
     1     1    23     1     1    11     0     1   -60.0   55.882 -122.655   7485.8    310.9
     1     1    23     1     1    10     0     2   -61.0   56.799 -123.988   7148.3    316.5
     1     1    23     1     1     9     0     3   -62.0   57.694 -125.651   7093.9    310.9
     1     1    23     1     1     8     0     2   -63.0   58.485 -127.616   7192.0    316.0
     1     1    23     1     1     7     0     1   -64.0   59.093 -129.781   7142.3    324.6
     1     1    23     1     1     6     0     0   -65.0   59.467 -132.231   7324.8    325.3
     1     1    23     1     1     5     0     1   -66.0   59.606 -134.718   7155.7    329.4
     1     1    23     1     1     4     0     2   -67.0   59.503 -137.112   7015.5    340.8
     1     1    23     1     1     3     0     3   -68.0   59.109 -139.171   7262.0    370.5
     1     1    23     1     1     2     0     2   -69.0   58.583 -140.876   7180.5    380.0
     1     1    23     1     1     1     0     1   -70.0   57.941 -142.426   6770.0    404.7
     1     1    23     1     1     0     0     0   -71.0   57.259 -143.715   6423.7    422.2
     1     1    22    12    31    23     0     1   -72.0   56.604 -144.813   5669.4    472.0
     1     1    22    12    31    22     0     2   -73.0   55.859 -145.609   5128.1    511.0
     1     1    22    12    31    21     0     3   -74.0   55.081 -146.289   4824.5    528.5
     1     1    22    12    31    20     0     2   -75.0   54.312 -147.025   4671.0    542.0
     1     1    22    12    31    19     0     1   -76.0   53.510 -147.735   4413.2    555.9
     1     1    22    12    31    18     0     0   -77.0   52.720 -148.299   3970.6    593.3
     1     1    22    12    31    17     0     1   -78.0   52.040 -148.922   3509.1    632.1
     1     1    22    12    31    16     0     2   -79.0   51.438 -149.518   3153.8    665.8
     1     1    22    12    31    15     0     3   -80.0   50.841 -149.992   2820.9    685.1
     1     1    22    12    31    14     0     2   -81.0   50.310 -150.615   2472.4    725.4
     1     1    22    12    31    13     0     1   -82.0   49.816 -151.565   2159.9    752.5
     1     1    22    12    31    12     0     0   -83.0   49.240 -152.566   1836.9    777.1
     1     1    22    12    31    11     0     1   -84.0   48.546 -153.606   1534.3    813.4
     1     1    22    12    31    10     0     2   -85.0   47.805 -154.742   1444.3    825.1
     1     1    22    12    31     9     0     3   -86.0   47.012 -155.789   1337.0    835.8
     1     1    22    12    31     8     0     2   -87.0   46.103 -156.867   1195.3    853.8
     1     1    22    12    31     7     0     1   -88.0   45.143 -157.982   1149.9    853.6
     1     1    22    12    31     6     0     0   -89.0   44.146 -159.073   1069.8    869.2
     1     1    22    12    31     5     0     1   -90.0   43.183 -160.153   1050.1    868.1
     1     1    22    12    31     4     0     2   -91.0   42.204 -161.155   1027.2    873.3
     1     1    22    12    31     3     0     3   -92.0   41.236 -162.172    997.5    878.7
     1     1    22    12    31     2     0     2   -93.0   40.294 -163.169   1009.5    880.7
     1     1    22    12    31     1     0     1   -94.0   39.399 -164.167    986.7    883.9
     1     1    22    12    31     0     0     0   -95.0   38.531 -165.127    946.9    890.2
     1     1    22    12    30    23     0     1   -96.0   37.706 -166.037    935.3    895.0
     1     1    22    12    30    22     0     2   -97.0   36.923 -166.919    955.1    895.2
     1     1    22    12    30    21     0     3   -98.0   36.195 -167.758    955.0    893.9
     1     1    22    12    30    20     0     2   -99.0   35.530 -168.521    883.6    908.3
     1     1    22    12    30    19     0     1  -100.0   34.916 -169.226    831.3    914.7
     1     1    22    12    30    18     0     0  -101.0   34.359 -169.869    839.9    919.0
     1     1    22    12    30    17     0     1  -102.0   33.856 -170.467    873.2    908.3
     1     1    22    12    30    16     0     2  -103.0   33.397 -170.998    870.7    911.1
     1     1    22    12    30    15     0     3  -104.0   32.976 -171.464    888.0    914.3
     1     1    22    12    30    14     0     2  -105.0   32.599 -171.879    936.6    906.2
     1     1    22    12    30    13     0     1  -106.0   32.276 -172.249    984.4    901.7
     1     1    22    12    30    12     0     0  -107.0   32.004 -172.578   1043.2    897.3
     1     1    22    12    30    11     0     1  -108.0   31.774 -172.887   1099.6    889.3
     1     1    22    12    30    10     0     2  -109.0   31.585 -173.183   1151.2    887.2
     1     1    22    12    30     9     0     3  -110.0   31.438 -173.461   1225.9    880.1
     1     1    22    12    30     8     0     2  -111.0   31.327 -173.733   1309.1    868.9
     1     1    22    12    30     7     0     1  -112.0   31.245 -174.011   1399.7    861.8
     1     1    22    12    30     6     0     0  -113.0   31.188 -174.297   1518.1    849.5
     1     1    22    12    30     5     0     1  -114.0   31.136 -174.599   1618.1    834.3
     1     1    22    12    30     4     0     2  -115.0   31.082 -174.912   1629.9    829.7
     1     1    22    12    30     3     0     3  -116.0   31.038 -175.225   1535.8    840.1
     1     1    22    12    30     2     0     2  -117.0   31.026 -175.525   1448.4    859.8
     1     1    22    12    30     1     0     1  -118.0   31.038 -175.820   1444.2    858.3
     1     1    22    12    30     0     0     0  -119.0   31.056 -176.113   1501.4    852.1
     1     1    22    12    29    23     0     1  -120.0   31.101 -176.419   1600.1    840.3
