     8     1
    GDAS    22    12    22     0     0
    GDAS    22    12    29     0     0
    GDAS    23     1     1     0     0
    GDAS    23     1     8     0     0
    GDAS    23     1    15     0     0
    GDAS    23     1    22     0     0
    GDAS    23     1    29     0     0
    GDAS    23     2     1     0     0
     1 BACKWARD OMEGA   
    23     1    17    17   32.000  -96.000  1000.0
     1 PRESSURE
     1     1    23     1    17    17     0     1     0.0   32.000  -96.000   1000.0    888.3
     1     1    23     1    17    16     0     2    -1.0   31.852  -96.313    925.4    893.6
     1     1    23     1    17    15     0     3    -2.0   31.749  -96.660    884.9    895.5
     1     1    23     1    17    14     0     2    -3.0   31.676  -97.016    892.1    890.5
     1     1    23     1    17    13     0     1    -4.0   31.621  -97.380    929.6    879.0
     1     1    23     1    17    12     0     0    -5.0   31.578  -97.778    982.0    866.4
     1     1    23     1    17    11     0     1    -6.0   31.539  -98.211   1040.9    852.9
     1     1    23     1    17    10     0     2    -7.0   31.502  -98.677   1069.8    839.4
     1     1    23     1    17     9     0     3    -8.0   31.451  -99.175   1027.3    834.4
     1     1    23     1    17     8     0     2    -9.0   31.396  -99.689    948.3    839.7
     1     1    23     1    17     7     0     1   -10.0   31.363 -100.221    897.3    840.9
     1     1    23     1    17     6     0     0   -11.0   31.348 -100.774    920.1    833.5
     1     1    23     1    17     5     0     1   -12.0   31.334 -101.353   1012.5    817.9
     1     1    23     1    17     4     0     2   -13.0   31.323 -101.937   1178.9    801.2
     1     1    23     1    17     3     0     3   -14.0   31.300 -102.481   1378.4    774.5
     1     1    23     1    17     2     0     2   -15.0   31.247 -102.988   1577.7    753.8
     1     1    23     1    17     1     0     1   -16.0   31.149 -103.540   1703.3    718.1
     1     1    23     1    17     0     0     0   -17.0   31.003 -104.200   1752.7    695.3
     1     1    23     1    16    23     0     1   -18.0   30.816 -104.940   1935.1    681.1
     1     1    23     1    16    22     0     2   -19.0   30.638 -105.753   1992.3    662.2
     1     1    23     1    16    21     0     3   -20.0   30.480 -106.490   1802.4    683.8
     1     1    23     1    16    20     0     2   -21.0   30.333 -107.122   1562.6    702.9
     1     1    23     1    16    19     0     1   -22.0   30.144 -107.829   1246.3    691.7
     1     1    23     1    16    18     0     0   -23.0   29.824 -108.530    982.6    739.8
     1     1    23     1    16    17     0     1   -24.0   29.494 -108.942    900.0    782.1
     1     1    23     1    16    16     0     2   -25.0   29.189 -109.245    871.7    800.2
     1     1    23     1    16    15     0     3   -26.0   28.911 -109.492    817.0    822.2
     1     1    23     1    16    14     0     2   -27.0   28.670 -109.672    733.0    848.8
     1     1    23     1    16    13     0     1   -28.0   28.468 -109.793    644.8    875.4
     1     1    23     1    16    12     0     0   -29.0   28.296 -109.872    564.7    897.9
     1     1    23     1    16    11     0     1   -30.0   28.148 -109.920    496.2    917.3
     1     1    23     1    16    10     0     2   -31.0   28.026 -109.949    440.5    933.2
     1     1    23     1    16     9     0     3   -32.0   27.927 -109.965    397.4    942.7
     1     1    23     1    16     8     0     2   -33.0   27.841 -109.977    355.5    949.5
     1     1    23     1    16     7     0     1   -34.0   27.764 -109.989    302.6    958.6
     1     1    23     1    16     6     0     0   -35.0   27.696 -109.998    237.4    968.8
     1     1    23     1    16     5     0     1   -36.0   27.629 -110.013    181.5    979.4
     1     1    23     1    16     4     0     2   -37.0   27.555 -110.050    149.9    985.0
     1     1    23     1    16     3     0     3   -38.0   27.474 -110.108    136.5    988.2
     1     1    23     1    16     2     0     2   -39.0   27.380 -110.174    131.7    990.1
     1     1    23     1    16     1     0     1   -40.0   27.277 -110.232    129.2    992.5
     1     1    23     1    16     0     0     0   -41.0   27.181 -110.282    131.2    994.1
     1     1    23     1    15    23     0     1   -42.0   27.095 -110.332    146.5    995.6
     1     1    23     1    15    22     0     2   -43.0   27.024 -110.401    191.4    992.5
     1     1    23     1    15    21     0     3   -44.0   26.978 -110.505    280.2    984.0
     1     1    23     1    15    20     0     2   -45.0   26.959 -110.628    374.7    968.2
     1     1    23     1    15    19     0     1   -46.0   26.944 -110.748    406.6    964.0
     1     1    23     1    15    18     0     0   -47.0   26.933 -110.867    364.5    969.0
     1     1    23     1    15    17     0     1   -48.0   26.888 -111.001    279.9    981.2
     1     1    23     1    15    16     0     2   -49.0   26.785 -111.149    206.5    990.9
     1     1    23     1    15    15     0     3   -50.0   26.653 -111.283    158.0    994.6
     1     1    23     1    15    14     0     2   -51.0   26.539 -111.393    126.2    995.1
     1     1    23     1    15    13     0     1   -52.0   26.460 -111.476    105.0    994.8
     1     1    23     1    15    12     0     0   -53.0   26.398 -111.542     90.2    994.7
     1     1    23     1    15    11     0     1   -54.0   26.347 -111.604     76.6    994.5
     1     1    23     1    15    10     0     2   -55.0   26.302 -111.667     60.8    995.3
     1     1    23     1    15     9     0     3   -56.0   26.259 -111.731     42.7    995.8
     1     1    23     1    15     8     0     2   -57.0   26.222 -111.790     27.7    996.7
     1     1    23     1    15     7     0     1   -58.0   26.197 -111.843     18.4    996.8
     1     1    23     1    15     6     0     0   -59.0   26.184 -111.888     13.5    996.5
     1     1    23     1    15     5     0     1   -60.0   26.177 -111.928     10.5    995.8
     1     1    23     1    15     4     0     2   -61.0   26.170 -111.965      7.8    994.9
     1     1    23     1    15     3     0     3   -62.0   26.165 -112.004      4.9    994.3
     1     1    23     1    15     2     0     2   -63.0   26.166 -112.059      1.3    995.4
     1     1    23     1    15     1     0     1   -64.0   26.177 -112.145      0.0    997.2
     1     1    23     1    15     0     0     0   -65.0   26.198 -112.258      0.0    999.6
     1     1    23     1    14    23     0     1   -66.0   26.224 -112.389      0.0   1002.1
     1     1    23     1    14    22     0     2   -67.0   26.249 -112.528      0.0   1004.5
     1     1    23     1    14    21     0     3   -68.0   26.279 -112.672      0.0   1006.8
     1     1    23     1    14    20     0     2   -69.0   26.319 -112.803      0.0   1009.3
     1     1    23     1    14    19     0     1   -70.0   26.375 -112.909      0.0   1011.0
     1     1    23     1    14    18     0     0   -71.0   26.451 -112.994      0.0   1012.0
     1     1    23     1    14    17     0     1   -72.0   26.545 -113.064      0.0   1011.3
     1     1    23     1    14    16     0     2   -73.0   26.650 -113.119      0.0   1010.6
     1     1    23     1    14    15     0     3   -74.0   26.755 -113.148      0.1   1009.8
     1     1    23     1    14    14     0     2   -75.0   26.853 -113.159      1.3   1008.3
     1     1    23     1    14    13     0     1   -76.0   26.944 -113.159      2.7   1006.6
     1     1    23     1    14    12     0     0   -77.0   27.031 -113.154      4.4   1004.0
     1     1    23     1    14    11     0     1   -78.0   27.115 -113.157      6.2   1001.8
     1     1    23     1    14    10     0     2   -79.0   27.199 -113.173      8.1   1000.0
     1     1    23     1    14     9     0     3   -80.0   27.282 -113.201     10.1    998.6
     1     1    23     1    14     8     0     2   -81.0   27.358 -113.231     13.4    996.0
     1     1    23     1    14     7     0     1   -82.0   27.425 -113.257     19.3    993.5
     1     1    23     1    14     6     0     0   -83.0   27.482 -113.280     27.5    991.1
     1     1    23     1    14     5     0     1   -84.0   27.537 -113.303     33.9    988.9
     1     1    23     1    14     4     0     2   -85.0   27.593 -113.330     33.9    988.1
     1     1    23     1    14     3     0     3   -86.0   27.646 -113.358     28.5    988.3
     1     1    23     1    14     2     0     2   -87.0   27.698 -113.396     17.8    989.4
     1     1    23     1    14     1     0     1   -88.0   27.757 -113.455      7.9    992.2
     1     1    23     1    14     0     0     0   -89.0   27.830 -113.538      0.0    994.3
     1     1    23     1    13    23     0     1   -90.0   27.916 -113.643      0.0    998.0
     1     1    23     1    13    22     0     2   -91.0   28.014 -113.765      0.0   1003.1
     1     1    23     1    13    21     0     3   -92.0   28.121 -113.903      0.0   1006.6
     1     1    23     1    13    20     0     2   -93.0   28.208 -114.023      0.0   1008.2
     1     1    23     1    13    19     0     1   -94.0   28.260 -114.089      0.0   1007.8
     1     1    23     1    13    18     0     0   -95.0   28.283 -114.101      0.6   1008.2
     1     1    23     1    13    17     0     1   -96.0   28.290 -114.086      3.0   1006.9
     1     1    23     1    13    16     0     2   -97.0   28.293 -114.071      6.7   1005.7
     1     1    23     1    13    15     0     3   -98.0   28.292 -114.057     12.0   1004.4
     1     1    23     1    13    14     0     2   -99.0   28.295 -114.045     21.5   1003.1
     1     1    23     1    13    13     0     1  -100.0   28.310 -114.038     38.7   1000.8
     1     1    23     1    13    12     0     0  -101.0   28.339 -114.034     67.0    997.0
     1     1    23     1    13    11     0     1  -102.0   28.372 -114.016    107.7    991.0
     1     1    23     1    13    10     0     2  -103.0   28.396 -113.968    162.7    983.8
     1     1    23     1    13     9     0     3  -104.0   28.420 -113.890    234.4    973.9
     1     1    23     1    13     8     0     2  -105.0   28.467 -113.794    318.1    961.8
     1     1    23     1    13     7     0     1  -106.0   28.550 -113.699    410.6    950.5
     1     1    23     1    13     6     0     0  -107.0   28.664 -113.615    514.5    938.7
     1     1    23     1    13     5     0     1  -108.0   28.795 -113.554    621.3    927.3
     1     1    23     1    13     4     0     2  -109.0   28.931 -113.517    717.5    917.3
     1     1    23     1    13     3     0     3  -110.0   29.064 -113.500    790.6    911.0
     1     1    23     1    13     2     0     2  -111.0   29.198 -113.500    841.9    908.6
     1     1    23     1    13     1     0     1  -112.0   29.331 -113.512    876.1    906.6
     1     1    23     1    13     0     0     0  -113.0   29.467 -113.538    889.4    906.5
     1     1    23     1    12    23     0     1  -114.0   29.614 -113.573    889.8    910.2
     1     1    23     1    12    22     0     2  -115.0   29.778 -113.617    882.8    913.8
     1     1    23     1    12    21     0     3  -116.0   29.964 -113.674    858.9    920.2
     1     1    23     1    12    20     0     2  -117.0   30.177 -113.736    816.4    927.1
     1     1    23     1    12    19     0     1  -118.0   30.409 -113.788    772.1    933.4
     1     1    23     1    12    18     0     0  -119.0   30.656 -113.831    737.4    938.6
     1     1    23     1    12    17     0     1  -120.0   30.917 -113.864    719.5    940.6
