     8     1
    GDAS    22    12    22     0     0
    GDAS    22    12    29     0     0
    GDAS    23     1     1     0     0
    GDAS    23     1     8     0     0
    GDAS    23     1    15     0     0
    GDAS    23     1    22     0     0
    GDAS    23     1    29     0     0
    GDAS    23     2     1     0     0
     1 BACKWARD OMEGA   
    23     1    19    23   32.000  -96.000   500.0
     1 PRESSURE
     1     1    23     1    19    23     0     1     0.0   32.000  -96.000    500.0    950.3
     1     1    23     1    19    22     0     2    -1.0   32.139  -96.088    554.6    941.5
     1     1    23     1    19    21     0     3    -2.0   32.282  -96.206    602.7    933.7
     1     1    23     1    19    20     0     2    -3.0   32.436  -96.351    645.1    927.6
     1     1    23     1    19    19     0     1    -4.0   32.605  -96.521    684.0    921.6
     1     1    23     1    19    18     0     0    -5.0   32.787  -96.714    714.9    917.2
     1     1    23     1    19    17     0     1    -6.0   33.011  -96.943    740.6    914.8
     1     1    23     1    19    16     0     2    -7.0   33.317  -97.230    774.9    905.1
     1     1    23     1    19    15     0     3    -8.0   33.716  -97.579    835.0    892.7
     1     1    23     1    19    14     0     2    -9.0   34.171  -97.989    941.7    877.7
     1     1    23     1    19    13     0     1   -10.0   34.657  -98.460   1084.1    850.6
     1     1    23     1    19    12     0     0   -11.0   35.202  -98.981   1215.1    820.4
     1     1    23     1    19    11     0     1   -12.0   35.797  -99.548   1360.7    794.6
     1     1    23     1    19    10     0     2   -13.0   36.417 -100.160   1608.7    762.7
     1     1    23     1    19     9     0     3   -14.0   37.042 -100.778   1833.7    720.5
     1     1    23     1    19     8     0     2   -15.0   37.684 -101.356   1966.4    698.9
     1     1    23     1    19     7     0     1   -16.0   38.350 -101.869   2098.7    680.2
     1     1    23     1    19     6     0     0   -17.0   39.060 -102.275   2179.1    649.1
     1     1    23     1    19     5     0     1   -18.0   39.768 -102.567   2154.8    652.9
     1     1    23     1    19     4     0     2   -19.0   40.419 -102.765   2081.1    659.8
     1     1    23     1    19     3     0     3   -20.0   41.023 -102.869   2018.6    668.7
     1     1    23     1    19     2     0     2   -21.0   41.569 -102.898   1971.8    672.5
     1     1    23     1    19     1     0     1   -22.0   42.050 -102.858   1918.6    679.8
     1     1    23     1    19     0     0     0   -23.0   42.477 -102.755   1861.8    694.3
     1     1    23     1    18    23     0     1   -24.0   42.839 -102.606   1805.4    706.9
     1     1    23     1    18    22     0     2   -25.0   43.125 -102.402   1755.1    715.0
     1     1    23     1    18    21     0     3   -26.0   43.344 -102.147   1716.8    722.5
     1     1    23     1    18    20     0     2   -27.0   43.508 -101.861   1680.4    730.2
     1     1    23     1    18    19     0     1   -28.0   43.631 -101.563   1623.7    742.4
     1     1    23     1    18    18     0     0   -29.0   43.718 -101.254   1543.1    756.5
     1     1    23     1    18    17     0     1   -30.0   43.781 -100.942   1461.7    772.6
     1     1    23     1    18    16     0     2   -31.0   43.831 -100.641   1409.9    783.9
     1     1    23     1    18    15     0     3   -32.0   43.869 -100.358   1402.8    790.2
     1     1    23     1    18    14     0     2   -33.0   43.886 -100.106   1438.1    789.8
     1     1    23     1    18    13     0     1   -34.0   43.874  -99.898   1492.7    784.7
     1     1    23     1    18    12     0     0   -35.0   43.829  -99.735   1552.1    777.9
     1     1    23     1    18    11     0     1   -36.0   43.763  -99.608   1606.1    771.2
     1     1    23     1    18    10     0     2   -37.0   43.688  -99.511   1639.9    766.6
     1     1    23     1    18     9     0     3   -38.0   43.605  -99.444   1641.8    765.4
     1     1    23     1    18     8     0     2   -39.0   43.526  -99.401   1629.2    768.1
     1     1    23     1    18     7     0     1   -40.0   43.457  -99.382   1629.9    768.2
     1     1    23     1    18     6     0     0   -41.0   43.398  -99.390   1655.8    765.5
     1     1    23     1    18     5     0     1   -42.0   43.348  -99.422   1699.5    759.4
     1     1    23     1    18     4     0     2   -43.0   43.312  -99.470   1749.9    753.9
     1     1    23     1    18     3     0     3   -44.0   43.288  -99.538   1809.2    747.6
     1     1    23     1    18     2     0     2   -45.0   43.279  -99.637   1873.9    739.7
     1     1    23     1    18     1     0     1   -46.0   43.287  -99.776   1941.9    732.0
     1     1    23     1    18     0     0     0   -47.0   43.308  -99.953   2016.6    723.8
     1     1    23     1    17    23     0     1   -48.0   43.329 -100.169   2074.2    713.4
     1     1    23     1    17    22     0     2   -49.0   43.341 -100.418   2091.4    708.3
     1     1    23     1    17    21     0     3   -50.0   43.344 -100.696   2084.8    705.3
     1     1    23     1    17    20     0     2   -51.0   43.343 -100.985   2091.2    702.4
     1     1    23     1    17    19     0     1   -52.0   43.342 -101.269   2128.6    695.1
     1     1    23     1    17    18     0     0   -53.0   43.345 -101.548   2184.4    686.8
     1     1    23     1    17    17     0     1   -54.0   43.357 -101.832   2237.2    677.3
     1     1    23     1    17    16     0     2   -55.0   43.380 -102.124   2276.4    672.6
     1     1    23     1    17    15     0     3   -56.0   43.410 -102.416   2314.1    669.7
     1     1    23     1    17    14     0     2   -57.0   43.439 -102.706   2356.6    665.9
     1     1    23     1    17    13     0     1   -58.0   43.458 -102.996   2405.6    660.8
     1     1    23     1    17    12     0     0   -59.0   43.472 -103.303   2439.5    642.8
     1     1    23     1    17    11     0     1   -60.0   43.478 -103.633   2464.9    624.0
     1     1    23     1    17    10     0     2   -61.0   43.470 -103.976   2473.7    606.6
     1     1    23     1    17     9     0     3   -62.0   43.447 -104.323   2493.0    607.9
     1     1    23     1    17     8     0     2   -63.0   43.412 -104.662   2519.8    609.9
     1     1    23     1    17     7     0     1   -64.0   43.365 -104.981   2556.9    608.1
     1     1    23     1    17     6     0     0   -65.0   43.305 -105.264   2582.0    602.1
     1     1    23     1    17     5     0     1   -66.0   43.250 -105.522   2601.4    597.2
     1     1    23     1    17     4     0     2   -67.0   43.210 -105.767   2623.8    591.4
     1     1    23     1    17     3     0     3   -68.0   43.174 -105.988   2651.5    585.0
     1     1    23     1    17     2     0     2   -69.0   43.141 -106.218   2661.6    577.2
     1     1    23     1    17     1     0     1   -70.0   43.115 -106.489   2639.6    574.2
     1     1    23     1    17     0     0     0   -71.0   43.096 -106.793   2599.2    573.0
     1     1    23     1    16    23     0     1   -72.0   43.069 -107.123   2577.2    576.0
     1     1    23     1    16    22     0     2   -73.0   43.025 -107.480   2593.7    579.8
     1     1    23     1    16    21     0     3   -74.0   42.967 -107.880   2615.9    580.5
     1     1    23     1    16    20     0     2   -75.0   42.888 -108.270   2615.2    571.2
     1     1    23     1    16    19     0     1   -76.0   42.790 -108.609   2616.7    559.7
     1     1    23     1    16    18     0     0   -77.0   42.687 -108.923   2644.9    547.5
     1     1    23     1    16    17     0     1   -78.0   42.580 -109.236   2705.6    538.9
     1     1    23     1    16    16     0     2   -79.0   42.465 -109.569   2791.4    533.8
     1     1    23     1    16    15     0     3   -80.0   42.335 -109.929   2913.2    529.5
     1     1    23     1    16    14     0     2   -81.0   42.186 -110.304   3033.5    521.3
     1     1    23     1    16    13     0     1   -82.0   42.026 -110.695   3089.0    517.2
     1     1    23     1    16    12     0     0   -83.0   41.864 -111.112   3053.7    520.0
     1     1    23     1    16    11     0     1   -84.0   41.684 -111.502   3036.3    544.6
     1     1    23     1    16    10     0     2   -85.0   41.475 -111.843   3084.3    559.5
     1     1    23     1    16     9     0     3   -86.0   41.235 -112.166   3164.2    564.4
     1     1    23     1    16     8     0     2   -87.0   40.958 -112.488   3241.8    558.8
     1     1    23     1    16     7     0     1   -88.0   40.674 -112.790   3287.4    552.1
     1     1    23     1    16     6     0     0   -89.0   40.407 -113.064   3293.2    550.3
     1     1    23     1    16     5     0     1   -90.0   40.157 -113.327   3253.0    545.8
     1     1    23     1    16     4     0     2   -91.0   39.928 -113.590   3177.7    541.7
     1     1    23     1    16     3     0     3   -92.0   39.733 -113.832   3031.1    545.0
     1     1    23     1    16     2     0     2   -93.0   39.565 -114.037   2848.5    560.6
     1     1    23     1    16     1     0     1   -94.0   39.424 -114.245   2726.0    568.2
     1     1    23     1    16     0     0     0   -95.0   39.314 -114.497   2699.6    565.6
     1     1    23     1    15    23     0     1   -96.0   39.229 -114.808   2770.6    552.7
     1     1    23     1    15    22     0     2   -97.0   39.142 -115.166   2897.4    536.5
     1     1    23     1    15    21     0     3   -98.0   39.020 -115.536   2955.1    525.1
     1     1    23     1    15    20     0     2   -99.0   38.894 -115.887   2914.1    532.4
     1     1    23     1    15    19     0     1  -100.0   38.803 -116.224   2888.1    543.6
     1     1    23     1    15    18     0     0  -101.0   38.736 -116.550   3015.7    543.3
     1     1    23     1    15    17     0     1  -102.0   38.694 -116.890   3326.5    520.0
     1     1    23     1    15    16     0     2  -103.0   38.665 -117.270   3636.6    494.8
     1     1    23     1    15    15     0     3  -104.0   38.651 -117.681   3777.4    490.6
     1     1    23     1    15    14     0     2  -105.0   38.658 -118.124   3768.1    499.3
     1     1    23     1    15    13     0     1  -106.0   38.663 -118.615   3731.3    503.4
     1     1    23     1    15    12     0     0  -107.0   38.636 -119.158   3731.0    496.4
     1     1    23     1    15    11     0     1  -108.0   38.556 -119.739   3707.7    490.6
     1     1    23     1    15    10     0     2  -109.0   38.418 -120.268   3628.0    526.2
     1     1    23     1    15     9     0     3  -110.0   38.290 -120.727   3412.4    601.8
     1     1    23     1    15     8     0     2  -111.0   38.225 -121.162   3168.9    668.1
     1     1    23     1    15     7     0     1  -112.0   38.191 -121.597   3000.8    686.7
     1     1    23     1    15     6     0     0  -113.0   38.181 -122.058   3002.3    694.5
     1     1    23     1    15     5     0     1  -114.0   38.185 -122.548   3097.0    675.1
     1     1    23     1    15     4     0     2  -115.0   38.178 -123.041   3114.3    665.5
     1     1    23     1    15     3     0     3  -116.0   38.170 -123.526   3006.8    681.5
     1     1    23     1    15     2     0     2  -117.0   38.196 -124.015   2879.9    704.0
     1     1    23     1    15     1     0     1  -118.0   38.248 -124.521   2802.9    710.6
     1     1    23     1    15     0     0     0  -119.0   38.287 -125.068   2788.2    712.5
     1     1    23     1    14    23     0     1  -120.0   38.311 -125.663   2825.4    707.4
