     8     1
    GDAS    22    12    22     0     0
    GDAS    22    12    29     0     0
    GDAS    23     1     1     0     0
    GDAS    23     1     8     0     0
    GDAS    23     1    15     0     0
    GDAS    23     1    22     0     0
    GDAS    23     1    29     0     0
    GDAS    23     2     1     0     0
     1 BACKWARD OMEGA   
    23     1     3    11   32.000  -96.000   500.0
     1 PRESSURE
     1     1    23     1     3    11     0     1     0.0   32.000  -96.000    500.0    941.6
     1     1    23     1     3    10     0     2    -1.0   32.154  -96.380    502.3    935.7
     1     1    23     1     3     9     0     3    -2.0   32.307  -96.812    512.7    929.6
     1     1    23     1     3     8     0     2    -3.0   32.454  -97.297    544.3    921.6
     1     1    23     1     3     7     0     1    -4.0   32.580  -97.828    611.3    905.4
     1     1    23     1     3     6     0     0    -5.0   32.675  -98.411    684.4    887.2
     1     1    23     1     3     5     0     1    -6.0   32.753  -99.038    716.7    877.3
     1     1    23     1     3     4     0     2    -7.0   32.830  -99.715    790.0    873.5
     1     1    23     1     3     3     0     3    -8.0   32.898 -100.467   1036.7    838.5
     1     1    23     1     3     2     0     2    -9.0   32.849 -101.323   1511.6    766.9
     1     1    23     1     3     1     0     1   -10.0   32.632 -102.218   2066.1    695.7
     1     1    23     1     3     0     0     0   -11.0   32.329 -103.104   2282.2    674.9
     1     1    23     1     2    23     0     1   -12.0   32.055 -104.048   2470.6    660.0
     1     1    23     1     2    22     0     2   -13.0   31.748 -105.121   2284.9    643.2
     1     1    23     1     2    21     0     3   -14.0   31.448 -106.167   2191.6    644.6
     1     1    23     1     2    20     0     2   -15.0   31.121 -107.116   2088.0    665.2
     1     1    23     1     2    19     0     1   -16.0   30.779 -108.029   1763.2    686.7
     1     1    23     1     2    18     0     0   -17.0   30.365 -108.965   2070.8    647.2
     1     1    23     1     2    17     0     1   -18.0   29.973 -109.854   2290.8    661.4
     1     1    23     1     2    16     0     2   -19.0   29.709 -110.620   2278.5    700.7
     1     1    23     1     2    15     0     3   -20.0   29.527 -111.211   2174.6    735.9
     1     1    23     1     2    14     0     2   -21.0   29.425 -111.730   2103.4    756.1
     1     1    23     1     2    13     0     1   -22.0   29.402 -112.243   2089.2    764.2
     1     1    23     1     2    12     0     0   -23.0   29.445 -112.754   2053.0    777.6
     1     1    23     1     2    11     0     1   -24.0   29.524 -113.267   1992.2    792.8
     1     1    23     1     2    10     0     2   -25.0   29.651 -113.832   1986.9    790.1
     1     1    23     1     2     9     0     3   -26.0   29.864 -114.533   2043.7    761.2
     1     1    23     1     2     8     0     2   -27.0   30.184 -115.438   2224.2    735.4
     1     1    23     1     2     7     0     1   -28.0   30.482 -116.171   2268.1    756.0
     1     1    23     1     2     6     0     0   -29.0   30.775 -116.813   2183.7    772.2
     1     1    23     1     2     5     0     1   -30.0   31.080 -117.379   2091.6    787.0
     1     1    23     1     2     4     0     2   -31.0   31.392 -117.884   2018.5    793.1
     1     1    23     1     2     3     0     3   -32.0   31.721 -118.378   1962.8    798.2
     1     1    23     1     2     2     0     2   -33.0   32.079 -118.868   1939.4    801.3
     1     1    23     1     2     1     0     1   -34.0   32.482 -119.349   1922.6    799.1
     1     1    23     1     2     0     0     0   -35.0   32.918 -119.821   1983.7    802.5
     1     1    23     1     1    23     0     1   -36.0   33.415 -120.272   2121.0    778.8
     1     1    23     1     1    22     0     2   -37.0   33.959 -120.675   2249.9    767.8
     1     1    23     1     1    21     0     3   -38.0   34.540 -121.038   2366.3    754.8
     1     1    23     1     1    20     0     2   -39.0   35.148 -121.379   2428.2    744.8
     1     1    23     1     1    19     0     1   -40.0   35.790 -121.708   2506.2    740.3
     1     1    23     1     1    18     0     0   -41.0   36.486 -122.022   2545.0    724.9
     1     1    23     1     1    17     0     1   -42.0   37.135 -122.254   2499.5    734.0
     1     1    23     1     1    16     0     2   -43.0   37.694 -122.402   2520.1    743.8
     1     1    23     1     1    15     0     3   -44.0   38.218 -122.500   2648.0    723.7
     1     1    23     1     1    14     0     2   -45.0   38.769 -122.572   2837.6    693.0
     1     1    23     1     1    13     0     1   -46.0   39.372 -122.636   3063.4    643.2
     1     1    23     1     1    12     0     0   -47.0   40.041 -122.632   3337.8    588.3
     1     1    23     1     1    11     0     1   -48.0   40.737 -122.585   3594.5    542.5
     1     1    23     1     1    10     0     2   -49.0   41.394 -122.570   3777.6    527.0
     1     1    23     1     1     9     0     3   -50.0   42.035 -122.570   4044.5    512.8
     1     1    23     1     1     8     0     2   -51.0   42.668 -122.594   4362.0    491.2
     1     1    23     1     1     7     0     1   -52.0   43.243 -122.673   4581.4    495.3
     1     1    23     1     1     6     0     0   -53.0   43.753 -122.798   4725.8    511.1
     1     1    23     1     1     5     0     1   -54.0   44.203 -122.936   4842.1    527.4
     1     1    23     1     1     4     0     2   -55.0   44.608 -123.096   4961.8    526.5
     1     1    23     1     1     3     0     3   -56.0   44.991 -123.320   5042.8    519.0
     1     1    23     1     1     2     0     2   -57.0   45.349 -123.571   5083.4    518.2
     1     1    23     1     1     1     0     1   -58.0   45.684 -123.819   5141.7    516.8
     1     1    23     1     1     0     0     0   -59.0   46.014 -124.119   5206.7    516.0
     1     1    22    12    31    23     0     1   -60.0   46.319 -124.454   5243.4    513.0
     1     1    22    12    31    22     0     2   -61.0   46.600 -124.799   5287.8    511.1
     1     1    22    12    31    21     0     3   -62.0   46.889 -125.223   5370.0    505.5
     1     1    22    12    31    20     0     2   -63.0   47.160 -125.677   5446.5    496.6
     1     1    22    12    31    19     0     1   -64.0   47.397 -126.089   5505.0    493.9
     1     1    22    12    31    18     0     0   -65.0   47.599 -126.493   5560.7    488.8
     1     1    22    12    31    17     0     1   -66.0   47.777 -126.945   5568.0    485.5
     1     1    22    12    31    16     0     2   -67.0   47.948 -127.452   5528.5    490.5
     1     1    22    12    31    15     0     3   -68.0   48.105 -127.993   5508.4    492.7
     1     1    22    12    31    14     0     2   -69.0   48.239 -128.519   5508.6    490.8
     1     1    22    12    31    13     0     1   -70.0   48.362 -129.023   5500.1    490.5
     1     1    22    12    31    12     0     0   -71.0   48.478 -129.558   5472.2    491.6
     1     1    22    12    31    11     0     1   -72.0   48.582 -130.127   5435.1    494.7
     1     1    22    12    31    10     0     2   -73.0   48.685 -130.710   5415.7    496.2
     1     1    22    12    31     9     0     3   -74.0   48.787 -131.312   5421.9    495.1
     1     1    22    12    31     8     0     2   -75.0   48.895 -131.939   5430.0    492.6
     1     1    22    12    31     7     0     1   -76.0   49.018 -132.572   5416.0    492.9
     1     1    22    12    31     6     0     0   -77.0   49.145 -133.213   5376.9    495.3
     1     1    22    12    31     5     0     1   -78.0   49.245 -133.827   5350.3    499.3
     1     1    22    12    31     4     0     2   -79.0   49.318 -134.393   5360.1    497.7
     1     1    22    12    31     3     0     3   -80.0   49.379 -134.949   5382.9    494.5
     1     1    22    12    31     2     0     2   -81.0   49.425 -135.495   5394.8    493.0
     1     1    22    12    31     1     0     1   -82.0   49.462 -136.023   5388.2    493.2
     1     1    22    12    31     0     0     0   -83.0   49.495 -136.529   5373.1    494.8
     1     1    22    12    30    23     0     1   -84.0   49.522 -137.007   5379.4    495.6
     1     1    22    12    30    22     0     2   -85.0   49.538 -137.477   5408.5    492.2
     1     1    22    12    30    21     0     3   -86.0   49.541 -137.958   5422.4    489.8
     1     1    22    12    30    20     0     2   -87.0   49.543 -138.457   5424.6    490.9
     1     1    22    12    30    19     0     1   -88.0   49.553 -138.978   5432.6    489.8
     1     1    22    12    30    18     0     0   -89.0   49.555 -139.521   5444.5    488.9
     1     1    22    12    30    17     0     1   -90.0   49.542 -140.079   5460.5    487.3
     1     1    22    12    30    16     0     2   -91.0   49.509 -140.634   5476.8    485.9
     1     1    22    12    30    15     0     3   -92.0   49.453 -141.191   5503.6    484.6
     1     1    22    12    30    14     0     2   -93.0   49.390 -141.782   5530.3    481.2
     1     1    22    12    30    13     0     1   -94.0   49.325 -142.407   5553.7    480.8
     1     1    22    12    30    12     0     0   -95.0   49.255 -143.070   5597.0    478.2
     1     1    22    12    30    11     0     1   -96.0   49.170 -143.730   5640.2    473.6
     1     1    22    12    30    10     0     2   -97.0   49.086 -144.389   5668.0    471.8
     1     1    22    12    30     9     0     3   -98.0   49.040 -145.101   5703.6    470.6
     1     1    22    12    30     8     0     2   -99.0   48.971 -145.793   5745.8    466.3
     1     1    22    12    30     7     0     1  -100.0   48.870 -146.472   5779.9    464.0
     1     1    22    12    30     6     0     0  -101.0   48.797 -147.221   5816.9    461.7
     1     1    22    12    30     5     0     1  -102.0   48.702 -147.979   5838.6    459.6
     1     1    22    12    30     4     0     2  -103.0   48.575 -148.750   5851.6    458.5
     1     1    22    12    30     3     0     3  -104.0   48.445 -149.597   5877.2    456.7
     1     1    22    12    30     2     0     2  -105.0   48.288 -150.503   5925.5    452.7
     1     1    22    12    30     1     0     1  -106.0   48.098 -151.462   5961.5    450.1
     1     1    22    12    30     0     0     0  -107.0   47.860 -152.501   5974.8    449.1
     1     1    22    12    29    23     0     1  -108.0   47.561 -153.541   5986.9    447.9
     1     1    22    12    29    22     0     2  -109.0   47.235 -154.563   5990.5    448.1
     1     1    22    12    29    21     0     3  -110.0   46.854 -155.637   6009.4    446.4
     1     1    22    12    29    20     0     2  -111.0   46.458 -156.662   6008.6    446.8
     1     1    22    12    29    19     0     1  -112.0   46.058 -157.708   6018.0    445.3
     1     1    22    12    29    18     0     0  -113.0   45.624 -158.751   5990.9    446.8
     1     1    22    12    29    17     0     1  -114.0   45.214 -159.765   5960.9    449.9
     1     1    22    12    29    16     0     2  -115.0   44.822 -160.816   5940.9    449.5
     1     1    22    12    29    15     0     3  -116.0   44.410 -161.832   5916.1    453.0
     1     1    22    12    29    14     0     2  -117.0   44.040 -162.848   5932.2    450.6
     1     1    22    12    29    13     0     1  -118.0   43.704 -163.924   5939.8    451.1
     1     1    22    12    29    12     0     0  -119.0   43.371 -164.971   5947.1    450.1
     1     1    22    12    29    11     0     1  -120.0   43.104 -166.020   5955.4    450.5
