     8     1
    GDAS    22    12    22     0     0
    GDAS    22    12    29     0     0
    GDAS    23     1     1     0     0
    GDAS    23     1     8     0     0
    GDAS    23     1    15     0     0
    GDAS    23     1    22     0     0
    GDAS    23     1    29     0     0
    GDAS    23     2     1     0     0
     1 BACKWARD OMEGA   
    23     1    11    11   32.000  -96.000  1000.0
     1 PRESSURE
     1     1    23     1    11    11     0     1     0.0   32.000  -96.000   1000.0    891.2
     1     1    23     1    11    10     0     2    -1.0   31.893  -96.587    830.0    908.8
     1     1    23     1    11     9     0     3    -2.0   31.797  -97.151    783.6    905.6
     1     1    23     1    11     8     0     2    -3.0   31.719  -97.700    839.0    891.3
     1     1    23     1    11     7     0     1    -4.0   31.665  -98.247    948.9    867.8
     1     1    23     1    11     6     0     0    -5.0   31.627  -98.815    982.4    846.9
     1     1    23     1    11     5     0     1    -6.0   31.589  -99.383    924.0    852.3
     1     1    23     1    11     4     0     2    -7.0   31.557  -99.936    872.2    853.4
     1     1    23     1    11     3     0     3    -8.0   31.520 -100.484    854.0    848.1
     1     1    23     1    11     2     0     2    -9.0   31.477 -101.001    812.9    839.8
     1     1    23     1    11     1     0     1   -10.0   31.440 -101.464    732.2    847.8
     1     1    23     1    11     0     0     0   -11.0   31.404 -101.879    675.4    854.6
     1     1    23     1    10    23     0     1   -12.0   31.373 -102.274    655.2    853.5
     1     1    23     1    10    22     0     2   -13.0   31.351 -102.669    614.2    849.4
     1     1    23     1    10    21     0     3   -14.0   31.322 -103.042    493.3    857.4
     1     1    23     1    10    20     0     2   -15.0   31.269 -103.408    487.3    867.5
     1     1    23     1    10    19     0     1   -16.0   31.192 -103.835    704.1    824.9
     1     1    23     1    10    18     0     0   -17.0   31.118 -104.303    896.5    775.3
     1     1    23     1    10    17     0     1   -18.0   31.049 -104.744   1036.3    764.1
     1     1    23     1    10    16     0     2   -19.0   31.007 -105.168   1167.9    747.1
     1     1    23     1    10    15     0     3   -20.0   30.999 -105.593   1266.9    733.0
     1     1    23     1    10    14     0     2   -21.0   31.011 -106.017   1310.9    727.4
     1     1    23     1    10    13     0     1   -22.0   31.014 -106.419   1323.0    736.6
     1     1    23     1    10    12     0     0   -23.0   31.005 -106.789   1312.2    746.1
     1     1    23     1    10    11     0     1   -24.0   30.981 -107.133   1292.4    752.1
     1     1    23     1    10    10     0     2   -25.0   30.934 -107.468   1274.6    747.8
     1     1    23     1    10     9     0     3   -26.0   30.869 -107.801   1257.8    741.3
     1     1    23     1    10     8     0     2   -27.0   30.790 -108.124   1245.4    733.7
     1     1    23     1    10     7     0     1   -28.0   30.697 -108.431   1266.6    727.3
     1     1    23     1    10     6     0     0   -29.0   30.590 -108.726   1343.4    718.9
     1     1    23     1    10     5     0     1   -30.0   30.483 -109.010   1450.7    710.8
     1     1    23     1    10     4     0     2   -31.0   30.389 -109.274   1550.4    709.1
     1     1    23     1    10     3     0     3   -32.0   30.308 -109.511   1636.3    710.9
     1     1    23     1    10     2     0     2   -33.0   30.238 -109.732   1732.8    711.3
     1     1    23     1    10     1     0     1   -34.0   30.182 -109.947   1839.6    708.1
     1     1    23     1    10     0     0     0   -35.0   30.138 -110.158   1935.3    707.3
     1     1    23     1     9    23     0     1   -36.0   30.100 -110.367   2024.4    709.5
     1     1    23     1     9    22     0     2   -37.0   30.062 -110.581   2117.5    710.0
     1     1    23     1     9    21     0     3   -38.0   30.022 -110.803   2201.1    711.0
     1     1    23     1     9    20     0     2   -39.0   29.981 -111.026   2228.7    714.4
     1     1    23     1     9    19     0     1   -40.0   29.939 -111.238   2180.9    724.2
     1     1    23     1     9    18     0     0   -41.0   29.896 -111.433   2089.6    736.7
     1     1    23     1     9    17     0     1   -42.0   29.858 -111.608   2023.8    750.9
     1     1    23     1     9    16     0     2   -43.0   29.829 -111.774   2040.3    750.9
     1     1    23     1     9    15     0     3   -44.0   29.809 -111.941   2127.0    744.3
     1     1    23     1     9    14     0     2   -45.0   29.797 -112.106   2225.2    736.4
     1     1    23     1     9    13     0     1   -46.0   29.791 -112.259   2276.5    739.6
     1     1    23     1     9    12     0     0   -47.0   29.793 -112.404   2286.3    745.8
     1     1    23     1     9    11     0     1   -48.0   29.795 -112.538   2272.8    755.0
     1     1    23     1     9    10     0     2   -49.0   29.794 -112.655   2249.9    762.8
     1     1    23     1     9     9     0     3   -50.0   29.785 -112.747   2214.4    770.7
     1     1    23     1     9     8     0     2   -51.0   29.777 -112.815   2180.7    778.8
     1     1    23     1     9     7     0     1   -52.0   29.778 -112.861   2163.6    782.7
     1     1    23     1     9     6     0     0   -53.0   29.789 -112.889   2161.4    784.3
     1     1    23     1     9     5     0     1   -54.0   29.815 -112.913   2190.5    784.0
     1     1    23     1     9     4     0     2   -55.0   29.859 -112.947   2270.2    778.3
     1     1    23     1     9     3     0     3   -56.0   29.924 -112.992   2406.3    767.9
     1     1    23     1     9     2     0     2   -57.0   29.996 -113.051   2558.8    750.1
     1     1    23     1     9     1     0     1   -58.0   30.061 -113.119   2688.4    738.1
     1     1    23     1     9     0     0     0   -59.0   30.123 -113.190   2801.5    727.7
     1     1    23     1     8    23     0     1   -60.0   30.180 -113.274   2906.9    718.7
     1     1    23     1     8    22     0     2   -61.0   30.231 -113.377   3012.3    709.7
     1     1    23     1     8    21     0     3   -62.0   30.281 -113.499   3129.4    700.2
     1     1    23     1     8    20     0     2   -63.0   30.333 -113.632   3249.0    688.9
     1     1    23     1     8    19     0     1   -64.0   30.387 -113.769   3353.6    680.5
     1     1    23     1     8    18     0     0   -65.0   30.448 -113.907   3450.7    673.3
     1     1    23     1     8    17     0     1   -66.0   30.509 -114.046   3549.4    663.1
     1     1    23     1     8    16     0     2   -67.0   30.555 -114.193   3636.7    648.4
     1     1    23     1     8    15     0     3   -68.0   30.586 -114.348   3702.7    636.2
     1     1    23     1     8    14     0     2   -69.0   30.603 -114.517   3752.2    625.8
     1     1    23     1     8    13     0     1   -70.0   30.602 -114.715   3787.7    614.6
     1     1    23     1     8    12     0     0   -71.0   30.583 -114.951   3805.1    603.2
     1     1    23     1     8    11     0     1   -72.0   30.552 -115.202   3848.9    604.2
     1     1    23     1     8    10     0     2   -73.0   30.508 -115.442   3916.2    606.0
     1     1    23     1     8     9     0     3   -74.0   30.445 -115.673   4002.1    606.8
     1     1    23     1     8     8     0     2   -75.0   30.368 -115.904   4085.1    607.9
     1     1    23     1     8     7     0     1   -76.0   30.286 -116.135   4137.5    610.2
     1     1    23     1     8     6     0     0   -77.0   30.194 -116.369   4164.7    611.6
     1     1    23     1     8     5     0     1   -78.0   30.089 -116.612   4189.4    612.2
     1     1    23     1     8     4     0     2   -79.0   29.969 -116.867   4221.2    610.5
     1     1    23     1     8     3     0     3   -80.0   29.829 -117.140   4259.6    607.3
     1     1    23     1     8     2     0     2   -81.0   29.667 -117.417   4306.0    603.8
     1     1    23     1     8     1     0     1   -82.0   29.484 -117.689   4369.1    599.2
     1     1    23     1     8     0     0     0   -83.0   29.285 -117.957   4465.0    592.5
     1     1    23     1     7    23     0     1   -84.0   29.084 -118.214   4536.9    582.2
     1     1    23     1     7    22     0     2   -85.0   28.894 -118.453   4536.2    583.2
     1     1    23     1     7    21     0     3   -86.0   28.707 -118.669   4503.3    588.0
     1     1    23     1     7    20     0     2   -87.0   28.530 -118.858   4477.4    591.2
     1     1    23     1     7    19     0     1   -88.0   28.374 -119.021   4450.8    592.4
     1     1    23     1     7    18     0     0   -89.0   28.235 -119.154   4394.0    596.1
     1     1    23     1     7    17     0     1   -90.0   28.118 -119.266   4333.5    603.5
     1     1    23     1     7    16     0     2   -91.0   28.035 -119.378   4315.0    605.3
     1     1    23     1     7    15     0     3   -92.0   27.988 -119.500   4350.4    602.6
     1     1    23     1     7    14     0     2   -93.0   27.971 -119.651   4407.6    595.1
     1     1    23     1     7    13     0     1   -94.0   27.972 -119.833   4448.2    591.6
     1     1    23     1     7    12     0     0   -95.0   27.992 -120.044   4467.3    589.7
     1     1    23     1     7    11     0     1   -96.0   28.025 -120.271   4501.4    590.2
     1     1    23     1     7    10     0     2   -97.0   28.063 -120.519   4584.7    583.6
     1     1    23     1     7     9     0     3   -98.0   28.104 -120.801   4698.6    574.3
     1     1    23     1     7     8     0     2   -99.0   28.149 -121.113   4798.4    564.8
     1     1    23     1     7     7     0     1  -100.0   28.204 -121.438   4873.7    560.7
     1     1    23     1     7     6     0     0  -101.0   28.275 -121.775   4950.4    556.0
     1     1    23     1     7     5     0     1  -102.0   28.358 -122.122   5040.4    549.5
     1     1    23     1     7     4     0     2  -103.0   28.439 -122.477   5137.9    541.6
     1     1    23     1     7     3     0     3  -104.0   28.514 -122.833   5228.1    534.6
     1     1    23     1     7     2     0     2  -105.0   28.587 -123.211   5302.1    528.9
     1     1    23     1     7     1     0     1  -106.0   28.655 -123.619   5357.1    524.8
     1     1    23     1     7     0     0     0  -107.0   28.717 -124.023   5386.9    522.0
     1     1    23     1     6    23     0     1  -108.0   28.788 -124.441   5411.8    522.1
     1     1    23     1     6    22     0     2  -109.0   28.884 -124.914   5457.3    518.9
     1     1    23     1     6    21     0     3  -110.0   29.003 -125.406   5515.5    514.4
     1     1    23     1     6    20     0     2  -111.0   29.113 -125.882   5579.1    510.1
     1     1    23     1     6    19     0     1  -112.0   29.218 -126.359   5673.1    505.5
     1     1    23     1     6    18     0     0  -113.0   29.355 -126.861   5828.8    495.4
     1     1    23     1     6    17     0     1  -114.0   29.491 -127.374   5992.3    480.7
     1     1    23     1     6    16     0     2  -115.0   29.606 -127.890   6152.9    472.2
     1     1    23     1     6    15     0     3  -116.0   29.759 -128.398   6335.6    459.3
     1     1    23     1     6    14     0     2  -117.0   29.954 -128.899   6469.2    447.0
     1     1    23     1     6    13     0     1  -118.0   30.153 -129.421   6539.1    445.3
     1     1    23     1     6    12     0     0  -119.0   30.392 -130.002   6648.3    441.2
     1     1    23     1     6    11     0     1  -120.0   30.667 -130.627   6765.8    428.5
