     8     1
    GDAS    22    12    22     0     0
    GDAS    22    12    29     0     0
    GDAS    23     1     1     0     0
    GDAS    23     1     8     0     0
    GDAS    23     1    15     0     0
    GDAS    23     1    22     0     0
    GDAS    23     1    29     0     0
    GDAS    23     2     1     0     0
     1 BACKWARD OMEGA   
    23     1    17    11   32.000  -96.000  1500.0
     1 PRESSURE
     1     1    23     1    17    11     0     1     0.0   32.000  -96.000   1500.0    835.8
     1     1    23     1    17    10     0     2    -1.0   31.997  -96.551   1443.6    837.4
     1     1    23     1    17     9     0     3    -2.0   31.995  -97.189   1453.4    828.0
     1     1    23     1    17     8     0     2    -3.0   31.996  -97.918   1579.8    810.8
     1     1    23     1    17     7     0     1    -4.0   31.946  -98.761   1731.7    776.3
     1     1    23     1    17     6     0     0    -5.0   31.852  -99.625   1778.8    763.2
     1     1    23     1    17     5     0     1    -6.0   31.775 -100.385   1857.0    747.6
     1     1    23     1    17     4     0     2    -7.0   31.682 -101.119   1988.1    725.6
     1     1    23     1    17     3     0     3    -8.0   31.621 -101.755   2082.1    710.0
     1     1    23     1    17     2     0     2    -9.0   31.590 -102.358   2176.1    703.6
     1     1    23     1    17     1     0     1   -10.0   31.544 -103.050   2313.2    686.4
     1     1    23     1    17     0     0     0   -11.0   31.513 -103.839   2156.8    675.6
     1     1    23     1    16    23     0     1   -12.0   31.482 -104.651   1836.8    697.7
     1     1    23     1    16    22     0     2   -13.0   31.395 -105.534   1832.1    677.9
     1     1    23     1    16    21     0     3   -14.0   31.260 -106.478   1750.3    689.8
     1     1    23     1    16    20     0     2   -15.0   31.084 -107.347   1567.8    716.1
     1     1    23     1    16    19     0     1   -16.0   30.889 -108.085   1326.0    723.0
     1     1    23     1    16    18     0     0   -17.0   30.619 -108.806   1326.2    714.8
     1     1    23     1    16    17     0     1   -18.0   30.250 -109.495   1481.2    713.5
     1     1    23     1    16    16     0     2   -19.0   29.911 -110.048   1436.5    748.5
     1     1    23     1    16    15     0     3   -20.0   29.616 -110.497   1331.9    788.0
     1     1    23     1    16    14     0     2   -21.0   29.360 -110.868   1191.7    832.7
     1     1    23     1    16    13     0     1   -22.0   29.113 -111.205   1054.6    870.3
     1     1    23     1    16    12     0     0   -23.0   28.885 -111.510    945.3    893.0
     1     1    23     1    16    11     0     1   -24.0   28.695 -111.762    875.8    907.4
     1     1    23     1    16    10     0     2   -25.0   28.542 -111.969    870.6    913.1
     1     1    23     1    16     9     0     3   -26.0   28.408 -112.162    933.2    903.2
     1     1    23     1    16     8     0     2   -27.0   28.281 -112.403   1035.2    881.4
     1     1    23     1    16     7     0     1   -28.0   28.163 -112.751   1181.5    853.9
     1     1    23     1    16     6     0     0   -29.0   28.070 -113.206   1385.3    825.4
     1     1    23     1    16     5     0     1   -30.0   28.020 -113.625   1556.8    820.7
     1     1    23     1    16     4     0     2   -31.0   28.009 -113.955   1623.4    826.6
     1     1    23     1    16     3     0     3   -32.0   28.027 -114.248   1592.0    836.9
     1     1    23     1    16     2     0     2   -33.0   28.045 -114.556   1574.2    843.8
     1     1    23     1    16     1     0     1   -34.0   28.053 -114.903   1632.9    838.0
     1     1    23     1    16     0     0     0   -35.0   28.059 -115.296   1711.3    824.2
     1     1    23     1    15    23     0     1   -36.0   28.077 -115.719   1734.0    821.4
     1     1    23     1    15    22     0     2   -37.0   28.108 -116.158   1730.8    825.1
     1     1    23     1    15    21     0     3   -38.0   28.143 -116.609   1763.1    824.4
     1     1    23     1    15    20     0     2   -39.0   28.188 -117.071   1814.1    816.0
     1     1    23     1    15    19     0     1   -40.0   28.241 -117.542   1806.4    814.5
     1     1    23     1    15    18     0     0   -41.0   28.295 -118.019   1719.1    824.6
     1     1    23     1    15    17     0     1   -42.0   28.361 -118.494   1628.6    839.9
     1     1    23     1    15    16     0     2   -43.0   28.438 -118.967   1609.1    842.4
     1     1    23     1    15    15     0     3   -44.0   28.518 -119.448   1623.1    835.6
     1     1    23     1    15    14     0     2   -45.0   28.595 -119.944   1621.7    835.8
     1     1    23     1    15    13     0     1   -46.0   28.660 -120.449   1629.5    837.0
     1     1    23     1    15    12     0     0   -47.0   28.715 -120.963   1669.4    832.7
     1     1    23     1    15    11     0     1   -48.0   28.775 -121.482   1733.9    825.7
     1     1    23     1    15    10     0     2   -49.0   28.845 -122.002   1768.2    818.3
     1     1    23     1    15     9     0     3   -50.0   28.920 -122.518   1770.4    823.1
     1     1    23     1    15     8     0     2   -51.0   28.990 -123.024   1805.7    821.6
     1     1    23     1    15     7     0     1   -52.0   29.057 -123.512   1858.0    812.9
     1     1    23     1    15     6     0     0   -53.0   29.128 -123.988   1860.1    810.6
     1     1    23     1    15     5     0     1   -54.0   29.220 -124.470   1812.8    817.8
     1     1    23     1    15     4     0     2   -55.0   29.354 -124.980   1717.5    824.7
     1     1    23     1    15     3     0     3   -56.0   29.516 -125.505   1634.8    840.0
     1     1    23     1    15     2     0     2   -57.0   29.680 -126.039   1598.4    840.5
     1     1    23     1    15     1     0     1   -58.0   29.832 -126.581   1599.5    842.3
     1     1    23     1    15     0     0     0   -59.0   29.978 -127.145   1668.7    835.7
     1     1    23     1    14    23     0     1   -60.0   30.124 -127.738   1753.6    820.7
     1     1    23     1    14    22     0     2   -61.0   30.264 -128.354   1752.1    818.1
     1     1    23     1    14    21     0     3   -62.0   30.394 -128.993   1713.4    829.7
     1     1    23     1    14    20     0     2   -63.0   30.517 -129.641   1714.5    830.3
     1     1    23     1    14    19     0     1   -64.0   30.631 -130.279   1724.7    826.2
     1     1    23     1    14    18     0     0   -65.0   30.734 -130.912   1708.6    827.9
     1     1    23     1    14    17     0     1   -66.0   30.834 -131.529   1716.4    832.0
     1     1    23     1    14    16     0     2   -67.0   30.940 -132.123   1822.9    823.4
     1     1    23     1    14    15     0     3   -68.0   31.050 -132.712   2003.7    800.6
     1     1    23     1    14    14     0     2   -69.0   31.164 -133.315   2102.6    780.8
     1     1    23     1    14    13     0     1   -70.0   31.289 -133.928   2064.6    788.6
     1     1    23     1    14    12     0     0   -71.0   31.429 -134.540   1999.4    801.0
     1     1    23     1    14    11     0     1   -72.0   31.586 -135.158   1973.5    804.4
     1     1    23     1    14    10     0     2   -73.0   31.757 -135.790   1966.6    802.3
     1     1    23     1    14     9     0     3   -74.0   31.925 -136.418   1974.1    804.0
     1     1    23     1    14     8     0     2   -75.0   32.093 -137.048   2020.9    799.4
     1     1    23     1    14     7     0     1   -76.0   32.276 -137.705   2055.7    790.8
     1     1    23     1    14     6     0     0   -77.0   32.476 -138.386   2043.2    793.1
     1     1    23     1    14     5     0     1   -78.0   32.690 -139.087   1999.8    796.9
     1     1    23     1    14     4     0     2   -79.0   32.911 -139.801   1983.7    803.5
     1     1    23     1    14     3     0     3   -80.0   33.138 -140.536   2040.5    796.0
     1     1    23     1    14     2     0     2   -81.0   33.364 -141.303   2120.5    784.3
     1     1    23     1    14     1     0     1   -82.0   33.579 -142.107   2168.6    778.7
     1     1    23     1    14     0     0     0   -83.0   33.780 -142.942   2196.7    776.7
     1     1    23     1    13    23     0     1   -84.0   33.985 -143.807   2177.7    776.0
     1     1    23     1    13    22     0     2   -85.0   34.193 -144.654   2132.3    784.1
     1     1    23     1    13    21     0     3   -86.0   34.392 -145.490   2166.0    778.7
     1     1    23     1    13    20     0     2   -87.0   34.590 -146.344   2199.2    774.3
     1     1    23     1    13    19     0     1   -88.0   34.784 -147.222   2169.5    777.1
     1     1    23     1    13    18     0     0   -89.0   34.981 -148.093   2114.7    782.1
     1     1    23     1    13    17     0     1   -90.0   35.173 -148.958   2112.0    782.0
     1     1    23     1    13    16     0     2   -91.0   35.336 -149.821   2132.4    779.6
     1     1    23     1    13    15     0     3   -92.0   35.481 -150.669   2214.3    770.9
     1     1    23     1    13    14     0     2   -93.0   35.616 -151.535   2323.1    760.7
     1     1    23     1    13    13     0     1   -94.0   35.747 -152.420   2443.5    746.1
     1     1    23     1    13    12     0     0   -95.0   35.882 -153.306   2475.1    745.6
     1     1    23     1    13    11     0     1   -96.0   36.038 -154.187   2582.5    734.7
     1     1    23     1    13    10     0     2   -97.0   36.199 -155.092   2746.3    719.9
     1     1    23     1    13     9     0     3   -98.0   36.348 -156.023   2862.2    705.9
     1     1    23     1    13     8     0     2   -99.0   36.472 -156.994   2912.4    704.4
     1     1    23     1    13     7     0     1  -100.0   36.602 -158.031   3047.1    692.6
     1     1    23     1    13     6     0     0  -101.0   36.729 -159.102   3216.8    674.4
     1     1    23     1    13     5     0     1  -102.0   36.775 -160.246   3361.2    662.4
     1     1    23     1    13     4     0     2  -103.0   36.773 -161.506   3421.1    655.6
     1     1    23     1    13     3     0     3  -104.0   36.740 -162.789   3388.5    663.4
     1     1    23     1    13     2     0     2  -105.0   36.634 -164.052   3467.4    651.1
     1     1    23     1    13     1     0     1  -106.0   36.458 -165.341   3531.1    646.7
     1     1    23     1    13     0     0     0  -107.0   36.217 -166.676   3461.6    649.1
     1     1    23     1    12    23     0     1  -108.0   35.924 -167.860   3300.7    672.2
     1     1    23     1    12    22     0     2  -109.0   35.611 -168.940   3281.6    669.1
     1     1    23     1    12    21     0     3  -110.0   35.276 -170.039   3216.3    675.2
     1     1    23     1    12    20     0     2  -111.0   34.962 -171.058   3001.9    692.7
     1     1    23     1    12    19     0     1  -112.0   34.699 -171.946   2864.2    710.4
     1     1    23     1    12    18     0     0  -113.0   34.423 -172.808   2855.4    705.9
     1     1    23     1    12    17     0     1  -114.0   34.144 -173.678   2748.2    719.6
     1     1    23     1    12    16     0     2  -115.0   33.887 -174.549   2693.4    718.8
     1     1    23     1    12    15     0     3  -116.0   33.696 -175.310   2280.9    762.2
     1     1    23     1    12    14     0     2  -117.0   33.555 -176.064   2044.3    788.0
     1     1    23     1    12    13     0     1  -118.0   33.418 -176.853   2018.9    788.1
     1     1    23     1    12    12     0     0  -119.0   33.283 -177.642   1932.6    792.5
     1     1    23     1    12    11     0     1  -120.0   33.158 -178.410   1665.1    823.6
