     8     1
    GDAS    22    12    22     0     0
    GDAS    22    12    29     0     0
    GDAS    23     1     1     0     0
    GDAS    23     1     8     0     0
    GDAS    23     1    15     0     0
    GDAS    23     1    22     0     0
    GDAS    23     1    29     0     0
    GDAS    23     2     1     0     0
     1 BACKWARD OMEGA   
    23     1    11    11   32.000  -96.000  1500.0
     1 PRESSURE
     1     1    23     1    11    11     0     1     0.0   32.000  -96.000   1500.0    840.9
     1     1    23     1    11    10     0     2    -1.0   31.961  -96.551   1369.9    848.7
     1     1    23     1    11     9     0     3    -2.0   31.925  -97.093   1300.6    850.9
     1     1    23     1    11     8     0     2    -3.0   31.899  -97.642   1333.0    843.4
     1     1    23     1    11     7     0     1    -4.0   31.884  -98.227   1462.9    819.6
     1     1    23     1    11     6     0     0    -5.0   31.858  -98.849   1517.6    794.0
     1     1    23     1    11     5     0     1    -6.0   31.809  -99.460   1437.1    801.7
     1     1    23     1    11     4     0     2    -7.0   31.753 -100.041   1354.7    805.7
     1     1    23     1    11     3     0     3    -8.0   31.696 -100.603   1325.0    803.1
     1     1    23     1    11     2     0     2    -9.0   31.650 -101.126   1321.2    793.2
     1     1    23     1    11     1     0     1   -10.0   31.617 -101.608   1306.1    791.0
     1     1    23     1    11     0     0     0   -11.0   31.589 -102.058   1298.0    790.1
     1     1    23     1    10    23     0     1   -12.0   31.565 -102.494   1283.9    786.1
     1     1    23     1    10    22     0     2   -13.0   31.545 -102.926   1196.5    788.3
     1     1    23     1    10    21     0     3   -14.0   31.523 -103.362   1058.0    799.5
     1     1    23     1    10    20     0     2   -15.0   31.496 -103.836   1009.5    801.9
     1     1    23     1    10    19     0     1   -16.0   31.466 -104.326    974.2    781.7
     1     1    23     1    10    18     0     0   -17.0   31.405 -104.767    897.1    780.6
     1     1    23     1    10    17     0     1   -18.0   31.330 -105.150    836.8    783.0
     1     1    23     1    10    16     0     2   -19.0   31.274 -105.520    816.6    781.1
     1     1    23     1    10    15     0     3   -20.0   31.247 -105.904    825.2    775.5
     1     1    23     1    10    14     0     2   -21.0   31.234 -106.280    851.9    778.0
     1     1    23     1    10    13     0     1   -22.0   31.211 -106.626    882.5    781.9
     1     1    23     1    10    12     0     0   -23.0   31.174 -106.938    898.2    786.7
     1     1    23     1    10    11     0     1   -24.0   31.123 -107.222    908.2    786.9
     1     1    23     1    10    10     0     2   -25.0   31.058 -107.497    925.9    781.9
     1     1    23     1    10     9     0     3   -26.0   30.982 -107.760    941.1    776.2
     1     1    23     1    10     8     0     2   -27.0   30.898 -108.017    940.6    767.7
     1     1    23     1    10     7     0     1   -28.0   30.807 -108.267    944.8    760.4
     1     1    23     1    10     6     0     0   -29.0   30.705 -108.508    983.7    751.6
     1     1    23     1    10     5     0     1   -30.0   30.599 -108.738   1045.3    743.4
     1     1    23     1    10     4     0     2   -31.0   30.498 -108.955   1106.4    739.8
     1     1    23     1    10     3     0     3   -32.0   30.407 -109.149   1151.4    741.3
     1     1    23     1    10     2     0     2   -33.0   30.329 -109.315   1193.4    745.7
     1     1    23     1    10     1     0     1   -34.0   30.263 -109.461   1256.3    745.7
     1     1    23     1    10     0     0     0   -35.0   30.210 -109.592   1335.1    743.3
     1     1    23     1     9    23     0     1   -36.0   30.164 -109.722   1405.8    740.5
     1     1    23     1     9    22     0     2   -37.0   30.118 -109.860   1460.3    742.2
     1     1    23     1     9    21     0     3   -38.0   30.069 -110.009   1533.8    743.6
     1     1    23     1     9    20     0     2   -39.0   30.028 -110.163   1625.9    740.7
     1     1    23     1     9    19     0     1   -40.0   30.001 -110.313   1690.9    740.4
     1     1    23     1     9    18     0     0   -41.0   29.978 -110.461   1695.6    745.1
     1     1    23     1     9    17     0     1   -42.0   29.950 -110.594   1672.3    757.0
     1     1    23     1     9    16     0     2   -43.0   29.921 -110.706   1683.6    761.9
     1     1    23     1     9    15     0     3   -44.0   29.897 -110.798   1750.2    760.8
     1     1    23     1     9    14     0     2   -45.0   29.883 -110.884   1835.8    752.2
     1     1    23     1     9    13     0     1   -46.0   29.869 -110.967   1890.6    750.0
     1     1    23     1     9    12     0     0   -47.0   29.853 -111.045   1907.1    750.1
     1     1    23     1     9    11     0     1   -48.0   29.832 -111.114   1919.6    753.8
     1     1    23     1     9    10     0     2   -49.0   29.813 -111.173   1962.8    750.9
     1     1    23     1     9     9     0     3   -50.0   29.800 -111.225   2029.9    745.5
     1     1    23     1     9     8     0     2   -51.0   29.802 -111.276   2095.2    738.0
     1     1    23     1     9     7     0     1   -52.0   29.819 -111.333   2136.6    734.4
     1     1    23     1     9     6     0     0   -53.0   29.849 -111.392   2159.5    731.7
     1     1    23     1     9     5     0     1   -54.0   29.880 -111.455   2187.8    729.7
     1     1    23     1     9     4     0     2   -55.0   29.908 -111.529   2250.7    723.5
     1     1    23     1     9     3     0     3   -56.0   29.939 -111.618   2354.5    713.1
     1     1    23     1     9     2     0     2   -57.0   29.975 -111.728   2447.0    698.8
     1     1    23     1     9     1     0     1   -58.0   30.007 -111.855   2461.1    695.2
     1     1    23     1     9     0     0     0   -59.0   30.024 -111.990   2362.7    702.6
     1     1    23     1     8    23     0     1   -60.0   30.011 -112.115   2234.1    729.4
     1     1    23     1     8    22     0     2   -61.0   29.976 -112.236   2158.2    744.2
     1     1    23     1     8    21     0     3   -62.0   29.930 -112.361   2130.3    755.4
     1     1    23     1     8    20     0     2   -63.0   29.880 -112.478   2133.6    762.7
     1     1    23     1     8    19     0     1   -64.0   29.830 -112.578   2150.3    767.9
     1     1    23     1     8    18     0     0   -65.0   29.778 -112.662   2172.4    771.4
     1     1    23     1     8    17     0     1   -66.0   29.727 -112.749   2193.8    773.8
     1     1    23     1     8    16     0     2   -67.0   29.685 -112.857   2212.7    777.2
     1     1    23     1     8    15     0     3   -68.0   29.658 -112.986   2229.2    781.1
     1     1    23     1     8    14     0     2   -69.0   29.629 -113.127   2239.7    779.2
     1     1    23     1     8    13     0     1   -70.0   29.579 -113.274   2253.9    775.7
     1     1    23     1     8    12     0     0   -71.0   29.506 -113.429   2275.7    770.5
     1     1    23     1     8    11     0     1   -72.0   29.406 -113.579   2295.0    763.4
     1     1    23     1     8    10     0     2   -73.0   29.275 -113.706   2302.3    757.7
     1     1    23     1     8     9     0     3   -74.0   29.111 -113.817   2297.0    751.2
     1     1    23     1     8     8     0     2   -75.0   28.930 -113.906   2297.0    749.1
     1     1    23     1     8     7     0     1   -76.0   28.761 -113.965   2321.9    750.2
     1     1    23     1     8     6     0     0   -77.0   28.605 -113.994   2364.2    751.2
     1     1    23     1     8     5     0     1   -78.0   28.467 -114.013   2415.4    750.1
     1     1    23     1     8     4     0     2   -79.0   28.352 -114.039   2475.7    749.3
     1     1    23     1     8     3     0     3   -80.0   28.257 -114.081   2562.2    745.2
     1     1    23     1     8     2     0     2   -81.0   28.171 -114.150   2645.0    737.0
     1     1    23     1     8     1     0     1   -82.0   28.088 -114.242   2688.7    735.2
     1     1    23     1     8     0     0     0   -83.0   28.011 -114.349   2700.8    736.2
     1     1    23     1     7    23     0     1   -84.0   27.941 -114.459   2708.6    737.7
     1     1    23     1     7    22     0     2   -85.0   27.874 -114.564   2721.9    735.6
     1     1    23     1     7    21     0     3   -86.0   27.806 -114.668   2722.8    734.8
     1     1    23     1     7    20     0     2   -87.0   27.740 -114.772   2706.0    737.1
     1     1    23     1     7    19     0     1   -88.0   27.682 -114.877   2673.5    740.4
     1     1    23     1     7    18     0     0   -89.0   27.634 -114.979   2625.0    745.3
     1     1    23     1     7    17     0     1   -90.0   27.599 -115.071   2583.8    750.6
     1     1    23     1     7    16     0     2   -91.0   27.579 -115.151   2566.2    751.5
     1     1    23     1     7    15     0     3   -92.0   27.573 -115.225   2567.6    750.7
     1     1    23     1     7    14     0     2   -93.0   27.583 -115.305   2598.0    748.7
     1     1    23     1     7    13     0     1   -94.0   27.607 -115.407   2666.6    741.9
     1     1    23     1     7    12     0     0   -95.0   27.646 -115.532   2764.6    732.3
     1     1    23     1     7    11     0     1   -96.0   27.691 -115.675   2873.4    721.4
     1     1    23     1     7    10     0     2   -97.0   27.731 -115.829   2987.8    712.1
     1     1    23     1     7     9     0     3   -98.0   27.771 -115.995   3126.9    701.0
     1     1    23     1     7     8     0     2   -99.0   27.806 -116.181   3269.1    686.1
     1     1    23     1     7     7     0     1  -100.0   27.837 -116.386   3374.6    677.1
     1     1    23     1     7     6     0     0  -101.0   27.869 -116.598   3448.0    671.6
     1     1    23     1     7     5     0     1  -102.0   27.901 -116.808   3531.3    667.4
     1     1    23     1     7     4     0     2  -103.0   27.924 -117.026   3672.9    656.6
     1     1    23     1     7     3     0     3  -104.0   27.933 -117.277   3848.6    639.2
     1     1    23     1     7     2     0     2  -105.0   27.930 -117.556   3979.6    624.9
     1     1    23     1     7     1     0     1  -106.0   27.915 -117.841   4062.7    620.9
     1     1    23     1     7     0     0     0  -107.0   27.882 -118.137   4146.2    615.2
     1     1    23     1     6    23     0     1  -108.0   27.828 -118.450   4206.5    607.8
     1     1    23     1     6    22     0     2  -109.0   27.765 -118.761   4201.6    607.8
     1     1    23     1     6    21     0     3  -110.0   27.695 -119.053   4121.5    614.0
     1     1    23     1     6    20     0     2  -111.0   27.627 -119.321   4032.6    627.2
     1     1    23     1     6    19     0     1  -112.0   27.557 -119.578   3990.6    629.5
     1     1    23     1     6    18     0     0  -113.0   27.486 -119.828   3959.6    631.0
     1     1    23     1     6    17     0     1  -114.0   27.418 -120.077   3925.7    633.7
     1     1    23     1     6    16     0     2  -115.0   27.352 -120.335   3898.9    636.2
     1     1    23     1     6    15     0     3  -116.0   27.285 -120.608   3890.9    636.8
     1     1    23     1     6    14     0     2  -117.0   27.206 -120.910   3901.0    635.4
     1     1    23     1     6    13     0     1  -118.0   27.113 -121.247   3915.7    633.4
     1     1    23     1     6    12     0     0  -119.0   27.010 -121.614   3920.6    632.4
     1     1    23     1     6    11     0     1  -120.0   26.892 -121.983   3901.4    633.4
