     8     1
    GDAS    22    12    22     0     0
    GDAS    22    12    29     0     0
    GDAS    23     1     1     0     0
    GDAS    23     1     8     0     0
    GDAS    23     1    15     0     0
    GDAS    23     1    22     0     0
    GDAS    23     1    29     0     0
    GDAS    23     2     1     0     0
     1 BACKWARD OMEGA   
    23     1    13    16   32.716  -96.748   130.0
     1 PRESSURE
     1     1    23     1    13    16     0     2     0.0   32.716  -96.748    130.0    994.9
     1     1    23     1    13    15     0     3    -1.0   32.893  -96.708    134.8    995.3
     1     1    23     1    13    14     0     2    -2.0   33.088  -96.660    143.4    993.9
     1     1    23     1    13    13     0     1    -3.0   33.298  -96.620    153.0    991.1
     1     1    23     1    13    12     0     0    -4.0   33.525  -96.586    163.3    988.5
     1     1    23     1    13    11     0     1    -5.0   33.768  -96.565    179.2    986.1
     1     1    23     1    13    10     0     2    -6.0   34.032  -96.568    209.2    981.6
     1     1    23     1    13     9     0     3    -7.0   34.329  -96.588    251.6    972.4
     1     1    23     1    13     8     0     2    -8.0   34.661  -96.598    291.4    962.3
     1     1    23     1    13     7     0     1    -9.0   35.027  -96.576    319.4    954.9
     1     1    23     1    13     6     0     0   -10.0   35.416  -96.531    338.6    955.1
     1     1    23     1    13     5     0     1   -11.0   35.798  -96.501    346.7    955.4
     1     1    23     1    13     4     0     2   -12.0   36.162  -96.500    343.9    955.9
     1     1    23     1    13     3     0     3   -13.0   36.525  -96.526    347.7    953.7
     1     1    23     1    13     2     0     2   -14.0   36.900  -96.596    371.1    947.5
     1     1    23     1    13     1     0     1   -15.0   37.283  -96.726    403.0    938.9
     1     1    23     1    13     0     0     0   -16.0   37.666  -96.912    433.1    931.6
     1     1    23     1    12    23     0     1   -17.0   38.054  -97.117    476.9    923.6
     1     1    23     1    12    22     0     2   -18.0   38.428  -97.297    517.5    915.4
     1     1    23     1    12    21     0     3   -19.0   38.766  -97.445    528.3    914.0
     1     1    23     1    12    20     0     2   -20.0   39.090  -97.570    524.0    914.7
     1     1    23     1    12    19     0     1   -21.0   39.429  -97.683    531.5    913.4
     1     1    23     1    12    18     0     0   -22.0   39.796  -97.797    567.7    907.6
     1     1    23     1    12    17     0     1   -23.0   40.219  -97.917    616.4    897.4
     1     1    23     1    12    16     0     2   -24.0   40.714  -98.052    667.4    886.7
     1     1    23     1    12    15     0     3   -25.0   41.265  -98.236    739.3    872.5
     1     1    23     1    12    14     0     2   -26.0   41.837  -98.455    818.5    854.1
     1     1    23     1    12    13     0     1   -27.0   42.386  -98.695    868.4    847.6
     1     1    23     1    12    12     0     0   -28.0   42.900  -98.978    871.6    850.1
     1     1    23     1    12    11     0     1   -29.0   43.362  -99.271    867.9    856.3
     1     1    23     1    12    10     0     2   -30.0   43.771  -99.549    885.9    855.7
     1     1    23     1    12     9     0     3   -31.0   44.157  -99.825    890.5    855.4
     1     1    23     1    12     8     0     2   -32.0   44.549 -100.093    883.8    854.3
     1     1    23     1    12     7     0     1   -33.0   44.958 -100.371    899.3    848.3
     1     1    23     1    12     6     0     0   -34.0   45.375 -100.686    945.8    840.5
     1     1    23     1    12     5     0     1   -35.0   45.802 -101.037   1033.4    829.3
     1     1    23     1    12     4     0     2   -36.0   46.219 -101.388   1132.9    814.1
     1     1    23     1    12     3     0     3   -37.0   46.623 -101.731   1208.2    806.3
     1     1    23     1    12     2     0     2   -38.0   47.020 -102.088   1269.7    800.3
     1     1    23     1    12     1     0     1   -39.0   47.402 -102.434   1325.6    791.6
     1     1    23     1    12     0     0     0   -40.0   47.785 -102.766   1366.7    787.2
     1     1    23     1    11    23     0     1   -41.0   48.162 -103.083   1395.8    788.6
     1     1    23     1    11    22     0     2   -42.0   48.513 -103.381   1428.6    786.9
     1     1    23     1    11    21     0     3   -43.0   48.851 -103.683   1451.7    781.6
     1     1    23     1    11    20     0     2   -44.0   49.178 -103.963   1449.0    780.2
     1     1    23     1    11    19     0     1   -45.0   49.499 -104.201   1439.9    783.6
     1     1    23     1    11    18     0     0   -46.0   49.827 -104.422   1448.1    785.0
     1     1    23     1    11    17     0     1   -47.0   50.153 -104.624   1466.8    783.5
     1     1    23     1    11    16     0     2   -48.0   50.470 -104.812   1480.5    783.0
     1     1    23     1    11    15     0     3   -49.0   50.790 -105.011   1497.4    784.3
     1     1    23     1    11    14     0     2   -50.0   51.101 -105.218   1524.2    781.0
     1     1    23     1    11    13     0     1   -51.0   51.384 -105.416   1550.5    776.9
     1     1    23     1    11    12     0     0   -52.0   51.650 -105.621   1569.2    774.6
     1     1    23     1    11    11     0     1   -53.0   51.898 -105.836   1584.5    774.4
     1     1    23     1    11    10     0     2   -54.0   52.114 -106.044   1604.3    773.4
     1     1    23     1    11     9     0     3   -55.0   52.297 -106.246   1634.8    770.9
     1     1    23     1    11     8     0     2   -56.0   52.470 -106.441   1662.4    765.4
     1     1    23     1    11     7     0     1   -57.0   52.649 -106.625   1667.0    763.3
     1     1    23     1    11     6     0     0   -58.0   52.837 -106.796   1651.7    762.7
     1     1    23     1    11     5     0     1   -59.0   53.034 -106.957   1629.4    763.2
     1     1    23     1    11     4     0     2   -60.0   53.235 -107.103   1616.8    765.4
     1     1    23     1    11     3     0     3   -61.0   53.442 -107.231   1619.0    766.6
     1     1    23     1    11     2     0     2   -62.0   53.650 -107.369   1634.0    765.9
     1     1    23     1    11     1     0     1   -63.0   53.849 -107.534   1651.0    764.7
     1     1    23     1    11     0     0     0   -64.0   54.039 -107.715   1661.4    764.7
     1     1    23     1    10    23     0     1   -65.0   54.209 -107.891   1660.3    765.3
     1     1    23     1    10    22     0     2   -66.0   54.350 -108.056   1638.5    767.2
     1     1    23     1    10    21     0     3   -67.0   54.466 -108.211   1592.2    770.8
     1     1    23     1    10    20     0     2   -68.0   54.568 -108.347   1550.6    776.4
     1     1    23     1    10    19     0     1   -69.0   54.669 -108.452   1536.7    775.9
     1     1    23     1    10    18     0     0   -70.0   54.766 -108.526   1546.0    773.4
     1     1    23     1    10    17     0     1   -71.0   54.861 -108.587   1566.0    768.8
     1     1    23     1    10    16     0     2   -72.0   54.951 -108.650   1583.9    765.2
     1     1    23     1    10    15     0     3   -73.0   55.034 -108.717   1597.8    762.6
     1     1    23     1    10    14     0     2   -74.0   55.109 -108.793   1595.4    761.7
     1     1    23     1    10    13     0     1   -75.0   55.175 -108.884   1562.3    764.7
     1     1    23     1    10    12     0     0   -76.0   55.234 -108.991   1494.5    771.0
     1     1    23     1    10    11     0     1   -77.0   55.281 -109.100   1425.4    782.1
     1     1    23     1    10    10     0     2   -78.0   55.308 -109.206   1388.9    785.6
     1     1    23     1    10     9     0     3   -79.0   55.315 -109.314   1381.9    785.7
     1     1    23     1    10     8     0     2   -80.0   55.306 -109.409   1383.3    783.0
     1     1    23     1    10     7     0     1   -81.0   55.288 -109.471   1372.1    783.2
     1     1    23     1    10     6     0     0   -82.0   55.260 -109.501   1346.3    784.9
     1     1    23     1    10     5     0     1   -83.0   55.230 -109.508   1316.2    788.3
     1     1    23     1    10     4     0     2   -84.0   55.211 -109.504   1291.1    790.3
     1     1    23     1    10     3     0     3   -85.0   55.201 -109.488   1270.0    792.2
     1     1    23     1    10     2     0     2   -86.0   55.203 -109.473   1247.5    794.1
     1     1    23     1    10     1     0     1   -87.0   55.216 -109.477   1220.3    797.2
     1     1    23     1    10     0     0     0   -88.0   55.241 -109.500   1189.1    800.9
     1     1    23     1     9    23     0     1   -89.0   55.267 -109.530   1155.1    805.0
     1     1    23     1     9    22     0     2   -90.0   55.284 -109.558   1120.7    808.7
     1     1    23     1     9    21     0     3   -91.0   55.294 -109.584   1087.3    812.1
     1     1    23     1     9    20     0     2   -92.0   55.299 -109.607   1062.0    815.3
     1     1    23     1     9    19     0     1   -93.0   55.306 -109.619   1048.6    816.6
     1     1    23     1     9    18     0     0   -94.0   55.313 -109.621   1045.2    817.1
     1     1    23     1     9    17     0     1   -95.0   55.315 -109.624   1050.7    816.5
     1     1    23     1     9    16     0     2   -96.0   55.306 -109.641   1061.4    815.2
     1     1    23     1     9    15     0     3   -97.0   55.290 -109.676   1077.5    813.2
     1     1    23     1     9    14     0     2   -98.0   55.270 -109.723   1090.8    810.6
     1     1    23     1     9    13     0     1   -99.0   55.245 -109.778   1092.2    809.9
     1     1    23     1     9    12     0     0  -100.0   55.215 -109.840   1079.8    810.4
     1     1    23     1     9    11     0     1  -101.0   55.168 -109.898   1056.1    812.3
     1     1    23     1     9    10     0     2  -102.0   55.095 -109.953   1024.0    814.4
     1     1    23     1     9     9     0     3  -103.0   54.996 -110.019    981.5    817.3
     1     1    23     1     9     8     0     2  -104.0   54.870 -110.101    942.1    823.0
     1     1    23     1     9     7     0     1  -105.0   54.719 -110.195    916.6    825.5
     1     1    23     1     9     6     0     0  -106.0   54.555 -110.298    900.4    827.1
     1     1    23     1     9     5     0     1  -107.0   54.392 -110.409    883.5    828.1
     1     1    23     1     9     4     0     2  -108.0   54.238 -110.527    859.2    831.1
     1     1    23     1     9     3     0     3  -109.0   54.091 -110.657    833.9    834.1
     1     1    23     1     9     2     0     2  -110.0   53.948 -110.799    815.9    836.4
     1     1    23     1     9     1     0     1  -111.0   53.800 -110.948    807.7    837.3
     1     1    23     1     9     0     0     0  -112.0   53.647 -111.103    808.6    837.2
     1     1    23     1     8    23     0     1  -113.0   53.495 -111.255    810.3    836.4
     1     1    23     1     8    22     0     2  -114.0   53.347 -111.400    803.9    837.1
     1     1    23     1     8    21     0     3  -115.0   53.211 -111.576    788.6    838.6
     1     1    23     1     8    20     0     2  -116.0   53.084 -111.795    771.6    841.3
     1     1    23     1     8    19     0     1  -117.0   52.963 -112.054    762.3    841.4
     1     1    23     1     8    18     0     0  -118.0   52.848 -112.319    771.6    837.9
     1     1    23     1     8    17     0     1  -119.0   52.737 -112.567    804.3    831.2
     1     1    23     1     8    16     0     2  -120.0   52.627 -112.810    845.7    823.3
