     8     1
    GDAS    22    12    22     0     0
    GDAS    22    12    29     0     0
    GDAS    23     1     1     0     0
    GDAS    23     1     8     0     0
    GDAS    23     1    15     0     0
    GDAS    23     1    22     0     0
    GDAS    23     1    29     0     0
    GDAS    23     2     1     0     0
     1 BACKWARD OMEGA   
    23     1     9    11   32.716  -96.748    15.0
     1 PRESSURE
     1     1    23     1     9    11     0     1     0.0   32.716  -96.748     15.0   1000.5
     1     1    23     1     9    10     0     2    -1.0   32.647  -96.712     12.9   1001.2
     1     1    23     1     9     9     0     3    -2.0   32.588  -96.669     11.5   1001.7
     1     1    23     1     9     8     0     2    -3.0   32.535  -96.622     10.6   1002.7
     1     1    23     1     9     7     0     1    -4.0   32.486  -96.576     10.2   1003.8
     1     1    23     1     9     6     0     0    -5.0   32.438  -96.530     10.2   1004.9
     1     1    23     1     9     5     0     1    -6.0   32.403  -96.481     10.4   1005.2
     1     1    23     1     9     4     0     2    -7.0   32.392  -96.422     10.5   1005.4
     1     1    23     1     9     3     0     3    -8.0   32.405  -96.353     10.6   1005.6
     1     1    23     1     9     2     0     2    -9.0   32.438  -96.281     10.8   1005.8
     1     1    23     1     9     1     0     1   -10.0   32.485  -96.215     11.8   1005.7
     1     1    23     1     9     0     0     0   -11.0   32.547  -96.158     13.8   1005.2
     1     1    23     1     8    23     0     1   -12.0   32.624  -96.110     17.0   1004.6
     1     1    23     1     8    22     0     2   -13.0   32.716  -96.075     21.1   1003.8
     1     1    23     1     8    21     0     3   -14.0   32.819  -96.055     26.4   1002.7
     1     1    23     1     8    20     0     2   -15.0   32.934  -96.041     32.6   1002.3
     1     1    23     1     8    19     0     1   -16.0   33.056  -96.024     38.9   1002.1
     1     1    23     1     8    18     0     0   -17.0   33.189  -96.005     45.0   1002.3
     1     1    23     1     8    17     0     1   -18.0   33.339  -95.987     52.5   1001.4
     1     1    23     1     8    16     0     2   -19.0   33.516  -95.970     64.5    999.8
     1     1    23     1     8    15     0     3   -20.0   33.723  -95.950     81.7    997.4
     1     1    23     1     8    14     0     2   -21.0   33.947  -95.934    104.1    994.4
     1     1    23     1     8    13     0     1   -22.0   34.172  -95.925    129.4    989.8
     1     1    23     1     8    12     0     0   -23.0   34.403  -95.912    152.6    984.5
     1     1    23     1     8    11     0     1   -24.0   34.647  -95.899    168.9    980.3
     1     1    23     1     8    10     0     2   -25.0   34.898  -95.890    176.2    977.5
     1     1    23     1     8     9     0     3   -26.0   35.137  -95.893    181.0    976.9
     1     1    23     1     8     8     0     2   -27.0   35.359  -95.904    189.7    976.0
     1     1    23     1     8     7     0     1   -28.0   35.562  -95.916    203.8    974.5
     1     1    23     1     8     6     0     0   -29.0   35.756  -95.932    225.5    972.5
     1     1    23     1     8     5     0     1   -30.0   35.958  -95.944    256.9    969.1
     1     1    23     1     8     4     0     2   -31.0   36.182  -95.938    298.5    962.5
     1     1    23     1     8     3     0     3   -32.0   36.422  -95.898    350.2    954.2
     1     1    23     1     8     2     0     2   -33.0   36.672  -95.826    397.6    945.2
     1     1    23     1     8     1     0     1   -34.0   36.924  -95.733    421.9    940.1
     1     1    23     1     8     0     0     0   -35.0   37.180  -95.617    428.4    938.9
     1     1    23     1     7    23     0     1   -36.0   37.428  -95.486    435.9    938.1
     1     1    23     1     7    22     0     2   -37.0   37.661  -95.337    444.6    935.3
     1     1    23     1     7    21     0     3   -38.0   37.885  -95.144    435.8    935.5
     1     1    23     1     7    20     0     2   -39.0   38.098  -94.898    412.3    941.5
     1     1    23     1     7    19     0     1   -40.0   38.289  -94.614    390.1    945.6
     1     1    23     1     7    18     0     0   -41.0   38.446  -94.302    366.7    948.4
     1     1    23     1     7    17     0     1   -42.0   38.574  -93.951    331.8    952.1
     1     1    23     1     7    16     0     2   -43.0   38.681  -93.567    292.2    958.5
     1     1    23     1     7    15     0     3   -44.0   38.765  -93.168    253.9    964.5
     1     1    23     1     7    14     0     2   -45.0   38.839  -92.776    221.1    968.3
     1     1    23     1     7    13     0     1   -46.0   38.926  -92.387    201.1    968.2
     1     1    23     1     7    12     0     0   -47.0   39.039  -91.981    195.2    966.4
     1     1    23     1     7    11     0     1   -48.0   39.158  -91.610    193.8    969.1
     1     1    23     1     7    10     0     2   -49.0   39.265  -91.315    189.5    972.3
     1     1    23     1     7     9     0     3   -50.0   39.359  -91.085    185.6    974.2
     1     1    23     1     7     8     0     2   -51.0   39.439  -90.902    183.8    975.8
     1     1    23     1     7     7     0     1   -52.0   39.506  -90.751    184.5    977.0
     1     1    23     1     7     6     0     0   -53.0   39.562  -90.628    187.7    977.6
     1     1    23     1     7     5     0     1   -54.0   39.610  -90.525    190.5    977.5
     1     1    23     1     7     4     0     2   -55.0   39.657  -90.433    189.8    978.2
     1     1    23     1     7     3     0     3   -56.0   39.702  -90.350    186.3    979.2
     1     1    23     1     7     2     0     2   -57.0   39.747  -90.287    180.1    980.2
     1     1    23     1     7     1     0     1   -58.0   39.789  -90.257    170.9    981.3
     1     1    23     1     7     0     0     0   -59.0   39.830  -90.257    158.5    982.6
     1     1    23     1     6    23     0     1   -60.0   39.868  -90.290    147.7    984.1
     1     1    23     1     6    22     0     2   -61.0   39.903  -90.361    142.0    983.9
     1     1    23     1     6    21     0     3   -62.0   39.932  -90.470    140.5    982.8
     1     1    23     1     6    20     0     2   -63.0   39.958  -90.606    141.3    981.6
     1     1    23     1     6    19     0     1   -64.0   39.986  -90.752    142.7    980.4
     1     1    23     1     6    18     0     0   -65.0   40.017  -90.908    143.8    979.1
     1     1    23     1     6    17     0     1   -66.0   40.049  -91.070    144.7    978.3
     1     1    23     1     6    16     0     2   -67.0   40.081  -91.236    146.6    978.2
     1     1    23     1     6    15     0     3   -68.0   40.118  -91.411    151.1    977.7
     1     1    23     1     6    14     0     2   -69.0   40.167  -91.599    158.8    976.3
     1     1    23     1     6    13     0     1   -70.0   40.228  -91.807    169.2    974.5
     1     1    23     1     6    12     0     0   -71.0   40.299  -92.036    181.4    972.2
     1     1    23     1     6    11     0     1   -72.0   40.382  -92.277    193.9    968.3
     1     1    23     1     6    10     0     2   -73.0   40.475  -92.526    206.6    964.7
     1     1    23     1     6     9     0     3   -74.0   40.579  -92.789    218.3    960.9
     1     1    23     1     6     8     0     2   -75.0   40.696  -93.063    225.2    957.7
     1     1    23     1     6     7     0     1   -76.0   40.829  -93.339    230.9    955.8
     1     1    23     1     6     6     0     0   -77.0   40.982  -93.622    243.2    952.1
     1     1    23     1     6     5     0     1   -78.0   41.155  -93.914    264.5    947.4
     1     1    23     1     6     4     0     2   -79.0   41.340  -94.208    292.8    942.3
     1     1    23     1     6     3     0     3   -80.0   41.534  -94.500    325.4    936.8
     1     1    23     1     6     2     0     2   -81.0   41.737  -94.789    351.7    929.7
     1     1    23     1     6     1     0     1   -82.0   41.955  -95.065    358.0    925.9
     1     1    23     1     6     0     0     0   -83.0   42.184  -95.329    354.7    928.7
     1     1    23     1     5    23     0     1   -84.0   42.411  -95.590    352.9    929.1
     1     1    23     1     5    22     0     2   -85.0   42.635  -95.844    339.5    928.6
     1     1    23     1     5    21     0     3   -86.0   42.858  -96.089    306.7    931.1
     1     1    23     1     5    20     0     2   -87.0   43.077  -96.332    281.0    935.5
     1     1    23     1     5    19     0     1   -88.0   43.317  -96.569    282.0    931.6
     1     1    23     1     5    18     0     0   -89.0   43.592  -96.785    304.2    924.2
     1     1    23     1     5    17     0     1   -90.0   43.899  -96.974    344.2    914.5
     1     1    23     1     5    16     0     2   -91.0   44.212  -97.129    390.7    906.9
     1     1    23     1     5    15     0     3   -92.0   44.519  -97.248    425.3    902.4
     1     1    23     1     5    14     0     2   -93.0   44.819  -97.337    441.3    900.5
     1     1    23     1     5    13     0     1   -94.0   45.116  -97.403    439.9    903.2
     1     1    23     1     5    12     0     0   -95.0   45.405  -97.456    422.4    910.8
     1     1    23     1     5    11     0     1   -96.0   45.679  -97.494    400.2    918.9
     1     1    23     1     5    10     0     2   -97.0   45.943  -97.492    378.6    924.4
     1     1    23     1     5     9     0     3   -98.0   46.197  -97.446    355.2    929.4
     1     1    23     1     5     8     0     2   -99.0   46.449  -97.380    334.7    933.8
     1     1    23     1     5     7     0     1  -100.0   46.705  -97.309    322.5    937.7
     1     1    23     1     5     6     0     0  -101.0   46.967  -97.214    326.6    940.6
     1     1    23     1     5     5     0     1  -102.0   47.224  -97.091    341.8    939.3
     1     1    23     1     5     4     0     2  -103.0   47.466  -96.946    352.2    938.3
     1     1    23     1     5     3     0     3  -104.0   47.691  -96.783    347.5    936.7
     1     1    23     1     5     2     0     2  -105.0   47.897  -96.588    336.6    938.0
     1     1    23     1     5     1     0     1  -106.0   48.085  -96.342    337.6    936.7
     1     1    23     1     5     0     0     0  -107.0   48.259  -96.037    355.1    931.7
     1     1    23     1     4    23     0     1  -108.0   48.421  -95.701    370.7    927.5
     1     1    23     1     4    22     0     2  -109.0   48.571  -95.373    371.3    927.9
     1     1    23     1     4    21     0     3  -110.0   48.719  -95.057    362.3    928.9
     1     1    23     1     4    20     0     2  -111.0   48.857  -94.731    349.9    930.7
     1     1    23     1     4    19     0     1  -112.0   48.972  -94.376    346.0    931.9
     1     1    23     1     4    18     0     0  -113.0   49.067  -93.996    361.2    930.3
     1     1    23     1     4    17     0     1  -114.0   49.144  -93.564    390.3    922.4
     1     1    23     1     4    16     0     2  -115.0   49.210  -93.066    429.4    915.7
     1     1    23     1     4    15     0     3  -116.0   49.272  -92.517    478.8    908.3
     1     1    23     1     4    14     0     2  -117.0   49.339  -91.951    537.4    901.8
     1     1    23     1     4    13     0     1  -118.0   49.426  -91.412    617.2    891.4
     1     1    23     1     4    12     0     0  -119.0   49.547  -90.941    722.2    878.0
     1     1    23     1     4    11     0     1  -120.0   49.695  -90.570    795.8    863.4
