     8     1
    GDAS    22    12    22     0     0
    GDAS    22    12    29     0     0
    GDAS    23     1     1     0     0
    GDAS    23     1     8     0     0
    GDAS    23     1    15     0     0
    GDAS    23     1    22     0     0
    GDAS    23     1    29     0     0
    GDAS    23     2     1     0     0
     1 BACKWARD OMEGA   
    23     1    27    15   32.716  -96.748   132.0
     1 PRESSURE
     1     1    23     1    27    15     0     3     0.0   32.716  -96.748    132.0    990.5
     1     1    23     1    27    14     0     2    -1.0   32.511  -96.932    132.8    988.8
     1     1    23     1    27    13     0     1    -2.0   32.311  -97.110    142.8    984.1
     1     1    23     1    27    12     0     0    -3.0   32.108  -97.289    165.6    976.6
     1     1    23     1    27    11     0     1    -4.0   31.905  -97.465    197.7    969.2
     1     1    23     1    27    10     0     2    -5.0   31.709  -97.623    235.4    963.2
     1     1    23     1    27     9     0     3    -6.0   31.518  -97.751    282.5    956.7
     1     1    23     1    27     8     0     2    -7.0   31.347  -97.851    330.7    948.3
     1     1    23     1    27     7     0     1    -8.0   31.205  -97.932    364.1    943.0
     1     1    23     1    27     6     0     0    -9.0   31.081  -97.988    377.4    940.7
     1     1    23     1    27     5     0     1   -10.0   30.974  -98.019    377.8    941.2
     1     1    23     1    27     4     0     2   -11.0   30.894  -98.026    371.9    942.4
     1     1    23     1    27     3     0     3   -12.0   30.843  -98.011    358.2    944.7
     1     1    23     1    27     2     0     2   -13.0   30.821  -97.985    340.5    947.8
     1     1    23     1    27     1     0     1   -14.0   30.830  -97.961    326.1    949.8
     1     1    23     1    27     0     0     0   -15.0   30.871  -97.942    316.5    950.9
     1     1    23     1    26    23     0     1   -16.0   30.935  -97.936    315.6    951.0
     1     1    23     1    26    22     0     2   -17.0   31.014  -97.953    326.8    948.9
     1     1    23     1    26    21     0     3   -18.0   31.108  -97.994    347.8    945.3
     1     1    23     1    26    20     0     2   -19.0   31.216  -98.048    369.9    941.8
     1     1    23     1    26    19     0     1   -20.0   31.335  -98.107    388.0    939.8
     1     1    23     1    26    18     0     0   -21.0   31.465  -98.171    406.0    937.9
     1     1    23     1    26    17     0     1   -22.0   31.614  -98.240    424.2    934.5
     1     1    23     1    26    16     0     2   -23.0   31.793  -98.321    438.1    931.2
     1     1    23     1    26    15     0     3   -24.0   32.000  -98.424    443.0    929.1
     1     1    23     1    26    14     0     2   -25.0   32.228  -98.539    450.1    928.2
     1     1    23     1    26    13     0     1   -26.0   32.467  -98.652    469.9    924.7
     1     1    23     1    26    12     0     0   -27.0   32.711  -98.777    504.7    920.2
     1     1    23     1    26    11     0     1   -28.0   32.955  -98.917    553.2    914.0
     1     1    23     1    26    10     0     2   -29.0   33.201  -99.056    598.8    908.1
     1     1    23     1    26     9     0     3   -30.0   33.452  -99.190    636.2    904.3
     1     1    23     1    26     8     0     2   -31.0   33.700  -99.331    680.2    898.6
     1     1    23     1    26     7     0     1   -32.0   33.944  -99.479    724.5    889.4
     1     1    23     1    26     6     0     0   -33.0   34.185  -99.623    749.3    881.1
     1     1    23     1    26     5     0     1   -34.0   34.437  -99.764    770.3    875.7
     1     1    23     1    26     4     0     2   -35.0   34.718  -99.907    799.1    866.7
     1     1    23     1    26     3     0     3   -36.0   35.026 -100.064    815.3    858.0
     1     1    23     1    26     2     0     2   -37.0   35.356 -100.231    852.4    849.9
     1     1    23     1    26     1     0     1   -38.0   35.699 -100.411    925.3    831.9
     1     1    23     1    26     0     0     0   -39.0   36.038 -100.625    984.5    817.6
     1     1    23     1    25    23     0     1   -40.0   36.369 -100.847   1017.1    812.1
     1     1    23     1    25    22     0     2   -41.0   36.691 -101.061   1037.0    806.0
     1     1    23     1    25    21     0     3   -42.0   36.998 -101.296   1052.1    798.6
     1     1    23     1    25    20     0     2   -43.0   37.306 -101.524   1063.5    791.3
     1     1    23     1    25    19     0     1   -44.0   37.637 -101.705   1048.4    788.4
     1     1    23     1    25    18     0     0   -45.0   37.978 -101.861    979.2    793.2
     1     1    23     1    25    17     0     1   -46.0   38.352 -101.988    895.5    800.7
     1     1    23     1    25    16     0     2   -47.0   38.787 -102.105    866.4    795.1
     1     1    23     1    25    15     0     3   -48.0   39.261 -102.253    884.4    786.1
     1     1    23     1    25    14     0     2   -49.0   39.748 -102.416    901.3    782.8
     1     1    23     1    25    13     0     1   -50.0   40.247 -102.596    926.6    781.6
     1     1    23     1    25    12     0     0   -51.0   40.764 -102.811   1063.7    768.8
     1     1    23     1    25    11     0     1   -52.0   41.269 -103.065   1256.1    736.6
     1     1    23     1    25    10     0     2   -53.0   41.748 -103.372   1353.4    725.4
     1     1    23     1    25     9     0     3   -54.0   42.205 -103.714   1331.2    735.6
     1     1    23     1    25     8     0     2   -55.0   42.659 -104.070   1272.9    745.7
     1     1    23     1    25     7     0     1   -56.0   43.119 -104.446   1239.1    736.3
     1     1    23     1    25     6     0     0   -57.0   43.598 -104.820   1245.2    729.1
     1     1    23     1    25     5     0     1   -58.0   44.088 -105.202   1318.3    726.6
     1     1    23     1    25     4     0     2   -59.0   44.552 -105.601   1377.1    729.4
     1     1    23     1    25     3     0     3   -60.0   44.985 -105.970   1384.9    738.6
     1     1    23     1    25     2     0     2   -61.0   45.402 -106.350   1383.5    749.1
     1     1    23     1    25     1     0     1   -62.0   45.807 -106.740   1352.3    753.1
     1     1    23     1    25     0     0     0   -63.0   46.214 -107.088   1249.7    763.5
     1     1    23     1    24    23     0     1   -64.0   46.619 -107.448   1140.3    787.7
     1     1    23     1    24    22     0     2   -65.0   47.025 -107.827   1017.0    801.4
     1     1    23     1    24    21     0     3   -66.0   47.440 -108.208    876.8    819.7
     1     1    23     1    24    20     0     2   -67.0   47.844 -108.599    789.4    825.3
     1     1    23     1    24    19     0     1   -68.0   48.221 -109.000    747.6    824.2
     1     1    23     1    24    18     0     0   -69.0   48.598 -109.392    696.7    830.5
     1     1    23     1    24    17     0     1   -70.0   48.982 -109.785    565.1    847.3
     1     1    23     1    24    16     0     2   -71.0   49.287 -110.219    461.7    871.0
     1     1    23     1    24    15     0     3   -72.0   49.535 -110.686    491.4    867.0
     1     1    23     1    24    14     0     2   -73.0   49.783 -111.119    603.6    852.4
     1     1    23     1    24    13     0     1   -74.0   50.044 -111.461    705.2    841.2
     1     1    23     1    24    12     0     0   -75.0   50.300 -111.746    770.9    839.0
     1     1    23     1    24    11     0     1   -76.0   50.584 -112.047    800.5    834.8
     1     1    23     1    24    10     0     2   -77.0   50.922 -112.389    786.1    832.0
     1     1    23     1    24     9     0     3   -78.0   51.284 -112.760    739.9    830.1
     1     1    23     1    24     8     0     2   -79.0   51.660 -113.176    702.1    834.5
     1     1    23     1    24     7     0     1   -80.0   52.082 -113.690    644.5    830.0
     1     1    23     1    24     6     0     0   -81.0   52.479 -114.279    575.0    841.3
     1     1    23     1    24     5     0     1   -82.0   52.817 -114.977    519.4    841.5
     1     1    23     1    24     4     0     2   -83.0   53.063 -115.728    519.0    842.0
     1     1    23     1    24     3     0     3   -84.0   53.288 -116.575    623.1    804.3
     1     1    23     1    24     2     0     2   -85.0   53.456 -117.535    741.6    776.4
     1     1    23     1    24     1     0     1   -86.0   53.511 -118.406    834.6    757.6
     1     1    23     1    24     0     0     0   -87.0   53.519 -119.218    943.3    737.6
     1     1    23     1    23    23     0     1   -88.0   53.586 -120.103   1321.5    695.2
     1     1    23     1    23    22     0     2   -89.0   53.717 -121.106   1504.0    714.3
     1     1    23     1    23    21     0     3   -90.0   53.779 -122.014   1385.4    778.9
     1     1    23     1    23    20     0     2   -91.0   53.800 -122.988   1224.4    793.2
     1     1    23     1    23    19     0     1   -92.0   53.762 -124.041   1095.3    804.8
     1     1    23     1    23    18     0     0   -93.0   53.652 -125.239   1259.1    772.5
     1     1    23     1    23    17     0     1   -94.0   53.473 -126.471   1585.1    736.1
     1     1    23     1    23    16     0     2   -95.0   53.219 -127.490   1908.9    698.9
     1     1    23     1    23    15     0     3   -96.0   52.978 -128.232   1814.4    749.3
     1     1    23     1    23    14     0     2   -97.0   52.734 -128.729   1624.6    806.2
     1     1    23     1    23    13     0     1   -98.0   52.555 -129.132   1479.3    840.4
     1     1    23     1    23    12     0     0   -99.0   52.479 -129.526   1341.4    860.3
     1     1    23     1    23    11     0     1  -100.0   52.475 -129.995   1217.0    883.3
     1     1    23     1    23    10     0     2  -101.0   52.489 -130.599   1143.1    891.6
     1     1    23     1    23     9     0     3  -102.0   52.512 -131.386   1131.8    886.5
     1     1    23     1    23     8     0     2  -103.0   52.525 -132.308   1270.9    860.9
     1     1    23     1    23     7     0     1  -104.0   52.498 -133.308   1297.0    866.7
     1     1    23     1    23     6     0     0  -105.0   52.463 -134.393   1321.4    864.8
     1     1    23     1    23     5     0     1  -106.0   52.385 -135.569   1362.8    857.0
     1     1    23     1    23     4     0     2  -107.0   52.210 -136.773   1348.2    859.2
     1     1    23     1    23     3     0     3  -108.0   52.003 -138.021   1371.1    856.7
     1     1    23     1    23     2     0     2  -109.0   51.762 -139.279   1433.4    848.0
     1     1    23     1    23     1     0     1  -110.0   51.439 -140.476   1497.5    839.7
     1     1    23     1    23     0     0     0  -111.0   51.071 -141.674   1483.4    842.4
     1     1    23     1    22    23     0     1  -112.0   50.653 -142.869   1473.5    841.0
     1     1    23     1    22    22     0     2  -113.0   50.198 -143.981   1464.5    842.8
     1     1    23     1    22    21     0     3  -114.0   49.704 -145.063   1473.8    840.5
     1     1    23     1    22    20     0     2  -115.0   49.208 -146.121   1476.1    839.9
     1     1    23     1    22    19     0     1  -116.0   48.713 -147.145   1502.0    836.4
     1     1    23     1    22    18     0     0  -117.0   48.199 -148.169   1510.7    833.9
     1     1    23     1    22    17     0     1  -118.0   47.689 -149.214   1536.2    830.7
     1     1    23     1    22    16     0     2  -119.0   47.176 -150.266   1579.9    824.8
     1     1    23     1    22    15     0     3  -120.0   46.645 -151.337   1635.9    817.6
