     8     1
    GDAS    22    12    22     0     0
    GDAS    22    12    29     0     0
    GDAS    23     1     1     0     0
    GDAS    23     1     8     0     0
    GDAS    23     1    15     0     0
    GDAS    23     1    22     0     0
    GDAS    23     1    29     0     0
    GDAS    23     2     1     0     0
     1 BACKWARD OMEGA   
    23     1    13    13   32.716  -96.748  1000.0
     1 PRESSURE
     1     1    23     1    13    13     0     1     0.0   32.716  -96.748   1000.0    893.0
     1     1    23     1    13    12     0     0    -1.0   33.118  -96.796   1022.2    889.7
     1     1    23     1    13    11     0     1    -2.0   33.533  -96.876   1028.9    886.3
     1     1    23     1    13    10     0     2    -3.0   33.953  -96.987   1068.6    884.5
     1     1    23     1    13     9     0     3    -4.0   34.371  -97.143   1161.4    865.7
     1     1    23     1    13     8     0     2    -5.0   34.792  -97.322   1242.2    847.9
     1     1    23     1    13     7     0     1    -6.0   35.217  -97.493   1292.2    841.5
     1     1    23     1    13     6     0     0    -7.0   35.640  -97.652   1303.8    840.0
     1     1    23     1    13     5     0     1    -8.0   36.051  -97.809   1290.6    843.7
     1     1    23     1    13     4     0     2    -9.0   36.451  -97.981   1291.7    841.1
     1     1    23     1    13     3     0     3   -10.0   36.845  -98.169   1329.5    832.6
     1     1    23     1    13     2     0     2   -11.0   37.244  -98.372   1393.9    818.7
     1     1    23     1    13     1     0     1   -12.0   37.654  -98.578   1448.3    806.1
     1     1    23     1    13     0     0     0   -13.0   38.069  -98.781   1484.5    798.1
     1     1    23     1    12    23     0     1   -14.0   38.485  -98.979   1551.5    795.1
     1     1    23     1    12    22     0     2   -15.0   38.907  -99.181   1671.0    780.0
     1     1    23     1    12    21     0     3   -16.0   39.332  -99.393   1781.4    760.5
     1     1    23     1    12    20     0     2   -17.0   39.758  -99.623   1845.4    749.8
     1     1    23     1    12    19     0     1   -18.0   40.185  -99.874   1902.5    743.4
     1     1    23     1    12    18     0     0   -19.0   40.617 -100.135   1954.6    729.1
     1     1    23     1    12    17     0     1   -20.0   41.048 -100.411   1952.3    722.5
     1     1    23     1    12    16     0     2   -21.0   41.463 -100.706   1939.8    722.9
     1     1    23     1    12    15     0     3   -22.0   41.854 -101.015   1949.9    712.7
     1     1    23     1    12    14     0     2   -23.0   42.226 -101.336   1963.3    706.2
     1     1    23     1    12    13     0     1   -24.0   42.582 -101.667   1973.9    702.9
     1     1    23     1    12    12     0     0   -25.0   42.915 -101.997   1974.5    701.5
     1     1    23     1    12    11     0     1   -26.0   43.215 -102.317   1980.6    708.4
     1     1    23     1    12    10     0     2   -27.0   43.486 -102.628   1986.1    710.6
     1     1    23     1    12     9     0     3   -28.0   43.728 -102.932   1981.6    711.8
     1     1    23     1    12     8     0     2   -29.0   43.949 -103.228   1963.8    696.4
     1     1    23     1    12     7     0     1   -30.0   44.166 -103.524   1967.5    678.5
     1     1    23     1    12     6     0     0   -31.0   44.386 -103.831   2014.6    666.7
     1     1    23     1    12     5     0     1   -32.0   44.609 -104.129   2073.2    666.4
     1     1    23     1    12     4     0     2   -33.0   44.834 -104.393   2090.7    678.1
     1     1    23     1    12     3     0     3   -34.0   45.056 -104.631   2050.6    687.2
     1     1    23     1    12     2     0     2   -35.0   45.272 -104.854   1997.6    696.2
     1     1    23     1    12     1     0     1   -36.0   45.481 -105.067   1996.4    699.8
     1     1    23     1    12     0     0     0   -37.0   45.685 -105.265   2054.5    699.4
     1     1    23     1    11    23     0     1   -38.0   45.885 -105.450   2139.1    694.5
     1     1    23     1    11    22     0     2   -39.0   46.085 -105.638   2222.6    691.0
     1     1    23     1    11    21     0     3   -40.0   46.294 -105.847   2301.2    684.1
     1     1    23     1    11    20     0     2   -41.0   46.507 -106.073   2350.6    676.9
     1     1    23     1    11    19     0     1   -42.0   46.709 -106.298   2368.1    673.6
     1     1    23     1    11    18     0     0   -43.0   46.900 -106.517   2381.3    670.6
     1     1    23     1    11    17     0     1   -44.0   47.088 -106.751   2390.4    667.8
     1     1    23     1    11    16     0     2   -45.0   47.284 -107.013   2387.6    669.3
     1     1    23     1    11    15     0     3   -46.0   47.481 -107.273   2374.9    674.9
     1     1    23     1    11    14     0     2   -47.0   47.669 -107.517   2359.7    680.6
     1     1    23     1    11    13     0     1   -48.0   47.835 -107.759   2368.2    682.1
     1     1    23     1    11    12     0     0   -49.0   47.979 -108.021   2418.5    677.8
     1     1    23     1    11    11     0     1   -50.0   48.118 -108.306   2485.9    664.3
     1     1    23     1    11    10     0     2   -51.0   48.263 -108.605   2543.5    654.3
     1     1    23     1    11     9     0     3   -52.0   48.412 -108.916   2583.4    646.9
     1     1    23     1    11     8     0     2   -53.0   48.553 -109.236   2639.9    645.8
     1     1    23     1    11     7     0     1   -54.0   48.682 -109.574   2727.3    639.4
     1     1    23     1    11     6     0     0   -55.0   48.804 -109.924   2812.3    633.3
     1     1    23     1    11     5     0     1   -56.0   48.925 -110.281   2839.0    625.3
     1     1    23     1    11     4     0     2   -57.0   49.044 -110.635   2795.1    625.3
     1     1    23     1    11     3     0     3   -58.0   49.153 -110.978   2731.3    630.1
     1     1    23     1    11     2     0     2   -59.0   49.258 -111.335   2686.0    635.2
     1     1    23     1    11     1     0     1   -60.0   49.363 -111.727   2686.1    638.0
     1     1    23     1    11     0     0     0   -61.0   49.461 -112.153   2743.5    631.9
     1     1    23     1    10    23     0     1   -62.0   49.539 -112.597   2791.3    618.3
     1     1    23     1    10    22     0     2   -63.0   49.603 -113.045   2834.3    612.5
     1     1    23     1    10    21     0     3   -64.0   49.661 -113.472   2965.1    592.5
     1     1    23     1    10    20     0     2   -65.0   49.730 -113.862   3147.7    559.6
     1     1    23     1    10    19     0     1   -66.0   49.825 -114.263   3290.1    541.6
     1     1    23     1    10    18     0     0   -67.0   49.937 -114.787   3511.8    519.4
     1     1    23     1    10    17     0     1   -68.0   50.045 -115.447   3860.4    480.7
     1     1    23     1    10    16     0     2   -69.0   50.109 -116.144   4058.6    465.3
     1     1    23     1    10    15     0     3   -70.0   50.117 -116.894   4168.3    480.1
     1     1    23     1    10    14     0     2   -71.0   50.093 -117.709   4290.6    484.1
     1     1    23     1    10    13     0     1   -72.0   50.019 -118.537   4290.9    482.3
     1     1    23     1    10    12     0     0   -73.0   49.847 -119.441   4137.9    484.3
     1     1    23     1    10    11     0     1   -74.0   49.602 -120.309   3887.2    505.0
     1     1    23     1    10    10     0     2   -75.0   49.319 -121.093   3949.2    514.8
     1     1    23     1    10     9     0     3   -76.0   49.017 -121.919   3955.5    549.7
     1     1    23     1    10     8     0     2   -77.0   48.715 -122.704   3748.9    608.1
     1     1    23     1    10     7     0     1   -78.0   48.308 -123.367   3591.3    606.3
     1     1    23     1    10     6     0     0   -79.0   47.859 -124.047   3349.7    603.3
     1     1    23     1    10     5     0     1   -80.0   47.392 -124.604   2982.1    688.4
     1     1    23     1    10     4     0     2   -81.0   46.887 -124.956   2657.0    718.2
     1     1    23     1    10     3     0     3   -82.0   46.312 -125.333   2508.1    746.1
     1     1    23     1    10     2     0     2   -83.0   45.732 -125.900   2414.6    736.1
     1     1    23     1    10     1     0     1   -84.0   45.168 -126.440   2260.6    750.1
     1     1    23     1    10     0     0     0   -85.0   44.573 -126.914   2165.3    769.4
     1     1    23     1     9    23     0     1   -86.0   43.981 -127.503   2186.7    763.4
     1     1    23     1     9    22     0     2   -87.0   43.411 -128.162   2164.6    752.5
     1     1    23     1     9    21     0     3   -88.0   42.829 -128.747   1989.8    768.8
     1     1    23     1     9    20     0     2   -89.0   42.288 -129.458   1833.7    797.3
     1     1    23     1     9    19     0     1   -90.0   41.867 -130.292   1868.9    787.2
     1     1    23     1     9    18     0     0   -91.0   41.421 -131.137   1732.3    798.4
     1     1    23     1     9    17     0     1   -92.0   41.015 -132.100   1429.1    835.7
     1     1    23     1     9    16     0     2   -93.0   40.700 -132.990   1328.3    845.2
     1     1    23     1     9    15     0     3   -94.0   40.316 -133.783   1020.7    863.6
     1     1    23     1     9    14     0     2   -95.0   39.933 -134.558    572.0    933.9
     1     1    23     1     9    13     0     1   -96.0   39.626 -135.401    492.0    936.7
     1     1    23     1     9    12     0     0   -97.0   39.281 -136.097    482.6    936.3
     1     1    23     1     9    11     0     1   -98.0   38.911 -136.841    473.7    941.2
     1     1    23     1     9    10     0     2   -99.0   38.635 -137.654    480.4    939.1
     1     1    23     1     9     9     0     3  -100.0   38.399 -138.356    489.7    939.3
     1     1    23     1     9     8     0     2  -101.0   38.152 -139.031    514.7    937.8
     1     1    23     1     9     7     0     1  -102.0   37.966 -139.776    572.0    933.5
     1     1    23     1     9     6     0     0  -103.0   37.839 -140.534    613.8    925.5
     1     1    23     1     9     5     0     1  -104.0   37.741 -141.233    601.2    929.1
     1     1    23     1     9     4     0     2  -105.0   37.665 -141.960    606.5    929.3
     1     1    23     1     9     3     0     3  -106.0   37.623 -142.713    612.6    927.8
     1     1    23     1     9     2     0     2  -107.0   37.617 -143.489    612.0    927.8
     1     1    23     1     9     1     0     1  -108.0   37.632 -144.292    568.8    932.8
     1     1    23     1     9     0     0     0  -109.0   37.681 -145.115    546.4    936.9
     1     1    23     1     8    23     0     1  -110.0   37.755 -145.977    604.4    930.8
     1     1    23     1     8    22     0     2  -111.0   37.850 -146.869    759.6    914.4
     1     1    23     1     8    21     0     3  -112.0   37.966 -147.780    938.1    890.1
     1     1    23     1     8    20     0     2  -113.0   38.077 -148.687    965.6    888.4
     1     1    23     1     8    19     0     1  -114.0   38.201 -149.611    946.9    895.0
     1     1    23     1     8    18     0     0  -115.0   38.373 -150.557   1058.3    878.6
     1     1    23     1     8    17     0     1  -116.0   38.575 -151.518   1139.7    870.6
     1     1    23     1     8    16     0     2  -117.0   38.779 -152.465   1215.6    860.8
     1     1    23     1     8    15     0     3  -118.0   38.980 -153.417   1234.9    860.8
     1     1    23     1     8    14     0     2  -119.0   39.194 -154.399   1341.1    847.1
     1     1    23     1     8    13     0     1  -120.0   39.420 -155.414   1415.4    840.0
