     8     1
    GDAS    22    12    22     0     0
    GDAS    22    12    29     0     0
    GDAS    23     1     1     0     0
    GDAS    23     1     8     0     0
    GDAS    23     1    15     0     0
    GDAS    23     1    22     0     0
    GDAS    23     1    29     0     0
    GDAS    23     2     1     0     0
     1 BACKWARD OMEGA   
    23     1     9    14   32.716  -96.748   500.0
     1 PRESSURE
     1     1    23     1     9    14     0     2     0.0   32.716  -96.748    500.0    944.8
     1     1    23     1     9    13     0     1    -1.0   32.494  -96.804    497.5    945.0
     1     1    23     1     9    12     0     0    -2.0   32.301  -96.843    521.0    941.1
     1     1    23     1     9    11     0     1    -3.0   32.122  -96.871    555.4    934.1
     1     1    23     1     9    10     0     2    -4.0   31.953  -96.886    570.5    931.0
     1     1    23     1     9     9     0     3    -5.0   31.799  -96.876    566.8    933.7
     1     1    23     1     9     8     0     2    -6.0   31.662  -96.840    569.4    936.9
     1     1    23     1     9     7     0     1    -7.0   31.540  -96.784    587.9    936.0
     1     1    23     1     9     6     0     0    -8.0   31.430  -96.709    610.1    934.9
     1     1    23     1     9     5     0     1    -9.0   31.344  -96.611    627.0    934.2
     1     1    23     1     9     4     0     2   -10.0   31.293  -96.486    635.8    934.7
     1     1    23     1     9     3     0     3   -11.0   31.278  -96.333    637.5    936.0
     1     1    23     1     9     2     0     2   -12.0   31.305  -96.165    639.9    937.8
     1     1    23     1     9     1     0     1   -13.0   31.374  -96.000    648.6    937.8
     1     1    23     1     9     0     0     0   -14.0   31.479  -95.845    666.0    935.5
     1     1    23     1     8    23     0     1   -15.0   31.603  -95.716    696.1    931.1
     1     1    23     1     8    22     0     2   -16.0   31.739  -95.617    736.2    925.5
     1     1    23     1     8    21     0     3   -17.0   31.887  -95.543    784.1    919.2
     1     1    23     1     8    20     0     2   -18.0   32.050  -95.468    827.8    912.7
     1     1    23     1     8    19     0     1   -19.0   32.233  -95.378    856.4    909.1
     1     1    23     1     8    18     0     0   -20.0   32.439  -95.285    873.1    907.1
     1     1    23     1     8    17     0     1   -21.0   32.667  -95.203    896.4    905.5
     1     1    23     1     8    16     0     2   -22.0   32.921  -95.147    962.6    899.7
     1     1    23     1     8    15     0     3   -23.0   33.202  -95.134   1087.3    885.1
     1     1    23     1     8    14     0     2   -24.0   33.483  -95.209   1202.1    866.6
     1     1    23     1     8    13     0     1   -25.0   33.753  -95.360   1258.4    861.4
     1     1    23     1     8    12     0     0   -26.0   34.020  -95.551   1282.7    859.8
     1     1    23     1     8    11     0     1   -27.0   34.283  -95.775   1336.6    857.4
     1     1    23     1     8    10     0     2   -28.0   34.532  -96.057   1465.0    841.6
     1     1    23     1     8     9     0     3   -29.0   34.766  -96.398   1618.1    816.2
     1     1    23     1     8     8     0     2   -30.0   34.980  -96.770   1751.9    796.6
     1     1    23     1     8     7     0     1   -31.0   35.181  -97.158   1887.8    783.1
     1     1    23     1     8     6     0     0   -32.0   35.377  -97.567   2046.0    768.2
     1     1    23     1     8     5     0     1   -33.0   35.569  -97.998   2198.8    750.3
     1     1    23     1     8     4     0     2   -34.0   35.759  -98.437   2321.9    730.8
     1     1    23     1     8     3     0     3   -35.0   35.947  -98.889   2442.8    709.3
     1     1    23     1     8     2     0     2   -36.0   36.132  -99.369   2584.3    690.7
     1     1    23     1     8     1     0     1   -37.0   36.308  -99.872   2726.6    671.1
     1     1    23     1     8     0     0     0   -38.0   36.480 -100.396   2806.3    655.3
     1     1    23     1     7    23     0     1   -39.0   36.634 -100.936   2840.2    649.0
     1     1    23     1     7    22     0     2   -40.0   36.773 -101.497   2878.1    635.3
     1     1    23     1     7    21     0     3   -41.0   36.881 -102.079   2937.3    618.1
     1     1    23     1     7    20     0     2   -42.0   36.959 -102.651   3030.3    597.7
     1     1    23     1     7    19     0     1   -43.0   37.045 -103.195   3153.2    571.7
     1     1    23     1     7    18     0     0   -44.0   37.139 -103.711   3261.7    546.0
     1     1    23     1     7    17     0     1   -45.0   37.259 -104.192   3301.5    526.4
     1     1    23     1     7    16     0     2   -46.0   37.416 -104.639   3161.8    509.4
     1     1    23     1     7    15     0     3   -47.0   37.583 -105.036   2844.5    516.4
     1     1    23     1     7    14     0     2   -48.0   37.751 -105.363   2630.3    550.0
     1     1    23     1     7    13     0     1   -49.0   37.935 -105.677   2600.3    549.9
     1     1    23     1     7    12     0     0   -50.0   38.147 -106.027   2559.0    541.9
     1     1    23     1     7    11     0     1   -51.0   38.373 -106.396   2504.9    522.5
     1     1    23     1     7    10     0     2   -52.0   38.572 -106.755   2559.2    493.6
     1     1    23     1     7     9     0     3   -53.0   38.719 -107.098   2655.1    477.0
     1     1    23     1     7     8     0     2   -54.0   38.855 -107.425   2820.7    486.3
     1     1    23     1     7     7     0     1   -55.0   39.016 -107.735   3041.0    487.7
     1     1    23     1     7     6     0     0   -56.0   39.181 -108.052   3249.2    491.7
     1     1    23     1     7     5     0     1   -57.0   39.333 -108.375   3386.9    499.7
     1     1    23     1     7     4     0     2   -58.0   39.473 -108.687   3458.8    510.2
     1     1    23     1     7     3     0     3   -59.0   39.604 -108.979   3474.5    521.4
     1     1    23     1     7     2     0     2   -60.0   39.740 -109.248   3445.8    529.3
     1     1    23     1     7     1     0     1   -61.0   39.896 -109.499   3401.8    534.2
     1     1    23     1     7     0     0     0   -62.0   40.073 -109.739   3336.2    535.6
     1     1    23     1     6    23     0     1   -63.0   40.274 -109.975   3254.4    530.4
     1     1    23     1     6    22     0     2   -64.0   40.496 -110.216   3152.1    517.6
     1     1    23     1     6    21     0     3   -65.0   40.722 -110.479   3055.4    511.9
     1     1    23     1     6    20     0     2   -66.0   40.933 -110.781   3004.2    512.5
     1     1    23     1     6    19     0     1   -67.0   41.119 -111.122   3020.6    522.7
     1     1    23     1     6    18     0     0   -68.0   41.284 -111.453   3049.0    544.2
     1     1    23     1     6    17     0     1   -69.0   41.431 -111.760   3009.9    564.6
     1     1    23     1     6    16     0     2   -70.0   41.581 -112.073   2861.2    588.9
     1     1    23     1     6    15     0     3   -71.0   41.748 -112.407   2634.9    607.7
     1     1    23     1     6    14     0     2   -72.0   41.910 -112.743   2449.4    624.6
     1     1    23     1     6    13     0     1   -73.0   42.059 -113.062   2352.0    631.1
     1     1    23     1     6    12     0     0   -74.0   42.204 -113.363   2267.5    627.9
     1     1    23     1     6    11     0     1   -75.0   42.339 -113.645   2121.9    638.0
     1     1    23     1     6    10     0     2   -76.0   42.453 -113.900   1948.0    657.6
     1     1    23     1     6     9     0     3   -77.0   42.543 -114.140   1833.6    673.6
     1     1    23     1     6     8     0     2   -78.0   42.624 -114.376   1779.8    678.7
     1     1    23     1     6     7     0     1   -79.0   42.715 -114.621   1745.2    686.6
     1     1    23     1     6     6     0     0   -80.0   42.823 -114.869   1700.6    698.4
     1     1    23     1     6     5     0     1   -81.0   42.922 -115.120   1665.3    716.8
     1     1    23     1     6     4     0     2   -82.0   42.976 -115.358   1661.7    726.4
     1     1    23     1     6     3     0     3   -83.0   42.996 -115.561   1687.1    730.7
     1     1    23     1     6     2     0     2   -84.0   43.000 -115.753   1660.7    730.0
     1     1    23     1     6     1     0     1   -85.0   42.988 -115.953   1513.3    749.2
     1     1    23     1     6     0     0     0   -86.0   42.950 -116.173   1369.4    759.1
     1     1    23     1     5    23     0     1   -87.0   42.863 -116.393   1278.3    748.2
     1     1    23     1     5    22     0     2   -88.0   42.715 -116.616   1238.5    733.0
     1     1    23     1     5    21     0     3   -89.0   42.512 -116.899   1261.4    717.9
     1     1    23     1     5    20     0     2   -90.0   42.241 -117.242   1357.1    702.6
     1     1    23     1     5    19     0     1   -91.0   41.919 -117.588   1554.9    682.0
     1     1    23     1     5    18     0     0   -92.0   41.605 -117.917   1876.1    663.2
     1     1    23     1     5    17     0     1   -93.0   41.258 -118.287   2229.6    633.9
     1     1    23     1     5    16     0     2   -94.0   40.873 -118.691   2088.9    630.0
     1     1    23     1     5    15     0     3   -95.0   40.476 -119.183   1613.9    692.2
     1     1    23     1     5    14     0     2   -96.0   40.024 -119.647   1411.1    720.0
     1     1    23     1     5    13     0     1   -97.0   39.451 -120.116   1614.2    684.2
     1     1    23     1     5    12     0     0   -98.0   38.758 -120.609   1779.9    681.4
     1     1    23     1     5    11     0     1   -99.0   38.054 -120.973   1714.3    818.5
     1     1    23     1     5    10     0     2  -100.0   37.351 -121.294   1573.4    809.3
     1     1    23     1     5     9     0     3  -101.0   36.649 -121.581   1173.1    835.9
     1     1    23     1     5     8     0     2  -102.0   35.970 -121.773    685.2    930.7
     1     1    23     1     5     7     0     1  -103.0   35.352 -121.844    417.8    981.0
     1     1    23     1     5     6     0     0  -104.0   34.812 -121.857    311.5    975.5
     1     1    23     1     5     5     0     1  -105.0   34.323 -121.781    248.3    980.2
     1     1    23     1     5     4     0     2  -106.0   33.800 -121.572    212.4    985.5
     1     1    23     1     5     3     0     3  -107.0   33.217 -121.316    202.8    987.3
     1     1    23     1     5     2     0     2  -108.0   32.627 -121.123    215.4    987.4
     1     1    23     1     5     1     0     1  -109.0   32.067 -121.039    233.4    984.7
     1     1    23     1     5     0     0     0  -110.0   31.534 -121.036    246.2    984.0
     1     1    23     1     4    23     0     1  -111.0   31.030 -121.090    260.5    984.0
     1     1    23     1     4    22     0     2  -112.0   30.554 -121.189    276.8    982.3
     1     1    23     1     4    21     0     3  -113.0   30.105 -121.321    292.1    981.4
     1     1    23     1     4    20     0     2  -114.0   29.677 -121.470    300.4    980.1
     1     1    23     1     4    19     0     1  -115.0   29.265 -121.610    294.3    981.4
     1     1    23     1     4    18     0     0  -116.0   28.868 -121.733    278.9    984.7
     1     1    23     1     4    17     0     1  -117.0   28.494 -121.841    269.5    987.0
     1     1    23     1     4    16     0     2  -118.0   28.142 -121.933    271.9    986.0
     1     1    23     1     4    15     0     3  -119.0   27.812 -122.005    274.8    984.5
     1     1    23     1     4    14     0     2  -120.0   27.508 -122.062    273.1    984.9
