     8     1
    GDAS    22    12    22     0     0
    GDAS    22    12    29     0     0
    GDAS    23     1     1     0     0
    GDAS    23     1     8     0     0
    GDAS    23     1    15     0     0
    GDAS    23     1    22     0     0
    GDAS    23     1    29     0     0
    GDAS    23     2     1     0     0
     1 BACKWARD OMEGA   
    23     1    19    12   32.716  -96.748    20.0
     1 PRESSURE
     1     1    23     1    19    12     0     0     0.0   32.716  -96.748     20.0    993.2
     1     1    23     1    19    11     0     1    -1.0   32.862  -96.931     25.8    991.3
     1     1    23     1    19    10     0     2    -2.0   33.021  -97.114     34.1    987.1
     1     1    23     1    19     9     0     3    -3.0   33.190  -97.302     44.6    980.7
     1     1    23     1    19     8     0     2    -4.0   33.330  -97.528     57.2    974.8
     1     1    23     1    19     7     0     1    -5.0   33.427  -97.806     72.0    968.3
     1     1    23     1    19     6     0     0    -6.0   33.516  -98.117     89.7    962.5
     1     1    23     1    19     5     0     1    -7.0   33.580  -98.459    107.6    957.5
     1     1    23     1    19     4     0     2    -8.0   33.563  -98.855    123.4    952.2
     1     1    23     1    19     3     0     3    -9.0   33.473  -99.310    131.3    943.9
     1     1    23     1    19     2     0     2   -10.0   33.402  -99.763    138.0    938.3
     1     1    23     1    19     1     0     1   -11.0   33.379 -100.206    170.7    926.8
     1     1    23     1    19     0     0     0   -12.0   33.379 -100.689    292.6    902.7
     1     1    23     1    18    23     0     1   -13.0   33.382 -101.270    525.3    857.1
     1     1    23     1    18    22     0     2   -14.0   33.401 -101.927    643.9    818.6
     1     1    23     1    18    21     0     3   -15.0   33.439 -102.619    717.3    815.0
     1     1    23     1    18    20     0     2   -16.0   33.492 -103.317    788.3    785.0
     1     1    23     1    18    19     0     1   -17.0   33.540 -103.976    670.8    787.8
     1     1    23     1    18    18     0     0   -18.0   33.581 -104.691    702.0    806.4
     1     1    23     1    18    17     0     1   -19.0   33.699 -105.506   1102.9    713.1
     1     1    23     1    18    16     0     2   -20.0   33.777 -106.100   1088.1    706.9
     1     1    23     1    18    15     0     3   -21.0   33.814 -106.533    980.9    726.6
     1     1    23     1    18    14     0     2   -22.0   33.875 -106.901    939.8    730.3
     1     1    23     1    18    13     0     1   -23.0   33.973 -107.288    930.5    715.9
     1     1    23     1    18    12     0     0   -24.0   34.098 -107.796    995.2    691.8
     1     1    23     1    18    11     0     1   -25.0   34.219 -108.427   1163.5    659.8
     1     1    23     1    18    10     0     2   -26.0   34.299 -109.054   1265.7    642.7
     1     1    23     1    18     9     0     3   -27.0   34.316 -109.622   1250.7    668.8
     1     1    23     1    18     8     0     2   -28.0   34.273 -110.135   1104.4    697.5
     1     1    23     1    18     7     0     1   -29.0   34.185 -110.625    906.6    735.0
     1     1    23     1    18     6     0     0   -30.0   34.073 -111.080    785.5    760.1
     1     1    23     1    18     5     0     1   -31.0   33.973 -111.481    710.9    792.4
     1     1    23     1    18     4     0     2   -32.0   33.909 -111.834    655.7    825.6
     1     1    23     1    18     3     0     3   -33.0   33.867 -112.174    628.5    845.9
     1     1    23     1    18     2     0     2   -34.0   33.844 -112.516    591.9    855.6
     1     1    23     1    18     1     0     1   -35.0   33.844 -112.857    541.0    872.8
     1     1    23     1    18     0     0     0   -36.0   33.858 -113.201    518.0    884.6
     1     1    23     1    17    23     0     1   -37.0   33.873 -113.534    493.8    894.3
     1     1    23     1    17    22     0     2   -38.0   33.881 -113.849    443.6    912.0
     1     1    23     1    17    21     0     3   -39.0   33.889 -114.151    390.9    924.5
     1     1    23     1    17    20     0     2   -40.0   33.900 -114.425    354.7    929.9
     1     1    23     1    17    19     0     1   -41.0   33.909 -114.657    337.2    932.0
     1     1    23     1    17    18     0     0   -42.0   33.913 -114.849    329.5    932.8
     1     1    23     1    17    17     0     1   -43.0   33.911 -115.003    332.9    932.4
     1     1    23     1    17    16     0     2   -44.0   33.899 -115.128    355.3    921.4
     1     1    23     1    17    15     0     3   -45.0   33.876 -115.243    408.8    908.5
     1     1    23     1    17    14     0     2   -46.0   33.871 -115.402    513.6    887.6
     1     1    23     1    17    13     0     1   -47.0   33.906 -115.663    718.5    849.7
     1     1    23     1    17    12     0     0   -48.0   33.994 -116.085   1133.4    783.9
     1     1    23     1    17    11     0     1   -49.0   34.106 -116.530   1385.8    728.5
     1     1    23     1    17    10     0     2   -50.0   34.147 -116.952   1280.8    744.3
     1     1    23     1    17     9     0     3   -51.0   34.132 -117.312    964.7    816.6
     1     1    23     1    17     8     0     2   -52.0   34.108 -117.600    689.7    884.1
     1     1    23     1    17     7     0     1   -53.0   34.090 -117.866    532.2    923.2
     1     1    23     1    17     6     0     0   -54.0   34.069 -118.167    410.9    946.7
     1     1    23     1    17     5     0     1   -55.0   34.058 -118.547    236.8    969.0
     1     1    23     1    17     4     0     2   -56.0   34.082 -118.978     94.7    996.0
     1     1    23     1    17     3     0     3   -57.0   34.156 -119.398      9.4    993.2
     1     1    23     1    17     2     0     2   -58.0   34.259 -119.750      0.0    986.0
     1     1    23     1    17     1     0     1   -59.0   34.370 -120.069      0.0    978.7
     1     1    23     1    17     0     0     0   -60.0   34.483 -120.394      0.0    983.2
     1     1    23     1    16    23     0     1   -61.0   34.608 -120.749      0.0    995.5
     1     1    23     1    16    22     0     2   -62.0   34.746 -121.136      0.0   1008.9
     1     1    23     1    16    21     0     3   -63.0   34.894 -121.544      0.0   1008.9
     1     1    23     1    16    20     0     2   -64.0   35.048 -121.955      0.0   1008.6
     1     1    23     1    16    19     0     1   -65.0   35.202 -122.367      0.0   1008.6
     1     1    23     1    16    18     0     0   -66.0   35.358 -122.779      0.0   1008.4
     1     1    23     1    16    17     0     1   -67.0   35.534 -123.195      0.0   1007.8
     1     1    23     1    16    16     0     2   -68.0   35.733 -123.615      0.0   1006.6
     1     1    23     1    16    15     0     3   -69.0   35.933 -124.029      0.0   1004.9
     1     1    23     1    16    14     0     2   -70.0   36.158 -124.426      0.0   1005.2
     1     1    23     1    16    13     0     1   -71.0   36.423 -124.796      0.0   1004.9
     1     1    23     1    16    12     0     0   -72.0   36.698 -125.136      0.0   1004.5
     1     1    23     1    16    11     0     1   -73.0   36.994 -125.439      0.0   1003.7
     1     1    23     1    16    10     0     2   -74.0   37.317 -125.715      0.0   1003.7
     1     1    23     1    16     9     0     3   -75.0   37.635 -125.984      0.0   1004.0
     1     1    23     1    16     8     0     2   -76.0   37.940 -126.220      0.0   1003.9
     1     1    23     1    16     7     0     1   -77.0   38.217 -126.415      0.0   1004.0
     1     1    23     1    16     6     0     0   -78.0   38.443 -126.602      0.0   1004.0
     1     1    23     1    16     5     0     1   -79.0   38.605 -126.769      0.0   1003.5
     1     1    23     1    16     4     0     2   -80.0   38.722 -126.898      0.0   1003.2
     1     1    23     1    16     3     0     3   -81.0   38.818 -127.002      0.0   1003.1
     1     1    23     1    16     2     0     2   -82.0   38.877 -127.098      0.1   1002.4
     1     1    23     1    16     1     0     1   -83.0   38.884 -127.175      0.5   1001.6
     1     1    23     1    16     0     0     0   -84.0   38.848 -127.217      1.5   1000.7
     1     1    23     1    15    23     0     1   -85.0   38.774 -127.240      2.5   1000.7
     1     1    23     1    15    22     0     2   -86.0   38.668 -127.268      3.3   1000.7
     1     1    23     1    15    21     0     3   -87.0   38.534 -127.294      4.1   1000.8
     1     1    23     1    15    20     0     2   -88.0   38.387 -127.319      5.0   1001.8
     1     1    23     1    15    19     0     1   -89.0   38.235 -127.366      5.7   1002.9
     1     1    23     1    15    18     0     0   -90.0   38.064 -127.468      6.1   1003.9
     1     1    23     1    15    17     0     1   -91.0   37.903 -127.604      6.3   1004.0
     1     1    23     1    15    16     0     2   -92.0   37.788 -127.750      7.0   1004.4
     1     1    23     1    15    15     0     3   -93.0   37.720 -127.923      8.4   1005.0
     1     1    23     1    15    14     0     2   -94.0   37.690 -128.135      9.9   1005.7
     1     1    23     1    15    13     0     1   -95.0   37.689 -128.391     10.3   1006.4
     1     1    23     1    15    12     0     0   -96.0   37.724 -128.684     10.2   1007.5
     1     1    23     1    15    11     0     1   -97.0   37.789 -128.997     10.3   1007.4
     1     1    23     1    15    10     0     2   -98.0   37.869 -129.325     10.1   1007.4
     1     1    23     1    15     9     0     3   -99.0   37.954 -129.673      9.1   1007.4
     1     1    23     1    15     8     0     2  -100.0   38.059 -130.050      7.2   1007.3
     1     1    23     1    15     7     0     1  -101.0   38.214 -130.455      5.5   1007.3
     1     1    23     1    15     6     0     0  -102.0   38.422 -130.883      4.8   1007.4
     1     1    23     1    15     5     0     1  -103.0   38.655 -131.326      4.8   1006.8
     1     1    23     1    15     4     0     2  -104.0   38.903 -131.774      4.9   1006.9
     1     1    23     1    15     3     0     3  -105.0   39.176 -132.228      4.8   1006.8
     1     1    23     1    15     2     0     2  -106.0   39.459 -132.706      4.3   1005.0
     1     1    23     1    15     1     0     1  -107.0   39.748 -133.203      2.9   1004.4
     1     1    23     1    15     0     0     0  -108.0   40.057 -133.719      1.5   1003.8
     1     1    23     1    14    23     0     1  -109.0   40.372 -134.260      1.0   1003.7
     1     1    23     1    14    22     0     2  -110.0   40.678 -134.820      1.0   1003.5
     1     1    23     1    14    21     0     3  -111.0   40.976 -135.406      1.1   1003.4
     1     1    23     1    14    20     0     2  -112.0   41.261 -135.986      1.2   1002.5
     1     1    23     1    14    19     0     1  -113.0   41.551 -136.528      1.3   1002.1
     1     1    23     1    14    18     0     0  -114.0   41.873 -137.038      1.4   1000.9
     1     1    23     1    14    17     0     1  -115.0   42.201 -137.541      1.3   1001.0
     1     1    23     1    14    16     0     2  -116.0   42.507 -138.069      1.2    999.7
     1     1    23     1    14    15     0     3  -117.0   42.825 -138.608      1.0    998.7
     1     1    23     1    14    14     0     2  -118.0   43.131 -139.138      0.9    998.8
     1     1    23     1    14    13     0     1  -119.0   43.404 -139.687      1.1    998.3
     1     1    23     1    14    12     0     0  -120.0   43.694 -140.273      1.5    997.8
