     8     1
    GDAS    22    12    22     0     0
    GDAS    22    12    29     0     0
    GDAS    23     1     1     0     0
    GDAS    23     1     8     0     0
    GDAS    23     1    15     0     0
    GDAS    23     1    22     0     0
    GDAS    23     1    29     0     0
    GDAS    23     2     1     0     0
     1 BACKWARD OMEGA   
    23     1    17    11   32.716  -96.748  1000.0
     1 PRESSURE
     1     1    23     1    17    11     0     1     0.0   32.716  -96.748   1000.0    878.1
     1     1    23     1    17    10     0     2    -1.0   32.702  -97.089    925.4    883.5
     1     1    23     1    17     9     0     3    -2.0   32.716  -97.437    879.1    884.7
     1     1    23     1    17     8     0     2    -3.0   32.737  -97.817    896.4    876.8
     1     1    23     1    17     7     0     1    -4.0   32.764  -98.248    981.7    860.9
     1     1    23     1    17     6     0     0    -5.0   32.797  -98.694   1111.6    844.2
     1     1    23     1    17     5     0     1    -6.0   32.812  -99.148   1248.1    823.3
     1     1    23     1    17     4     0     2    -7.0   32.809  -99.660   1338.2    809.3
     1     1    23     1    17     3     0     3    -8.0   32.809 -100.213   1399.3    799.1
     1     1    23     1    17     2     0     2    -9.0   32.803 -100.768   1493.1    780.7
     1     1    23     1    17     1     0     1   -10.0   32.797 -101.330   1627.7    754.8
     1     1    23     1    17     0     0     0   -11.0   32.810 -101.900   1795.9    731.2
     1     1    23     1    16    23     0     1   -12.0   32.849 -102.483   1977.9    702.2
     1     1    23     1    16    22     0     2   -13.0   32.935 -103.068   2112.9    678.9
     1     1    23     1    16    21     0     3   -14.0   33.031 -103.626   2166.8    668.1
     1     1    23     1    16    20     0     2   -15.0   33.117 -104.181   2157.3    665.2
     1     1    23     1    16    19     0     1   -16.0   33.238 -104.760   2001.8    653.8
     1     1    23     1    16    18     0     0   -17.0   33.362 -105.358   1642.8    676.8
     1     1    23     1    16    17     0     1   -18.0   33.368 -105.931   1212.3    716.7
     1     1    23     1    16    16     0     2   -19.0   33.278 -106.372    871.7    761.6
     1     1    23     1    16    15     0     3   -20.0   33.195 -106.691    649.7    781.7
     1     1    23     1    16    14     0     2   -21.0   33.126 -106.957    496.3    798.2
     1     1    23     1    16    13     0     1   -22.0   33.067 -107.253    382.3    791.1
     1     1    23     1    16    12     0     0   -23.0   33.015 -107.642    266.4    767.9
     1     1    23     1    16    11     0     1   -24.0   32.976 -108.061    120.4    761.3
     1     1    23     1    16    10     0     2   -25.0   32.951 -108.363     44.3    790.7
     1     1    23     1    16     9     0     3   -26.0   32.926 -108.575     25.6    802.6
     1     1    23     1    16     8     0     2   -27.0   32.913 -108.741     18.5    810.6
     1     1    23     1    16     7     0     1   -28.0   32.926 -108.865     14.1    816.2
     1     1    23     1    16     6     0     0   -29.0   32.970 -108.953     10.4    819.2
     1     1    23     1    16     5     0     1   -30.0   33.021 -109.015      7.1    819.9
     1     1    23     1    16     4     0     2   -31.0   33.058 -109.065      4.2    820.4
     1     1    23     1    16     3     0     3   -32.0   33.077 -109.117      1.2    822.3
     1     1    23     1    16     2     0     2   -33.0   33.088 -109.199      0.0    827.0
     1     1    23     1    16     1     0     1   -34.0   33.099 -109.340      0.0    835.5
     1     1    23     1    16     0     0     0   -35.0   33.114 -109.532      0.0    847.1
     1     1    23     1    15    23     0     1   -36.0   33.121 -109.742      0.0    860.3
     1     1    23     1    15    22     0     2   -37.0   33.102 -109.950      0.0    875.7
     1     1    23     1    15    21     0     3   -38.0   33.056 -110.178      0.0    886.9
     1     1    23     1    15    20     0     2   -39.0   33.000 -110.414      0.0    897.4
     1     1    23     1    15    19     0     1   -40.0   32.926 -110.644      0.0    900.9
     1     1    23     1    15    18     0     0   -41.0   32.787 -110.880      5.6    904.5
     1     1    23     1    15    17     0     1   -42.0   32.585 -111.116     32.0    910.6
     1     1    23     1    15    16     0     2   -43.0   32.335 -111.365    116.3    909.0
     1     1    23     1    15    15     0     3   -44.0   32.049 -111.649    135.0    901.7
     1     1    23     1    15    14     0     2   -45.0   31.772 -111.902     50.0    920.8
     1     1    23     1    15    13     0     1   -46.0   31.533 -112.079      3.7    937.6
     1     1    23     1    15    12     0     0   -47.0   31.318 -112.225      0.0    948.4
     1     1    23     1    15    11     0     1   -48.0   31.119 -112.370      0.0    960.9
     1     1    23     1    15    10     0     2   -49.0   30.924 -112.518      0.0    973.5
     1     1    23     1    15     9     0     3   -50.0   30.726 -112.660      0.0    983.6
     1     1    23     1    15     8     0     2   -51.0   30.533 -112.798      0.0    994.5
     1     1    23     1    15     7     0     1   -52.0   30.351 -112.960      0.0   1007.0
     1     1    23     1    15     6     0     0   -53.0   30.180 -113.157      0.0   1010.9
     1     1    23     1    15     5     0     1   -54.0   30.019 -113.344      0.0   1011.5
     1     1    23     1    15     4     0     2   -55.0   29.871 -113.493      0.0   1009.0
     1     1    23     1    15     3     0     3   -56.0   29.738 -113.618      0.0   1005.2
     1     1    23     1    15     2     0     2   -57.0   29.614 -113.746      0.0   1000.2
     1     1    23     1    15     1     0     1   -58.0   29.493 -113.912      0.0    993.2
     1     1    23     1    15     0     0     0   -59.0   29.379 -114.137      0.0    987.0
     1     1    23     1    14    23     0     1   -60.0   29.293 -114.369      0.0    987.1
     1     1    23     1    14    22     0     2   -61.0   29.229 -114.569      0.0    990.7
     1     1    23     1    14    21     0     3   -62.0   29.181 -114.753      0.0    996.1
     1     1    23     1    14    20     0     2   -63.0   29.159 -114.928      0.0   1001.7
     1     1    23     1    14    19     0     1   -64.0   29.167 -115.096      0.0   1004.2
     1     1    23     1    14    18     0     0   -65.0   29.193 -115.248      0.0   1004.7
     1     1    23     1    14    17     0     1   -66.0   29.242 -115.394      0.0   1004.6
     1     1    23     1    14    16     0     2   -67.0   29.318 -115.544      0.4   1004.6
     1     1    23     1    14    15     0     3   -68.0   29.423 -115.686      1.0   1005.5
     1     1    23     1    14    14     0     2   -69.0   29.550 -115.809      1.3   1007.7
     1     1    23     1    14    13     0     1   -70.0   29.698 -115.915      1.4   1011.2
     1     1    23     1    14    12     0     0   -71.0   29.871 -116.010      1.9   1015.7
     1     1    23     1    14    11     0     1   -72.0   30.048 -116.099      3.0   1014.4
     1     1    23     1    14    10     0     2   -73.0   30.202 -116.183      3.5   1010.5
     1     1    23     1    14     9     0     3   -74.0   30.333 -116.264      2.8   1007.9
     1     1    23     1    14     8     0     2   -75.0   30.449 -116.346      1.4   1006.8
     1     1    23     1    14     7     0     1   -76.0   30.555 -116.434      0.2   1006.8
     1     1    23     1    14     6     0     0   -77.0   30.656 -116.529      0.0   1007.8
     1     1    23     1    14     5     0     1   -78.0   30.757 -116.626      0.0   1008.9
     1     1    23     1    14     4     0     2   -79.0   30.863 -116.723      0.0   1010.7
     1     1    23     1    14     3     0     3   -80.0   30.977 -116.824      0.0   1013.1
     1     1    23     1    14     2     0     2   -81.0   31.100 -116.934      0.0   1015.0
     1     1    23     1    14     1     0     1   -82.0   31.230 -117.050      0.0   1017.0
     1     1    23     1    14     0     0     0   -83.0   31.353 -117.159      0.0   1016.3
     1     1    23     1    13    23     0     1   -84.0   31.455 -117.259      0.0   1017.6
     1     1    23     1    13    22     0     2   -85.0   31.527 -117.359      0.0   1018.6
     1     1    23     1    13    21     0     3   -86.0   31.575 -117.464      0.0   1019.4
     1     1    23     1    13    20     0     2   -87.0   31.608 -117.566      0.0   1019.6
     1     1    23     1    13    19     0     1   -88.0   31.634 -117.650      0.0   1019.9
     1     1    23     1    13    18     0     0   -89.0   31.655 -117.720      0.0   1020.2
     1     1    23     1    13    17     0     1   -90.0   31.683 -117.786      0.3   1019.8
     1     1    23     1    13    16     0     2   -91.0   31.728 -117.854      2.4   1019.4
     1     1    23     1    13    15     0     3   -92.0   31.790 -117.918      6.8   1019.0
     1     1    23     1    13    14     0     2   -93.0   31.854 -117.991     13.1   1018.6
     1     1    23     1    13    13     0     1   -94.0   31.907 -118.087     21.6   1017.3
     1     1    23     1    13    12     0     0   -95.0   31.949 -118.207     31.3   1016.0
     1     1    23     1    13    11     0     1   -96.0   31.980 -118.334     39.2   1015.1
     1     1    23     1    13    10     0     2   -97.0   32.003 -118.452     43.0   1014.7
     1     1    23     1    13     9     0     3   -98.0   32.019 -118.568     41.4   1014.8
     1     1    23     1    13     8     0     2   -99.0   32.025 -118.676     37.7   1015.6
     1     1    23     1    13     7     0     1  -100.0   32.015 -118.768     35.2   1015.9
     1     1    23     1    13     6     0     0  -101.0   31.989 -118.838     34.1   1016.1
     1     1    23     1    13     5     0     1  -102.0   31.952 -118.885     33.4   1016.0
     1     1    23     1    13     4     0     2  -103.0   31.910 -118.911     31.6   1016.2
     1     1    23     1    13     3     0     3  -104.0   31.861 -118.913     29.2   1016.4
     1     1    23     1    13     2     0     2  -105.0   31.820 -118.897     27.6   1016.9
     1     1    23     1    13     1     0     1  -106.0   31.798 -118.867     28.1   1016.9
     1     1    23     1    13     0     0     0  -107.0   31.795 -118.822     30.4   1016.7
     1     1    23     1    12    23     0     1  -108.0   31.801 -118.779     33.3   1016.4
     1     1    23     1    12    22     0     2  -109.0   31.810 -118.755     35.4   1016.2
     1     1    23     1    12    21     0     3  -110.0   31.823 -118.754     36.7   1016.2
     1     1    23     1    12    20     0     2  -111.0   31.842 -118.754     37.4   1016.4
     1     1    23     1    12    19     0     1  -112.0   31.869 -118.732     38.0   1016.5
     1     1    23     1    12    18     0     0  -113.0   31.906 -118.688     38.7   1016.7
     1     1    23     1    12    17     0     1  -114.0   31.958 -118.640     39.6   1016.6
     1     1    23     1    12    16     0     2  -115.0   32.028 -118.605     40.9   1016.5
     1     1    23     1    12    15     0     3  -116.0   32.114 -118.586     42.5   1016.4
     1     1    23     1    12    14     0     2  -117.0   32.210 -118.578     44.5   1016.2
     1     1    23     1    12    13     0     1  -118.0   32.314 -118.580     46.7   1016.0
     1     1    23     1    12    12     0     0  -119.0   32.425 -118.590     49.4   1015.8
     1     1    23     1    12    11     0     1  -120.0   32.542 -118.605     52.5   1015.6
