     8     1
    GDAS    22    12    22     0     0
    GDAS    22    12    29     0     0
    GDAS    23     1     1     0     0
    GDAS    23     1     8     0     0
    GDAS    23     1    15     0     0
    GDAS    23     1    22     0     0
    GDAS    23     1    29     0     0
    GDAS    23     2     1     0     0
     1 BACKWARD OMEGA   
    23     1     7    14   32.716  -96.748   130.0
     1 PRESSURE
     1     1    23     1     7    14     0     2     0.0   32.716  -96.748    130.0    985.7
     1     1    23     1     7    13     0     1    -1.0   32.802  -96.896    128.5    984.5
     1     1    23     1     7    12     0     0    -2.0   32.910  -97.058    121.0    982.8
     1     1    23     1     7    11     0     1    -3.0   33.007  -97.223    110.2    981.1
     1     1    23     1     7    10     0     2    -4.0   33.041  -97.393    103.5    977.9
     1     1    23     1     7     9     0     3    -5.0   33.021  -97.578    100.1    973.8
     1     1    23     1     7     8     0     2    -6.0   32.953  -97.771    103.9    969.6
     1     1    23     1     7     7     0     1    -7.0   32.811  -97.975    124.9    963.4
     1     1    23     1     7     6     0     0    -8.0   32.570  -98.218    165.2    956.0
     1     1    23     1     7     5     0     1    -9.0   32.255  -98.492    202.7    946.2
     1     1    23     1     7     4     0     2   -10.0   31.894  -98.747    225.7    939.3
     1     1    23     1     7     3     0     3   -11.0   31.513  -98.964    257.1    932.2
     1     1    23     1     7     2     0     2   -12.0   31.103  -99.151    303.8    920.1
     1     1    23     1     7     1     0     1   -13.0   30.650  -99.295    334.2    911.7
     1     1    23     1     7     0     0     0   -14.0   30.179  -99.366    329.4    912.2
     1     1    23     1     6    23     0     1   -15.0   29.721  -99.377    301.2    926.5
     1     1    23     1     6    22     0     2   -16.0   29.301  -99.352    254.4    949.5
     1     1    23     1     6    21     0     3   -17.0   28.919  -99.301    203.3    969.0
     1     1    23     1     6    20     0     2   -18.0   28.564  -99.240    166.8    979.5
     1     1    23     1     6    19     0     1   -19.0   28.225  -99.182    152.1    986.7
     1     1    23     1     6    18     0     0   -20.0   27.889  -99.121    151.9    990.0
     1     1    23     1     6    17     0     1   -21.0   27.556  -99.043    157.2    987.9
     1     1    23     1     6    16     0     2   -22.0   27.234  -98.932    163.3    986.4
     1     1    23     1     6    15     0     3   -23.0   26.931  -98.790    167.2    987.5
     1     1    23     1     6    14     0     2   -24.0   26.652  -98.639    165.5    991.0
     1     1    23     1     6    13     0     1   -25.0   26.395  -98.492    158.3    995.1
     1     1    23     1     6    12     0     0   -26.0   26.158  -98.343    149.8    998.7
     1     1    23     1     6    11     0     1   -27.0   25.936  -98.194    143.1   1001.6
     1     1    23     1     6    10     0     2   -28.0   25.721  -98.056    137.1   1003.5
     1     1    23     1     6     9     0     3   -29.0   25.512  -97.931    128.3   1005.1
     1     1    23     1     6     8     0     2   -30.0   25.316  -97.808    115.8   1006.8
     1     1    23     1     6     7     0     1   -31.0   25.142  -97.676    102.3   1008.7
     1     1    23     1     6     6     0     0   -32.0   24.988  -97.531     90.2   1010.6
     1     1    23     1     6     5     0     1   -33.0   24.862  -97.367     81.0   1011.8
     1     1    23     1     6     4     0     2   -34.0   24.770  -97.182     75.4   1013.0
     1     1    23     1     6     3     0     3   -35.0   24.713  -96.980     73.5   1014.1
     1     1    23     1     6     2     0     2   -36.0   24.690  -96.775     73.0   1013.8
     1     1    23     1     6     1     0     1   -37.0   24.702  -96.577     71.9   1013.9
     1     1    23     1     6     0     0     0   -38.0   24.741  -96.388     71.2   1014.0
     1     1    23     1     5    23     0     1   -39.0   24.795  -96.213     71.1   1013.3
     1     1    23     1     5    22     0     2   -40.0   24.849  -96.056     70.1   1012.5
     1     1    23     1     5    21     0     3   -41.0   24.904  -95.914     66.7   1011.9
     1     1    23     1     5    20     0     2   -42.0   24.958  -95.773     62.3   1013.9
     1     1    23     1     5    19     0     1   -43.0   25.007  -95.618     59.0   1015.5
     1     1    23     1     5    18     0     0   -44.0   25.054  -95.450     56.8   1016.9
     1     1    23     1     5    17     0     1   -45.0   25.108  -95.270     55.0   1017.2
     1     1    23     1     5    16     0     2   -46.0   25.180  -95.077     53.0   1017.4
     1     1    23     1     5    15     0     3   -47.0   25.265  -94.875     51.1   1017.6
     1     1    23     1     5    14     0     2   -48.0   25.360  -94.673     49.9   1016.7
     1     1    23     1     5    13     0     1   -49.0   25.463  -94.480     49.0   1015.7
     1     1    23     1     5    12     0     0   -50.0   25.574  -94.298     47.7   1014.7
     1     1    23     1     5    11     0     1   -51.0   25.689  -94.128     46.3   1014.8
     1     1    23     1     5    10     0     2   -52.0   25.805  -93.974     44.6   1014.8
     1     1    23     1     5     9     0     3   -53.0   25.918  -93.839     42.2   1015.0
     1     1    23     1     5     8     0     2   -54.0   26.022  -93.711     40.6   1015.3
     1     1    23     1     5     7     0     1   -55.0   26.117  -93.579     41.5   1015.3
     1     1    23     1     5     6     0     0   -56.0   26.206  -93.445     45.0   1015.1
     1     1    23     1     5     5     0     1   -57.0   26.298  -93.310     49.1   1014.6
     1     1    23     1     5     4     0     2   -58.0   26.396  -93.175     51.5   1014.4
     1     1    23     1     5     3     0     3   -59.0   26.493  -93.036     52.1   1014.3
     1     1    23     1     5     2     0     2   -60.0   26.593  -92.896     52.2   1013.4
     1     1    23     1     5     1     0     1   -61.0   26.702  -92.759     52.1   1012.4
     1     1    23     1     5     0     0     0   -62.0   26.817  -92.627     51.0   1011.6
     1     1    23     1     4    23     0     1   -63.0   26.934  -92.503     49.9   1011.7
     1     1    23     1     4    22     0     2   -64.0   27.056  -92.393     49.9   1011.7
     1     1    23     1     4    21     0     3   -65.0   27.189  -92.302     51.3   1011.5
     1     1    23     1     4    20     0     2   -66.0   27.328  -92.221     53.0   1011.4
     1     1    23     1     4    19     0     1   -67.0   27.468  -92.133     54.4   1011.4
     1     1    23     1     4    18     0     0   -68.0   27.610  -92.038     54.9   1011.5
     1     1    23     1     4    17     0     1   -69.0   27.761  -91.944     56.1   1011.5
     1     1    23     1     4    16     0     2   -70.0   27.929  -91.861     59.3   1011.0
     1     1    23     1     4    15     0     3   -71.0   28.112  -91.783     64.0   1010.3
     1     1    23     1     4    14     0     2   -72.0   28.302  -91.728     70.4   1008.4
     1     1    23     1     4    13     0     1   -73.0   28.500  -91.709     79.2   1006.4
     1     1    23     1     4    12     0     0   -74.0   28.711  -91.727     90.4   1004.1
     1     1    23     1     4    11     0     1   -75.0   28.926  -91.776    102.6   1002.2
     1     1    23     1     4    10     0     2   -76.0   29.133  -91.843    113.8   1000.4
     1     1    23     1     4     9     0     3   -77.0   29.337  -91.917    123.5    998.7
     1     1    23     1     4     8     0     2   -78.0   29.529  -92.013    134.9    997.6
     1     1    23     1     4     7     0     1   -79.0   29.708  -92.140    152.0    995.4
     1     1    23     1     4     6     0     0   -80.0   29.883  -92.286    174.7    992.3
     1     1    23     1     4     5     0     1   -81.0   30.037  -92.451    191.2    988.4
     1     1    23     1     4     4     0     2   -82.0   30.157  -92.629    191.0    987.4
     1     1    23     1     4     3     0     3   -83.0   30.272  -92.792    181.2    987.4
     1     1    23     1     4     2     0     2   -84.0   30.371  -92.936    174.8    987.4
     1     1    23     1     4     1     0     1   -85.0   30.437  -93.084    174.3    985.5
     1     1    23     1     4     0     0     0   -86.0   30.476  -93.242    174.5    984.2
     1     1    23     1     3    23     0     1   -87.0   30.505  -93.402    172.7    983.5
     1     1    23     1     3    22     0     2   -88.0   30.528  -93.554    167.3    983.4
     1     1    23     1     3    21     0     3   -89.0   30.545  -93.695    158.0    984.0
     1     1    23     1     3    20     0     2   -90.0   30.553  -93.831    145.1    986.4
     1     1    23     1     3    19     0     1   -91.0   30.556  -93.972    129.2    989.1
     1     1    23     1     3    18     0     0   -92.0   30.550  -94.114    112.3    992.0
     1     1    23     1     3    17     0     1   -93.0   30.536  -94.252     98.2    994.0
     1     1    23     1     3    16     0     2   -94.0   30.522  -94.382     88.9    995.3
     1     1    23     1     3    15     0     3   -95.0   30.513  -94.508     84.3    996.1
     1     1    23     1     3    14     0     2   -96.0   30.500  -94.635     80.4    995.4
     1     1    23     1     3    13     0     1   -97.0   30.466  -94.760     72.3    995.9
     1     1    23     1     3    12     0     0   -98.0   30.406  -94.875     59.5    997.2
     1     1    23     1     3    11     0     1   -99.0   30.312  -94.969     43.1    999.6
     1     1    23     1     3    10     0     2  -100.0   30.184  -95.039     27.0   1002.0
     1     1    23     1     3     9     0     3  -101.0   30.023  -95.083     15.8   1004.7
     1     1    23     1     3     8     0     2  -102.0   29.837  -95.109      8.5   1005.5
     1     1    23     1     3     7     0     1  -103.0   29.639  -95.124      5.3   1006.2
     1     1    23     1     3     6     0     0  -104.0   29.424  -95.133      3.5   1006.9
     1     1    23     1     3     5     0     1  -105.0   29.197  -95.134      2.7   1007.7
     1     1    23     1     3     4     0     2  -106.0   28.972  -95.129      1.9   1008.4
     1     1    23     1     3     3     0     3  -107.0   28.733  -95.109      0.9   1008.5
     1     1    23     1     3     2     0     2  -108.0   28.444  -95.064      0.0   1008.7
     1     1    23     1     3     1     0     1  -109.0   28.079  -94.986      0.0   1008.8
     1     1    23     1     3     0     0     0  -110.0   27.666  -94.876      0.3   1008.8
     1     1    23     1     2    23     0     1  -111.0   27.261  -94.757      0.8   1008.7
     1     1    23     1     2    22     0     2  -112.0   26.873  -94.645      1.1   1008.7
     1     1    23     1     2    21     0     3  -113.0   26.497  -94.544      0.9   1008.6
     1     1    23     1     2    20     0     2  -114.0   26.130  -94.438      0.6   1009.9
     1     1    23     1     2    19     0     1  -115.0   25.767  -94.310      0.6   1011.1
     1     1    23     1     2    18     0     0  -116.0   25.407  -94.159      0.5   1012.4
     1     1    23     1     2    17     0     1  -117.0   25.057  -93.982      0.7   1012.4
     1     1    23     1     2    16     0     2  -118.0   24.724  -93.778      1.1   1012.9
     1     1    23     1     2    15     0     3  -119.0   24.408  -93.550      1.5   1014.0
     1     1    23     1     2    14     0     2  -120.0   24.122  -93.303      2.0   1014.0
