     8     1
    GDAS    22    12    22     0     0
    GDAS    22    12    29     0     0
    GDAS    23     1     1     0     0
    GDAS    23     1     8     0     0
    GDAS    23     1    15     0     0
    GDAS    23     1    22     0     0
    GDAS    23     1    29     0     0
    GDAS    23     2     1     0     0
     1 BACKWARD OMEGA   
    23     1    15    11   32.716  -96.748  1500.0
     1 PRESSURE
     1     1    23     1    15    11     0     1     0.0   32.716  -96.748   1500.0    831.7
     1     1    23     1    15    10     0     2    -1.0   32.387  -97.209   1470.6    830.6
     1     1    23     1    15     9     0     3    -2.0   32.092  -97.650   1504.1    823.0
     1     1    23     1    15     8     0     2    -3.0   31.850  -98.061   1593.1    806.2
     1     1    23     1    15     7     0     1    -4.0   31.644  -98.441   1701.2    789.6
     1     1    23     1    15     6     0     0    -5.0   31.473  -98.814   1825.6    773.4
     1     1    23     1    15     5     0     1    -6.0   31.341  -99.193   1955.5    753.7
     1     1    23     1    15     4     0     2    -7.0   31.244  -99.579   2064.5    738.5
     1     1    23     1    15     3     0     3    -8.0   31.185  -99.969   2146.3    726.9
     1     1    23     1    15     2     0     2    -9.0   31.138 -100.372   2178.2    717.2
     1     1    23     1    15     1     0     1   -10.0   31.086 -100.787   2141.1    716.2
     1     1    23     1    15     0     0     0   -11.0   31.040 -101.205   2095.4    721.2
     1     1    23     1    14    23     0     1   -12.0   30.983 -101.627   2107.8    722.6
     1     1    23     1    14    22     0     2   -13.0   30.896 -102.060   2163.5    715.4
     1     1    23     1    14    21     0     3   -14.0   30.795 -102.500   2175.9    706.3
     1     1    23     1    14    20     0     2   -15.0   30.687 -102.927   2141.9    705.1
     1     1    23     1    14    19     0     1   -16.0   30.570 -103.340   2095.1    695.7
     1     1    23     1    14    18     0     0   -17.0   30.447 -103.749   2014.1    686.7
     1     1    23     1    14    17     0     1   -18.0   30.323 -104.138   1912.4    690.8
     1     1    23     1    14    16     0     2   -19.0   30.201 -104.493   1854.6    698.3
     1     1    23     1    14    15     0     3   -20.0   30.086 -104.821   1823.1    699.6
     1     1    23     1    14    14     0     2   -21.0   29.985 -105.126   1782.1    703.3
     1     1    23     1    14    13     0     1   -22.0   29.893 -105.412   1747.1    705.6
     1     1    23     1    14    12     0     0   -23.0   29.802 -105.680   1741.8    702.7
     1     1    23     1    14    11     0     1   -24.0   29.717 -105.929   1771.7    698.0
     1     1    23     1    14    10     0     2   -25.0   29.629 -106.167   1837.1    686.6
     1     1    23     1    14     9     0     3   -26.0   29.526 -106.403   1917.6    670.2
     1     1    23     1    14     8     0     2   -27.0   29.398 -106.640   1971.4    651.9
     1     1    23     1    14     7     0     1   -28.0   29.246 -106.876   1997.6    635.4
     1     1    23     1    14     6     0     0   -29.0   29.074 -107.095   2044.8    618.4
     1     1    23     1    14     5     0     1   -30.0   28.897 -107.285   2116.8    608.9
     1     1    23     1    14     4     0     2   -31.0   28.729 -107.438   2180.6    604.7
     1     1    23     1    14     3     0     3   -32.0   28.572 -107.554   2233.9    600.8
     1     1    23     1    14     2     0     2   -33.0   28.424 -107.654   2296.5    597.1
     1     1    23     1    14     1     0     1   -34.0   28.282 -107.749   2386.1    589.7
     1     1    23     1    14     0     0     0   -35.0   28.155 -107.826   2502.4    580.2
     1     1    23     1    13    23     0     1   -36.0   28.035 -107.894   2605.8    568.9
     1     1    23     1    13    22     0     2   -37.0   27.911 -107.966   2680.2    571.2
     1     1    23     1    13    21     0     3   -38.0   27.786 -108.051   2738.3    582.3
     1     1    23     1    13    20     0     2   -39.0   27.656 -108.141   2788.2    596.5
     1     1    23     1    13    19     0     1   -40.0   27.522 -108.223   2831.7    610.0
     1     1    23     1    13    18     0     0   -41.0   27.384 -108.296   2867.6    623.2
     1     1    23     1    13    17     0     1   -42.0   27.239 -108.364   2905.9    636.0
     1     1    23     1    13    16     0     2   -43.0   27.085 -108.426   2966.7    646.6
     1     1    23     1    13    15     0     3   -44.0   26.920 -108.481   3057.8    651.8
     1     1    23     1    13    14     0     2   -45.0   26.742 -108.533   3152.8    651.4
     1     1    23     1    13    13     0     1   -46.0   26.548 -108.583   3236.3    655.2
     1     1    23     1    13    12     0     0   -47.0   26.335 -108.619   3321.4    658.9
     1     1    23     1    13    11     0     1   -48.0   26.106 -108.629   3403.8    661.3
     1     1    23     1    13    10     0     2   -49.0   25.866 -108.606   3454.1    661.8
     1     1    23     1    13     9     0     3   -50.0   25.618 -108.546   3468.9    663.4
     1     1    23     1    13     8     0     2   -51.0   25.372 -108.439   3477.0    667.1
     1     1    23     1    13     7     0     1   -52.0   25.147 -108.285   3498.4    669.8
     1     1    23     1    13     6     0     0   -53.0   24.958 -108.089   3538.8    671.2
     1     1    23     1    13     5     0     1   -54.0   24.800 -107.867   3564.7    662.4
     1     1    23     1    13     4     0     2   -55.0   24.656 -107.638   3574.3    657.2
     1     1    23     1    13     3     0     3   -56.0   24.545 -107.402   3601.2    652.2
     1     1    23     1    13     2     0     2   -57.0   24.469 -107.156   3668.2    644.5
     1     1    23     1    13     1     0     1   -58.0   24.411 -106.894   3757.8    623.5
     1     1    23     1    13     0     0     0   -59.0   24.362 -106.638   3819.9    590.8
     1     1    23     1    12    23     0     1   -60.0   24.323 -106.425   3854.1    566.6
     1     1    23     1    12    22     0     2   -61.0   24.299 -106.263   3860.4    551.7
     1     1    23     1    12    21     0     3   -62.0   24.293 -106.137   3853.9    540.2
     1     1    23     1    12    20     0     2   -63.0   24.307 -106.039   3861.1    530.5
     1     1    23     1    12    19     0     1   -64.0   24.337 -105.964   3903.4    520.0
     1     1    23     1    12    18     0     0   -65.0   24.381 -105.909   3985.9    509.6
     1     1    23     1    12    17     0     1   -66.0   24.439 -105.880   4063.5    496.1
     1     1    23     1    12    16     0     2   -67.0   24.512 -105.878   4089.9    489.3
     1     1    23     1    12    15     0     3   -68.0   24.597 -105.900   4061.8    485.5
     1     1    23     1    12    14     0     2   -69.0   24.689 -105.947   4006.1    484.8
     1     1    23     1    12    13     0     1   -70.0   24.784 -106.025   3957.6    483.7
     1     1    23     1    12    12     0     0   -71.0   24.882 -106.129   3938.9    489.9
     1     1    23     1    12    11     0     1   -72.0   24.983 -106.248   3922.4    497.8
     1     1    23     1    12    10     0     2   -73.0   25.084 -106.374   3903.5    510.9
     1     1    23     1    12     9     0     3   -74.0   25.177 -106.508   3878.4    523.5
     1     1    23     1    12     8     0     2   -75.0   25.258 -106.635   3850.0    534.2
     1     1    23     1    12     7     0     1   -76.0   25.335 -106.744   3815.9    540.8
     1     1    23     1    12     6     0     0   -77.0   25.414 -106.837   3764.6    545.1
     1     1    23     1    12     5     0     1   -78.0   25.494 -106.929   3708.7    549.0
     1     1    23     1    12     4     0     2   -79.0   25.570 -107.032   3663.5    551.1
     1     1    23     1    12     3     0     3   -80.0   25.638 -107.152   3631.5    556.4
     1     1    23     1    12     2     0     2   -81.0   25.701 -107.293   3608.9    564.9
     1     1    23     1    12     1     0     1   -82.0   25.758 -107.453   3595.7    577.0
     1     1    23     1    12     0     0     0   -83.0   25.800 -107.631   3594.6    592.6
     1     1    23     1    11    23     0     1   -84.0   25.812 -107.816   3609.2    611.3
     1     1    23     1    11    22     0     2   -85.0   25.789 -107.996   3655.9    629.8
     1     1    23     1    11    21     0     3   -86.0   25.745 -108.167   3701.2    631.6
     1     1    23     1    11    20     0     2   -87.0   25.685 -108.329   3755.8    633.6
     1     1    23     1    11    19     0     1   -88.0   25.603 -108.474   3828.0    634.2
     1     1    23     1    11    18     0     0   -89.0   25.511 -108.600   3932.8    631.1
     1     1    23     1    11    17     0     1   -90.0   25.424 -108.706   4053.5    622.5
     1     1    23     1    11    16     0     2   -91.0   25.348 -108.792   4167.1    615.5
     1     1    23     1    11    15     0     3   -92.0   25.280 -108.855   4270.1    608.2
     1     1    23     1    11    14     0     2   -93.0   25.219 -108.906   4342.1    602.0
     1     1    23     1    11    13     0     1   -94.0   25.155 -108.949   4375.0    600.2
     1     1    23     1    11    12     0     0   -95.0   25.082 -108.981   4378.7    600.4
     1     1    23     1    11    11     0     1   -96.0   25.001 -108.996   4359.9    602.0
     1     1    23     1    11    10     0     2   -97.0   24.915 -108.992   4320.4    605.3
     1     1    23     1    11     9     0     3   -98.0   24.823 -108.964   4264.2    609.9
     1     1    23     1    11     8     0     2   -99.0   24.730 -108.905   4220.5    615.5
     1     1    23     1    11     7     0     1  -100.0   24.651 -108.817   4206.3    616.5
     1     1    23     1    11     6     0     0  -101.0   24.589 -108.704   4211.5    616.2
     1     1    23     1    11     5     0     1  -102.0   24.543 -108.571   4238.8    614.5
     1     1    23     1    11     4     0     2  -103.0   24.512 -108.423   4291.0    610.2
     1     1    23     1    11     3     0     3  -104.0   24.490 -108.266   4361.0    604.5
     1     1    23     1    11     2     0     2  -105.0   24.470 -108.110   4434.4    597.9
     1     1    23     1    11     1     0     1  -106.0   24.452 -107.959   4505.3    592.0
     1     1    23     1    11     0     0     0  -107.0   24.440 -107.818   4585.2    584.0
     1     1    23     1    10    23     0     1  -108.0   24.440 -107.689   4688.0    574.5
     1     1    23     1    10    22     0     2  -109.0   24.461 -107.574   4808.4    563.1
     1     1    23     1    10    21     0     3  -110.0   24.499 -107.470   4931.2    551.2
     1     1    23     1    10    20     0     2  -111.0   24.543 -107.362   5026.7    540.4
     1     1    23     1    10    19     0     1  -112.0   24.590 -107.237   5071.2    533.9
     1     1    23     1    10    18     0     0  -113.0   24.645 -107.089   5060.7    529.8
     1     1    23     1    10    17     0     1  -114.0   24.713 -106.928   5018.7    522.9
     1     1    23     1    10    16     0     2  -115.0   24.787 -106.760   4985.9    503.3
     1     1    23     1    10    15     0     3  -116.0   24.861 -106.581   4989.2    479.0
     1     1    23     1    10    14     0     2  -117.0   24.937 -106.378   5011.1    449.6
     1     1    23     1    10    13     0     1  -118.0   25.026 -106.132   5043.8    415.9
     1     1    23     1    10    12     0     0  -119.0   25.167 -105.849   5197.0    395.6
     1     1    23     1    10    11     0     1  -120.0   25.377 -105.594   5431.6    386.8
