     8     1
    GDAS    22    12    22     0     0
    GDAS    22    12    29     0     0
    GDAS    23     1     1     0     0
    GDAS    23     1     8     0     0
    GDAS    23     1    15     0     0
    GDAS    23     1    22     0     0
    GDAS    23     1    29     0     0
    GDAS    23     2     1     0     0
     1 BACKWARD OMEGA   
    23     1    15    15   32.716  -96.748  1500.0
     1 PRESSURE
     1     1    23     1    15    15     0     3     0.0   32.716  -96.748   1500.0    831.5
     1     1    23     1    15    14     0     2    -1.0   32.304  -97.124   1501.7    828.9
     1     1    23     1    15    13     0     1    -2.0   31.955  -97.470   1533.8    817.9
     1     1    23     1    15    12     0     0    -3.0   31.663  -97.785   1551.4    809.4
     1     1    23     1    15    11     0     1    -4.0   31.396  -98.092   1531.1    808.2
     1     1    23     1    15    10     0     2    -5.0   31.144  -98.403   1508.5    807.5
     1     1    23     1    15     9     0     3    -6.0   30.917  -98.705   1530.3    802.2
     1     1    23     1    15     8     0     2    -7.0   30.724  -99.006   1607.7    789.1
     1     1    23     1    15     7     0     1    -8.0   30.558  -99.314   1709.8    773.4
     1     1    23     1    15     6     0     0    -9.0   30.417  -99.620   1806.6    761.3
     1     1    23     1    15     5     0     1   -10.0   30.299  -99.923   1885.3    749.7
     1     1    23     1    15     4     0     2   -11.0   30.199 -100.229   1941.8    745.7
     1     1    23     1    15     3     0     3   -12.0   30.111 -100.538   1974.3    746.1
     1     1    23     1    15     2     0     2   -13.0   30.024 -100.847   1990.3    750.1
     1     1    23     1    15     1     0     1   -14.0   29.935 -101.158   2012.8    750.9
     1     1    23     1    15     0     0     0   -15.0   29.846 -101.483   2101.0    741.1
     1     1    23     1    14    23     0     1   -16.0   29.764 -101.832   2274.5    712.1
     1     1    23     1    14    22     0     2   -17.0   29.684 -102.200   2457.7    679.5
     1     1    23     1    14    21     0     3   -18.0   29.595 -102.567   2603.5    660.4
     1     1    23     1    14    20     0     2   -19.0   29.496 -102.911   2711.7    651.5
     1     1    23     1    14    19     0     1   -20.0   29.388 -103.230   2773.5    641.6
     1     1    23     1    14    18     0     0   -21.0   29.272 -103.541   2811.2    630.5
     1     1    23     1    14    17     0     1   -22.0   29.150 -103.856   2858.2    615.4
     1     1    23     1    14    16     0     2   -23.0   29.024 -104.179   2919.4    606.0
     1     1    23     1    14    15     0     3   -24.0   28.892 -104.493   2972.1    607.9
     1     1    23     1    14    14     0     2   -25.0   28.753 -104.778   3005.3    610.3
     1     1    23     1    14    13     0     1   -26.0   28.605 -105.034   3020.7    609.7
     1     1    23     1    14    12     0     0   -27.0   28.453 -105.268   3009.1    605.3
     1     1    23     1    14    11     0     1   -28.0   28.301 -105.477   3005.2    602.7
     1     1    23     1    14    10     0     2   -29.0   28.145 -105.660   3029.4    597.2
     1     1    23     1    14     9     0     3   -30.0   27.973 -105.816   3083.0    589.5
     1     1    23     1    14     8     0     2   -31.0   27.796 -105.951   3138.9    576.4
     1     1    23     1    14     7     0     1   -32.0   27.626 -106.060   3174.9    565.0
     1     1    23     1    14     6     0     0   -33.0   27.454 -106.136   3193.6    556.0
     1     1    23     1    14     5     0     1   -34.0   27.291 -106.190   3204.6    549.4
     1     1    23     1    14     4     0     2   -35.0   27.151 -106.234   3220.0    543.4
     1     1    23     1    14     3     0     3   -36.0   27.041 -106.259   3244.5    538.3
     1     1    23     1    14     2     0     2   -37.0   26.946 -106.282   3276.0    533.1
     1     1    23     1    14     1     0     1   -38.0   26.849 -106.327   3316.5    527.5
     1     1    23     1    14     0     0     0   -39.0   26.757 -106.386   3373.1    520.9
     1     1    23     1    13    23     0     1   -40.0   26.673 -106.451   3443.4    513.8
     1     1    23     1    13    22     0     2   -41.0   26.596 -106.517   3519.4    506.7
     1     1    23     1    13    21     0     3   -42.0   26.524 -106.588   3592.8    500.4
     1     1    23     1    13    20     0     2   -43.0   26.457 -106.662   3662.7    495.8
     1     1    23     1    13    19     0     1   -44.0   26.398 -106.739   3730.1    491.4
     1     1    23     1    13    18     0     0   -45.0   26.346 -106.822   3790.0    488.0
     1     1    23     1    13    17     0     1   -46.0   26.294 -106.913   3845.2    484.9
     1     1    23     1    13    16     0     2   -47.0   26.233 -107.011   3906.4    483.0
     1     1    23     1    13    15     0     3   -48.0   26.159 -107.113   3994.4    488.9
     1     1    23     1    13    14     0     2   -49.0   26.077 -107.214   4069.7    495.6
     1     1    23     1    13    13     0     1   -50.0   25.997 -107.309   4122.7    504.6
     1     1    23     1    13    12     0     0   -51.0   25.922 -107.391   4170.0    517.2
     1     1    23     1    13    11     0     1   -52.0   25.836 -107.459   4194.6    529.2
     1     1    23     1    13    10     0     2   -53.0   25.725 -107.510   4190.4    543.1
     1     1    23     1    13     9     0     3   -54.0   25.587 -107.545   4155.8    558.7
     1     1    23     1    13     8     0     2   -55.0   25.430 -107.555   4125.2    576.0
     1     1    23     1    13     7     0     1   -56.0   25.273 -107.542   4134.3    585.8
     1     1    23     1    13     6     0     0   -57.0   25.128 -107.514   4180.1    591.5
     1     1    23     1    13     5     0     1   -58.0   24.991 -107.465   4230.9    593.3
     1     1    23     1    13     4     0     2   -59.0   24.859 -107.377   4259.3    592.1
     1     1    23     1    13     3     0     3   -60.0   24.739 -107.253   4317.8    588.1
     1     1    23     1    13     2     0     2   -61.0   24.639 -107.108   4407.8    579.1
     1     1    23     1    13     1     0     1   -62.0   24.553 -106.948   4481.7    567.2
     1     1    23     1    13     0     0     0   -63.0   24.481 -106.789   4504.9    550.8
     1     1    23     1    12    23     0     1   -64.0   24.423 -106.655   4507.5    539.6
     1     1    23     1    12    22     0     2   -65.0   24.382 -106.552   4492.6    532.2
     1     1    23     1    12    21     0     3   -66.0   24.357 -106.468   4458.2    527.6
     1     1    23     1    12    20     0     2   -67.0   24.350 -106.396   4437.9    525.1
     1     1    23     1    12    19     0     1   -68.0   24.363 -106.337   4467.1    516.9
     1     1    23     1    12    18     0     0   -69.0   24.396 -106.297   4545.4    505.9
     1     1    23     1    12    17     0     1   -70.0   24.449 -106.285   4623.0    492.7
     1     1    23     1    12    16     0     2   -71.0   24.519 -106.301   4649.8    487.7
     1     1    23     1    12    15     0     3   -72.0   24.604 -106.337   4624.2    487.6
     1     1    23     1    12    14     0     2   -73.0   24.695 -106.395   4578.3    492.8
     1     1    23     1    12    13     0     1   -74.0   24.784 -106.477   4545.7    498.6
     1     1    23     1    12    12     0     0   -75.0   24.870 -106.582   4524.8    507.1
     1     1    23     1    12    11     0     1   -76.0   24.951 -106.698   4512.4    517.9
     1     1    23     1    12    10     0     2   -77.0   25.029 -106.818   4509.8    528.5
     1     1    23     1    12     9     0     3   -78.0   25.099 -106.948   4526.9    536.4
     1     1    23     1    12     8     0     2   -79.0   25.159 -107.068   4545.5    537.0
     1     1    23     1    12     7     0     1   -80.0   25.215 -107.162   4545.7    535.8
     1     1    23     1    12     6     0     0   -81.0   25.268 -107.234   4524.6    536.1
     1     1    23     1    12     5     0     1   -82.0   25.330 -107.305   4500.5    538.0
     1     1    23     1    12     4     0     2   -83.0   25.405 -107.400   4495.7    538.0
     1     1    23     1    12     3     0     3   -84.0   25.494 -107.519   4510.9    538.7
     1     1    23     1    12     2     0     2   -85.0   25.588 -107.667   4545.6    541.3
     1     1    23     1    12     1     0     1   -86.0   25.684 -107.846   4602.1    547.9
     1     1    23     1    12     0     0     0   -87.0   25.782 -108.054   4673.2    554.6
     1     1    23     1    11    23     0     1   -88.0   25.878 -108.289   4725.5    554.4
     1     1    23     1    11    22     0     2   -89.0   25.970 -108.552   4774.8    556.6
     1     1    23     1    11    21     0     3   -90.0   26.057 -108.840   4805.8    561.5
     1     1    23     1    11    20     0     2   -91.0   26.122 -109.149   4816.5    565.7
     1     1    23     1    11    19     0     1   -92.0   26.157 -109.471   4813.1    566.5
     1     1    23     1    11    18     0     0   -93.0   26.172 -109.803   4789.6    569.4
     1     1    23     1    11    17     0     1   -94.0   26.162 -110.128   4775.7    574.7
     1     1    23     1    11    16     0     2   -95.0   26.125 -110.440   4819.9    571.5
     1     1    23     1    11    15     0     3   -96.0   26.062 -110.751   4904.8    563.3
     1     1    23     1    11    14     0     2   -97.0   25.978 -111.063   4943.4    554.9
     1     1    23     1    11    13     0     1   -98.0   25.875 -111.370   4904.6    554.3
     1     1    23     1    11    12     0     0   -99.0   25.752 -111.667   4865.0    555.5
     1     1    23     1    11    11     0     1  -100.0   25.612 -111.951   4848.8    557.7
     1     1    23     1    11    10     0     2  -101.0   25.460 -112.211   4839.0    561.2
     1     1    23     1    11     9     0     3  -102.0   25.295 -112.439   4810.3    566.9
     1     1    23     1    11     8     0     2  -103.0   25.121 -112.634   4781.8    572.2
     1     1    23     1    11     7     0     1  -104.0   24.946 -112.806   4743.2    574.0
     1     1    23     1    11     6     0     0  -105.0   24.770 -112.957   4658.3    579.6
     1     1    23     1    11     5     0     1  -106.0   24.607 -113.082   4581.3    589.8
     1     1    23     1    11     4     0     2  -107.0   24.465 -113.200   4556.5    590.9
     1     1    23     1    11     3     0     3  -108.0   24.341 -113.316   4566.7    589.4
     1     1    23     1    11     2     0     2  -109.0   24.223 -113.430   4595.0    586.4
     1     1    23     1    11     1     0     1  -110.0   24.098 -113.531   4631.7    583.4
     1     1    23     1    11     0     0     0  -111.0   23.960 -113.609   4677.8    579.9
     1     1    23     1    10    23     0     1  -112.0   23.805 -113.662   4716.0    575.7
     1     1    23     1    10    22     0     2  -113.0   23.635 -113.685   4727.4    575.0
     1     1    23     1    10    21     0     3  -114.0   23.448 -113.669   4711.8    576.1
     1     1    23     1    10    20     0     2  -115.0   23.262 -113.614   4689.4    579.7
     1     1    23     1    10    19     0     1  -116.0   23.091 -113.526   4672.4    580.9
     1     1    23     1    10    18     0     0  -117.0   22.942 -113.407   4647.8    582.9
     1     1    23     1    10    17     0     1  -118.0   22.830 -113.274   4638.9    585.5
     1     1    23     1    10    16     0     2  -119.0   22.769 -113.149   4684.1    582.5
     1     1    23     1    10    15     0     3  -120.0   22.762 -113.045   4795.4    574.5
