     8     1
    GDAS    22    12    22     0     0
    GDAS    22    12    29     0     0
    GDAS    23     1     1     0     0
    GDAS    23     1     8     0     0
    GDAS    23     1    15     0     0
    GDAS    23     1    22     0     0
    GDAS    23     1    29     0     0
    GDAS    23     2     1     0     0
     1 BACKWARD OMEGA   
    23     1     9    11   32.716  -96.748   100.0
     1 PRESSURE
     1     1    23     1     9    11     0     1     0.0   32.716  -96.748    100.0    991.1
     1     1    23     1     9    10     0     2    -1.0   32.617  -96.709     93.2    992.1
     1     1    23     1     9     9     0     3    -2.0   32.533  -96.659     87.2    993.0
     1     1    23     1     9     8     0     2    -3.0   32.460  -96.603     82.5    994.6
     1     1    23     1     9     7     0     1    -4.0   32.393  -96.544     80.5    995.8
     1     1    23     1     9     6     0     0    -5.0   32.331  -96.487     81.3    996.8
     1     1    23     1     9     5     0     1    -6.0   32.286  -96.423     83.2    996.8
     1     1    23     1     9     4     0     2    -7.0   32.272  -96.343     84.4    997.3
     1     1    23     1     9     3     0     3    -8.0   32.291  -96.245     85.1    997.9
     1     1    23     1     9     2     0     2    -9.0   32.338  -96.143     87.4    998.3
     1     1    23     1     9     1     0     1   -10.0   32.407  -96.050     93.7    997.8
     1     1    23     1     9     0     0     0   -11.0   32.497  -95.970    104.5    996.2
     1     1    23     1     8    23     0     1   -12.0   32.602  -95.906    118.4    993.6
     1     1    23     1     8    22     0     2   -13.0   32.715  -95.861    133.2    991.3
     1     1    23     1     8    21     0     3   -14.0   32.835  -95.838    148.6    988.7
     1     1    23     1     8    20     0     2   -15.0   32.960  -95.822    163.2    986.6
     1     1    23     1     8    19     0     1   -16.0   33.093  -95.803    175.6    985.4
     1     1    23     1     8    18     0     0   -17.0   33.235  -95.781    186.0    984.9
     1     1    23     1     8    17     0     1   -18.0   33.404  -95.749    200.3    983.6
     1     1    23     1     8    16     0     2   -19.0   33.619  -95.700    223.1    980.6
     1     1    23     1     8    15     0     3   -20.0   33.893  -95.636    251.7    976.9
     1     1    23     1     8    14     0     2   -21.0   34.195  -95.577    283.3    971.3
     1     1    23     1     8    13     0     1   -22.0   34.493  -95.541    311.9    964.5
     1     1    23     1     8    12     0     0   -23.0   34.793  -95.525    326.3    959.7
     1     1    23     1     8    11     0     1   -24.0   35.083  -95.525    329.9    958.7
     1     1    23     1     8    10     0     2   -25.0   35.353  -95.542    343.4    957.6
     1     1    23     1     8     9     0     3   -26.0   35.609  -95.573    376.5    952.9
     1     1    23     1     8     8     0     2   -27.0   35.847  -95.611    423.5    947.1
     1     1    23     1     8     7     0     1   -28.0   36.064  -95.650    481.8    939.8
     1     1    23     1     8     6     0     0   -29.0   36.266  -95.692    555.2    930.9
     1     1    23     1     8     5     0     1   -30.0   36.465  -95.728    640.2    919.9
     1     1    23     1     8     4     0     2   -31.0   36.668  -95.753    723.6    908.3
     1     1    23     1     8     3     0     3   -32.0   36.874  -95.761    796.7    898.6
     1     1    23     1     8     2     0     2   -33.0   37.083  -95.757    852.0    890.8
     1     1    23     1     8     1     0     1   -34.0   37.294  -95.746    889.0    885.9
     1     1    23     1     8     0     0     0   -35.0   37.503  -95.719    913.9    882.0
     1     1    23     1     7    23     0     1   -36.0   37.703  -95.666    928.7    879.3
     1     1    23     1     7    22     0     2   -37.0   37.884  -95.571    932.6    878.0
     1     1    23     1     7    21     0     3   -38.0   38.049  -95.424    922.0    879.2
     1     1    23     1     7    20     0     2   -39.0   38.186  -95.224    903.9    883.7
     1     1    23     1     7    19     0     1   -40.0   38.284  -94.980    892.5    887.3
     1     1    23     1     7    18     0     0   -41.0   38.327  -94.691    886.6    888.7
     1     1    23     1     7    17     0     1   -42.0   38.320  -94.354    858.0    890.6
     1     1    23     1     7    16     0     2   -43.0   38.280  -93.960    787.7    899.7
     1     1    23     1     7    15     0     3   -44.0   38.223  -93.510    703.3    910.4
     1     1    23     1     7    14     0     2   -45.0   38.153  -93.046    640.2    916.3
     1     1    23     1     7    13     0     1   -46.0   38.079  -92.624    580.2    918.7
     1     1    23     1     7    12     0     0   -47.0   38.013  -92.255    488.3    926.8
     1     1    23     1     7    11     0     1   -48.0   37.936  -91.952    388.8    941.4
     1     1    23     1     7    10     0     2   -49.0   37.830  -91.731    317.1    950.3
     1     1    23     1     7     9     0     3   -50.0   37.702  -91.577    275.7    954.5
     1     1    23     1     7     8     0     2   -51.0   37.559  -91.463    248.9    957.0
     1     1    23     1     7     7     0     1   -52.0   37.403  -91.371    222.7    960.3
     1     1    23     1     7     6     0     0   -53.0   37.228  -91.301    188.5    965.1
     1     1    23     1     7     5     0     1   -54.0   37.048  -91.236    151.7    972.3
     1     1    23     1     7     4     0     2   -55.0   36.880  -91.172    123.0    979.3
     1     1    23     1     7     3     0     3   -56.0   36.719  -91.116    102.7    985.2
     1     1    23     1     7     2     0     2   -57.0   36.563  -91.062     87.5    990.4
     1     1    23     1     7     1     0     1   -58.0   36.409  -91.008     75.8    995.6
     1     1    23     1     7     0     0     0   -59.0   36.255  -90.954     69.1    999.5
     1     1    23     1     6    23     0     1   -60.0   36.107  -90.909     68.4   1002.3
     1     1    23     1     6    22     0     2   -61.0   35.972  -90.885     73.1   1003.2
     1     1    23     1     6    21     0     3   -62.0   35.850  -90.883     81.7   1002.0
     1     1    23     1     6    20     0     2   -63.0   35.738  -90.895     91.5   1001.3
     1     1    23     1     6    19     0     1   -64.0   35.633  -90.915    100.5   1000.9
     1     1    23     1     6    18     0     0   -65.0   35.537  -90.941    108.7   1000.6
     1     1    23     1     6    17     0     1   -66.0   35.460  -90.967    116.6   1000.0
     1     1    23     1     6    16     0     2   -67.0   35.412  -90.986    125.0    999.5
     1     1    23     1     6    15     0     3   -68.0   35.395  -90.998    134.9    998.7
     1     1    23     1     6    14     0     2   -69.0   35.404  -91.020    145.5    996.8
     1     1    23     1     6    13     0     1   -70.0   35.437  -91.067    155.8    994.7
     1     1    23     1     6    12     0     0   -71.0   35.491  -91.143    167.0    992.4
     1     1    23     1     6    11     0     1   -72.0   35.561  -91.245    179.7    989.3
     1     1    23     1     6    10     0     2   -73.0   35.640  -91.369    192.7    985.8
     1     1    23     1     6     9     0     3   -74.0   35.723  -91.517    206.3    981.8
     1     1    23     1     6     8     0     2   -75.0   35.811  -91.693    222.6    977.2
     1     1    23     1     6     7     0     1   -76.0   35.906  -91.904    243.2    970.8
     1     1    23     1     6     6     0     0   -77.0   36.012  -92.150    265.0    962.9
     1     1    23     1     6     5     0     1   -78.0   36.133  -92.433    289.3    953.8
     1     1    23     1     6     4     0     2   -79.0   36.274  -92.751    317.3    944.3
     1     1    23     1     6     3     0     3   -80.0   36.436  -93.096    346.1    935.9
     1     1    23     1     6     2     0     2   -81.0   36.604  -93.452    368.3    929.5
     1     1    23     1     6     1     0     1   -82.0   36.760  -93.811    370.8    927.0
     1     1    23     1     6     0     0     0   -83.0   36.908  -94.162    353.7    932.4
     1     1    23     1     5    23     0     1   -84.0   37.051  -94.505    335.5    941.6
     1     1    23     1     5    22     0     2   -85.0   37.190  -94.848    338.8    947.5
     1     1    23     1     5    21     0     3   -86.0   37.334  -95.199    369.9    944.1
     1     1    23     1     5    20     0     2   -87.0   37.497  -95.554    411.0    936.8
     1     1    23     1     5    19     0     1   -88.0   37.687  -95.903    448.1    929.8
     1     1    23     1     5    18     0     0   -89.0   37.902  -96.249    481.1    922.3
     1     1    23     1     5    17     0     1   -90.0   38.149  -96.602    511.1    915.6
     1     1    23     1     5    16     0     2   -91.0   38.439  -96.959    530.4    912.3
     1     1    23     1     5    15     0     3   -92.0   38.776  -97.307    533.9    910.2
     1     1    23     1     5    14     0     2   -93.0   39.147  -97.640    528.6    906.5
     1     1    23     1     5    13     0     1   -94.0   39.547  -97.951    528.3    902.4
     1     1    23     1     5    12     0     0   -95.0   39.989  -98.240    550.4    896.5
     1     1    23     1     5    11     0     1   -96.0   40.459  -98.515    589.4    883.0
     1     1    23     1     5    10     0     2   -97.0   40.935  -98.785    604.8    871.0
     1     1    23     1     5     9     0     3   -98.0   41.415  -99.058    614.4    867.2
     1     1    23     1     5     8     0     2   -99.0   41.896  -99.323    667.3    856.9
     1     1    23     1     5     7     0     1  -100.0   42.368  -99.554    720.4    846.7
     1     1    23     1     5     6     0     0  -101.0   42.818  -99.739    741.5    848.3
     1     1    23     1     5     5     0     1  -102.0   43.241  -99.900    754.2    851.9
     1     1    23     1     5     4     0     2  -103.0   43.636 -100.046    764.6    856.7
     1     1    23     1     5     3     0     3  -104.0   44.008 -100.155    761.7    862.2
     1     1    23     1     5     2     0     2  -105.0   44.367 -100.239    760.5    861.6
     1     1    23     1     5     1     0     1  -106.0   44.714 -100.302    783.3    856.1
     1     1    23     1     5     0     0     0  -107.0   45.046 -100.323    822.1    849.7
     1     1    23     1     4    23     0     1  -108.0   45.357 -100.318    855.7    844.2
     1     1    23     1     4    22     0     2  -109.0   45.637 -100.310    875.6    842.1
     1     1    23     1     4    21     0     3  -110.0   45.887 -100.280    887.6    840.8
     1     1    23     1     4    20     0     2  -111.0   46.112 -100.229    900.5    841.4
     1     1    23     1     4    19     0     1  -112.0   46.318 -100.166    923.1    841.2
     1     1    23     1     4    18     0     0  -113.0   46.508 -100.089    956.5    839.4
     1     1    23     1     4    17     0     1  -114.0   46.684  -99.987    983.7    836.2
     1     1    23     1     4    16     0     2  -115.0   46.850  -99.856    986.4    836.4
     1     1    23     1     4    15     0     3  -116.0   47.013  -99.696    965.3    839.6
     1     1    23     1     4    14     0     2  -117.0   47.172  -99.519    944.1    844.9
     1     1    23     1     4    13     0     1  -118.0   47.327  -99.323    932.2    845.9
     1     1    23     1     4    12     0     0  -119.0   47.479  -99.106    913.2    848.0
     1     1    23     1     4    11     0     1  -120.0   47.629  -98.873    877.8    853.3
