     8     1
    GDAS    22    12    22     0     0
    GDAS    22    12    29     0     0
    GDAS    23     1     1     0     0
    GDAS    23     1     8     0     0
    GDAS    23     1    15     0     0
    GDAS    23     1    22     0     0
    GDAS    23     1    29     0     0
    GDAS    23     2     1     0     0
     1 BACKWARD OMEGA   
    23     1    25    14   32.716  -96.748    20.0
     1 PRESSURE
     1     1    23     1    25    14     0     2     0.0   32.716  -96.748     20.0    996.5
     1     1    23     1    25    13     0     1    -1.0   32.841  -96.908     27.1    994.4
     1     1    23     1    25    12     0     0    -2.0   32.972  -97.083     34.7    990.7
     1     1    23     1    25    11     0     1    -3.0   33.110  -97.273     40.7    984.9
     1     1    23     1    25    10     0     2    -4.0   33.251  -97.472     45.4    979.9
     1     1    23     1    25     9     0     3    -5.0   33.398  -97.683     50.8    975.6
     1     1    23     1    25     8     0     2    -6.0   33.560  -97.891     56.6    972.9
     1     1    23     1    25     7     0     1    -7.0   33.747  -98.078     62.3    971.6
     1     1    23     1    25     6     0     0    -8.0   33.957  -98.240     69.7    970.9
     1     1    23     1    25     5     0     1    -9.0   34.173  -98.377     80.5    967.1
     1     1    23     1    25     4     0     2   -10.0   34.383  -98.488     95.0    962.0
     1     1    23     1    25     3     0     3   -11.0   34.596  -98.568    110.2    957.1
     1     1    23     1    25     2     0     2   -12.0   34.818  -98.612    123.1    952.1
     1     1    23     1    25     1     0     1   -13.0   35.049  -98.617    135.6    948.3
     1     1    23     1    25     0     0     0   -14.0   35.287  -98.588    147.2    944.9
     1     1    23     1    24    23     0     1   -15.0   35.503  -98.530    148.4    943.7
     1     1    23     1    24    22     0     2   -16.0   35.673  -98.440    137.7    946.7
     1     1    23     1    24    21     0     3   -17.0   35.796  -98.317    121.5    951.4
     1     1    23     1    24    20     0     2   -18.0   35.884  -98.171    105.2    958.1
     1     1    23     1    24    19     0     1   -19.0   35.953  -98.010     94.1    965.2
     1     1    23     1    24    18     0     0   -20.0   36.010  -97.832     89.5    968.4
     1     1    23     1    24    17     0     1   -21.0   36.061  -97.673     84.6    969.7
     1     1    23     1    24    16     0     2   -22.0   36.095  -97.566     74.3    972.3
     1     1    23     1    24    15     0     3   -23.0   36.109  -97.506     61.3    975.1
     1     1    23     1    24    14     0     2   -24.0   36.108  -97.463     51.5    976.9
     1     1    23     1    24    13     0     1   -25.0   36.095  -97.409     46.1    977.4
     1     1    23     1    24    12     0     0   -26.0   36.069  -97.337     42.4    978.0
     1     1    23     1    24    11     0     1   -27.0   36.039  -97.247     37.9    979.7
     1     1    23     1    24    10     0     2   -28.0   36.012  -97.144     32.3    982.2
     1     1    23     1    24     9     0     3   -29.0   35.990  -97.034     28.0    984.6
     1     1    23     1    24     8     0     2   -30.0   35.959  -96.931     25.6    985.6
     1     1    23     1    24     7     0     1   -31.0   35.909  -96.850     24.6    986.2
     1     1    23     1    24     6     0     0   -32.0   35.841  -96.788     25.0    986.4
     1     1    23     1    24     5     0     1   -33.0   35.771  -96.725     26.2    986.5
     1     1    23     1    24     4     0     2   -34.0   35.713  -96.650     27.2    986.9
     1     1    23     1    24     3     0     3   -35.0   35.667  -96.564     27.6    987.6
     1     1    23     1    24     2     0     2   -36.0   35.636  -96.478     27.5    988.2
     1     1    23     1    24     1     0     1   -37.0   35.620  -96.398     26.7    988.9
     1     1    23     1    24     0     0     0   -38.0   35.619  -96.326     25.2    989.6
     1     1    23     1    23    23     0     1   -39.0   35.625  -96.273     24.1    991.0
     1     1    23     1    23    22     0     2   -40.0   35.635  -96.244     24.1    991.9
     1     1    23     1    23    21     0     3   -41.0   35.647  -96.241     25.6    992.4
     1     1    23     1    23    20     0     2   -42.0   35.657  -96.254     27.7    992.2
     1     1    23     1    23    19     0     1   -43.0   35.659  -96.272     29.6    992.0
     1     1    23     1    23    18     0     0   -44.0   35.655  -96.297     31.4    991.8
     1     1    23     1    23    17     0     1   -45.0   35.651  -96.312     32.4    991.4
     1     1    23     1    23    16     0     2   -46.0   35.657  -96.305     32.0    991.4
     1     1    23     1    23    15     0     3   -47.0   35.672  -96.275     30.4    991.7
     1     1    23     1    23    14     0     2   -48.0   35.696  -96.235     28.5    992.1
     1     1    23     1    23    13     0     1   -49.0   35.726  -96.197     27.0    992.4
     1     1    23     1    23    12     0     0   -50.0   35.763  -96.163     25.7    992.6
     1     1    23     1    23    11     0     1   -51.0   35.803  -96.143     24.3    992.1
     1     1    23     1    23    10     0     2   -52.0   35.841  -96.143     22.1    991.4
     1     1    23     1    23     9     0     3   -53.0   35.878  -96.162     19.6    990.5
     1     1    23     1    23     8     0     2   -54.0   35.913  -96.189     17.6    990.5
     1     1    23     1    23     7     0     1   -55.0   35.945  -96.215     16.6    990.2
     1     1    23     1    23     6     0     0   -56.0   35.974  -96.240     16.3    989.9
     1     1    23     1    23     5     0     1   -57.0   36.005  -96.260     16.1    989.5
     1     1    23     1    23     4     0     2   -58.0   36.043  -96.269     15.2    989.2
     1     1    23     1    23     3     0     3   -59.0   36.087  -96.268     14.1    988.9
     1     1    23     1    23     2     0     2   -60.0   36.145  -96.273     13.5    987.6
     1     1    23     1    23     1     0     1   -61.0   36.222  -96.296     14.2    985.6
     1     1    23     1    23     0     0     0   -62.0   36.318  -96.332     16.5    983.2
     1     1    23     1    22    23     0     1   -63.0   36.429  -96.384     20.3    981.2
     1     1    23     1    22    22     0     2   -64.0   36.551  -96.457     24.4    978.8
     1     1    23     1    22    21     0     3   -65.0   36.682  -96.553     27.0    976.3
     1     1    23     1    22    20     0     2   -66.0   36.818  -96.654     27.1    974.4
     1     1    23     1    22    19     0     1   -67.0   36.957  -96.743     26.1    972.8
     1     1    23     1    22    18     0     0   -68.0   37.100  -96.822     25.6    971.0
     1     1    23     1    22    17     0     1   -69.0   37.243  -96.893     26.4    968.8
     1     1    23     1    22    16     0     2   -70.0   37.390  -96.954     29.0    966.3
     1     1    23     1    22    15     0     3   -71.0   37.547  -96.999     34.3    963.3
     1     1    23     1    22    14     0     2   -72.0   37.716  -97.045     42.2    960.2
     1     1    23     1    22    13     0     1   -73.0   37.896  -97.113     52.0    957.3
     1     1    23     1    22    12     0     0   -74.0   38.085  -97.204     63.7    954.9
     1     1    23     1    22    11     0     1   -75.0   38.271  -97.306     75.0    953.7
     1     1    23     1    22    10     0     2   -76.0   38.451  -97.406     83.9    952.8
     1     1    23     1    22     9     0     3   -77.0   38.624  -97.507     90.3    951.9
     1     1    23     1    22     8     0     2   -78.0   38.789  -97.607     94.9    951.2
     1     1    23     1    22     7     0     1   -79.0   38.945  -97.701     97.7    950.5
     1     1    23     1    22     6     0     0   -80.0   39.090  -97.789     99.3    949.5
     1     1    23     1    22     5     0     1   -81.0   39.230  -97.869    102.0    948.6
     1     1    23     1    22     4     0     2   -82.0   39.374  -97.936    108.7    947.4
     1     1    23     1    22     3     0     3   -83.0   39.532  -97.991    122.9    945.6
     1     1    23     1    22     2     0     2   -84.0   39.701  -98.031    142.0    942.6
     1     1    23     1    22     1     0     1   -85.0   39.870  -98.062    158.5    940.1
     1     1    23     1    22     0     0     0   -86.0   40.034  -98.089    168.1    938.1
     1     1    23     1    21    23     0     1   -87.0   40.182  -98.116    175.2    936.7
     1     1    23     1    21    22     0     2   -88.0   40.310  -98.143    185.4    933.9
     1     1    23     1    21    21     0     3   -89.0   40.420  -98.175    194.8    931.4
     1     1    23     1    21    20     0     2   -90.0   40.513  -98.208    200.4    930.1
     1     1    23     1    21    19     0     1   -91.0   40.586  -98.238    202.1    929.9
     1     1    23     1    21    18     0     0   -92.0   40.641  -98.263    202.3    930.0
     1     1    23     1    21    17     0     1   -93.0   40.689  -98.293    204.0    929.4
     1     1    23     1    21    16     0     2   -94.0   40.743  -98.338    208.1    928.0
     1     1    23     1    21    15     0     3   -95.0   40.800  -98.398    212.6    926.2
     1     1    23     1    21    14     0     2   -96.0   40.857  -98.476    216.6    924.4
     1     1    23     1    21    13     0     1   -97.0   40.909  -98.572    220.5    922.3
     1     1    23     1    21    12     0     0   -98.0   40.957  -98.686    224.1    919.9
     1     1    23     1    21    11     0     1   -99.0   40.997  -98.801    227.3    918.0
     1     1    23     1    21    10     0     2  -100.0   41.027  -98.904    231.3    916.4
     1     1    23     1    21     9     0     3  -101.0   41.053  -98.994    235.4    914.8
     1     1    23     1    21     8     0     2  -102.0   41.079  -99.084    238.0    913.4
     1     1    23     1    21     7     0     1  -103.0   41.109  -99.189    238.5    912.1
     1     1    23     1    21     6     0     0  -104.0   41.138  -99.306    237.3    910.8
     1     1    23     1    21     5     0     1  -105.0   41.169  -99.419    232.9    909.5
     1     1    23     1    21     4     0     2  -106.0   41.202  -99.512    224.8    909.1
     1     1    23     1    21     3     0     3  -107.0   41.240  -99.589    215.3    909.1
     1     1    23     1    21     2     0     2  -108.0   41.292  -99.654    210.7    909.1
     1     1    23     1    21     1     0     1  -109.0   41.372  -99.712    215.7    907.4
     1     1    23     1    21     0     0     0  -110.0   41.482  -99.769    229.7    904.9
     1     1    23     1    20    23     0     1  -111.0   41.610  -99.851    248.9    901.5
     1     1    23     1    20    22     0     2  -112.0   41.743  -99.979    266.5    898.1
     1     1    23     1    20    21     0     3  -113.0   41.871 -100.147    277.5    893.4
     1     1    23     1    20    20     0     2  -114.0   41.987 -100.321    283.7    889.7
     1     1    23     1    20    19     0     1  -115.0   42.097 -100.481    288.0    886.6
     1     1    23     1    20    18     0     0  -116.0   42.208 -100.631    287.9    884.4
     1     1    23     1    20    17     0     1  -117.0   42.341 -100.789    285.5    882.3
     1     1    23     1    20    16     0     2  -118.0   42.520 -100.970    286.0    879.6
     1     1    23     1    20    15     0     3  -119.0   42.749 -101.191    288.6    876.5
     1     1    23     1    20    14     0     2  -120.0   42.975 -101.437    289.3    874.5
