     8     1
    GDAS    22    12    22     0     0
    GDAS    22    12    29     0     0
    GDAS    23     1     1     0     0
    GDAS    23     1     8     0     0
    GDAS    23     1    15     0     0
    GDAS    23     1    22     0     0
    GDAS    23     1    29     0     0
    GDAS    23     2     1     0     0
     1 BACKWARD OMEGA   
    23     1    31    11   32.716  -96.748    15.0
     1 PRESSURE
     1     1    23     1    31    11     0     1     0.0   32.716  -96.748     15.0   1004.6
     1     1    23     1    31    10     0     2    -1.0   32.909  -96.716     19.7   1003.7
     1     1    23     1    31     9     0     3    -2.0   33.111  -96.673     25.7   1002.0
     1     1    23     1    31     8     0     2    -3.0   33.323  -96.626     32.6   1000.8
     1     1    23     1    31     7     0     1    -4.0   33.540  -96.586     40.2    999.5
     1     1    23     1    31     6     0     0    -5.0   33.761  -96.554     48.7    998.2
     1     1    23     1    31     5     0     1    -6.0   33.983  -96.526     60.0    996.8
     1     1    23     1    31     4     0     2    -7.0   34.209  -96.491     74.1    993.0
     1     1    23     1    31     3     0     3    -8.0   34.443  -96.442     87.8    989.3
     1     1    23     1    31     2     0     2    -9.0   34.679  -96.378     98.2    986.0
     1     1    23     1    31     1     0     1   -10.0   34.910  -96.301    105.0    984.1
     1     1    23     1    31     0     0     0   -11.0   35.125  -96.218    109.1    984.2
     1     1    23     1    30    23     0     1   -12.0   35.331  -96.140    110.8    985.0
     1     1    23     1    30    22     0     2   -13.0   35.533  -96.071    112.3    985.9
     1     1    23     1    30    21     0     3   -14.0   35.731  -96.013    120.4    986.1
     1     1    23     1    30    20     0     2   -15.0   35.926  -95.953    141.8    984.9
     1     1    23     1    30    19     0     1   -16.0   36.127  -95.878    181.9    978.9
     1     1    23     1    30    18     0     0   -17.0   36.342  -95.788    236.0    970.1
     1     1    23     1    30    17     0     1   -18.0   36.567  -95.684    278.4    961.2
     1     1    23     1    30    16     0     2   -19.0   36.804  -95.562    298.4    958.2
     1     1    23     1    30    15     0     3   -20.0   37.050  -95.419    320.1    956.5
     1     1    23     1    30    14     0     2   -21.0   37.303  -95.268    345.3    950.8
     1     1    23     1    30    13     0     1   -22.0   37.559  -95.122    357.2    949.0
     1     1    23     1    30    12     0     0   -23.0   37.819  -94.982    352.0    949.8
     1     1    23     1    30    11     0     1   -24.0   38.083  -94.850    340.2    953.7
     1     1    23     1    30    10     0     2   -25.0   38.354  -94.730    333.7    954.7
     1     1    23     1    30     9     0     3   -26.0   38.632  -94.624    330.0    954.5
     1     1    23     1    30     8     0     2   -27.0   38.912  -94.528    322.6    954.3
     1     1    23     1    30     7     0     1   -28.0   39.189  -94.443    310.3    955.9
     1     1    23     1    30     6     0     0   -29.0   39.466  -94.368    298.7    957.8
     1     1    23     1    30     5     0     1   -30.0   39.742  -94.294    292.4    958.9
     1     1    23     1    30     4     0     2   -31.0   40.011  -94.209    292.4    958.8
     1     1    23     1    30     3     0     3   -32.0   40.277  -94.118    297.8    955.8
     1     1    23     1    30     2     0     2   -33.0   40.551  -94.035    310.2    951.8
     1     1    23     1    30     1     0     1   -34.0   40.838  -93.973    330.6    946.8
     1     1    23     1    30     0     0     0   -35.0   41.132  -93.931    356.8    942.0
     1     1    23     1    29    23     0     1   -36.0   41.419  -93.911    380.3    938.5
     1     1    23     1    29    22     0     2   -37.0   41.687  -93.910    399.1    936.6
     1     1    23     1    29    21     0     3   -38.0   41.929  -93.921    420.9    934.4
     1     1    23     1    29    20     0     2   -39.0   42.163  -93.938    445.0    930.8
     1     1    23     1    29    19     0     1   -40.0   42.409  -93.962    467.8    928.2
     1     1    23     1    29    18     0     0   -41.0   42.660  -93.988    492.2    925.5
     1     1    23     1    29    17     0     1   -42.0   42.919  -94.012    514.6    921.9
     1     1    23     1    29    16     0     2   -43.0   43.185  -94.034    525.9    921.0
     1     1    23     1    29    15     0     3   -44.0   43.452  -94.062    525.9    923.0
     1     1    23     1    29    14     0     2   -45.0   43.721  -94.101    528.4    924.8
     1     1    23     1    29    13     0     1   -46.0   43.994  -94.153    538.5    923.6
     1     1    23     1    29    12     0     0   -47.0   44.269  -94.219    548.9    921.0
     1     1    23     1    29    11     0     1   -48.0   44.540  -94.309    557.9    919.5
     1     1    23     1    29    10     0     2   -49.0   44.798  -94.428    568.6    918.2
     1     1    23     1    29     9     0     3   -50.0   45.041  -94.571    585.9    915.7
     1     1    23     1    29     8     0     2   -51.0   45.278  -94.730    607.8    908.9
     1     1    23     1    29     7     0     1   -52.0   45.516  -94.899    629.0    903.1
     1     1    23     1    29     6     0     0   -53.0   45.757  -95.079    644.2    898.8
     1     1    23     1    29     5     0     1   -54.0   45.992  -95.277    650.0    898.1
     1     1    23     1    29     4     0     2   -55.0   46.222  -95.496    653.1    898.2
     1     1    23     1    29     3     0     3   -56.0   46.460  -95.733    651.5    897.3
     1     1    23     1    29     2     0     2   -57.0   46.713  -96.001    645.5    898.9
     1     1    23     1    29     1     0     1   -58.0   46.965  -96.289    635.9    901.4
     1     1    23     1    29     0     0     0   -59.0   47.201  -96.577    620.0    909.0
     1     1    23     1    28    23     0     1   -60.0   47.417  -96.865    603.7    915.2
     1     1    23     1    28    22     0     2   -61.0   47.614  -97.167    590.5    915.2
     1     1    23     1    28    21     0     3   -62.0   47.803  -97.497    583.0    908.3
     1     1    23     1    28    20     0     2   -63.0   48.006  -97.866    587.4    899.3
     1     1    23     1    28    19     0     1   -64.0   48.225  -98.251    599.1    896.0
     1     1    23     1    28    18     0     0   -65.0   48.451  -98.620    611.0    895.4
     1     1    23     1    28    17     0     1   -66.0   48.687  -98.983    628.9    890.8
     1     1    23     1    28    16     0     2   -67.0   48.942  -99.350    669.6    879.2
     1     1    23     1    28    15     0     3   -68.0   49.223  -99.707    743.6    865.0
     1     1    23     1    28    14     0     2   -69.0   49.520 -100.062    795.6    854.5
     1     1    23     1    28    13     0     1   -70.0   49.827 -100.428    809.9    862.6
     1     1    23     1    28    12     0     0   -71.0   50.147 -100.808    832.0    863.9
     1     1    23     1    28    11     0     1   -72.0   50.469 -101.200    884.8    849.3
     1     1    23     1    28    10     0     2   -73.0   50.780 -101.588    945.7    837.7
     1     1    23     1    28     9     0     3   -74.0   51.082 -101.962    991.2    834.8
     1     1    23     1    28     8     0     2   -75.0   51.378 -102.309    996.5    832.1
     1     1    23     1    28     7     0     1   -76.0   51.675 -102.620    969.6    834.7
     1     1    23     1    28     6     0     0   -77.0   51.981 -102.900    936.8    836.3
     1     1    23     1    28     5     0     1   -78.0   52.306 -103.156    938.9    841.4
     1     1    23     1    28     4     0     2   -79.0   52.649 -103.395    987.2    839.1
     1     1    23     1    28     3     0     3   -80.0   53.005 -103.611   1053.5    836.6
     1     1    23     1    28     2     0     2   -81.0   53.372 -103.810   1094.6    833.4
     1     1    23     1    28     1     0     1   -82.0   53.757 -103.997   1100.2    835.8
     1     1    23     1    28     0     0     0   -83.0   54.161 -104.183   1109.3    832.8
     1     1    23     1    27    23     0     1   -84.0   54.570 -104.388   1126.1    830.1
     1     1    23     1    27    22     0     2   -85.0   54.966 -104.614   1128.3    834.3
     1     1    23     1    27    21     0     3   -86.0   55.348 -104.848   1114.8    837.1
     1     1    23     1    27    20     0     2   -87.0   55.720 -105.069   1104.7    836.2
     1     1    23     1    27    19     0     1   -88.0   56.090 -105.260   1093.2    831.8
     1     1    23     1    27    18     0     0   -89.0   56.453 -105.414   1071.0    828.9
     1     1    23     1    27    17     0     1   -90.0   56.819 -105.536   1046.7    827.8
     1     1    23     1    27    16     0     2   -91.0   57.207 -105.641   1033.5    828.6
     1     1    23     1    27    15     0     3   -92.0   57.616 -105.734   1036.7    830.3
     1     1    23     1    27    14     0     2   -93.0   58.038 -105.838   1052.4    831.5
     1     1    23     1    27    13     0     1   -94.0   58.455 -105.964   1071.7    838.7
     1     1    23     1    27    12     0     0   -95.0   58.855 -106.100   1093.5    844.7
     1     1    23     1    27    11     0     1   -96.0   59.242 -106.244   1110.4    837.9
     1     1    23     1    27    10     0     2   -97.0   59.615 -106.393   1113.7    829.7
     1     1    23     1    27     9     0     3   -98.0   59.978 -106.536   1106.4    824.6
     1     1    23     1    27     8     0     2   -99.0   60.334 -106.660   1101.1    826.4
     1     1    23     1    27     7     0     1  -100.0   60.694 -106.761   1096.2    826.2
     1     1    23     1    27     6     0     0  -101.0   61.058 -106.826   1079.3    827.5
     1     1    23     1    27     5     0     1  -102.0   61.425 -106.865   1062.3    833.0
     1     1    23     1    27     4     0     2  -103.0   61.798 -106.893   1057.2    835.4
     1     1    23     1    27     3     0     3  -104.0   62.181 -106.902   1058.0    836.3
     1     1    23     1    27     2     0     2  -105.0   62.565 -106.907   1061.2    835.8
     1     1    23     1    27     1     0     1  -106.0   62.949 -106.916   1064.5    835.2
     1     1    23     1    27     0     0     0  -107.0   63.339 -106.924   1067.4    834.8
     1     1    23     1    26    23     0     1  -108.0   63.729 -106.948   1071.4    833.6
     1     1    23     1    26    22     0     2  -109.0   64.115 -106.992   1075.2    833.0
     1     1    23     1    26    21     0     3  -110.0   64.499 -107.043   1077.4    835.0
     1     1    23     1    26    20     0     2  -111.0   64.875 -107.085   1081.0    837.4
     1     1    23     1    26    19     0     1  -112.0   65.250 -107.100   1093.4    836.9
     1     1    23     1    26    18     0     0  -113.0   65.624 -107.082   1121.9    833.3
     1     1    23     1    26    17     0     1  -114.0   66.000 -107.044   1165.3    827.7
     1     1    23     1    26    16     0     2  -115.0   66.382 -107.014   1205.2    829.5
     1     1    23     1    26    15     0     3  -116.0   66.771 -106.992   1226.0    835.6
     1     1    23     1    26    14     0     2  -117.0   67.163 -106.982   1228.7    841.2
     1     1    23     1    26    13     0     1  -118.0   67.556 -107.000   1218.2    845.9
     1     1    23     1    26    12     0     0  -119.0   67.945 -107.053   1200.1    851.2
     1     1    23     1    26    11     0     1  -120.0   68.316 -107.135   1176.3    858.2
