     8     1
    GDAS    22    12    22     0     0
    GDAS    22    12    29     0     0
    GDAS    23     1     1     0     0
    GDAS    23     1     8     0     0
    GDAS    23     1    15     0     0
    GDAS    23     1    22     0     0
    GDAS    23     1    29     0     0
    GDAS    23     2     1     0     0
     1 BACKWARD OMEGA   
    23     1    25    14   32.716  -96.748   500.0
     1 PRESSURE
     1     1    23     1    25    14     0     2     0.0   32.716  -96.748    500.0    938.8
     1     1    23     1    25    13     0     1    -1.0   32.978  -97.036    509.7    936.0
     1     1    23     1    25    12     0     0    -2.0   33.257  -97.343    515.1    928.9
     1     1    23     1    25    11     0     1    -3.0   33.547  -97.646    532.7    921.8
     1     1    23     1    25    10     0     2    -4.0   33.829  -97.931    568.9    915.4
     1     1    23     1    25     9     0     3    -5.0   34.098  -98.201    611.0    907.1
     1     1    23     1    25     8     0     2    -6.0   34.380  -98.431    628.6    898.6
     1     1    23     1    25     7     0     1    -7.0   34.684  -98.600    633.9    896.3
     1     1    23     1    25     6     0     0    -8.0   34.990  -98.728    679.2    888.3
     1     1    23     1    25     5     0     1    -9.0   35.287  -98.818    731.8    871.3
     1     1    23     1    25     4     0     2   -10.0   35.563  -98.875    726.4    867.4
     1     1    23     1    25     3     0     3   -11.0   35.819  -98.908    670.3    870.6
     1     1    23     1    25     2     0     2   -12.0   36.052  -98.921    608.5    879.3
     1     1    23     1    25     1     0     1   -13.0   36.266  -98.920    570.7    884.6
     1     1    23     1    25     0     0     0   -14.0   36.464  -98.905    549.0    887.9
     1     1    23     1    24    23     0     1   -15.0   36.636  -98.868    534.5    891.0
     1     1    23     1    24    22     0     2   -16.0   36.770  -98.799    526.9    894.1
     1     1    23     1    24    21     0     3   -17.0   36.867  -98.703    527.5    896.1
     1     1    23     1    24    20     0     2   -18.0   36.931  -98.581    532.3    898.0
     1     1    23     1    24    19     0     1   -19.0   36.967  -98.434    546.9    900.3
     1     1    23     1    24    18     0     0   -20.0   36.974  -98.262    589.3    900.1
     1     1    23     1    24    17     0     1   -21.0   36.947  -98.089    617.7    894.4
     1     1    23     1    24    16     0     2   -22.0   36.891  -97.951    570.0    900.8
     1     1    23     1    24    15     0     3   -23.0   36.807  -97.869    450.2    917.6
     1     1    23     1    24    14     0     2   -24.0   36.707  -97.826    340.0    938.7
     1     1    23     1    24    13     0     1   -25.0   36.603  -97.782    275.9    946.6
     1     1    23     1    24    12     0     0   -26.0   36.497  -97.731    247.1    950.2
     1     1    23     1    24    11     0     1   -27.0   36.399  -97.666    236.4    951.2
     1     1    23     1    24    10     0     2   -28.0   36.318  -97.584    226.1    953.4
     1     1    23     1    24     9     0     3   -29.0   36.247  -97.486    213.3    956.3
     1     1    23     1    24     8     0     2   -30.0   36.171  -97.390    202.0    959.9
     1     1    23     1    24     7     0     1   -31.0   36.071  -97.305    196.2    962.7
     1     1    23     1    24     6     0     0   -32.0   35.946  -97.228    199.6    964.0
     1     1    23     1    24     5     0     1   -33.0   35.819  -97.139    212.1    962.2
     1     1    23     1    24     4     0     2   -34.0   35.714  -97.023    227.8    960.4
     1     1    23     1    24     3     0     3   -35.0   35.632  -96.886    239.7    959.6
     1     1    23     1    24     2     0     2   -36.0   35.578  -96.747    246.2    960.3
     1     1    23     1    24     1     0     1   -37.0   35.551  -96.622    249.5    961.1
     1     1    23     1    24     0     0     0   -38.0   35.551  -96.515    248.7    962.3
     1     1    23     1    23    23     0     1   -39.0   35.564  -96.435    248.5    963.8
     1     1    23     1    23    22     0     2   -40.0   35.579  -96.389    254.5    963.8
     1     1    23     1    23    21     0     3   -41.0   35.596  -96.374    267.7    962.6
     1     1    23     1    23    20     0     2   -42.0   35.608  -96.381    283.9    960.5
     1     1    23     1    23    19     0     1   -43.0   35.612  -96.397    296.7    959.2
     1     1    23     1    23    18     0     0   -44.0   35.607  -96.421    305.0    958.5
     1     1    23     1    23    17     0     1   -45.0   35.604  -96.437    307.0    957.5
     1     1    23     1    23    16     0     2   -46.0   35.615  -96.429    301.6    957.8
     1     1    23     1    23    15     0     3   -47.0   35.639  -96.396    288.8    959.4
     1     1    23     1    23    14     0     2   -48.0   35.676  -96.353    275.5    962.0
     1     1    23     1    23    13     0     1   -49.0   35.725  -96.316    267.6    963.0
     1     1    23     1    23    12     0     0   -50.0   35.786  -96.285    263.6    963.3
     1     1    23     1    23    11     0     1   -51.0   35.854  -96.272    258.2    963.3
     1     1    23     1    23    10     0     2   -52.0   35.921  -96.283    246.6    964.1
     1     1    23     1    23     9     0     3   -53.0   35.987  -96.316    229.7    965.5
     1     1    23     1    23     8     0     2   -54.0   36.049  -96.355    215.3    966.7
     1     1    23     1    23     7     0     1   -55.0   36.109  -96.386    208.0    966.2
     1     1    23     1    23     6     0     0   -56.0   36.168  -96.410    205.8    965.3
     1     1    23     1    23     5     0     1   -57.0   36.236  -96.426    203.6    963.8
     1     1    23     1    23     4     0     2   -58.0   36.322  -96.437    198.0    963.2
     1     1    23     1    23     3     0     3   -59.0   36.426  -96.445    191.1    962.8
     1     1    23     1    23     2     0     2   -60.0   36.547  -96.462    190.9    962.0
     1     1    23     1    23     1     0     1   -61.0   36.687  -96.496    204.6    958.4
     1     1    23     1    23     0     0     0   -62.0   36.848  -96.542    234.7    953.0
     1     1    23     1    22    23     0     1   -63.0   37.022  -96.605    266.6    945.0
     1     1    23     1    22    22     0     2   -64.0   37.195  -96.697    275.4    940.7
     1     1    23     1    22    21     0     3   -65.0   37.363  -96.811    262.4    940.3
     1     1    23     1    22    20     0     2   -66.0   37.529  -96.928    248.0    941.6
     1     1    23     1    22    19     0     1   -67.0   37.691  -97.037    244.5    940.0
     1     1    23     1    22    18     0     0   -68.0   37.841  -97.139    248.5    937.7
     1     1    23     1    22    17     0     1   -69.0   38.000  -97.225    262.5    934.4
     1     1    23     1    22    16     0     2   -70.0   38.187  -97.288    285.3    931.0
     1     1    23     1    22    15     0     3   -71.0   38.398  -97.331    308.0    928.1
     1     1    23     1    22    14     0     2   -72.0   38.621  -97.374    321.6    926.0
     1     1    23     1    22    13     0     1   -73.0   38.853  -97.428    318.1    926.3
     1     1    23     1    22    12     0     0   -74.0   39.103  -97.485    300.3    927.9
     1     1    23     1    22    11     0     1   -75.0   39.357  -97.546    285.9    929.8
     1     1    23     1    22    10     0     2   -76.0   39.593  -97.614    284.4    928.6
     1     1    23     1    22     9     0     3   -77.0   39.806  -97.687    292.7    926.4
     1     1    23     1    22     8     0     2   -78.0   39.997  -97.760    302.9    923.7
     1     1    23     1    22     7     0     1   -79.0   40.173  -97.837    307.8    921.3
     1     1    23     1    22     6     0     0   -80.0   40.339  -97.926    308.1    920.0
     1     1    23     1    22     5     0     1   -81.0   40.509  -98.016    314.5    918.4
     1     1    23     1    22     4     0     2   -82.0   40.691  -98.103    324.8    913.7
     1     1    23     1    22     3     0     3   -83.0   40.871  -98.203    322.3    910.8
     1     1    23     1    22     2     0     2   -84.0   41.047  -98.312    308.1    910.5
     1     1    23     1    22     1     0     1   -85.0   41.223  -98.419    292.2    910.6
     1     1    23     1    22     0     0     0   -86.0   41.399  -98.527    276.8    909.6
     1     1    23     1    21    23     0     1   -87.0   41.575  -98.646    266.8    909.0
     1     1    23     1    21    22     0     2   -88.0   41.757  -98.782    267.4    905.4
     1     1    23     1    21    21     0     3   -89.0   41.938  -98.943    269.3    900.8
     1     1    23     1    21    20     0     2   -90.0   42.121  -99.133    278.1    901.1
     1     1    23     1    21    19     0     1   -91.0   42.311  -99.347    302.2    899.1
     1     1    23     1    21    18     0     0   -92.0   42.500  -99.588    339.5    895.0
     1     1    23     1    21    17     0     1   -93.0   42.684  -99.857    370.1    888.5
     1     1    23     1    21    16     0     2   -94.0   42.867 -100.144    380.2    884.6
     1     1    23     1    21    15     0     3   -95.0   43.050 -100.454    379.0    880.5
     1     1    23     1    21    14     0     2   -96.0   43.233 -100.779    382.9    879.9
     1     1    23     1    21    13     0     1   -97.0   43.415 -101.100    404.3    877.3
     1     1    23     1    21    12     0     0   -98.0   43.581 -101.418    442.4    873.5
     1     1    23     1    21    11     0     1   -99.0   43.740 -101.748    505.6    867.5
     1     1    23     1    21    10     0     2  -100.0   43.920 -102.092    621.7    857.7
     1     1    23     1    21     9     0     3  -101.0   44.096 -102.429    744.6    835.6
     1     1    23     1    21     8     0     2  -102.0   44.258 -102.737    809.5    826.4
     1     1    23     1    21     7     0     1  -103.0   44.426 -103.040    867.0    821.5
     1     1    23     1    21     6     0     0  -104.0   44.593 -103.367    969.7    797.9
     1     1    23     1    21     5     0     1  -105.0   44.747 -103.722   1060.4    776.0
     1     1    23     1    21     4     0     2  -106.0   44.905 -104.050   1066.6    777.3
     1     1    23     1    21     3     0     3  -107.0   45.079 -104.313    983.3    791.0
     1     1    23     1    21     2     0     2  -108.0   45.254 -104.563    891.8    806.0
     1     1    23     1    21     1     0     1  -109.0   45.421 -104.834    846.7    810.0
     1     1    23     1    21     0     0     0  -110.0   45.592 -105.095    848.4    812.9
     1     1    23     1    20    23     0     1  -111.0   45.755 -105.350    874.2    813.0
     1     1    23     1    20    22     0     2  -112.0   45.894 -105.609    891.5    816.4
     1     1    23     1    20    21     0     3  -113.0   46.020 -105.851    899.1    820.4
     1     1    23     1    20    20     0     2  -114.0   46.142 -106.082    908.5    820.6
     1     1    23     1    20    19     0     1  -115.0   46.265 -106.304    930.5    814.2
     1     1    23     1    20    18     0     0  -116.0   46.398 -106.500    956.6    808.0
     1     1    23     1    20    17     0     1  -117.0   46.553 -106.682    976.5    802.8
     1     1    23     1    20    16     0     2  -118.0   46.743 -106.863    982.5    800.0
     1     1    23     1    20    15     0     3  -119.0   46.978 -107.034    970.0    800.5
     1     1    23     1    20    14     0     2  -120.0   47.232 -107.223    955.5    811.5
