     8     1
    GDAS    22    12    22     0     0
    GDAS    22    12    29     0     0
    GDAS    23     1     1     0     0
    GDAS    23     1     8     0     0
    GDAS    23     1    15     0     0
    GDAS    23     1    22     0     0
    GDAS    23     1    29     0     0
    GDAS    23     2     1     0     0
     1 BACKWARD OMEGA   
    23     1    13    23   32.000  -96.000  1500.0
     1 PRESSURE
     1     1    23     1    13    23     0     1     0.0   32.000  -96.000   1500.0    846.5
     1     1    23     1    13    22     0     2    -1.0   32.344  -96.095   1532.3    841.0
     1     1    23     1    13    21     0     3    -2.0   32.681  -96.216   1569.0    832.9
     1     1    23     1    13    20     0     2    -3.0   33.013  -96.351   1606.2    829.6
     1     1    23     1    13    19     0     1    -4.0   33.349  -96.493   1658.3    823.9
     1     1    23     1    13    18     0     0    -5.0   33.696  -96.649   1718.2    815.5
     1     1    23     1    13    17     0     1    -6.0   34.061  -96.827   1760.2    806.4
     1     1    23     1    13    16     0     2    -7.0   34.440  -97.035   1774.3    799.3
     1     1    23     1    13    15     0     3    -8.0   34.824  -97.268   1771.3    794.4
     1     1    23     1    13    14     0     2    -9.0   35.207  -97.517   1777.7    794.5
     1     1    23     1    13    13     0     1   -10.0   35.588  -97.785   1805.7    791.0
     1     1    23     1    13    12     0     0   -11.0   35.966  -98.082   1838.8    784.6
     1     1    23     1    13    11     0     1   -12.0   36.339  -98.401   1891.2    772.8
     1     1    23     1    13    10     0     2   -13.0   36.701  -98.725   1961.1    758.5
     1     1    23     1    13     9     0     3   -14.0   37.042  -99.047   2024.4    749.1
     1     1    23     1    13     8     0     2   -15.0   37.374  -99.360   2059.8    738.0
     1     1    23     1    13     7     0     1   -16.0   37.716  -99.671   2061.9    731.1
     1     1    23     1    13     6     0     0   -17.0   38.064  -99.984   2043.2    724.9
     1     1    23     1    13     5     0     1   -18.0   38.405 -100.297   2057.1    725.6
     1     1    23     1    13     4     0     2   -19.0   38.752 -100.620   2109.3    713.8
     1     1    23     1    13     3     0     3   -20.0   39.118 -100.962   2141.5    703.8
     1     1    23     1    13     2     0     2   -21.0   39.489 -101.311   2174.6    698.0
     1     1    23     1    13     1     0     1   -22.0   39.862 -101.685   2236.3    687.5
     1     1    23     1    13     0     0     0   -23.0   40.247 -102.095   2314.9    674.8
     1     1    23     1    12    23     0     1   -24.0   40.607 -102.514   2391.4    655.6
     1     1    23     1    12    22     0     2   -25.0   40.913 -102.943   2471.5    643.2
     1     1    23     1    12    21     0     3   -26.0   41.193 -103.405   2607.4    626.4
     1     1    23     1    12    20     0     2   -27.0   41.514 -103.844   2822.8    606.6
     1     1    23     1    12    19     0     1   -28.0   41.872 -104.219   3029.7    591.5
     1     1    23     1    12    18     0     0   -29.0   42.241 -104.585   3244.8    577.6
     1     1    23     1    12    17     0     1   -30.0   42.657 -105.003   3527.7    548.8
     1     1    23     1    12    16     0     2   -31.0   43.112 -105.475   3751.8    518.9
     1     1    23     1    12    15     0     3   -32.0   43.548 -105.974   3895.8    514.6
     1     1    23     1    12    14     0     2   -33.0   43.982 -106.502   3965.8    486.7
     1     1    23     1    12    13     0     1   -34.0   44.426 -107.070   4183.8    476.2
     1     1    23     1    12    12     0     0   -35.0   44.876 -107.650   4592.9    458.3
     1     1    23     1    12    11     0     1   -36.0   45.358 -108.239   5034.1    432.8
     1     1    23     1    12    10     0     2   -37.0   45.814 -108.761   5296.2    428.8
     1     1    23     1    12     9     0     3   -38.0   46.171 -109.117   5286.8    433.1
     1     1    23     1    12     8     0     2   -39.0   46.458 -109.403   5261.1    435.4
     1     1    23     1    12     7     0     1   -40.0   46.714 -109.701   5335.1    428.7
     1     1    23     1    12     6     0     0   -41.0   46.910 -109.960   5509.2    417.7
     1     1    23     1    12     5     0     1   -42.0   47.076 -110.222   5718.2    399.0
     1     1    23     1    12     4     0     2   -43.0   47.256 -110.556   5924.5    384.9
     1     1    23     1    12     3     0     3   -44.0   47.413 -110.922   6130.3    372.8
     1     1    23     1    12     2     0     2   -45.0   47.524 -111.300   6339.3    366.4
     1     1    23     1    12     1     0     1   -46.0   47.588 -111.679   6469.8    363.7
     1     1    23     1    12     0     0     0   -47.0   47.579 -112.020   6492.8    363.3
     1     1    23     1    11    23     0     1   -48.0   47.510 -112.348   6404.6    360.7
     1     1    23     1    11    22     0     2   -49.0   47.387 -112.683   6327.4    356.3
     1     1    23     1    11    21     0     3   -50.0   47.194 -112.987   6239.2    357.7
     1     1    23     1    11    20     0     2   -51.0   46.960 -113.240   6161.9    368.6
     1     1    23     1    11    19     0     1   -52.0   46.707 -113.454   6047.0    367.5
     1     1    23     1    11    18     0     0   -53.0   46.434 -113.636   5913.0    369.8
     1     1    23     1    11    17     0     1   -54.0   46.171 -113.760   5763.5    376.2
     1     1    23     1    11    16     0     2   -55.0   45.936 -113.808   5611.9    381.8
     1     1    23     1    11    15     0     3   -56.0   45.724 -113.777   5460.9    387.1
     1     1    23     1    11    14     0     2   -57.0   45.530 -113.695   5311.2    391.3
     1     1    23     1    11    13     0     1   -58.0   45.349 -113.572   5139.3    397.7
     1     1    23     1    11    12     0     0   -59.0   45.192 -113.379   4918.4    408.0
     1     1    23     1    11    11     0     1   -60.0   45.054 -113.193   4645.9    425.7
     1     1    23     1    11    10     0     2   -61.0   44.898 -113.082   4340.6    444.4
     1     1    23     1    11     9     0     3   -62.0   44.717 -113.004   4038.9    464.6
     1     1    23     1    11     8     0     2   -63.0   44.524 -112.934   3791.1    480.0
     1     1    23     1    11     7     0     1   -64.0   44.327 -112.886   3546.9    492.8
     1     1    23     1    11     6     0     0   -65.0   44.119 -112.876   3217.1    512.8
     1     1    23     1    11     5     0     1   -66.0   43.919 -112.914   2862.3    547.8
     1     1    23     1    11     4     0     2   -67.0   43.733 -113.041   2594.1    572.9
     1     1    23     1    11     3     0     3   -68.0   43.575 -113.271   2342.6    594.5
     1     1    23     1    11     2     0     2   -69.0   43.437 -113.536   2049.8    626.2
     1     1    23     1    11     1     0     1   -70.0   43.248 -113.755   1650.9    667.5
     1     1    23     1    11     0     0     0   -71.0   42.998 -113.818   1006.0    741.2
     1     1    23     1    10    23     0     1   -72.0   42.864 -113.658    601.7    815.6
     1     1    23     1    10    22     0     2   -73.0   42.773 -113.427    448.7    810.6
     1     1    23     1    10    21     0     3   -74.0   42.667 -113.240    407.8    806.7
     1     1    23     1    10    20     0     2   -75.0   42.534 -113.109    392.2    803.6
     1     1    23     1    10    19     0     1   -76.0   42.389 -113.027    357.3    806.9
     1     1    23     1    10    18     0     0   -77.0   42.228 -112.985    303.0    812.7
     1     1    23     1    10    17     0     1   -78.0   42.073 -112.971    237.4    819.1
     1     1    23     1    10    16     0     2   -79.0   41.955 -112.976    181.5    824.9
     1     1    23     1    10    15     0     3   -80.0   41.867 -112.999    144.3    829.8
     1     1    23     1    10    14     0     2   -81.0   41.813 -113.037    125.2    830.8
     1     1    23     1    10    13     0     1   -82.0   41.799 -113.080    118.3    829.9
     1     1    23     1    10    12     0     0   -83.0   41.821 -113.122    120.2    828.2
     1     1    23     1    10    11     0     1   -84.0   41.859 -113.143    120.6    826.0
     1     1    23     1    10    10     0     2   -85.0   41.892 -113.133    102.8    827.0
     1     1    23     1    10     9     0     3   -86.0   41.926 -113.096     72.2    830.7
     1     1    23     1    10     8     0     2   -87.0   41.958 -113.053     44.9    836.4
     1     1    23     1    10     7     0     1   -88.0   41.981 -113.025     25.4    839.7
     1     1    23     1    10     6     0     0   -89.0   41.997 -113.012     13.3    842.7
     1     1    23     1    10     5     0     1   -90.0   42.003 -113.006      4.8    842.9
     1     1    23     1    10     4     0     2   -91.0   42.002 -113.001      0.0    843.1
     1     1    23     1    10     3     0     3   -92.0   41.993 -112.994      0.0    843.2
     1     1    23     1    10     2     0     2   -93.0   41.969 -112.985      0.0    843.7
     1     1    23     1    10     1     0     1   -94.0   41.926 -112.969      0.0    844.3
     1     1    23     1    10     0     0     0   -95.0   41.864 -112.946      0.0    845.2
     1     1    23     1     9    23     0     1   -96.0   41.786 -112.926      0.0    845.3
     1     1    23     1     9    22     0     2   -97.0   41.696 -112.916      0.0    845.9
     1     1    23     1     9    21     0     3   -98.0   41.591 -112.920      0.0    846.9
     1     1    23     1     9    20     0     2   -99.0   41.488 -112.923      0.0    849.4
     1     1    23     1     9    19     0     1  -100.0   41.406 -112.908      0.0    851.4
     1     1    23     1     9    18     0     0  -101.0   41.346 -112.873      0.0    852.9
     1     1    23     1     9    17     0     1  -102.0   41.297 -112.832      0.0    853.8
     1     1    23     1     9    16     0     2  -103.0   41.251 -112.795      0.0    854.6
     1     1    23     1     9    15     0     3  -104.0   41.213 -112.759      1.1    855.4
     1     1    23     1     9    14     0     2  -105.0   41.182 -112.718      3.2    856.1
     1     1    23     1     9    13     0     1  -106.0   41.161 -112.666      6.2    856.8
     1     1    23     1     9    12     0     0  -107.0   41.150 -112.603     10.4    857.3
     1     1    23     1     9    11     0     1  -108.0   41.143 -112.531     18.6    856.8
     1     1    23     1     9    10     0     2  -109.0   41.128 -112.454     35.9    855.9
     1     1    23     1     9     9     0     3  -110.0   41.098 -112.369     68.5    854.2
     1     1    23     1     9     8     0     2  -111.0   41.041 -112.280    130.8    850.5
     1     1    23     1     9     7     0     1  -112.0   40.942 -112.200    198.3    839.9
     1     1    23     1     9     6     0     0  -113.0   40.823 -112.144    237.4    834.4
     1     1    23     1     9     5     0     1  -114.0   40.703 -112.116    263.1    830.1
     1     1    23     1     9     4     0     2  -115.0   40.586 -112.115    283.2    825.2
     1     1    23     1     9     3     0     3  -116.0   40.472 -112.134    296.5    821.4
     1     1    23     1     9     2     0     2  -117.0   40.341 -112.177    288.2    817.8
     1     1    23     1     9     1     0     1  -118.0   40.188 -112.234    261.6    818.9
     1     1    23     1     9     0     0     0  -119.0   40.023 -112.284    238.1    819.3
     1     1    23     1     8    23     0     1  -120.0   39.850 -112.331    240.8    817.5
