     8     1
    GDAS    22    12    22     0     0
    GDAS    22    12    29     0     0
    GDAS    23     1     1     0     0
    GDAS    23     1     8     0     0
    GDAS    23     1    15     0     0
    GDAS    23     1    22     0     0
    GDAS    23     1    29     0     0
    GDAS    23     2     1     0     0
     1 BACKWARD OMEGA   
    23     1    15    11   32.716  -96.748   130.0
     1 PRESSURE
     1     1    23     1    15    11     0     1     0.0   32.716  -96.748    130.0    979.7
     1     1    23     1    15    10     0     2    -1.0   32.354  -96.773    113.3    980.2
     1     1    23     1    15     9     0     3    -2.0   31.991  -96.807     87.7    982.5
     1     1    23     1    15     8     0     2    -3.0   31.665  -96.825     65.7    990.4
     1     1    23     1    15     7     0     1    -4.0   31.384  -96.817     51.3    994.9
     1     1    23     1    15     6     0     0    -5.0   31.139  -96.789     40.2    998.8
     1     1    23     1    15     5     0     1    -6.0   30.922  -96.742     28.3   1000.8
     1     1    23     1    15     4     0     2    -7.0   30.733  -96.675     15.8   1003.5
     1     1    23     1    15     3     0     3    -8.0   30.565  -96.591      4.9   1005.3
     1     1    23     1    15     2     0     2    -9.0   30.413  -96.502      0.0   1006.5
     1     1    23     1    15     1     0     1   -10.0   30.275  -96.419      0.0   1007.6
     1     1    23     1    15     0     0     0   -11.0   30.147  -96.341      0.0   1008.7
     1     1    23     1    14    23     0     1   -12.0   30.022  -96.266      0.0   1009.9
     1     1    23     1    14    22     0     2   -13.0   29.889  -96.195      0.0   1011.5
     1     1    23     1    14    21     0     3   -14.0   29.750  -96.132      0.0   1013.0
     1     1    23     1    14    20     0     2   -15.0   29.618  -96.064      0.0   1015.7
     1     1    23     1    14    19     0     1   -16.0   29.509  -95.982      0.0   1018.3
     1     1    23     1    14    18     0     0   -17.0   29.427  -95.883      0.0   1020.6
     1     1    23     1    14    17     0     1   -18.0   29.366  -95.777      0.0   1021.9
     1     1    23     1    14    16     0     2   -19.0   29.322  -95.668      0.0   1023.1
     1     1    23     1    14    15     0     3   -20.0   29.292  -95.551      0.0   1024.2
     1     1    23     1    14    14     0     2   -21.0   29.280  -95.430      0.0   1024.1
     1     1    23     1    14    13     0     1   -22.0   29.290  -95.315      0.0   1023.8
     1     1    23     1    14    12     0     0   -23.0   29.322  -95.209      0.0   1023.3
     1     1    23     1    14    11     0     1   -24.0   29.372  -95.109      0.0   1023.5
     1     1    23     1    14    10     0     2   -25.0   29.438  -95.007      0.0   1023.7
     1     1    23     1    14     9     0     3   -26.0   29.517  -94.906      0.0   1023.7
     1     1    23     1    14     8     0     2   -27.0   29.607  -94.811      0.1   1024.1
     1     1    23     1    14     7     0     1   -28.0   29.702  -94.730      0.4   1024.2
     1     1    23     1    14     6     0     0   -29.0   29.800  -94.661      1.0   1024.1
     1     1    23     1    14     5     0     1   -30.0   29.898  -94.611      1.7   1024.3
     1     1    23     1    14     4     0     2   -31.0   29.992  -94.579      2.5   1024.6
     1     1    23     1    14     3     0     3   -32.0   30.086  -94.565      3.3   1024.3
     1     1    23     1    14     2     0     2   -33.0   30.181  -94.564      4.0   1023.0
     1     1    23     1    14     1     0     1   -34.0   30.276  -94.576      4.5   1021.7
     1     1    23     1    14     0     0     0   -35.0   30.370  -94.600      4.8   1020.6
     1     1    23     1    13    23     0     1   -36.0   30.474  -94.634      5.2   1019.7
     1     1    23     1    13    22     0     2   -37.0   30.596  -94.674      5.8   1018.7
     1     1    23     1    13    21     0     3   -38.0   30.736  -94.722      6.5   1017.6
     1     1    23     1    13    20     0     2   -39.0   30.875  -94.768      7.2   1016.4
     1     1    23     1    13    19     0     1   -40.0   31.000  -94.803      8.2   1015.3
     1     1    23     1    13    18     0     0   -41.0   31.113  -94.829      9.6   1014.8
     1     1    23     1    13    17     0     1   -42.0   31.228  -94.849     11.2   1015.2
     1     1    23     1    13    16     0     2   -43.0   31.350  -94.868     12.7   1015.4
     1     1    23     1    13    15     0     3   -44.0   31.480  -94.887     14.0   1015.7
     1     1    23     1    13    14     0     2   -45.0   31.619  -94.908     14.8   1013.8
     1     1    23     1    13    13     0     1   -46.0   31.770  -94.925     15.0   1012.1
     1     1    23     1    13    12     0     0   -47.0   31.942  -94.932     15.0   1010.2
     1     1    23     1    13    11     0     1   -48.0   32.115  -94.950     14.9   1010.0
     1     1    23     1    13    10     0     2   -49.0   32.263  -95.006     14.4   1009.8
     1     1    23     1    13     9     0     3   -50.0   32.387  -95.096     13.6   1010.3
     1     1    23     1    13     8     0     2   -51.0   32.514  -95.175     13.3   1010.5
     1     1    23     1    13     7     0     1   -52.0   32.661  -95.214     14.2   1009.9
     1     1    23     1    13     6     0     0   -53.0   32.822  -95.218     16.3   1009.0
     1     1    23     1    13     5     0     1   -54.0   32.992  -95.219     19.8   1008.0
     1     1    23     1    13     4     0     2   -55.0   33.174  -95.250     24.6   1007.2
     1     1    23     1    13     3     0     3   -56.0   33.373  -95.312     32.5   1006.0
     1     1    23     1    13     2     0     2   -57.0   33.594  -95.391     46.9   1003.7
     1     1    23     1    13     1     0     1   -58.0   33.847  -95.477     73.4   1000.0
     1     1    23     1    13     0     0     0   -59.0   34.128  -95.565    110.8    993.3
     1     1    23     1    12    23     0     1   -60.0   34.431  -95.662    148.2    985.4
     1     1    23     1    12    22     0     2   -61.0   34.754  -95.779    177.9    978.8
     1     1    23     1    12    21     0     3   -62.0   35.097  -95.912    201.6    974.4
     1     1    23     1    12    20     0     2   -63.0   35.464  -96.042    225.3    971.7
     1     1    23     1    12    19     0     1   -64.0   35.855  -96.144    248.8    968.2
     1     1    23     1    12    18     0     0   -65.0   36.266  -96.216    271.2    963.4
     1     1    23     1    12    17     0     1   -66.0   36.708  -96.278    306.9    955.5
     1     1    23     1    12    16     0     2   -67.0   37.198  -96.349    373.2    943.2
     1     1    23     1    12    15     0     3   -68.0   37.738  -96.411    470.8    926.4
     1     1    23     1    12    14     0     2   -69.0   38.341  -96.410    566.8    909.9
     1     1    23     1    12    13     0     1   -70.0   38.966  -96.371    583.0    905.1
     1     1    23     1    12    12     0     0   -71.0   39.586  -96.348    569.4    912.9
     1     1    23     1    12    11     0     1   -72.0   40.255  -96.307    579.6    907.2
     1     1    23     1    12    10     0     2   -73.0   40.921  -96.276    591.5    905.1
     1     1    23     1    12     9     0     3   -74.0   41.558  -96.272    598.9    903.2
     1     1    23     1    12     8     0     2   -75.0   42.144  -96.294    596.7    902.8
     1     1    23     1    12     7     0     1   -76.0   42.667  -96.318    612.7    901.7
     1     1    23     1    12     6     0     0   -77.0   43.146  -96.320    667.6    891.3
     1     1    23     1    12     5     0     1   -78.0   43.603  -96.340    724.4    874.3
     1     1    23     1    12     4     0     2   -79.0   44.059  -96.397    751.6    865.5
     1     1    23     1    12     3     0     3   -80.0   44.503  -96.480    785.4    868.7
     1     1    23     1    12     2     0     2   -81.0   44.907  -96.591    853.0    860.9
     1     1    23     1    12     1     0     1   -82.0   45.291  -96.726    923.9    851.9
     1     1    23     1    12     0     0     0   -83.0   45.678  -96.877    966.7    852.8
     1     1    23     1    11    23     0     1   -84.0   46.058  -97.040    992.6    858.8
     1     1    23     1    11    22     0     2   -85.0   46.412  -97.201   1011.3    856.6
     1     1    23     1    11    21     0     3   -86.0   46.737  -97.350   1009.0    854.7
     1     1    23     1    11    20     0     2   -87.0   47.044  -97.490    993.7    857.1
     1     1    23     1    11    19     0     1   -88.0   47.345  -97.627    995.3    854.2
     1     1    23     1    11    18     0     0   -89.0   47.637  -97.769   1020.2    846.4
     1     1    23     1    11    17     0     1   -90.0   47.909  -97.913   1033.5    837.1
     1     1    23     1    11    16     0     2   -91.0   48.161  -98.034   1010.2    839.2
     1     1    23     1    11    15     0     3   -92.0   48.400  -98.133    971.7    847.9
     1     1    23     1    11    14     0     2   -93.0   48.615  -98.220    950.7    852.9
     1     1    23     1    11    13     0     1   -94.0   48.802  -98.287    944.9    852.8
     1     1    23     1    11    12     0     0   -95.0   48.962  -98.317    933.3    854.1
     1     1    23     1    11    11     0     1   -96.0   49.105  -98.328    929.8    857.7
     1     1    23     1    11    10     0     2   -97.0   49.233  -98.349    949.7    855.9
     1     1    23     1    11     9     0     3   -98.0   49.345  -98.388    986.3    851.9
     1     1    23     1    11     8     0     2   -99.0   49.424  -98.464   1014.9    846.3
     1     1    23     1    11     7     0     1  -100.0   49.464  -98.576   1024.2    845.4
     1     1    23     1    11     6     0     0  -101.0   49.470  -98.711   1031.5    843.9
     1     1    23     1    11     5     0     1  -102.0   49.445  -98.863   1036.2    840.8
     1     1    23     1    11     4     0     2  -103.0   49.390  -99.025   1022.3    839.0
     1     1    23     1    11     3     0     3  -104.0   49.303  -99.187    976.9    839.2
     1     1    23     1    11     2     0     2  -105.0   49.212  -99.341    922.1    843.8
     1     1    23     1    11     1     0     1  -106.0   49.141  -99.503    874.0    844.0
     1     1    23     1    11     0     0     0  -107.0   49.074  -99.678    811.1    845.0
     1     1    23     1    10    23     0     1  -108.0   48.998  -99.877    752.0    848.7
     1     1    23     1    10    22     0     2  -109.0   48.917 -100.113    731.7    852.5
     1     1    23     1    10    21     0     3  -110.0   48.844 -100.369    737.5    855.3
     1     1    23     1    10    20     0     2  -111.0   48.768 -100.626    727.5    858.5
     1     1    23     1    10    19     0     1  -112.0   48.676 -100.882    689.6    867.5
     1     1    23     1    10    18     0     0  -113.0   48.572 -101.156    653.3    873.2
     1     1    23     1    10    17     0     1  -114.0   48.462 -101.457    633.5    870.8
     1     1    23     1    10    16     0     2  -115.0   48.346 -101.785    620.6    866.8
     1     1    23     1    10    15     0     3  -116.0   48.228 -102.133    605.1    863.5
     1     1    23     1    10    14     0     2  -117.0   48.112 -102.457    584.7    864.2
     1     1    23     1    10    13     0     1  -118.0   47.988 -102.727    576.9    865.1
     1     1    23     1    10    12     0     0  -119.0   47.844 -102.960    602.8    861.7
     1     1    23     1    10    11     0     1  -120.0   47.695 -103.185    640.3    853.0
