     8     1
    GDAS    22    12    22     0     0
    GDAS    22    12    29     0     0
    GDAS    23     1     1     0     0
    GDAS    23     1     8     0     0
    GDAS    23     1    15     0     0
    GDAS    23     1    22     0     0
    GDAS    23     1    29     0     0
    GDAS    23     2     1     0     0
     1 BACKWARD OMEGA   
    23     1    15    12   32.716  -96.748  1000.0
     1 PRESSURE
     1     1    23     1    15    12     0     0     0.0   32.716  -96.748   1000.0    882.3
     1     1    23     1    15    11     0     1    -1.0   32.198  -97.174    976.5    879.5
     1     1    23     1    15    10     0     2    -2.0   31.707  -97.577    983.3    874.1
     1     1    23     1    15     9     0     3    -3.0   31.259  -97.956    969.6    864.1
     1     1    23     1    15     8     0     2    -4.0   30.804  -98.288    956.7    868.1
     1     1    23     1    15     7     0     1    -5.0   30.357  -98.583   1003.2    859.3
     1     1    23     1    15     6     0     0    -6.0   29.945  -98.863   1083.1    843.4
     1     1    23     1    15     5     0     1    -7.0   29.570  -99.105   1138.6    843.8
     1     1    23     1    15     4     0     2    -8.0   29.203  -99.266   1131.5    856.5
     1     1    23     1    15     3     0     3    -9.0   28.820  -99.330   1060.9    874.5
     1     1    23     1    15     2     0     2   -10.0   28.433  -99.306    993.2    891.0
     1     1    23     1    15     1     0     1   -11.0   28.073  -99.228    987.9    896.3
     1     1    23     1    15     0     0     0   -12.0   27.754  -99.118   1021.8    891.6
     1     1    23     1    14    23     0     1   -13.0   27.471  -99.003   1067.4    885.3
     1     1    23     1    14    22     0     2   -14.0   27.217  -98.906   1113.8    880.0
     1     1    23     1    14    21     0     3   -15.0   26.990  -98.826   1158.3    875.8
     1     1    23     1    14    20     0     2   -16.0   26.777  -98.754   1190.9    874.2
     1     1    23     1    14    19     0     1   -17.0   26.562  -98.680   1203.7    876.4
     1     1    23     1    14    18     0     0   -18.0   26.346  -98.604   1206.9    879.4
     1     1    23     1    14    17     0     1   -19.0   26.139  -98.524   1206.6    881.5
     1     1    23     1    14    16     0     2   -20.0   25.959  -98.443   1203.6    883.1
     1     1    23     1    14    15     0     3   -21.0   25.803  -98.363   1198.0    884.0
     1     1    23     1    14    14     0     2   -22.0   25.672  -98.294   1194.5    884.9
     1     1    23     1    14    13     0     1   -23.0   25.567  -98.242   1195.9    884.7
     1     1    23     1    14    12     0     0   -24.0   25.489  -98.204   1201.5    884.1
     1     1    23     1    14    11     0     1   -25.0   25.431  -98.179   1207.4    883.5
     1     1    23     1    14    10     0     2   -26.0   25.385  -98.167   1210.5    883.5
     1     1    23     1    14     9     0     3   -27.0   25.352  -98.166   1213.3    883.3
     1     1    23     1    14     8     0     2   -28.0   25.331  -98.170   1225.9    883.4
     1     1    23     1    14     7     0     1   -29.0   25.323  -98.176   1255.9    880.5
     1     1    23     1    14     6     0     0   -30.0   25.328  -98.185   1299.9    876.0
     1     1    23     1    14     5     0     1   -31.0   25.350  -98.201   1349.2    870.1
     1     1    23     1    14     4     0     2   -32.0   25.395  -98.221   1395.7    865.0
     1     1    23     1    14     3     0     3   -33.0   25.463  -98.244   1435.3    860.8
     1     1    23     1    14     2     0     2   -34.0   25.550  -98.265   1459.2    857.3
     1     1    23     1    14     1     0     1   -35.0   25.652  -98.284   1464.2    856.9
     1     1    23     1    14     0     0     0   -36.0   25.769  -98.297   1454.1    857.9
     1     1    23     1    13    23     0     1   -37.0   25.898  -98.305   1440.0    860.8
     1     1    23     1    13    22     0     2   -38.0   26.037  -98.315   1432.2    861.7
     1     1    23     1    13    21     0     3   -39.0   26.187  -98.329   1432.1    861.5
     1     1    23     1    13    20     0     2   -40.0   26.350  -98.346   1438.5    860.8
     1     1    23     1    13    19     0     1   -41.0   26.531  -98.364   1449.1    860.0
     1     1    23     1    13    18     0     0   -42.0   26.727  -98.382   1466.2    858.6
     1     1    23     1    13    17     0     1   -43.0   26.936  -98.401   1493.0    855.2
     1     1    23     1    13    16     0     2   -44.0   27.152  -98.418   1524.4    850.2
     1     1    23     1    13    15     0     3   -45.0   27.376  -98.431   1544.7    846.2
     1     1    23     1    13    14     0     2   -46.0   27.613  -98.438   1558.5    845.3
     1     1    23     1    13    13     0     1   -47.0   27.872  -98.439   1575.5    842.3
     1     1    23     1    13    12     0     0   -48.0   28.158  -98.429   1591.3    839.2
     1     1    23     1    13    11     0     1   -49.0   28.465  -98.413   1590.2    835.8
     1     1    23     1    13    10     0     2   -50.0   28.785  -98.388   1561.6    837.8
     1     1    23     1    13     9     0     3   -51.0   29.121  -98.349   1506.2    839.6
     1     1    23     1    13     8     0     2   -52.0   29.485  -98.309   1436.1    840.7
     1     1    23     1    13     7     0     1   -53.0   29.881  -98.282   1377.9    838.4
     1     1    23     1    13     6     0     0   -54.0   30.297  -98.270   1372.2    838.4
     1     1    23     1    13     5     0     1   -55.0   30.718  -98.280   1440.8    827.8
     1     1    23     1    13     4     0     2   -56.0   31.144  -98.308   1562.3    812.9
     1     1    23     1    13     3     0     3   -57.0   31.587  -98.343   1697.4    796.5
     1     1    23     1    13     2     0     2   -58.0   32.046  -98.396   1806.0    785.3
     1     1    23     1    13     1     0     1   -59.0   32.515  -98.487   1893.3    777.5
     1     1    23     1    13     0     0     0   -60.0   33.006  -98.611   1958.7    770.4
     1     1    23     1    12    23     0     1   -61.0   33.493  -98.743   2003.9    768.5
     1     1    23     1    12    22     0     2   -62.0   33.961  -98.873   2012.8    767.4
     1     1    23     1    12    21     0     3   -63.0   34.433  -99.000   2028.4    766.4
     1     1    23     1    12    20     0     2   -64.0   34.907  -99.129   2108.2    749.5
     1     1    23     1    12    19     0     1   -65.0   35.380  -99.255   2179.9    730.7
     1     1    23     1    12    18     0     0   -66.0   35.859  -99.367   2205.1    722.6
     1     1    23     1    12    17     0     1   -67.0   36.353  -99.467   2217.2    721.1
     1     1    23     1    12    16     0     2   -68.0   36.857  -99.565   2187.8    721.9
     1     1    23     1    12    15     0     3   -69.0   37.367  -99.668   2112.2    727.6
     1     1    23     1    12    14     0     2   -70.0   37.890  -99.760   2080.1    727.3
     1     1    23     1    12    13     0     1   -71.0   38.414  -99.840   2116.0    720.0
     1     1    23     1    12    12     0     0   -72.0   38.919  -99.923   2154.5    715.4
     1     1    23     1    12    11     0     1   -73.0   39.406 -100.013   2235.0    712.2
     1     1    23     1    12    10     0     2   -74.0   39.867 -100.114   2385.5    693.4
     1     1    23     1    12     9     0     3   -75.0   40.291 -100.230   2554.2    673.1
     1     1    23     1    12     8     0     2   -76.0   40.679 -100.331   2689.3    655.2
     1     1    23     1    12     7     0     1   -77.0   41.029 -100.392   2738.8    647.2
     1     1    23     1    12     6     0     0   -78.0   41.353 -100.429   2694.9    650.6
     1     1    23     1    12     5     0     1   -79.0   41.671 -100.453   2620.7    659.5
     1     1    23     1    12     4     0     2   -80.0   41.987 -100.477   2550.5    662.7
     1     1    23     1    12     3     0     3   -81.0   42.305 -100.507   2486.9    669.9
     1     1    23     1    12     2     0     2   -82.0   42.630 -100.556   2447.6    674.5
     1     1    23     1    12     1     0     1   -83.0   42.954 -100.644   2426.2    674.9
     1     1    23     1    12     0     0     0   -84.0   43.278 -100.774   2418.1    679.6
     1     1    23     1    11    23     0     1   -85.0   43.595 -100.935   2432.9    682.9
     1     1    23     1    11    22     0     2   -86.0   43.892 -101.129   2468.7    682.8
     1     1    23     1    11    21     0     3   -87.0   44.164 -101.354   2504.1    678.6
     1     1    23     1    11    20     0     2   -88.0   44.409 -101.599   2536.2    674.0
     1     1    23     1    11    19     0     1   -89.0   44.629 -101.860   2569.3    669.7
     1     1    23     1    11    18     0     0   -90.0   44.819 -102.135   2606.9    665.1
     1     1    23     1    11    17     0     1   -91.0   45.002 -102.425   2637.4    658.5
     1     1    23     1    11    16     0     2   -92.0   45.197 -102.723   2651.0    654.2
     1     1    23     1    11    15     0     3   -93.0   45.388 -103.015   2661.4    650.1
     1     1    23     1    11    14     0     2   -94.0   45.578 -103.319   2688.6    646.5
     1     1    23     1    11    13     0     1   -95.0   45.778 -103.657   2706.5    639.5
     1     1    23     1    11    12     0     0   -96.0   45.982 -104.023   2649.8    640.8
     1     1    23     1    11    11     0     1   -97.0   46.190 -104.393   2609.0    654.6
     1     1    23     1    11    10     0     2   -98.0   46.417 -104.776   2658.2    651.2
     1     1    23     1    11     9     0     3   -99.0   46.656 -105.174   2765.3    643.4
     1     1    23     1    11     8     0     2  -100.0   46.906 -105.608   2874.8    631.2
     1     1    23     1    11     7     0     1  -101.0   47.161 -106.090   2950.1    625.1
     1     1    23     1    11     6     0     0  -102.0   47.412 -106.612   3014.8    621.0
     1     1    23     1    11     5     0     1  -103.0   47.651 -107.158   3090.8    616.5
     1     1    23     1    11     4     0     2  -104.0   47.882 -107.708   3172.4    611.9
     1     1    23     1    11     3     0     3  -105.0   48.109 -108.255   3254.1    601.4
     1     1    23     1    11     2     0     2  -106.0   48.328 -108.831   3323.6    586.3
     1     1    23     1    11     1     0     1  -107.0   48.539 -109.429   3365.3    583.7
     1     1    23     1    11     0     0     0  -108.0   48.739 -110.031   3394.1    587.4
     1     1    23     1    10    23     0     1  -109.0   48.914 -110.629   3376.8    577.7
     1     1    23     1    10    22     0     2  -110.0   49.072 -111.212   3361.2    578.0
     1     1    23     1    10    21     0     3  -111.0   49.214 -111.771   3447.4    575.0
     1     1    23     1    10    20     0     2  -112.0   49.349 -112.313   3596.4    556.3
     1     1    23     1    10    19     0     1  -113.0   49.488 -112.863   3733.1    541.3
     1     1    23     1    10    18     0     0  -114.0   49.636 -113.415   3742.2    521.0
     1     1    23     1    10    17     0     1  -115.0   49.777 -113.918   3631.2    523.8
     1     1    23     1    10    16     0     2  -116.0   49.918 -114.407   3700.9    523.9
     1     1    23     1    10    15     0     3  -117.0   50.134 -115.012   4105.7    472.3
     1     1    23     1    10    14     0     2  -118.0   50.342 -115.779   4371.8    437.7
     1     1    23     1    10    13     0     1  -119.0   50.418 -116.694   4558.0    441.9
     1     1    23     1    10    12     0     0  -120.0   50.430 -117.669   4825.5    440.3
