     8     1
    GDAS    22    12    22     0     0
    GDAS    22    12    29     0     0
    GDAS    23     1     1     0     0
    GDAS    23     1     8     0     0
    GDAS    23     1    15     0     0
    GDAS    23     1    22     0     0
    GDAS    23     1    29     0     0
    GDAS    23     2     1     0     0
     1 BACKWARD OMEGA   
    23     1    13    12   32.716  -96.748    15.0
     1 PRESSURE
     1     1    23     1    13    12     0     0     0.0   32.716  -96.748     15.0   1007.2
     1     1    23     1    13    11     0     1    -1.0   32.858  -96.745     19.4   1006.8
     1     1    23     1    13    10     0     2    -2.0   33.004  -96.750     22.4   1006.5
     1     1    23     1    13     9     0     3    -3.0   33.152  -96.764     23.8   1005.5
     1     1    23     1    13     8     0     2    -4.0   33.297  -96.789     26.0   1004.4
     1     1    23     1    13     7     0     1    -5.0   33.436  -96.828     30.3   1003.0
     1     1    23     1    13     6     0     0    -6.0   33.570  -96.884     36.7   1001.4
     1     1    23     1    13     5     0     1    -7.0   33.703  -96.947     46.5    999.8
     1     1    23     1    13     4     0     2    -8.0   33.847  -97.005     64.1    997.2
     1     1    23     1    13     3     0     3    -9.0   34.026  -97.058     99.2    991.4
     1     1    23     1    13     2     0     2   -10.0   34.266  -97.113    143.3    980.2
     1     1    23     1    13     1     0     1   -11.0   34.544  -97.172    173.0    971.4
     1     1    23     1    13     0     0     0   -12.0   34.843  -97.238    191.3    964.9
     1     1    23     1    12    23     0     1   -13.0   35.164  -97.321    205.8    962.3
     1     1    23     1    12    22     0     2   -14.0   35.509  -97.430    224.0    961.9
     1     1    23     1    12    21     0     3   -15.0   35.865  -97.559    250.6    959.9
     1     1    23     1    12    20     0     2   -16.0   36.222  -97.684    286.7    953.4
     1     1    23     1    12    19     0     1   -17.0   36.584  -97.779    327.3    944.6
     1     1    23     1    12    18     0     0   -18.0   36.955  -97.841    367.9    936.6
     1     1    23     1    12    17     0     1   -19.0   37.363  -97.893    404.6    928.0
     1     1    23     1    12    16     0     2   -20.0   37.824  -97.954    434.5    920.1
     1     1    23     1    12    15     0     3   -21.0   38.330  -98.019    453.5    914.9
     1     1    23     1    12    14     0     2   -22.0   38.855  -98.086    447.4    913.0
     1     1    23     1    12    13     0     1   -23.0   39.373  -98.160    431.2    916.1
     1     1    23     1    12    12     0     0   -24.0   39.906  -98.228    444.4    914.6
     1     1    23     1    12    11     0     1   -25.0   40.469  -98.299    485.8    902.1
     1     1    23     1    12    10     0     2   -26.0   41.033  -98.399    529.2    891.0
     1     1    23     1    12     9     0     3   -27.0   41.576  -98.531    574.9    880.4
     1     1    23     1    12     8     0     2   -28.0   42.085  -98.670    606.4    870.8
     1     1    23     1    12     7     0     1   -29.0   42.552  -98.805    607.3    875.6
     1     1    23     1    12     6     0     0   -30.0   42.976  -98.944    583.1    882.1
     1     1    23     1    12     5     0     1   -31.0   43.377  -99.079    541.6    888.2
     1     1    23     1    12     4     0     2   -32.0   43.765  -99.193    508.7    896.4
     1     1    23     1    12     3     0     3   -33.0   44.146  -99.273    510.7    899.3
     1     1    23     1    12     2     0     2   -34.0   44.525  -99.344    543.6    894.3
     1     1    23     1    12     1     0     1   -35.0   44.902  -99.430    604.1    887.5
     1     1    23     1    12     0     0     0   -36.0   45.281  -99.541    685.0    873.0
     1     1    23     1    11    23     0     1   -37.0   45.654  -99.694    752.7    859.2
     1     1    23     1    11    22     0     2   -38.0   46.010  -99.888    799.9    853.2
     1     1    23     1    11    21     0     3   -39.0   46.341 -100.117    833.1    850.1
     1     1    23     1    11    20     0     2   -40.0   46.645 -100.357    838.4    848.7
     1     1    23     1    11    19     0     1   -41.0   46.932 -100.580    828.4    851.9
     1     1    23     1    11    18     0     0   -42.0   47.206 -100.769    840.2    852.5
     1     1    23     1    11    17     0     1   -43.0   47.475 -100.941    871.0    847.2
     1     1    23     1    11    16     0     2   -44.0   47.749 -101.115    908.1    843.1
     1     1    23     1    11    15     0     3   -45.0   48.031 -101.288    968.4    836.6
     1     1    23     1    11    14     0     2   -46.0   48.309 -101.474   1042.3    826.4
     1     1    23     1    11    13     0     1   -47.0   48.577 -101.673   1098.6    820.3
     1     1    23     1    11    12     0     0   -48.0   48.837 -101.880   1124.4    818.1
     1     1    23     1    11    11     0     1   -49.0   49.093 -102.092   1133.3    818.2
     1     1    23     1    11    10     0     2   -50.0   49.347 -102.310   1145.8    812.8
     1     1    23     1    11     9     0     3   -51.0   49.586 -102.540   1173.0    806.9
     1     1    23     1    11     8     0     2   -52.0   49.803 -102.783   1220.8    799.2
     1     1    23     1    11     7     0     1   -53.0   49.999 -103.023   1286.3    790.7
     1     1    23     1    11     6     0     0   -54.0   50.184 -103.247   1346.8    784.6
     1     1    23     1    11     5     0     1   -55.0   50.365 -103.450   1378.3    783.2
     1     1    23     1    11     4     0     2   -56.0   50.546 -103.641   1394.1    783.9
     1     1    23     1    11     3     0     3   -57.0   50.734 -103.831   1420.7    783.3
     1     1    23     1    11     2     0     2   -58.0   50.925 -104.031   1454.0    778.7
     1     1    23     1    11     1     0     1   -59.0   51.110 -104.235   1464.0    778.3
     1     1    23     1    11     0     0     0   -60.0   51.285 -104.446   1451.0    782.7
     1     1    23     1    10    23     0     1   -61.0   51.451 -104.663   1426.9    786.1
     1     1    23     1    10    22     0     2   -62.0   51.604 -104.878   1395.9    790.1
     1     1    23     1    10    21     0     3   -63.0   51.740 -105.082   1367.2    793.4
     1     1    23     1    10    20     0     2   -64.0   51.867 -105.274   1358.4    795.4
     1     1    23     1    10    19     0     1   -65.0   51.999 -105.450   1373.3    793.2
     1     1    23     1    10    18     0     0   -66.0   52.138 -105.604   1392.2    791.0
     1     1    23     1    10    17     0     1   -67.0   52.281 -105.749   1405.4    790.7
     1     1    23     1    10    16     0     2   -68.0   52.425 -105.908   1414.9    790.6
     1     1    23     1    10    15     0     3   -69.0   52.571 -106.083   1420.3    790.1
     1     1    23     1    10    14     0     2   -70.0   52.711 -106.275   1421.1    789.1
     1     1    23     1    10    13     0     1   -71.0   52.840 -106.480   1416.3    787.5
     1     1    23     1    10    12     0     0   -72.0   52.958 -106.691   1401.6    786.0
     1     1    23     1    10    11     0     1   -73.0   53.063 -106.904   1393.9    786.1
     1     1    23     1    10    10     0     2   -74.0   53.150 -107.123   1414.9    783.5
     1     1    23     1    10     9     0     3   -75.0   53.221 -107.351   1469.8    779.0
     1     1    23     1    10     8     0     2   -76.0   53.283 -107.586   1537.2    770.0
     1     1    23     1    10     7     0     1   -77.0   53.344 -107.819   1603.5    764.9
     1     1    23     1    10     6     0     0   -78.0   53.403 -108.056   1688.0    757.9
     1     1    23     1    10     5     0     1   -79.0   53.464 -108.306   1746.6    748.7
     1     1    23     1    10     4     0     2   -80.0   53.529 -108.553   1743.7    751.3
     1     1    23     1    10     3     0     3   -81.0   53.593 -108.784   1708.5    756.8
     1     1    23     1    10     2     0     2   -82.0   53.668 -109.009   1692.4    762.3
     1     1    23     1    10     1     0     1   -83.0   53.763 -109.260   1724.2    756.0
     1     1    23     1    10     0     0     0   -84.0   53.869 -109.548   1805.3    745.0
     1     1    23     1     9    23     0     1   -85.0   53.967 -109.870   1916.5    728.1
     1     1    23     1     9    22     0     2   -86.0   54.044 -110.209   2009.1    715.6
     1     1    23     1     9    21     0     3   -87.0   54.108 -110.558   2065.5    710.8
     1     1    23     1     9    20     0     2   -88.0   54.179 -110.903   2125.0    709.3
     1     1    23     1     9    19     0     1   -89.0   54.266 -111.220   2209.4    700.6
     1     1    23     1     9    18     0     0   -90.0   54.364 -111.506   2291.1    692.9
     1     1    23     1     9    17     0     1   -91.0   54.470 -111.793   2345.7    687.9
     1     1    23     1     9    16     0     2   -92.0   54.587 -112.113   2377.2    687.8
     1     1    23     1     9    15     0     3   -93.0   54.707 -112.467   2434.1    686.2
     1     1    23     1     9    14     0     2   -94.0   54.820 -112.840   2517.4    676.9
     1     1    23     1     9    13     0     1   -95.0   54.928 -113.211   2567.9    669.8
     1     1    23     1     9    12     0     0   -96.0   55.042 -113.574   2542.3    669.0
     1     1    23     1     9    11     0     1   -97.0   55.154 -113.924   2481.7    677.8
     1     1    23     1     9    10     0     2   -98.0   55.248 -114.267   2449.6    677.0
     1     1    23     1     9     9     0     3   -99.0   55.325 -114.615   2457.9    670.7
     1     1    23     1     9     8     0     2  -100.0   55.376 -114.965   2485.9    662.0
     1     1    23     1     9     7     0     1  -101.0   55.392 -115.306   2516.1    659.7
     1     1    23     1     9     6     0     0  -102.0   55.369 -115.642   2538.8    658.9
     1     1    23     1     9     5     0     1  -103.0   55.315 -115.960   2555.3    657.6
     1     1    23     1     9     4     0     2  -104.0   55.244 -116.235   2567.8    658.0
     1     1    23     1     9     3     0     3  -105.0   55.171 -116.468   2574.4    658.5
     1     1    23     1     9     2     0     2  -106.0   55.098 -116.668   2575.9    659.8
     1     1    23     1     9     1     0     1  -107.0   55.023 -116.845   2577.7    660.8
     1     1    23     1     9     0     0     0  -108.0   54.940 -117.000   2576.3    660.5
     1     1    23     1     8    23     0     1  -109.0   54.847 -117.147   2564.3    659.2
     1     1    23     1     8    22     0     2  -110.0   54.754 -117.300   2547.1    658.3
     1     1    23     1     8    21     0     3  -111.0   54.663 -117.455   2532.0    656.5
     1     1    23     1     8    20     0     2  -112.0   54.581 -117.592   2527.8    654.0
     1     1    23     1     8    19     0     1  -113.0   54.505 -117.707   2535.4    649.5
     1     1    23     1     8    18     0     0  -114.0   54.433 -117.821   2547.6    644.6
     1     1    23     1     8    17     0     1  -115.0   54.360 -117.935   2554.3    639.3
     1     1    23     1     8    16     0     2  -116.0   54.280 -118.050   2544.0    635.3
     1     1    23     1     8    15     0     3  -117.0   54.196 -118.191   2514.6    632.5
     1     1    23     1     8    14     0     2  -118.0   54.094 -118.383   2482.1    629.9
     1     1    23     1     8    13     0     1  -119.0   53.962 -118.616   2472.6    622.7
     1     1    23     1     8    12     0     0  -120.0   53.789 -118.866   2497.6    611.4
