     8     1
    GDAS    22    12    22     0     0
    GDAS    22    12    29     0     0
    GDAS    23     1     1     0     0
    GDAS    23     1     8     0     0
    GDAS    23     1    15     0     0
    GDAS    23     1    22     0     0
    GDAS    23     1    29     0     0
    GDAS    23     2     1     0     0
     1 BACKWARD OMEGA   
    23     1    11    16   32.716  -96.748    10.0
     1 PRESSURE
     1     1    23     1    11    16     0     2     0.0   32.716  -96.748     10.0    990.5
     1     1    23     1    11    15     0     3    -1.0   32.614  -96.859      9.6    990.3
     1     1    23     1    11    14     0     2    -2.0   32.525  -96.968     10.2    989.8
     1     1    23     1    11    13     0     1    -3.0   32.436  -97.093     11.9    987.4
     1     1    23     1    11    12     0     0    -4.0   32.345  -97.240     14.8    983.9
     1     1    23     1    11    11     0     1    -5.0   32.249  -97.410     20.1    979.7
     1     1    23     1    11    10     0     2    -6.0   32.151  -97.608     30.6    974.5
     1     1    23     1    11     9     0     3    -7.0   32.057  -97.847     51.3    968.2
     1     1    23     1    11     8     0     2    -8.0   31.960  -98.145     91.3    959.7
     1     1    23     1    11     7     0     1    -9.0   31.833  -98.511    147.1    947.8
     1     1    23     1    11     6     0     0   -10.0   31.680  -98.900    187.8    935.3
     1     1    23     1    11     5     0     1   -11.0   31.526  -99.296    204.6    927.6
     1     1    23     1    11     4     0     2   -12.0   31.374  -99.703    217.3    921.3
     1     1    23     1    11     3     0     3   -13.0   31.200 -100.121    240.2    912.4
     1     1    23     1    11     2     0     2   -14.0   31.015 -100.529    239.2    902.3
     1     1    23     1    11     1     0     1   -15.0   30.844 -100.844    174.6    906.8
     1     1    23     1    11     0     0     0   -16.0   30.697 -101.020    102.5    922.6
     1     1    23     1    10    23     0     1   -17.0   30.577 -101.138     56.9    932.6
     1     1    23     1    10    22     0     2   -18.0   30.483 -101.283     38.5    934.1
     1     1    23     1    10    21     0     3   -19.0   30.403 -101.464     29.2    935.6
     1     1    23     1    10    20     0     2   -20.0   30.331 -101.656     23.8    938.0
     1     1    23     1    10    19     0     1   -21.0   30.257 -101.828     20.4    940.4
     1     1    23     1    10    18     0     0   -22.0   30.178 -101.978     18.6    942.9
     1     1    23     1    10    17     0     1   -23.0   30.099 -102.102     18.2    939.1
     1     1    23     1    10    16     0     2   -24.0   30.033 -102.200     18.2    934.6
     1     1    23     1    10    15     0     3   -25.0   29.986 -102.274     17.7    930.0
     1     1    23     1    10    14     0     2   -26.0   29.954 -102.336     17.5    925.3
     1     1    23     1    10    13     0     1   -27.0   29.934 -102.396     18.7    921.2
     1     1    23     1    10    12     0     0   -28.0   29.923 -102.456     21.1    917.5
     1     1    23     1    10    11     0     1   -29.0   29.918 -102.514     24.5    914.2
     1     1    23     1    10    10     0     2   -30.0   29.915 -102.567     28.5    911.3
     1     1    23     1    10     9     0     3   -31.0   29.913 -102.614     33.2    908.7
     1     1    23     1    10     8     0     2   -32.0   29.907 -102.655     37.7    906.6
     1     1    23     1    10     7     0     1   -33.0   29.897 -102.692     41.5    904.8
     1     1    23     1    10     6     0     0   -34.0   29.884 -102.725     44.7    903.3
     1     1    23     1    10     5     0     1   -35.0   29.870 -102.759     46.8    901.6
     1     1    23     1    10     4     0     2   -36.0   29.859 -102.800     47.0    900.0
     1     1    23     1    10     3     0     3   -37.0   29.852 -102.850     45.4    898.1
     1     1    23     1    10     2     0     2   -38.0   29.840 -102.910     42.9    896.2
     1     1    23     1    10     1     0     1   -39.0   29.813 -102.979     40.6    894.7
     1     1    23     1    10     0     0     0   -40.0   29.772 -103.051     38.7    893.8
     1     1    23     1     9    23     0     1   -41.0   29.735 -103.129     38.5    892.3
     1     1    23     1     9    22     0     2   -42.0   29.714 -103.219     39.7    889.3
     1     1    23     1     9    21     0     3   -43.0   29.703 -103.322     39.9    885.7
     1     1    23     1     9    20     0     2   -44.0   29.696 -103.425     38.3    883.2
     1     1    23     1     9    19     0     1   -45.0   29.685 -103.514     36.3    881.3
     1     1    23     1     9    18     0     0   -46.0   29.672 -103.586     35.5    879.9
     1     1    23     1     9    17     0     1   -47.0   29.655 -103.644     35.8    877.7
     1     1    23     1     9    16     0     2   -48.0   29.637 -103.690     37.1    875.7
     1     1    23     1     9    15     0     3   -49.0   29.614 -103.725     40.4    873.9
     1     1    23     1     9    14     0     2   -50.0   29.594 -103.756     47.0    871.9
     1     1    23     1     9    13     0     1   -51.0   29.583 -103.786     58.7    869.2
     1     1    23     1     9    12     0     0   -52.0   29.577 -103.819     78.9    865.2
     1     1    23     1     9    11     0     1   -53.0   29.565 -103.851    106.8    860.2
     1     1    23     1     9    10     0     2   -54.0   29.533 -103.877    135.6    855.9
     1     1    23     1     9     9     0     3   -55.0   29.480 -103.893    159.5    851.7
     1     1    23     1     9     8     0     2   -56.0   29.411 -103.896    170.3    850.0
     1     1    23     1     9     7     0     1   -57.0   29.343 -103.876    162.6    851.9
     1     1    23     1     9     6     0     0   -58.0   29.285 -103.836    132.8    857.3
     1     1    23     1     9     5     0     1   -59.0   29.249 -103.786    100.6    865.6
     1     1    23     1     9     4     0     2   -60.0   29.229 -103.737     84.5    869.7
     1     1    23     1     9     3     0     3   -61.0   29.222 -103.688     79.9    872.9
     1     1    23     1     9     2     0     2   -62.0   29.224 -103.633     74.8    874.5
     1     1    23     1     9     1     0     1   -63.0   29.234 -103.574     61.4    878.8
     1     1    23     1     9     0     0     0   -64.0   29.252 -103.513     45.1    883.3
     1     1    23     1     8    23     0     1   -65.0   29.270 -103.453     31.2    888.0
     1     1    23     1     8    22     0     2   -66.0   29.281 -103.398     21.6    892.1
     1     1    23     1     8    21     0     3   -67.0   29.285 -103.349     15.4    895.6
     1     1    23     1     8    20     0     2   -68.0   29.287 -103.307     11.8    899.7
     1     1    23     1     8    19     0     1   -69.0   29.288 -103.271      9.8    903.1
     1     1    23     1     8    18     0     0   -70.0   29.290 -103.238      8.4    906.1
     1     1    23     1     8    17     0     1   -71.0   29.294 -103.213      7.4    907.4
     1     1    23     1     8    16     0     2   -72.0   29.304 -103.195      6.5    908.2
     1     1    23     1     8    15     0     3   -73.0   29.319 -103.185      5.9    908.5
     1     1    23     1     8    14     0     2   -74.0   29.340 -103.176      5.1    907.7
     1     1    23     1     8    13     0     1   -75.0   29.366 -103.161      4.0    907.1
     1     1    23     1     8    12     0     0   -76.0   29.398 -103.140      2.4    906.8
     1     1    23     1     8    11     0     1   -77.0   29.429 -103.111      0.8    907.1
     1     1    23     1     8    10     0     2   -78.0   29.452 -103.073      0.0    907.8
     1     1    23     1     8     9     0     3   -79.0   29.466 -103.026      0.0    908.9
     1     1    23     1     8     8     0     2   -80.0   29.475 -102.976      0.0    910.3
     1     1    23     1     8     7     0     1   -81.0   29.483 -102.929      0.0    910.5
     1     1    23     1     8     6     0     0   -82.0   29.493 -102.885      0.0    910.9
     1     1    23     1     8     5     0     1   -83.0   29.522 -102.843      0.0    910.4
     1     1    23     1     8     4     0     2   -84.0   29.583 -102.805      1.3    910.0
     1     1    23     1     8     3     0     3   -85.0   29.679 -102.772      6.2    910.0
     1     1    23     1     8     2     0     2   -86.0   29.803 -102.742     16.4    909.2
     1     1    23     1     8     1     0     1   -87.0   29.948 -102.708     37.8    908.0
     1     1    23     1     8     0     0     0   -88.0   30.114 -102.669     67.9    907.3
     1     1    23     1     7    23     0     1   -89.0   30.281 -102.625     90.4    907.6
     1     1    23     1     7    22     0     2   -90.0   30.432 -102.577     99.2    909.8
     1     1    23     1     7    21     0     3   -91.0   30.571 -102.535     97.2    912.2
     1     1    23     1     7    20     0     2   -92.0   30.704 -102.508     89.1    915.0
     1     1    23     1     7    19     0     1   -93.0   30.838 -102.504     77.3    917.4
     1     1    23     1     7    18     0     0   -94.0   30.967 -102.525     62.4    919.8
     1     1    23     1     7    17     0     1   -95.0   31.085 -102.566     49.9    921.0
     1     1    23     1     7    16     0     2   -96.0   31.186 -102.611     42.4    920.5
     1     1    23     1     7    15     0     3   -97.0   31.273 -102.656     38.3    919.8
     1     1    23     1     7    14     0     2   -98.0   31.363 -102.692     35.3    918.6
     1     1    23     1     7    13     0     1   -99.0   31.471 -102.708     32.9    917.5
     1     1    23     1     7    12     0     0  -100.0   31.600 -102.706     32.7    916.1
     1     1    23     1     7    11     0     1  -101.0   31.748 -102.692     36.2    914.6
     1     1    23     1     7    10     0     2  -102.0   31.913 -102.673     44.3    912.7
     1     1    23     1     7     9     0     3  -103.0   32.100 -102.652     57.4    909.2
     1     1    23     1     7     8     0     2  -104.0   32.307 -102.652     77.2    903.1
     1     1    23     1     7     7     0     1  -105.0   32.531 -102.689    107.6    895.5
     1     1    23     1     7     6     0     0  -106.0   32.764 -102.770    147.1    885.8
     1     1    23     1     7     5     0     1  -107.0   33.001 -102.905    194.4    873.5
     1     1    23     1     7     4     0     2  -108.0   33.256 -103.107    268.7    862.2
     1     1    23     1     7     3     0     3  -109.0   33.541 -103.381    387.5    844.1
     1     1    23     1     7     2     0     2  -110.0   33.808 -103.724    505.4    822.5
     1     1    23     1     7     1     0     1  -111.0   34.039 -104.115    618.6    809.2
     1     1    23     1     7     0     0     0  -112.0   34.224 -104.593    846.9    780.3
     1     1    23     1     6    23     0     1  -113.0   34.322 -105.178   1248.7    727.8
     1     1    23     1     6    22     0     2  -114.0   34.361 -105.854   1540.3    659.2
     1     1    23     1     6    21     0     3  -115.0   34.392 -106.486   1483.8    667.1
     1     1    23     1     6    20     0     2  -116.0   34.446 -107.008   1302.0    702.7
     1     1    23     1     6    19     0     1  -117.0   34.496 -107.517   1192.7    703.4
     1     1    23     1     6    18     0     0  -118.0   34.532 -108.178   1344.3    670.2
     1     1    23     1     6    17     0     1  -119.0   34.571 -108.919   1483.1    646.9
     1     1    23     1     6    16     0     2  -120.0   34.596 -109.582   1388.4    675.4
