     8     1
    GDAS    22    12    22     0     0
    GDAS    22    12    29     0     0
    GDAS    23     1     1     0     0
    GDAS    23     1     8     0     0
    GDAS    23     1    15     0     0
    GDAS    23     1    22     0     0
    GDAS    23     1    29     0     0
    GDAS    23     2     1     0     0
     1 BACKWARD OMEGA   
    23     1    17    14   32.716  -96.748  1000.0
     1 PRESSURE
     1     1    23     1    17    14     0     2     0.0   32.716  -96.748   1000.0    879.1
     1     1    23     1    17    13     0     1    -1.0   32.638  -97.095    982.3    877.9
     1     1    23     1    17    12     0     0    -2.0   32.589  -97.463    995.0    871.8
     1     1    23     1    17    11     0     1    -3.0   32.563  -97.858   1073.4    857.9
     1     1    23     1    17    10     0     2    -4.0   32.546  -98.285   1181.2    837.2
     1     1    23     1    17     9     0     3    -5.0   32.520  -98.765   1216.4    823.8
     1     1    23     1    17     8     0     2    -6.0   32.496  -99.309   1190.1    826.6
     1     1    23     1    17     7     0     1    -7.0   32.483  -99.930   1135.5    824.5
     1     1    23     1    17     6     0     0    -8.0   32.471 -100.583   1137.2    822.9
     1     1    23     1    17     5     0     1    -9.0   32.414 -101.245   1250.6    795.4
     1     1    23     1    17     4     0     2   -10.0   32.354 -101.891   1378.7    769.8
     1     1    23     1    17     3     0     3   -11.0   32.337 -102.515   1483.5    754.3
     1     1    23     1    17     2     0     2   -12.0   32.349 -103.153   1582.4    739.9
     1     1    23     1    17     1     0     1   -13.0   32.394 -103.836   1476.0    729.1
     1     1    23     1    17     0     0     0   -14.0   32.407 -104.543   1241.9    755.9
     1     1    23     1    16    23     0     1   -15.0   32.367 -105.238   1068.9    753.6
     1     1    23     1    16    22     0     2   -16.0   32.282 -105.893    820.7    754.5
     1     1    23     1    16    21     0     3   -17.0   32.184 -106.444    633.2    805.8
     1     1    23     1    16    20     0     2   -18.0   32.112 -107.004    738.7    802.5
     1     1    23     1    16    19     0     1   -19.0   32.017 -107.637    986.0    764.4
     1     1    23     1    16    18     0     0   -20.0   31.855 -108.332   1296.5    735.1
     1     1    23     1    16    17     0     1   -21.0   31.635 -109.088   1663.2    691.3
     1     1    23     1    16    16     0     2   -22.0   31.383 -109.881   1970.4    655.9
     1     1    23     1    16    15     0     3   -23.0   31.057 -110.686   2115.2    661.0
     1     1    23     1    16    14     0     2   -24.0   30.678 -111.425   2051.5    709.6
     1     1    23     1    16    13     0     1   -25.0   30.396 -112.030   1888.7    746.6
     1     1    23     1    16    12     0     0   -26.0   30.185 -112.564   1658.6    800.0
     1     1    23     1    16    11     0     1   -27.0   29.999 -113.036   1452.8    856.8
     1     1    23     1    16    10     0     2   -28.0   29.810 -113.488   1374.2    867.0
     1     1    23     1    16     9     0     3   -29.0   29.613 -114.008   1543.0    843.3
     1     1    23     1    16     8     0     2   -30.0   29.460 -114.599   1754.9    786.5
     1     1    23     1    16     7     0     1   -31.0   29.343 -115.200   1792.2    792.1
     1     1    23     1    16     6     0     0   -32.0   29.252 -115.730   1703.6    817.4
     1     1    23     1    16     5     0     1   -33.0   29.183 -116.176   1599.5    840.4
     1     1    23     1    16     4     0     2   -34.0   29.137 -116.594   1562.5    845.3
     1     1    23     1    16     3     0     3   -35.0   29.118 -117.011   1576.2    840.5
     1     1    23     1    16     2     0     2   -36.0   29.124 -117.440   1606.1    837.2
     1     1    23     1    16     1     0     1   -37.0   29.142 -117.887   1667.0    832.3
     1     1    23     1    16     0     0     0   -38.0   29.175 -118.360   1738.4    821.2
     1     1    23     1    15    23     0     1   -39.0   29.217 -118.852   1765.5    817.6
     1     1    23     1    15    22     0     2   -40.0   29.262 -119.357   1788.7    820.2
     1     1    23     1    15    21     0     3   -41.0   29.316 -119.878   1835.2    813.5
     1     1    23     1    15    20     0     2   -42.0   29.382 -120.404   1866.9    809.7
     1     1    23     1    15    19     0     1   -43.0   29.462 -120.917   1879.4    810.1
     1     1    23     1    15    18     0     0   -44.0   29.560 -121.416   1925.3    810.1
     1     1    23     1    15    17     0     1   -45.0   29.682 -121.933   1989.2    797.6
     1     1    23     1    15    16     0     2   -46.0   29.820 -122.478   2016.1    795.2
     1     1    23     1    15    15     0     3   -47.0   29.974 -123.054   2023.0    794.9
     1     1    23     1    15    14     0     2   -48.0   30.147 -123.656   1988.2    795.4
     1     1    23     1    15    13     0     1   -49.0   30.325 -124.265   1913.0    805.1
     1     1    23     1    15    12     0     0   -50.0   30.493 -124.875   1847.4    813.8
     1     1    23     1    15    11     0     1   -51.0   30.661 -125.487   1818.8    817.2
     1     1    23     1    15    10     0     2   -52.0   30.837 -126.101   1838.6    816.4
     1     1    23     1    15     9     0     3   -53.0   31.016 -126.728   1915.1    808.9
     1     1    23     1    15     8     0     2   -54.0   31.209 -127.385   2012.1    796.0
     1     1    23     1    15     7     0     1   -55.0   31.424 -128.078   2115.6    789.0
     1     1    23     1    15     6     0     0   -56.0   31.642 -128.808   2209.3    775.9
     1     1    23     1    15     5     0     1   -57.0   31.854 -129.547   2231.6    772.8
     1     1    23     1    15     4     0     2   -58.0   32.069 -130.273   2171.9    777.9
     1     1    23     1    15     3     0     3   -59.0   32.294 -130.970   2112.3    791.3
     1     1    23     1    15     2     0     2   -60.0   32.515 -131.662   2115.6    789.2
     1     1    23     1    15     1     0     1   -61.0   32.722 -132.362   2142.2    783.3
     1     1    23     1    15     0     0     0   -62.0   32.914 -133.063   2161.5    781.1
     1     1    23     1    14    23     0     1   -63.0   33.096 -133.756   2187.7    780.1
     1     1    23     1    14    22     0     2   -64.0   33.282 -134.441   2216.2    775.9
     1     1    23     1    14    21     0     3   -65.0   33.482 -135.120   2266.1    775.3
     1     1    23     1    14    20     0     2   -66.0   33.696 -135.796   2302.6    764.4
     1     1    23     1    14    19     0     1   -67.0   33.921 -136.451   2261.4    769.9
     1     1    23     1    14    18     0     0   -68.0   34.171 -137.078   2223.9    779.5
     1     1    23     1    14    17     0     1   -69.0   34.447 -137.711   2218.8    775.7
     1     1    23     1    14    16     0     2   -70.0   34.731 -138.351   2221.8    776.4
     1     1    23     1    14    15     0     3   -71.0   35.042 -138.981   2249.8    773.2
     1     1    23     1    14    14     0     2   -72.0   35.373 -139.636   2293.0    767.9
     1     1    23     1    14    13     0     1   -73.0   35.703 -140.335   2378.7    762.9
     1     1    23     1    14    12     0     0   -74.0   36.066 -141.069   2542.6    746.9
     1     1    23     1    14    11     0     1   -75.0   36.450 -141.831   2724.2    725.1
     1     1    23     1    14    10     0     2   -76.0   36.804 -142.635   2824.2    717.4
     1     1    23     1    14     9     0     3   -77.0   37.148 -143.494   2973.2    703.5
     1     1    23     1    14     8     0     2   -78.0   37.513 -144.375   3131.6    688.1
     1     1    23     1    14     7     0     1   -79.0   37.810 -145.304   3285.0    673.5
     1     1    23     1    14     6     0     0   -80.0   38.054 -146.294   3351.7    666.5
     1     1    23     1    14     5     0     1   -81.0   38.298 -147.284   3350.2    667.2
     1     1    23     1    14     4     0     2   -82.0   38.519 -148.288   3391.1    664.7
     1     1    23     1    14     3     0     3   -83.0   38.655 -149.361   3545.7    649.5
     1     1    23     1    14     2     0     2   -84.0   38.760 -150.445   3692.4    634.5
     1     1    23     1    14     1     0     1   -85.0   38.866 -151.553   3636.5    639.9
     1     1    23     1    14     0     0     0   -86.0   38.902 -152.683   3468.6    654.9
     1     1    23     1    13    23     0     1   -87.0   38.966 -153.833   3441.7    659.2
     1     1    23     1    13    22     0     2   -88.0   38.999 -154.945   3452.8    653.7
     1     1    23     1    13    21     0     3   -89.0   39.002 -156.029   3509.7    653.7
     1     1    23     1    13    20     0     2   -90.0   38.968 -157.163   3480.0    649.4
     1     1    23     1    13    19     0     1   -91.0   38.871 -158.197   3301.6    666.5
     1     1    23     1    13    18     0     0   -92.0   38.749 -159.147   3085.8    687.2
     1     1    23     1    13    17     0     1   -93.0   38.658 -160.133   3043.9    689.6
     1     1    23     1    13    16     0     2   -94.0   38.560 -161.106   3044.3    688.5
     1     1    23     1    13    15     0     3   -95.0   38.442 -162.157   3137.8    682.1
     1     1    23     1    13    14     0     2   -96.0   38.238 -163.288   3293.8    665.5
     1     1    23     1    13    13     0     1   -97.0   37.986 -164.326   3339.6    660.2
     1     1    23     1    13    12     0     0   -98.0   37.703 -165.233   3244.5    670.8
     1     1    23     1    13    11     0     1   -99.0   37.385 -166.206   3347.4    663.2
     1     1    23     1    13    10     0     2  -100.0   37.094 -167.245   3412.3    653.6
     1     1    23     1    13     9     0     3  -101.0   36.784 -168.232   3339.1    662.9
     1     1    23     1    13     8     0     2  -102.0   36.466 -169.206   3306.4    666.4
     1     1    23     1    13     7     0     1  -103.0   36.197 -170.198   3428.4    656.1
     1     1    23     1    13     6     0     0  -104.0   35.934 -171.203   3563.9    643.7
     1     1    23     1    13     5     0     1  -105.0   35.664 -172.247   3610.7    637.6
     1     1    23     1    13     4     0     2  -106.0   35.422 -173.308   3527.7    647.2
     1     1    23     1    13     3     0     3  -107.0   35.174 -174.378   3461.3    651.2
     1     1    23     1    13     2     0     2  -108.0   34.942 -175.465   3437.8    657.0
     1     1    23     1    13     1     0     1  -109.0   34.693 -176.566   3662.4    633.7
     1     1    23     1    13     0     0     0  -110.0   34.408 -177.716   3821.3    624.2
     1     1    23     1    12    23     0     1  -111.0   34.127 -178.881   4004.9    605.8
     1     1    23     1    12    22     0     2  -112.0   33.893  179.943   4162.2    596.8
     1     1    23     1    12    21     0     3  -113.0   33.709  178.747   4427.2    574.9
     1     1    23     1    12    20     0     2  -114.0   33.572  177.525   4630.1    561.0
     1     1    23     1    12    19     0     1  -115.0   33.533  176.202   4844.9    538.9
     1     1    23     1    12    18     0     0  -116.0   33.579  174.784   4926.7    537.7
     1     1    23     1    12    17     0     1  -117.0   33.649  173.260   5291.0    507.5
     1     1    23     1    12    16     0     2  -118.0   33.728  171.683   5163.9    518.1
     1     1    23     1    12    15     0     3  -119.0   33.882  170.198   4995.7    533.7
     1     1    23     1    12    14     0     2  -120.0   34.074  168.781   5124.7    521.3
