     8     1
    GDAS    22    12    22     0     0
    GDAS    22    12    29     0     0
    GDAS    23     1     1     0     0
    GDAS    23     1     8     0     0
    GDAS    23     1    15     0     0
    GDAS    23     1    22     0     0
    GDAS    23     1    29     0     0
    GDAS    23     2     1     0     0
     1 BACKWARD OMEGA   
    23     1    31    11   32.716  -96.748    20.0
     1 PRESSURE
     1     1    23     1    31    11     0     1     0.0   32.716  -96.748     20.0   1003.9
     1     1    23     1    31    10     0     2    -1.0   32.915  -96.715     26.2   1003.0
     1     1    23     1    31     9     0     3    -2.0   33.123  -96.670     33.9   1001.3
     1     1    23     1    31     8     0     2    -3.0   33.341  -96.621     42.3   1000.0
     1     1    23     1    31     7     0     1    -4.0   33.565  -96.579     51.4    998.6
     1     1    23     1    31     6     0     0    -5.0   33.792  -96.546     61.4    996.7
     1     1    23     1    31     5     0     1    -6.0   34.020  -96.516     74.1    994.6
     1     1    23     1    31     4     0     2    -7.0   34.254  -96.477     89.1    990.6
     1     1    23     1    31     3     0     3    -8.0   34.495  -96.423    103.0    987.1
     1     1    23     1    31     2     0     2    -9.0   34.736  -96.353    113.5    984.0
     1     1    23     1    31     1     0     1   -10.0   34.970  -96.271    120.7    982.2
     1     1    23     1    31     0     0     0   -11.0   35.188  -96.183    125.0    983.0
     1     1    23     1    30    23     0     1   -12.0   35.394  -96.102    126.2    983.9
     1     1    23     1    30    22     0     2   -13.0   35.596  -96.030    128.2    984.8
     1     1    23     1    30    21     0     3   -14.0   35.794  -95.968    139.1    984.3
     1     1    23     1    30    20     0     2   -15.0   35.990  -95.904    167.5    981.4
     1     1    23     1    30    19     0     1   -16.0   36.195  -95.824    215.3    973.5
     1     1    23     1    30    18     0     0   -17.0   36.413  -95.731    269.2    965.0
     1     1    23     1    30    17     0     1   -18.0   36.637  -95.623    304.8    956.9
     1     1    23     1    30    16     0     2   -19.0   36.871  -95.498    318.2    955.5
     1     1    23     1    30    15     0     3   -20.0   37.114  -95.353    337.2    954.5
     1     1    23     1    30    14     0     2   -21.0   37.363  -95.201    361.7    948.8
     1     1    23     1    30    13     0     1   -22.0   37.616  -95.055    371.3    947.5
     1     1    23     1    30    12     0     0   -23.0   37.874  -94.915    365.2    948.8
     1     1    23     1    30    11     0     1   -24.0   38.138  -94.783    354.7    952.3
     1     1    23     1    30    10     0     2   -25.0   38.409  -94.664    349.1    952.8
     1     1    23     1    30     9     0     3   -26.0   38.687  -94.559    344.6    952.6
     1     1    23     1    30     8     0     2   -27.0   38.966  -94.466    335.5    952.4
     1     1    23     1    30     7     0     1   -28.0   39.243  -94.383    322.3    954.5
     1     1    23     1    30     6     0     0   -29.0   39.520  -94.310    311.0    956.2
     1     1    23     1    30     5     0     1   -30.0   39.795  -94.237    305.4    957.2
     1     1    23     1    30     4     0     2   -31.0   40.065  -94.154    306.4    956.4
     1     1    23     1    30     3     0     3   -32.0   40.332  -94.065    313.0    953.4
     1     1    23     1    30     2     0     2   -33.0   40.607  -93.983    326.2    949.3
     1     1    23     1    30     1     0     1   -34.0   40.896  -93.922    346.9    944.6
     1     1    23     1    30     0     0     0   -35.0   41.191  -93.881    371.6    940.4
     1     1    23     1    29    23     0     1   -36.0   41.479  -93.865    393.0    937.4
     1     1    23     1    29    22     0     2   -37.0   41.746  -93.868    411.5    935.6
     1     1    23     1    29    21     0     3   -38.0   41.987  -93.883    434.3    933.1
     1     1    23     1    29    20     0     2   -39.0   42.221  -93.904    459.8    929.0
     1     1    23     1    29    19     0     1   -40.0   42.466  -93.932    484.0    926.2
     1     1    23     1    29    18     0     0   -41.0   42.716  -93.963    510.0    923.4
     1     1    23     1    29    17     0     1   -42.0   42.974  -93.991    533.6    919.5
     1     1    23     1    29    16     0     2   -43.0   43.237  -94.020    545.3    919.1
     1     1    23     1    29    15     0     3   -44.0   43.499  -94.055    546.0    921.0
     1     1    23     1    29    14     0     2   -45.0   43.763  -94.099    549.5    922.5
     1     1    23     1    29    13     0     1   -46.0   44.031  -94.156    560.8    920.9
     1     1    23     1    29    12     0     0   -47.0   44.304  -94.227    572.7    918.1
     1     1    23     1    29    11     0     1   -48.0   44.572  -94.321    582.9    916.4
     1     1    23     1    29    10     0     2   -49.0   44.827  -94.444    594.3    915.1
     1     1    23     1    29     9     0     3   -50.0   45.067  -94.591    611.9    912.2
     1     1    23     1    29     8     0     2   -51.0   45.301  -94.755    633.9    905.5
     1     1    23     1    29     7     0     1   -52.0   45.536  -94.929    655.4    899.5
     1     1    23     1    29     6     0     0   -53.0   45.772  -95.115    671.1    895.5
     1     1    23     1    29     5     0     1   -54.0   46.004  -95.320    678.1    894.9
     1     1    23     1    29     4     0     2   -55.0   46.230  -95.545    682.1    894.8
     1     1    23     1    29     3     0     3   -56.0   46.468  -95.788    680.6    893.9
     1     1    23     1    29     2     0     2   -57.0   46.722  -96.061    673.8    895.8
     1     1    23     1    29     1     0     1   -58.0   46.972  -96.351    662.3    899.0
     1     1    23     1    29     0     0     0   -59.0   47.208  -96.639    645.8    906.8
     1     1    23     1    28    23     0     1   -60.0   47.428  -96.929    629.3    913.0
     1     1    23     1    28    22     0     2   -61.0   47.631  -97.235    615.7    911.0
     1     1    23     1    28    21     0     3   -62.0   47.830  -97.576    608.5    903.4
     1     1    23     1    28    20     0     2   -63.0   48.044  -97.954    611.1    894.9
     1     1    23     1    28    19     0     1   -64.0   48.270  -98.342    619.7    893.8
     1     1    23     1    28    18     0     0   -65.0   48.501  -98.712    630.7    893.1
     1     1    23     1    28    17     0     1   -66.0   48.742  -99.078    652.9    886.4
     1     1    23     1    28    16     0     2   -67.0   49.003  -99.450    704.1    872.7
     1     1    23     1    28    15     0     3   -68.0   49.290  -99.811    781.7    858.5
     1     1    23     1    28    14     0     2   -69.0   49.593 -100.170    822.8    853.6
     1     1    23     1    28    13     0     1   -70.0   49.907 -100.542    829.3    862.5
     1     1    23     1    28    12     0     0   -71.0   50.234 -100.932    858.5    860.2
     1     1    23     1    28    11     0     1   -72.0   50.559 -101.335    920.6    842.6
     1     1    23     1    28    10     0     2   -73.0   50.872 -101.732    983.6    833.9
     1     1    23     1    28     9     0     3   -74.0   51.174 -102.114   1018.6    830.6
     1     1    23     1    28     8     0     2   -75.0   51.472 -102.469   1011.3    830.1
     1     1    23     1    28     7     0     1   -76.0   51.774 -102.791    984.2    831.8
     1     1    23     1    28     6     0     0   -77.0   52.087 -103.086    963.2    833.8
     1     1    23     1    28     5     0     1   -78.0   52.415 -103.353    971.6    839.1
     1     1    23     1    28     4     0     2   -79.0   52.758 -103.590   1004.3    839.7
     1     1    23     1    28     3     0     3   -80.0   53.111 -103.795   1029.1    841.0
     1     1    23     1    28     2     0     2   -81.0   53.478 -103.980   1027.0    843.6
     1     1    23     1    28     1     0     1   -82.0   53.869 -104.164   1027.4    843.2
     1     1    23     1    28     0     0     0   -83.0   54.280 -104.361   1048.9    837.2
     1     1    23     1    27    23     0     1   -84.0   54.687 -104.578   1063.2    837.2
     1     1    23     1    27    22     0     2   -85.0   55.073 -104.811   1051.6    844.5
     1     1    23     1    27    21     0     3   -86.0   55.440 -105.050   1029.2    847.5
     1     1    23     1    27    20     0     2   -87.0   55.802 -105.270   1017.6    844.1
     1     1    23     1    27    19     0     1   -88.0   56.165 -105.454   1003.4    839.8
     1     1    23     1    27    18     0     0   -89.0   56.521 -105.599    977.3    838.2
     1     1    23     1    27    17     0     1   -90.0   56.882 -105.712    950.0    838.4
     1     1    23     1    27    16     0     2   -91.0   57.265 -105.813    936.1    840.6
     1     1    23     1    27    15     0     3   -92.0   57.666 -105.904    936.0    842.9
     1     1    23     1    27    14     0     2   -93.0   58.075 -106.005    941.4    846.0
     1     1    23     1    27    13     0     1   -94.0   58.472 -106.124    947.5    853.4
     1     1    23     1    27    12     0     0   -95.0   58.850 -106.252    957.8    858.6
     1     1    23     1    27    11     0     1   -96.0   59.213 -106.383    965.5    853.8
     1     1    23     1    27    10     0     2   -97.0   59.565 -106.511    964.2    847.0
     1     1    23     1    27     9     0     3   -98.0   59.912 -106.628    956.7    842.7
     1     1    23     1    27     8     0     2   -99.0   60.257 -106.726    951.3    843.0
     1     1    23     1    27     7     0     1  -100.0   60.605 -106.799    946.6    843.0
     1     1    23     1    27     6     0     0  -101.0   60.958 -106.833    931.0    843.9
     1     1    23     1    27     5     0     1  -102.0   61.314 -106.841    913.6    849.5
     1     1    23     1    27     4     0     2  -103.0   61.673 -106.840    906.6    852.3
     1     1    23     1    27     3     0     3  -104.0   62.042 -106.815    906.0    853.9
     1     1    23     1    27     2     0     2  -105.0   62.415 -106.786    908.8    853.8
     1     1    23     1    27     1     0     1  -106.0   62.784 -106.766    912.8    853.6
     1     1    23     1    27     0     0     0  -107.0   63.159 -106.737    914.9    853.5
     1     1    23     1    26    23     0     1  -108.0   63.534 -106.718    915.8    853.2
     1     1    23     1    26    22     0     2  -109.0   63.905 -106.716    918.4    852.5
     1     1    23     1    26    21     0     3  -110.0   64.278 -106.718    923.6    852.8
     1     1    23     1    26    20     0     2  -111.0   64.647 -106.716    930.1    853.5
     1     1    23     1    26    19     0     1  -112.0   65.012 -106.694    940.8    854.1
     1     1    23     1    26    18     0     0  -113.0   65.382 -106.644    962.7    852.5
     1     1    23     1    26    17     0     1  -114.0   65.756 -106.592    993.3    849.0
     1     1    23     1    26    16     0     2  -115.0   66.136 -106.551   1024.4    847.8
     1     1    23     1    26    15     0     3  -116.0   66.523 -106.524   1046.5    850.4
     1     1    23     1    26    14     0     2  -117.0   66.910 -106.520   1049.7    855.4
     1     1    23     1    26    13     0     1  -118.0   67.291 -106.543   1039.3    862.1
     1     1    23     1    26    12     0     0  -119.0   67.668 -106.589   1025.2    868.1
     1     1    23     1    26    11     0     1  -120.0   68.033 -106.648   1016.3    874.1
