     8     1
    GDAS    22    12    22     0     0
    GDAS    22    12    29     0     0
    GDAS    23     1     1     0     0
    GDAS    23     1     8     0     0
    GDAS    23     1    15     0     0
    GDAS    23     1    22     0     0
    GDAS    23     1    29     0     0
    GDAS    23     2     1     0     0
     1 BACKWARD OMEGA   
    23     1    27    11   32.716  -96.748    20.0
     1 PRESSURE
     1     1    23     1    27    11     0     1     0.0   32.716  -96.748     20.0   1002.6
     1     1    23     1    27    10     0     2    -1.0   32.615  -96.830     20.8   1002.4
     1     1    23     1    27     9     0     3    -2.0   32.523  -96.913     22.1   1001.8
     1     1    23     1    27     8     0     2    -3.0   32.441  -97.002     25.1   1000.5
     1     1    23     1    27     7     0     1    -4.0   32.372  -97.104     32.0    997.2
     1     1    23     1    27     6     0     0    -5.0   32.317  -97.219     43.1    993.7
     1     1    23     1    27     5     0     1    -6.0   32.276  -97.336     56.1    990.1
     1     1    23     1    27     4     0     2    -7.0   32.247  -97.450     68.2    986.4
     1     1    23     1    27     3     0     3    -8.0   32.237  -97.562     80.0    983.0
     1     1    23     1    27     2     0     2    -9.0   32.252  -97.673     91.6    979.7
     1     1    23     1    27     1     0     1   -10.0   32.293  -97.784    100.9    976.5
     1     1    23     1    27     0     0     0   -11.0   32.359  -97.896    104.0    973.7
     1     1    23     1    26    23     0     1   -12.0   32.447  -98.020    104.9    972.1
     1     1    23     1    26    22     0     2   -13.0   32.551  -98.163    111.0    970.2
     1     1    23     1    26    21     0     3   -14.0   32.666  -98.325    123.9    967.5
     1     1    23     1    26    20     0     2   -15.0   32.789  -98.496    141.8    965.1
     1     1    23     1    26    19     0     1   -16.0   32.914  -98.668    162.6    962.5
     1     1    23     1    26    18     0     0   -17.0   33.034  -98.842    186.7    959.9
     1     1    23     1    26    17     0     1   -18.0   33.161  -99.017    213.6    956.3
     1     1    23     1    26    16     0     2   -19.0   33.309  -99.195    241.8    951.9
     1     1    23     1    26    15     0     3   -20.0   33.480  -99.378    272.1    946.6
     1     1    23     1    26    14     0     2   -21.0   33.682  -99.566    306.5    938.7
     1     1    23     1    26    13     0     1   -22.0   33.920  -99.760    346.4    929.2
     1     1    23     1    26    12     0     0   -23.0   34.198  -99.966    395.8    917.1
     1     1    23     1    26    11     0     1   -24.0   34.510 -100.176    464.1    901.3
     1     1    23     1    26    10     0     2   -25.0   34.849 -100.379    553.7    882.4
     1     1    23     1    26     9     0     3   -26.0   35.201 -100.572    646.0    863.4
     1     1    23     1    26     8     0     2   -27.0   35.549 -100.768    723.7    848.2
     1     1    23     1    26     7     0     1   -28.0   35.898 -100.966    803.2    837.7
     1     1    23     1    26     6     0     0   -29.0   36.274 -101.144    916.7    822.8
     1     1    23     1    26     5     0     1   -30.0   36.691 -101.316   1032.8    800.9
     1     1    23     1    26     4     0     2   -31.0   37.135 -101.501   1084.8    788.8
     1     1    23     1    26     3     0     3   -32.0   37.607 -101.678   1043.5    788.3
     1     1    23     1    26     2     0     2   -33.0   38.106 -101.853    938.2    799.5
     1     1    23     1    26     1     0     1   -34.0   38.613 -102.069    887.1    802.2
     1     1    23     1    26     0     0     0   -35.0   39.144 -102.324    977.1    781.2
     1     1    23     1    25    23     0     1   -36.0   39.681 -102.608   1117.9    755.0
     1     1    23     1    25    22     0     2   -37.0   40.193 -102.915   1225.3    740.6
     1     1    23     1    25    21     0     3   -38.0   40.698 -103.221   1344.7    727.3
     1     1    23     1    25    20     0     2   -39.0   41.222 -103.528   1487.6    708.5
     1     1    23     1    25    19     0     1   -40.0   41.742 -103.838   1570.2    703.1
     1     1    23     1    25    18     0     0   -41.0   42.235 -104.145   1537.8    713.0
     1     1    23     1    25    17     0     1   -42.0   42.729 -104.463   1459.6    720.6
     1     1    23     1    25    16     0     2   -43.0   43.249 -104.778   1415.1    716.7
     1     1    23     1    25    15     0     3   -44.0   43.787 -105.089   1414.4    715.4
     1     1    23     1    25    14     0     2   -45.0   44.331 -105.418   1397.9    721.1
     1     1    23     1    25    13     0     1   -46.0   44.859 -105.782   1344.4    743.3
     1     1    23     1    25    12     0     0   -47.0   45.348 -106.179   1281.4    758.7
     1     1    23     1    25    11     0     1   -48.0   45.805 -106.592   1164.8    774.0
     1     1    23     1    25    10     0     2   -49.0   46.253 -107.004   1026.5    793.3
     1     1    23     1    25     9     0     3   -50.0   46.687 -107.418    937.5    809.7
     1     1    23     1    25     8     0     2   -51.0   47.112 -107.830    860.1    824.6
     1     1    23     1    25     7     0     1   -52.0   47.525 -108.240    824.5    831.2
     1     1    23     1    25     6     0     0   -53.0   47.912 -108.626    850.4    821.2
     1     1    23     1    25     5     0     1   -54.0   48.291 -108.973    862.4    811.7
     1     1    23     1    25     4     0     2   -55.0   48.675 -109.305    836.2    820.3
     1     1    23     1    25     3     0     3   -56.0   49.064 -109.642    838.0    830.6
     1     1    23     1    25     2     0     2   -57.0   49.455 -109.968    836.8    827.3
     1     1    23     1    25     1     0     1   -58.0   49.839 -110.286    765.0    835.9
     1     1    23     1    25     0     0     0   -59.0   50.215 -110.622    669.4    855.4
     1     1    23     1    24    23     0     1   -60.0   50.606 -110.973    612.4    864.9
     1     1    23     1    24    22     0     2   -61.0   51.037 -111.327    599.6    866.9
     1     1    23     1    24    21     0     3   -62.0   51.477 -111.733    617.0    858.4
     1     1    23     1    24    20     0     2   -63.0   51.923 -112.226    666.2    846.3
     1     1    23     1    24    19     0     1   -64.0   52.384 -112.758    764.7    840.5
     1     1    23     1    24    18     0     0   -65.0   52.853 -113.387    871.3    826.0
     1     1    23     1    24    17     0     1   -66.0   53.329 -114.102    944.2    816.3
     1     1    23     1    24    16     0     2   -67.0   53.785 -114.833   1013.3    816.9
     1     1    23     1    24    15     0     3   -68.0   54.207 -115.647   1146.6    790.6
     1     1    23     1    24    14     0     2   -69.0   54.614 -116.428   1146.0    786.2
     1     1    23     1    24    13     0     1   -70.0   54.958 -117.186    860.1    830.6
     1     1    23     1    24    12     0     0   -71.0   55.191 -118.087    589.4    873.8
     1     1    23     1    24    11     0     1   -72.0   55.337 -118.980    533.7    879.5
     1     1    23     1    24    10     0     2   -73.0   55.442 -119.941    670.7    851.5
     1     1    23     1    24     9     0     3   -74.0   55.551 -120.987    850.4    814.6
     1     1    23     1    24     8     0     2   -75.0   55.643 -122.035    897.0    803.3
     1     1    23     1    24     7     0     1   -76.0   55.704 -122.921    871.3    803.1
     1     1    23     1    24     6     0     0   -77.0   55.717 -123.640    838.3    813.8
     1     1    23     1    24     5     0     1   -78.0   55.692 -124.281    793.3    815.4
     1     1    23     1    24     4     0     2   -79.0   55.626 -124.909    783.0    802.5
     1     1    23     1    24     3     0     3   -80.0   55.554 -125.570    754.0    792.7
     1     1    23     1    24     2     0     2   -81.0   55.460 -126.126    668.6    807.2
     1     1    23     1    24     1     0     1   -82.0   55.323 -126.580    657.9    816.4
     1     1    23     1    24     0     0     0   -83.0   55.155 -127.080    863.7    798.8
     1     1    23     1    23    23     0     1   -84.0   54.942 -127.760   1243.1    761.9
     1     1    23     1    23    22     0     2   -85.0   54.650 -128.564   1467.0    739.0
     1     1    23     1    23    21     0     3   -86.0   54.303 -129.175    988.9    819.4
     1     1    23     1    23    20     0     2   -87.0   53.993 -129.437    592.4    912.8
     1     1    23     1    23    19     0     1   -88.0   53.659 -129.633    408.1    939.3
     1     1    23     1    23    18     0     0   -89.0   53.310 -129.828    323.7    966.1
     1     1    23     1    23    17     0     1   -90.0   52.895 -130.100    269.2    989.7
     1     1    23     1    23    16     0     2   -91.0   52.470 -130.401    229.7    995.6
     1     1    23     1    23    15     0     3   -92.0   52.095 -130.712    185.5    998.4
     1     1    23     1    23    14     0     2   -93.0   51.788 -131.053    136.6   1007.8
     1     1    23     1    23    13     0     1   -94.0   51.548 -131.388    108.7   1012.6
     1     1    23     1    23    12     0     0   -95.0   51.346 -131.685    103.5   1012.7
     1     1    23     1    23    11     0     1   -96.0   51.182 -131.996    105.3   1011.0
     1     1    23     1    23    10     0     2   -97.0   51.058 -132.371    102.8   1010.1
     1     1    23     1    23     9     0     3   -98.0   50.970 -132.798    102.8   1010.8
     1     1    23     1    23     8     0     2   -99.0   50.888 -133.304    108.0   1008.9
     1     1    23     1    23     7     0     1  -100.0   50.786 -133.895    118.1   1008.1
     1     1    23     1    23     6     0     0  -101.0   50.669 -134.571    131.8   1005.1
     1     1    23     1    23     5     0     1  -102.0   50.515 -135.305    131.4   1003.7
     1     1    23     1    23     4     0     2  -103.0   50.327 -136.072    124.6   1004.6
     1     1    23     1    23     3     0     3  -104.0   50.135 -136.898    126.4   1003.5
     1     1    23     1    23     2     0     2  -105.0   49.913 -137.733    135.6   1001.7
     1     1    23     1    23     1     0     1  -106.0   49.632 -138.529    136.9   1001.1
     1     1    23     1    23     0     0     0  -107.0   49.319 -139.311    140.1   1000.2
     1     1    23     1    22    23     0     1  -108.0   48.976 -140.046    150.2    998.7
     1     1    23     1    22    22     0     2  -109.0   48.593 -140.738    152.1    997.2
     1     1    23     1    22    21     0     3  -110.0   48.182 -141.418    145.9    999.0
     1     1    23     1    22    20     0     2  -111.0   47.756 -142.071    143.3    999.5
     1     1    23     1    22    19     0     1  -112.0   47.328 -142.687    145.3    998.4
     1     1    23     1    22    18     0     0  -113.0   46.889 -143.286    147.3    997.3
     1     1    23     1    22    17     0     1  -114.0   46.433 -143.867    146.7    996.9
     1     1    23     1    22    16     0     2  -115.0   45.960 -144.431    144.7    996.8
     1     1    23     1    22    15     0     3  -116.0   45.475 -145.006    141.5    996.2
     1     1    23     1    22    14     0     2  -117.0   44.977 -145.561    138.9    997.0
     1     1    23     1    22    13     0     1  -118.0   44.450 -146.071    139.9    997.0
     1     1    23     1    22    12     0     0  -119.0   43.898 -146.573    139.9    996.0
     1     1    23     1    22    11     0     1  -120.0   43.345 -147.039    139.2    996.7
