     8     1
    GDAS    22    12    22     0     0
    GDAS    22    12    29     0     0
    GDAS    23     1     1     0     0
    GDAS    23     1     8     0     0
    GDAS    23     1    15     0     0
    GDAS    23     1    22     0     0
    GDAS    23     1    29     0     0
    GDAS    23     2     1     0     0
     1 BACKWARD OMEGA   
    23     1     5    15   32.716  -96.748    15.0
     1 PRESSURE
     1     1    23     1     5    15     0     3     0.0   32.716  -96.748     15.0   1005.1
     1     1    23     1     5    14     0     2    -1.0   32.821  -96.786     17.6   1004.0
     1     1    23     1     5    13     0     1    -2.0   32.928  -96.829     20.2   1002.9
     1     1    23     1     5    12     0     0    -3.0   33.033  -96.878     22.0   1001.6
     1     1    23     1     5    11     0     1    -4.0   33.135  -96.934     24.2   1000.6
     1     1    23     1     5    10     0     2    -5.0   33.236  -96.998     29.4    999.1
     1     1    23     1     5     9     0     3    -6.0   33.345  -97.066     38.4    996.1
     1     1    23     1     5     8     0     2    -7.0   33.454  -97.133     47.9    992.5
     1     1    23     1     5     7     0     1    -8.0   33.557  -97.200     54.1    989.6
     1     1    23     1     5     6     0     0    -9.0   33.653  -97.272     57.4    987.1
     1     1    23     1     5     5     0     1   -10.0   33.752  -97.343     61.2    985.5
     1     1    23     1     5     4     0     2   -11.0   33.861  -97.407     69.3    983.4
     1     1    23     1     5     3     0     3   -12.0   33.977  -97.470     84.1    980.9
     1     1    23     1     5     2     0     2   -13.0   34.086  -97.550    104.0    976.0
     1     1    23     1     5     1     0     1   -14.0   34.169  -97.658    125.4    971.7
     1     1    23     1     5     0     0     0   -15.0   34.224  -97.789    150.1    967.2
     1     1    23     1     4    23     0     1   -16.0   34.258  -97.933    178.0    961.9
     1     1    23     1     4    22     0     2   -17.0   34.281  -98.079    206.6    956.7
     1     1    23     1     4    21     0     3   -18.0   34.292  -98.225    233.4    951.7
     1     1    23     1     4    20     0     2   -19.0   34.298  -98.357    258.0    948.3
     1     1    23     1     4    19     0     1   -20.0   34.307  -98.462    281.5    944.6
     1     1    23     1     4    18     0     0   -21.0   34.317  -98.536    302.8    941.4
     1     1    23     1     4    17     0     1   -22.0   34.340  -98.581    318.7    938.0
     1     1    23     1     4    16     0     2   -23.0   34.391  -98.600    326.2    935.9
     1     1    23     1     4    15     0     3   -24.0   34.474  -98.596    326.4    934.6
     1     1    23     1     4    14     0     2   -25.0   34.585  -98.592    322.5    933.4
     1     1    23     1     4    13     0     1   -26.0   34.722  -98.608    317.4    931.6
     1     1    23     1     4    12     0     0   -27.0   34.889  -98.644    313.8    929.0
     1     1    23     1     4    11     0     1   -28.0   35.070  -98.704    311.1    925.8
     1     1    23     1     4    10     0     2   -29.0   35.241  -98.791    305.3    922.7
     1     1    23     1     4     9     0     3   -30.0   35.412  -98.908    295.2    919.1
     1     1    23     1     4     8     0     2   -31.0   35.597  -99.044    298.1    915.5
     1     1    23     1     4     7     0     1   -32.0   35.798  -99.198    325.1    906.2
     1     1    23     1     4     6     0     0   -33.0   36.006  -99.371    360.8    895.7
     1     1    23     1     4     5     0     1   -34.0   36.220  -99.556    396.8    890.9
     1     1    23     1     4     4     0     2   -35.0   36.442  -99.752    440.1    885.6
     1     1    23     1     4     3     0     3   -36.0   36.676  -99.964    491.1    878.0
     1     1    23     1     4     2     0     2   -37.0   36.909 -100.180    545.9    869.1
     1     1    23     1     4     1     0     1   -38.0   37.134 -100.388    611.5    857.2
     1     1    23     1     4     0     0     0   -39.0   37.368 -100.590    687.3    841.2
     1     1    23     1     3    23     0     1   -40.0   37.629 -100.792    753.0    826.5
     1     1    23     1     3    22     0     2   -41.0   37.913 -100.993    795.9    816.6
     1     1    23     1     3    21     0     3   -42.0   38.212 -101.191    827.6    810.1
     1     1    23     1     3    20     0     2   -43.0   38.556 -101.393    855.7    802.0
     1     1    23     1     3    19     0     1   -44.0   38.966 -101.595    899.4    792.1
     1     1    23     1     3    18     0     0   -45.0   39.402 -101.772    949.5    782.9
     1     1    23     1     3    17     0     1   -46.0   39.845 -101.890    938.2    783.0
     1     1    23     1     3    16     0     2   -47.0   40.320 -101.920    863.6    793.0
     1     1    23     1     3    15     0     3   -48.0   40.847 -101.876    796.9    800.1
     1     1    23     1     3    14     0     2   -49.0   41.405 -101.767    763.9    801.5
     1     1    23     1     3    13     0     1   -50.0   41.959 -101.583    768.5    801.5
     1     1    23     1     3    12     0     0   -51.0   42.487 -101.336    791.7    805.3
     1     1    23     1     3    11     0     1   -52.0   42.966 -101.051    788.7    812.5
     1     1    23     1     3    10     0     2   -53.0   43.387 -100.732    771.9    833.1
     1     1    23     1     3     9     0     3   -54.0   43.750 -100.394    721.8    849.1
     1     1    23     1     3     8     0     2   -55.0   44.056 -100.086    634.0    872.4
     1     1    23     1     3     7     0     1   -56.0   44.305  -99.798    547.5    884.6
     1     1    23     1     3     6     0     0   -57.0   44.505  -99.516    471.5    894.5
     1     1    23     1     3     5     0     1   -58.0   44.672  -99.256    415.1    905.7
     1     1    23     1     3     4     0     2   -59.0   44.827  -99.020    387.8    912.1
     1     1    23     1     3     3     0     3   -60.0   44.984  -98.821    378.4    915.3
     1     1    23     1     3     2     0     2   -61.0   45.136  -98.665    368.6    915.4
     1     1    23     1     3     1     0     1   -62.0   45.273  -98.550    357.5    918.1
     1     1    23     1     3     0     0     0   -63.0   45.399  -98.476    354.5    918.8
     1     1    23     1     2    23     0     1   -64.0   45.514  -98.458    356.3    917.9
     1     1    23     1     2    22     0     2   -65.0   45.613  -98.503    358.4    916.4
     1     1    23     1     2    21     0     3   -66.0   45.696  -98.613    362.9    913.8
     1     1    23     1     2    20     0     2   -67.0   45.766  -98.771    374.8    909.5
     1     1    23     1     2    19     0     1   -68.0   45.825  -98.956    386.7    903.3
     1     1    23     1     2    18     0     0   -69.0   45.868  -99.162    386.2    901.4
     1     1    23     1     2    17     0     1   -70.0   45.894  -99.377    386.7    902.6
     1     1    23     1     2    16     0     2   -71.0   45.911  -99.595    396.9    900.7
     1     1    23     1     2    15     0     3   -72.0   45.925  -99.814    406.0    899.0
     1     1    23     1     2    14     0     2   -73.0   45.939 -100.033    411.4    898.2
     1     1    23     1     2    13     0     1   -74.0   45.956 -100.253    424.4    896.1
     1     1    23     1     2    12     0     0   -75.0   45.974 -100.476    455.7    890.8
     1     1    23     1     2    11     0     1   -76.0   46.001 -100.700    486.8    883.3
     1     1    23     1     2    10     0     2   -77.0   46.041 -100.921    494.2    880.8
     1     1    23     1     2     9     0     3   -78.0   46.093 -101.140    476.9    881.9
     1     1    23     1     2     8     0     2   -79.0   46.154 -101.359    460.2    885.2
     1     1    23     1     2     7     0     1   -80.0   46.225 -101.586    464.7    883.4
     1     1    23     1     2     6     0     0   -81.0   46.302 -101.820    490.8    879.2
     1     1    23     1     2     5     0     1   -82.0   46.385 -102.056    534.1    872.5
     1     1    23     1     2     4     0     2   -83.0   46.479 -102.286    583.0    864.4
     1     1    23     1     2     3     0     3   -84.0   46.591 -102.508    626.3    856.9
     1     1    23     1     2     2     0     2   -85.0   46.728 -102.740    651.2    850.5
     1     1    23     1     2     1     0     1   -86.0   46.892 -103.008    648.1    847.5
     1     1    23     1     2     0     0     0   -87.0   47.080 -103.315    632.6    850.7
     1     1    23     1     1    23     0     1   -88.0   47.264 -103.638    630.8    853.7
     1     1    23     1     1    22     0     2   -89.0   47.430 -103.959    640.7    854.7
     1     1    23     1     1    21     0     3   -90.0   47.586 -104.272    644.3    856.8
     1     1    23     1     1    20     0     2   -91.0   47.733 -104.577    636.0    860.7
     1     1    23     1     1    19     0     1   -92.0   47.874 -104.872    630.9    863.9
     1     1    23     1     1    18     0     0   -93.0   48.011 -105.163    644.6    863.7
     1     1    23     1     1    17     0     1   -94.0   48.157 -105.446    663.8    857.0
     1     1    23     1     1    16     0     2   -95.0   48.322 -105.721    671.2    852.0
     1     1    23     1     1    15     0     3   -96.0   48.507 -105.993    666.8    846.8
     1     1    23     1     1    14     0     2   -97.0   48.709 -106.268    654.4    844.5
     1     1    23     1     1    13     0     1   -98.0   48.920 -106.545    630.2    844.0
     1     1    23     1     1    12     0     0   -99.0   49.130 -106.811    592.9    850.0
     1     1    23     1     1    11     0     1  -100.0   49.327 -107.062    552.2    856.0
     1     1    23     1     1    10     0     2  -101.0   49.514 -107.315    517.3    858.4
     1     1    23     1     1     9     0     3  -102.0   49.697 -107.585    493.4    858.1
     1     1    23     1     1     8     0     2  -103.0   49.880 -107.869    488.8    855.9
     1     1    23     1     1     7     0     1  -104.0   50.064 -108.154    507.0    853.3
     1     1    23     1     1     6     0     0  -105.0   50.234 -108.430    527.1    853.9
     1     1    23     1     1     5     0     1  -106.0   50.387 -108.688    531.5    856.5
     1     1    23     1     1     4     0     2  -107.0   50.530 -108.927    522.5    860.8
     1     1    23     1     1     3     0     3  -108.0   50.665 -109.145    513.1    864.3
     1     1    23     1     1     2     0     2  -109.0   50.796 -109.348    510.1    865.9
     1     1    23     1     1     1     0     1  -110.0   50.926 -109.544    510.7    866.7
     1     1    23     1     1     0     0     0  -111.0   51.053 -109.730    508.2    866.8
     1     1    22    12    31    23     0     1  -112.0   51.177 -109.906    502.6    866.5
     1     1    22    12    31    22     0     2  -113.0   51.297 -110.074    498.6    865.0
     1     1    22    12    31    21     0     3  -114.0   51.419 -110.234    494.1    862.8
     1     1    22    12    31    20     0     2  -115.0   51.542 -110.386    486.7    861.1
     1     1    22    12    31    19     0     1  -116.0   51.664 -110.524    475.3    860.1
     1     1    22    12    31    18     0     0  -117.0   51.786 -110.650    459.6    859.7
     1     1    22    12    31    17     0     1  -118.0   51.903 -110.762    443.2    859.8
     1     1    22    12    31    16     0     2  -119.0   52.014 -110.858    432.4    859.5
     1     1    22    12    31    15     0     3  -120.0   52.116 -110.939    431.9    860.1
