     8     1
    GDAS    22    12    22     0     0
    GDAS    22    12    29     0     0
    GDAS    23     1     1     0     0
    GDAS    23     1     8     0     0
    GDAS    23     1    15     0     0
    GDAS    23     1    22     0     0
    GDAS    23     1    29     0     0
    GDAS    23     2     1     0     0
     1 BACKWARD OMEGA   
    23     1    21    13   32.716  -96.748   132.0
     1 PRESSURE
     1     1    23     1    21    13     0     1     0.0   32.716  -96.748    132.0    982.4
     1     1    23     1    21    12     0     0    -1.0   32.578  -96.611    105.0    985.8
     1     1    23     1    21    11     0     1    -2.0   32.461  -96.453     84.2    990.3
     1     1    23     1    21    10     0     2    -3.0   32.366  -96.286     71.2    994.2
     1     1    23     1    21     9     0     3    -4.0   32.293  -96.118     63.7    997.6
     1     1    23     1    21     8     0     2    -5.0   32.236  -95.954     59.6    999.9
     1     1    23     1    21     7     0     1    -6.0   32.183  -95.796     57.0   1000.0
     1     1    23     1    21     6     0     0    -7.0   32.131  -95.643     55.0   1000.0
     1     1    23     1    21     5     0     1    -8.0   32.084  -95.487     53.4    999.6
     1     1    23     1    21     4     0     2    -9.0   32.046  -95.321     52.1    998.9
     1     1    23     1    21     3     0     3   -10.0   32.023  -95.144     50.8    998.1
     1     1    23     1    21     2     0     2   -11.0   32.012  -94.970     52.8    998.2
     1     1    23     1    21     1     0     1   -12.0   32.003  -94.816     63.1    998.6
     1     1    23     1    21     0     0     0   -13.0   31.996  -94.684     86.6    997.2
     1     1    23     1    20    23     0     1   -14.0   31.990  -94.553    117.8    993.4
     1     1    23     1    20    22     0     2   -15.0   31.973  -94.413    139.7    991.6
     1     1    23     1    20    21     0     3   -16.0   31.944  -94.275    144.4    991.5
     1     1    23     1    20    20     0     2   -17.0   31.929  -94.142    145.3    995.1
     1     1    23     1    20    19     0     1   -18.0   31.953  -94.003    158.9    995.0
     1     1    23     1    20    18     0     0   -19.0   32.020  -93.848    189.4    991.6
     1     1    23     1    20    17     0     1   -20.0   32.115  -93.674    223.8    986.2
     1     1    23     1    20    16     0     2   -21.0   32.223  -93.488    248.6    983.7
     1     1    23     1    20    15     0     3   -22.0   32.351  -93.291    265.7    982.1
     1     1    23     1    20    14     0     2   -23.0   32.507  -93.101    280.1    980.1
     1     1    23     1    20    13     0     1   -24.0   32.694  -92.940    294.1    978.3
     1     1    23     1    20    12     0     0   -25.0   32.913  -92.814    307.9    977.4
     1     1    23     1    20    11     0     1   -26.0   33.146  -92.735    322.2    975.9
     1     1    23     1    20    10     0     2   -27.0   33.376  -92.710    338.1    973.4
     1     1    23     1    20     9     0     3   -28.0   33.607  -92.739    356.5    970.3
     1     1    23     1    20     8     0     2   -29.0   33.837  -92.816    381.2    967.0
     1     1    23     1    20     7     0     1   -30.0   34.057  -92.938    417.7    962.2
     1     1    23     1    20     6     0     0   -31.0   34.270  -93.114    468.8    953.2
     1     1    23     1    20     5     0     1   -32.0   34.476  -93.338    522.9    940.6
     1     1    23     1    20     4     0     2   -33.0   34.679  -93.604    569.7    930.2
     1     1    23     1    20     3     0     3   -34.0   34.883  -93.914    620.9    918.4
     1     1    23     1    20     2     0     2   -35.0   35.085  -94.259    680.1    907.8
     1     1    23     1    20     1     0     1   -36.0   35.278  -94.615    730.5    900.9
     1     1    23     1    20     0     0     0   -37.0   35.457  -94.972    764.8    899.5
     1     1    23     1    19    23     0     1   -38.0   35.625  -95.324    798.4    897.4
     1     1    23     1    19    22     0     2   -39.0   35.796  -95.670    843.0    892.9
     1     1    23     1    19    21     0     3   -40.0   35.977  -96.006    894.0    888.4
     1     1    23     1    19    20     0     2   -41.0   36.192  -96.351    959.5    878.0
     1     1    23     1    19    19     0     1   -42.0   36.470  -96.726   1048.3    863.0
     1     1    23     1    19    18     0     0   -43.0   36.818  -97.128   1152.9    846.0
     1     1    23     1    19    17     0     1   -44.0   37.234  -97.555   1264.3    826.7
     1     1    23     1    19    16     0     2   -45.0   37.724  -97.995   1382.0    807.2
     1     1    23     1    19    15     0     3   -46.0   38.275  -98.434   1505.0    787.4
     1     1    23     1    19    14     0     2   -47.0   38.848  -98.857   1614.0    771.3
     1     1    23     1    19    13     0     1   -48.0   39.415  -99.251   1723.2    757.5
     1     1    23     1    19    12     0     0   -49.0   39.971  -99.609   1838.4    735.1
     1     1    23     1    19    11     0     1   -50.0   40.520  -99.902   1911.7    719.5
     1     1    23     1    19    10     0     2   -51.0   41.051 -100.099   1930.4    712.0
     1     1    23     1    19     9     0     3   -52.0   41.558 -100.197   1909.9    713.6
     1     1    23     1    19     8     0     2   -53.0   42.040 -100.192   1840.1    717.3
     1     1    23     1    19     7     0     1   -54.0   42.487 -100.090   1706.0    735.6
     1     1    23     1    19     6     0     0   -55.0   42.893  -99.919   1543.1    758.3
     1     1    23     1    19     5     0     1   -56.0   43.258  -99.700   1412.2    782.4
     1     1    23     1    19     4     0     2   -57.0   43.575  -99.441   1329.8    796.0
     1     1    23     1    19     3     0     3   -58.0   43.841  -99.153   1297.4    804.9
     1     1    23     1    19     2     0     2   -59.0   44.073  -98.851   1258.8    805.5
     1     1    23     1    19     1     0     1   -60.0   44.284  -98.560   1168.3    822.0
     1     1    23     1    19     0     0     0   -61.0   44.481  -98.272   1066.6    838.8
     1     1    23     1    18    23     0     1   -62.0   44.652  -97.996    993.5    851.5
     1     1    23     1    18    22     0     2   -63.0   44.787  -97.746    939.4    850.4
     1     1    23     1    18    21     0     3   -64.0   44.889  -97.531    880.9    852.2
     1     1    23     1    18    20     0     2   -65.0   44.975  -97.346    823.4    855.8
     1     1    23     1    18    19     0     1   -66.0   45.054  -97.177    765.1    858.6
     1     1    23     1    18    18     0     0   -67.0   45.127  -97.015    690.7    865.6
     1     1    23     1    18    17     0     1   -68.0   45.193  -96.850    638.7    881.8
     1     1    23     1    18    16     0     2   -69.0   45.255  -96.694    628.7    886.7
     1     1    23     1    18    15     0     3   -70.0   45.316  -96.553    645.4    888.6
     1     1    23     1    18    14     0     2   -71.0   45.376  -96.438    673.2    886.9
     1     1    23     1    18    13     0     1   -72.0   45.433  -96.352    698.1    885.7
     1     1    23     1    18    12     0     0   -73.0   45.488  -96.295    715.2    884.8
     1     1    23     1    18    11     0     1   -74.0   45.546  -96.257    727.3    884.9
     1     1    23     1    18    10     0     2   -75.0   45.611  -96.231    736.2    884.2
     1     1    23     1    18     9     0     3   -76.0   45.686  -96.217    735.0    884.5
     1     1    23     1    18     8     0     2   -77.0   45.770  -96.209    739.0    886.5
     1     1    23     1    18     7     0     1   -78.0   45.861  -96.214    775.7    883.4
     1     1    23     1    18     6     0     0   -79.0   45.951  -96.237    862.2    875.2
     1     1    23     1    18     5     0     1   -80.0   46.049  -96.267    962.6    858.8
     1     1    23     1    18     4     0     2   -81.0   46.170  -96.277   1026.1    850.9
     1     1    23     1    18     3     0     3   -82.0   46.315  -96.259   1053.9    847.5
     1     1    23     1    18     2     0     2   -83.0   46.481  -96.227   1069.3    846.8
     1     1    23     1    18     1     0     1   -84.0   46.662  -96.200   1090.3    843.2
     1     1    23     1    18     0     0     0   -85.0   46.859  -96.173   1113.5    839.1
     1     1    23     1    17    23     0     1   -86.0   47.065  -96.136   1131.3    835.4
     1     1    23     1    17    22     0     2   -87.0   47.271  -96.086   1140.6    834.9
     1     1    23     1    17    21     0     3   -88.0   47.481  -96.020   1144.2    834.8
     1     1    23     1    17    20     0     2   -89.0   47.699  -95.928   1146.1    835.6
     1     1    23     1    17    19     0     1   -90.0   47.920  -95.804   1143.4    836.4
     1     1    23     1    17    18     0     0   -91.0   48.144  -95.649   1127.9    838.1
     1     1    23     1    17    17     0     1   -92.0   48.378  -95.458   1108.8    840.8
     1     1    23     1    17    16     0     2   -93.0   48.626  -95.233   1097.4    841.6
     1     1    23     1    17    15     0     3   -94.0   48.888  -94.983   1096.6    841.6
     1     1    23     1    17    14     0     2   -95.0   49.161  -94.717   1100.1    839.5
     1     1    23     1    17    13     0     1   -96.0   49.443  -94.438   1106.2    838.0
     1     1    23     1    17    12     0     0   -97.0   49.735  -94.159   1128.5    833.3
     1     1    23     1    17    11     0     1   -98.0   50.022  -93.886   1170.5    826.2
     1     1    23     1    17    10     0     2   -99.0   50.290  -93.618   1214.6    819.3
     1     1    23     1    17     9     0     3  -100.0   50.537  -93.360   1245.8    816.2
     1     1    23     1    17     8     0     2  -101.0   50.761  -93.111   1271.9    813.9
     1     1    23     1    17     7     0     1  -102.0   50.955  -92.869   1299.1    811.3
     1     1    23     1    17     6     0     0  -103.0   51.124  -92.635   1327.3    808.1
     1     1    23     1    17     5     0     1  -104.0   51.284  -92.418   1359.5    805.3
     1     1    23     1    17     4     0     2  -105.0   51.442  -92.235   1402.2    801.5
     1     1    23     1    17     3     0     3  -106.0   51.589  -92.094   1462.3    796.1
     1     1    23     1    17     2     0     2  -107.0   51.722  -92.012   1514.5    787.9
     1     1    23     1    17     1     0     1  -108.0   51.842  -91.989   1534.3    786.3
     1     1    23     1    17     0     0     0  -109.0   51.944  -92.016   1526.4    787.4
     1     1    23     1    16    23     0     1  -110.0   52.029  -92.090   1514.5    791.2
     1     1    23     1    16    22     0     2  -111.0   52.096  -92.217   1512.0    791.8
     1     1    23     1    16    21     0     3  -112.0   52.140  -92.399   1511.5    792.3
     1     1    23     1    16    20     0     2  -113.0   52.155  -92.611   1509.7    792.6
     1     1    23     1    16    19     0     1  -114.0   52.134  -92.830   1509.1    792.9
     1     1    23     1    16    18     0     0  -115.0   52.081  -93.046   1518.0    792.1
     1     1    23     1    16    17     0     1  -116.0   52.015  -93.262   1526.2    790.1
     1     1    23     1    16    16     0     2  -117.0   51.958  -93.487   1519.9    792.2
     1     1    23     1    16    15     0     3  -118.0   51.909  -93.728   1506.6    795.1
     1     1    23     1    16    14     0     2  -119.0   51.865  -93.984   1498.2    798.0
     1     1    23     1    16    13     0     1  -120.0   51.817  -94.249   1494.6    797.8
