     8     1
    GDAS    22    12    22     0     0
    GDAS    22    12    29     0     0
    GDAS    23     1     1     0     0
    GDAS    23     1     8     0     0
    GDAS    23     1    15     0     0
    GDAS    23     1    22     0     0
    GDAS    23     1    29     0     0
    GDAS    23     2     1     0     0
     1 BACKWARD OMEGA   
    23     1    21    13   32.716  -96.748    20.0
     1 PRESSURE
     1     1    23     1    21    13     0     1     0.0   32.716  -96.748     20.0    994.8
     1     1    23     1    21    12     0     0    -1.0   32.638  -96.660     15.5    996.0
     1     1    23     1    21    11     0     1    -2.0   32.571  -96.560     12.0    997.6
     1     1    23     1    21    10     0     2    -3.0   32.509  -96.447      9.1    999.2
     1     1    23     1    21     9     0     3    -4.0   32.454  -96.326      6.1   1001.0
     1     1    23     1    21     8     0     2    -5.0   32.405  -96.203      3.1   1002.8
     1     1    23     1    21     7     0     1    -6.0   32.362  -96.085      0.6   1004.4
     1     1    23     1    21     6     0     0    -7.0   32.322  -95.971      0.0   1005.4
     1     1    23     1    21     5     0     1    -8.0   32.283  -95.856      0.0   1005.5
     1     1    23     1    21     4     0     2    -9.0   32.245  -95.738      0.0   1005.5
     1     1    23     1    21     3     0     3   -10.0   32.211  -95.615      0.0   1005.5
     1     1    23     1    21     2     0     2   -11.0   32.185  -95.491      0.0   1005.7
     1     1    23     1    21     1     0     1   -12.0   32.166  -95.371      0.7   1005.8
     1     1    23     1    21     0     0     0   -13.0   32.151  -95.260      2.3   1006.0
     1     1    23     1    20    23     0     1   -14.0   32.133  -95.153      4.2   1006.2
     1     1    23     1    20    22     0     2   -15.0   32.104  -95.043      5.5   1006.0
     1     1    23     1    20    21     0     3   -16.0   32.068  -94.925      6.0   1006.3
     1     1    23     1    20    20     0     2   -17.0   32.032  -94.809      6.1   1008.2
     1     1    23     1    20    19     0     1   -18.0   32.007  -94.703      6.4   1010.0
     1     1    23     1    20    18     0     0   -19.0   31.997  -94.604      7.2   1011.7
     1     1    23     1    20    17     0     1   -20.0   32.010  -94.503      8.3   1011.8
     1     1    23     1    20    16     0     2   -21.0   32.046  -94.398      9.3   1012.2
     1     1    23     1    20    15     0     3   -22.0   32.097  -94.290     10.3   1012.7
     1     1    23     1    20    14     0     2   -23.0   32.154  -94.191     11.0   1012.4
     1     1    23     1    20    13     0     1   -24.0   32.215  -94.108     11.6   1011.9
     1     1    23     1    20    12     0     0   -25.0   32.279  -94.039     12.2   1011.1
     1     1    23     1    20    11     0     1   -26.0   32.348  -93.982     12.8   1011.2
     1     1    23     1    20    10     0     2   -27.0   32.425  -93.936     13.7   1011.2
     1     1    23     1    20     9     0     3   -28.0   32.512  -93.899     15.0   1011.0
     1     1    23     1    20     8     0     2   -29.0   32.602  -93.876     16.8   1010.6
     1     1    23     1    20     7     0     1   -30.0   32.689  -93.868     19.0   1010.1
     1     1    23     1    20     6     0     0   -31.0   32.776  -93.877     21.8   1009.6
     1     1    23     1    20     5     0     1   -32.0   32.862  -93.907     25.7   1008.9
     1     1    23     1    20     4     0     2   -33.0   32.954  -93.962     31.8   1008.0
     1     1    23     1    20     3     0     3   -34.0   33.053  -94.045     41.4   1006.0
     1     1    23     1    20     2     0     2   -35.0   33.154  -94.148     51.8   1002.2
     1     1    23     1    20     1     0     1   -36.0   33.244  -94.259     58.5    999.2
     1     1    23     1    20     0     0     0   -37.0   33.320  -94.381     60.6    997.2
     1     1    23     1    19    23     0     1   -38.0   33.393  -94.520     62.2    996.5
     1     1    23     1    19    22     0     2   -39.0   33.473  -94.682     67.7    994.8
     1     1    23     1    19    21     0     3   -40.0   33.561  -94.869     77.4    992.7
     1     1    23     1    19    20     0     2   -41.0   33.662  -95.076     92.4    989.8
     1     1    23     1    19    19     0     1   -42.0   33.783  -95.299    113.0    986.7
     1     1    23     1    19    18     0     0   -43.0   33.935  -95.538    141.1    983.5
     1     1    23     1    19    17     0     1   -44.0   34.114  -95.802    174.4    977.3
     1     1    23     1    19    16     0     2   -45.0   34.308  -96.100    205.4    970.5
     1     1    23     1    19    15     0     3   -46.0   34.520  -96.442    231.4    961.4
     1     1    23     1    19    14     0     2   -47.0   34.751  -96.844    255.9    950.5
     1     1    23     1    19    13     0     1   -48.0   34.994  -97.309    296.4    940.6
     1     1    23     1    19    12     0     0   -49.0   35.241  -97.809    374.5    931.5
     1     1    23     1    19    11     0     1   -50.0   35.513  -98.321    462.6    909.8
     1     1    23     1    19    10     0     2   -51.0   35.828  -98.840    526.1    887.3
     1     1    23     1    19     9     0     3   -52.0   36.196  -99.394    630.7    870.8
     1     1    23     1    19     8     0     2   -53.0   36.671  -99.986    844.3    842.0
     1     1    23     1    19     7     0     1   -54.0   37.276 -100.572   1017.8    797.1
     1     1    23     1    19     6     0     0   -55.0   37.953 -101.090   1172.2    784.0
     1     1    23     1    19     5     0     1   -56.0   38.681 -101.512   1324.5    741.6
     1     1    23     1    19     4     0     2   -57.0   39.399 -101.792   1333.7    740.8
     1     1    23     1    19     3     0     3   -58.0   40.090 -101.904   1252.3    751.3
     1     1    23     1    19     2     0     2   -59.0   40.712 -101.860   1097.1    767.8
     1     1    23     1    19     1     0     1   -60.0   41.265 -101.695    948.2    785.0
     1     1    23     1    19     0     0     0   -61.0   41.772 -101.418    815.9    799.6
     1     1    23     1    18    23     0     1   -62.0   42.227 -101.094    689.4    819.1
     1     1    23     1    18    22     0     2   -63.0   42.611 -100.773    596.9    840.7
     1     1    23     1    18    21     0     3   -64.0   42.921 -100.448    528.9    853.6
     1     1    23     1    18    20     0     2   -65.0   43.171 -100.141    464.3    872.7
     1     1    23     1    18    19     0     1   -66.0   43.373  -99.854    412.0    889.0
     1     1    23     1    18    18     0     0   -67.0   43.535  -99.559    378.4    898.3
     1     1    23     1    18    17     0     1   -68.0   43.669  -99.251    367.6    903.8
     1     1    23     1    18    16     0     2   -69.0   43.780  -98.942    379.4    905.3
     1     1    23     1    18    15     0     3   -70.0   43.866  -98.654    400.5    907.3
     1     1    23     1    18    14     0     2   -71.0   43.935  -98.404    415.0    909.5
     1     1    23     1    18    13     0     1   -72.0   43.990  -98.195    414.3    913.0
     1     1    23     1    18    12     0     0   -73.0   44.034  -98.017    395.0    917.9
     1     1    23     1    18    11     0     1   -74.0   44.083  -97.862    374.2    920.2
     1     1    23     1    18    10     0     2   -75.0   44.147  -97.721    371.7    918.3
     1     1    23     1    18     9     0     3   -76.0   44.223  -97.593    391.4    914.0
     1     1    23     1    18     8     0     2   -77.0   44.304  -97.489    417.6    907.2
     1     1    23     1    18     7     0     1   -78.0   44.390  -97.412    425.8    903.6
     1     1    23     1    18     6     0     0   -79.0   44.489  -97.355    409.8    903.7
     1     1    23     1    18     5     0     1   -80.0   44.605  -97.306    391.4    906.4
     1     1    23     1    18     4     0     2   -81.0   44.735  -97.257    385.1    904.9
     1     1    23     1    18     3     0     3   -82.0   44.878  -97.205    382.5    902.6
     1     1    23     1    18     2     0     2   -83.0   45.043  -97.164    381.6    901.9
     1     1    23     1    18     1     0     1   -84.0   45.233  -97.155    388.1    905.6
     1     1    23     1    18     0     0     0   -85.0   45.447  -97.178    401.8    909.2
     1     1    23     1    17    23     0     1   -86.0   45.672  -97.226    417.8    912.2
     1     1    23     1    17    22     0     2   -87.0   45.894  -97.303    436.3    914.6
     1     1    23     1    17    21     0     3   -88.0   46.102  -97.404    462.3    913.2
     1     1    23     1    17    20     0     2   -89.0   46.300  -97.483    485.2    908.5
     1     1    23     1    17    19     0     1   -90.0   46.505  -97.509    492.1    908.1
     1     1    23     1    17    18     0     0   -91.0   46.723  -97.480    486.5    909.7
     1     1    23     1    17    17     0     1   -92.0   46.967  -97.409    472.9    913.1
     1     1    23     1    17    16     0     2   -93.0   47.243  -97.308    455.4    916.0
     1     1    23     1    17    15     0     3   -94.0   47.550  -97.177    430.0    919.8
     1     1    23     1    17    14     0     2   -95.0   47.884  -97.039    397.3    926.6
     1     1    23     1    17    13     0     1   -96.0   48.233  -96.918    373.6    929.9
     1     1    23     1    17    12     0     0   -97.0   48.588  -96.800    363.9    929.6
     1     1    23     1    17    11     0     1   -98.0   48.934  -96.670    359.8    928.0
     1     1    23     1    17    10     0     2   -99.0   49.259  -96.531    355.3    929.4
     1     1    23     1    17     9     0     3  -100.0   49.564  -96.398    352.6    931.0
     1     1    23     1    17     8     0     2  -101.0   49.848  -96.269    348.7    932.1
     1     1    23     1    17     7     0     1  -102.0   50.112  -96.128    340.1    933.1
     1     1    23     1    17     6     0     0  -103.0   50.350  -95.959    330.3    933.4
     1     1    23     1    17     5     0     1  -104.0   50.572  -95.748    329.1    932.6
     1     1    23     1    17     4     0     2  -105.0   50.792  -95.496    340.9    929.1
     1     1    23     1    17     3     0     3  -106.0   51.012  -95.209    358.2    924.3
     1     1    23     1    17     2     0     2  -107.0   51.235  -94.908    372.9    920.3
     1     1    23     1    17     1     0     1  -108.0   51.461  -94.619    383.8    918.0
     1     1    23     1    17     0     0     0  -109.0   51.694  -94.364    391.8    917.4
     1     1    23     1    16    23     0     1  -110.0   51.923  -94.162    398.4    917.7
     1     1    23     1    16    22     0     2  -111.0   52.131  -94.030    396.8    918.4
     1     1    23     1    16    21     0     3  -112.0   52.316  -93.972    384.1    921.5
     1     1    23     1    16    20     0     2  -113.0   52.474  -93.957    367.3    925.1
     1     1    23     1    16    19     0     1  -114.0   52.603  -93.951    351.0    928.2
     1     1    23     1    16    18     0     0  -115.0   52.704  -93.948    336.3    930.9
     1     1    23     1    16    17     0     1  -116.0   52.794  -93.942    325.5    932.9
     1     1    23     1    16    16     0     2  -117.0   52.890  -93.934    320.2    934.0
     1     1    23     1    16    15     0     3  -118.0   52.995  -93.927    318.6    934.6
     1     1    23     1    16    14     0     2  -119.0   53.104  -93.928    317.5    935.1
     1     1    23     1    16    13     0     1  -120.0   53.206  -93.945    315.3    936.2
