     8     1
    GDAS    22    12    22     0     0
    GDAS    22    12    29     0     0
    GDAS    23     1     1     0     0
    GDAS    23     1     8     0     0
    GDAS    23     1    15     0     0
    GDAS    23     1    22     0     0
    GDAS    23     1    29     0     0
    GDAS    23     2     1     0     0
     1 BACKWARD OMEGA   
    23     1    27    13   32.716  -96.748  1000.0
     1 PRESSURE
     1     1    23     1    27    13     0     1     0.0   32.716  -96.748   1000.0    889.5
     1     1    23     1    27    12     0     0    -1.0   32.564  -97.163   1005.9    884.7
     1     1    23     1    27    11     0     1    -2.0   32.413  -97.565   1055.1    875.0
     1     1    23     1    27    10     0     2    -3.0   32.265  -97.961   1155.0    855.9
     1     1    23     1    27     9     0     3    -4.0   32.119  -98.344   1253.2    837.2
     1     1    23     1    27     8     0     2    -5.0   31.980  -98.704   1325.3    825.7
     1     1    23     1    27     7     0     1    -6.0   31.852  -99.040   1368.7    815.5
     1     1    23     1    27     6     0     0    -7.0   31.727  -99.344   1368.4    810.6
     1     1    23     1    27     5     0     1    -8.0   31.596  -99.598   1349.5    811.7
     1     1    23     1    27     4     0     2    -9.0   31.464  -99.800   1349.8    808.8
     1     1    23     1    27     3     0     3   -10.0   31.335  -99.953   1385.7    803.8
     1     1    23     1    27     2     0     2   -11.0   31.227 -100.066   1455.1    793.2
     1     1    23     1    27     1     0     1   -12.0   31.151 -100.151   1522.7    783.1
     1     1    23     1    27     0     0     0   -13.0   31.105 -100.209   1565.1    776.5
     1     1    23     1    26    23     0     1   -14.0   31.079 -100.247   1586.9    774.8
     1     1    23     1    26    22     0     2   -15.0   31.068 -100.277   1600.7    773.0
     1     1    23     1    26    21     0     3   -16.0   31.071 -100.298   1606.6    772.0
     1     1    23     1    26    20     0     2   -17.0   31.093 -100.310   1609.7    772.9
     1     1    23     1    26    19     0     1   -18.0   31.139 -100.316   1614.9    773.4
     1     1    23     1    26    18     0     0   -19.0   31.211 -100.316   1622.0    773.8
     1     1    23     1    26    17     0     1   -20.0   31.311 -100.316   1626.1    773.3
     1     1    23     1    26    16     0     2   -21.0   31.441 -100.319   1621.4    774.3
     1     1    23     1    26    15     0     3   -22.0   31.601 -100.321   1606.5    776.4
     1     1    23     1    26    14     0     2   -23.0   31.790 -100.324   1586.6    779.6
     1     1    23     1    26    13     0     1   -24.0   32.007 -100.335   1569.4    782.2
     1     1    23     1    26    12     0     0   -25.0   32.256 -100.363   1573.5    784.5
     1     1    23     1    26    11     0     1   -26.0   32.543 -100.422   1622.4    781.0
     1     1    23     1    26    10     0     2   -27.0   32.873 -100.513   1729.0    770.8
     1     1    23     1    26     9     0     3   -28.0   33.247 -100.631   1903.8    749.3
     1     1    23     1    26     8     0     2   -29.0   33.644 -100.793   2128.5    717.1
     1     1    23     1    26     7     0     1   -30.0   34.063 -101.022   2386.0    683.6
     1     1    23     1    26     6     0     0   -31.0   34.510 -101.289   2645.7    651.2
     1     1    23     1    26     5     0     1   -32.0   34.963 -101.583   2810.5    626.1
     1     1    23     1    26     4     0     2   -33.0   35.412 -101.928   2905.4    615.6
     1     1    23     1    26     3     0     3   -34.0   35.869 -102.269   3020.6    602.2
     1     1    23     1    26     2     0     2   -35.0   36.317 -102.597   3120.5    582.3
     1     1    23     1    26     1     0     1   -36.0   36.755 -102.927   3062.7    569.1
     1     1    23     1    26     0     0     0   -37.0   37.217 -103.233   2950.3    582.2
     1     1    23     1    25    23     0     1   -38.0   37.658 -103.525   2926.9    587.5
     1     1    23     1    25    22     0     2   -39.0   38.069 -103.779   2966.6    587.3
     1     1    23     1    25    21     0     3   -40.0   38.522 -103.995   3047.6    567.0
     1     1    23     1    25    20     0     2   -41.0   39.001 -104.229   3102.8    521.4
     1     1    23     1    25    19     0     1   -42.0   39.456 -104.451   3096.8    531.1
     1     1    23     1    25    18     0     0   -43.0   39.926 -104.642   3062.2    561.9
     1     1    23     1    25    17     0     1   -44.0   40.400 -104.841   2999.8    559.3
     1     1    23     1    25    16     0     2   -45.0   40.863 -105.058   2915.8    544.6
     1     1    23     1    25    15     0     3   -46.0   41.329 -105.277   2852.4    548.6
     1     1    23     1    25    14     0     2   -47.0   41.777 -105.482   2811.7    557.5
     1     1    23     1    25    13     0     1   -48.0   42.219 -105.678   2761.9    565.4
     1     1    23     1    25    12     0     0   -49.0   42.688 -105.868   2714.5    574.5
     1     1    23     1    25    11     0     1   -50.0   43.176 -106.061   2691.0    586.3
     1     1    23     1    25    10     0     2   -51.0   43.656 -106.308   2669.7    583.4
     1     1    23     1    25     9     0     3   -52.0   44.142 -106.638   2579.4    570.1
     1     1    23     1    25     8     0     2   -53.0   44.623 -106.990   2441.7    601.2
     1     1    23     1    25     7     0     1   -54.0   45.077 -107.313   2288.8    637.5
     1     1    23     1    25     6     0     0   -55.0   45.495 -107.597   2167.3    656.4
     1     1    23     1    25     5     0     1   -56.0   45.899 -107.852   2094.9    684.8
     1     1    23     1    25     4     0     2   -57.0   46.317 -108.107   2040.9    701.0
     1     1    23     1    25     3     0     3   -58.0   46.748 -108.368   2029.7    696.1
     1     1    23     1    25     2     0     2   -59.0   47.205 -108.643   2031.5    686.6
     1     1    23     1    25     1     0     1   -60.0   47.673 -108.968   1964.9    689.9
     1     1    23     1    25     0     0     0   -61.0   48.118 -109.403   1857.9    716.7
     1     1    23     1    24    23     0     1   -62.0   48.556 -109.867   1795.0    730.9
     1     1    23     1    24    22     0     2   -63.0   49.034 -110.366   1730.9    728.6
     1     1    23     1    24    21     0     3   -64.0   49.497 -110.883   1715.1    734.9
     1     1    23     1    24    20     0     2   -65.0   49.951 -111.362   1636.7    740.5
     1     1    23     1    24    19     0     1   -66.0   50.420 -111.775   1540.1    772.2
     1     1    23     1    24    18     0     0   -67.0   50.872 -112.145   1524.7    765.5
     1     1    23     1    24    17     0     1   -68.0   51.351 -112.556   1496.0    757.5
     1     1    23     1    24    16     0     2   -69.0   51.898 -113.117   1482.6    759.8
     1     1    23     1    24    15     0     3   -70.0   52.418 -113.773   1523.8    752.9
     1     1    23     1    24    14     0     2   -71.0   52.887 -114.491   1541.7    741.5
     1     1    23     1    24    13     0     1   -72.0   53.339 -115.334   1528.3    749.4
     1     1    23     1    24    12     0     0   -73.0   53.789 -116.256   1630.1    725.6
     1     1    23     1    24    11     0     1   -74.0   54.240 -117.188   1470.4    742.4
     1     1    23     1    24    10     0     2   -75.0   54.586 -118.235   1299.5    769.1
     1     1    23     1    24     9     0     3   -76.0   54.822 -119.361   1114.8    797.8
     1     1    23     1    24     8     0     2   -77.0   55.042 -120.508   1438.6    741.6
     1     1    23     1    24     7     0     1   -78.0   55.255 -121.641   1585.2    721.6
     1     1    23     1    24     6     0     0   -79.0   55.434 -122.732   1485.9    745.0
     1     1    23     1    24     5     0     1   -80.0   55.540 -123.739   1364.8    761.0
     1     1    23     1    24     4     0     2   -81.0   55.579 -124.686   1309.6    754.8
     1     1    23     1    24     3     0     3   -82.0   55.584 -125.640   1298.4    740.0
     1     1    23     1    24     2     0     2   -83.0   55.522 -126.458   1175.0    756.6
     1     1    23     1    24     1     0     1   -84.0   55.394 -127.376   1411.9    734.8
     1     1    23     1    24     0     0     0   -85.0   55.267 -128.314   1583.5    737.4
     1     1    23     1    23    23     0     1   -86.0   55.047 -129.223   1575.1    747.2
     1     1    23     1    23    22     0     2   -87.0   54.714 -130.070   1008.4    848.4
     1     1    23     1    23    21     0     3   -88.0   54.356 -130.685    454.8    950.2
     1     1    23     1    23    20     0     2   -89.0   54.011 -131.103    253.7   1010.5
     1     1    23     1    23    19     0     1   -90.0   53.624 -131.479    228.5    990.1
     1     1    23     1    23    18     0     0   -91.0   53.266 -131.833    285.0    967.9
     1     1    23     1    23    17     0     1   -92.0   52.906 -132.253    380.7    950.7
     1     1    23     1    23    16     0     2   -93.0   52.548 -132.847    415.2    960.9
     1     1    23     1    23    15     0     3   -94.0   52.174 -133.493    399.7    973.1
     1     1    23     1    23    14     0     2   -95.0   51.800 -134.152    394.1    973.0
     1     1    23     1    23    13     0     1   -96.0   51.433 -134.860    375.2    973.9
     1     1    23     1    23    12     0     0   -97.0   51.063 -135.574    351.8    979.6
     1     1    23     1    23    11     0     1   -98.0   50.688 -136.288    343.5    980.5
     1     1    23     1    23    10     0     2   -99.0   50.319 -137.016    352.9    980.1
     1     1    23     1    23     9     0     3  -100.0   49.957 -137.767    375.8    976.6
     1     1    23     1    23     8     0     2  -101.0   49.576 -138.548    407.2    972.9
     1     1    23     1    23     7     0     1  -102.0   49.169 -139.346    442.7    968.5
     1     1    23     1    23     6     0     0  -103.0   48.754 -140.112    464.9    966.8
     1     1    23     1    23     5     0     1  -104.0   48.354 -140.850    502.4    960.9
     1     1    23     1    23     4     0     2  -105.0   47.966 -141.597    515.9    958.1
     1     1    23     1    23     3     0     3  -106.0   47.569 -142.339    514.5    960.1
     1     1    23     1    23     2     0     2  -107.0   47.165 -143.055    509.0    959.7
     1     1    23     1    23     1     0     1  -108.0   46.759 -143.741    523.4    961.1
     1     1    23     1    23     0     0     0  -109.0   46.369 -144.450    543.3    952.8
     1     1    23     1    22    23     0     1  -110.0   45.980 -145.152    533.6    955.2
     1     1    23     1    22    22     0     2  -111.0   45.577 -145.852    521.7    957.9
     1     1    23     1    22    21     0     3  -112.0   45.166 -146.562    538.0    957.6
     1     1    23     1    22    20     0     2  -113.0   44.764 -147.284    586.4    949.7
     1     1    23     1    22    19     0     1  -114.0   44.358 -148.011    679.9    941.9
     1     1    23     1    22    18     0     0  -115.0   43.941 -148.743    758.1    921.4
     1     1    23     1    22    17     0     1  -116.0   43.522 -149.477    794.6    924.6
     1     1    23     1    22    16     0     2  -117.0   43.143 -150.253    859.0    914.2
     1     1    23     1    22    15     0     3  -118.0   42.786 -151.054    860.9    911.3
     1     1    23     1    22    14     0     2  -119.0   42.427 -151.871    845.7    914.7
     1     1    23     1    22    13     0     1  -120.0   42.062 -152.723    880.3    908.8
