     8     1
    GDAS    22    12    22     0     0
    GDAS    22    12    29     0     0
    GDAS    23     1     1     0     0
    GDAS    23     1     8     0     0
    GDAS    23     1    15     0     0
    GDAS    23     1    22     0     0
    GDAS    23     1    29     0     0
    GDAS    23     2     1     0     0
     1 BACKWARD OMEGA   
    23     1    27    11   32.716  -96.748   133.0
     1 PRESSURE
     1     1    23     1    27    11     0     1     0.0   32.716  -96.748    133.0    989.7
     1     1    23     1    27    10     0     2    -1.0   32.570  -96.897    137.2    988.6
     1     1    23     1    27     9     0     3    -2.0   32.440  -97.037    146.3    985.6
     1     1    23     1    27     8     0     2    -3.0   32.326  -97.178    162.1    980.5
     1     1    23     1    27     7     0     1    -4.0   32.230  -97.325    185.3    974.6
     1     1    23     1    27     6     0     0    -5.0   32.165  -97.470    212.6    968.8
     1     1    23     1    27     5     0     1    -6.0   32.130  -97.607    238.4    963.4
     1     1    23     1    27     4     0     2    -7.0   32.122  -97.736    259.0    959.2
     1     1    23     1    27     3     0     3    -8.0   32.149  -97.863    275.0    955.4
     1     1    23     1    27     2     0     2    -9.0   32.205  -97.988    285.8    951.5
     1     1    23     1    27     1     0     1   -10.0   32.280  -98.112    288.5    949.2
     1     1    23     1    27     0     0     0   -11.0   32.372  -98.234    280.8    948.3
     1     1    23     1    26    23     0     1   -12.0   32.479  -98.363    274.4    949.7
     1     1    23     1    26    22     0     2   -13.0   32.595  -98.506    282.4    947.5
     1     1    23     1    26    21     0     3   -14.0   32.724  -98.663    305.7    943.8
     1     1    23     1    26    20     0     2   -15.0   32.860  -98.827    340.0    939.3
     1     1    23     1    26    19     0     1   -16.0   32.995  -98.993    376.5    935.5
     1     1    23     1    26    18     0     0   -17.0   33.125  -99.160    410.0    932.0
     1     1    23     1    26    17     0     1   -18.0   33.267  -99.324    441.1    927.4
     1     1    23     1    26    16     0     2   -19.0   33.443  -99.487    474.1    921.4
     1     1    23     1    26    15     0     3   -20.0   33.660  -99.654    511.8    914.2
     1     1    23     1    26    14     0     2   -21.0   33.915  -99.828    558.1    904.4
     1     1    23     1    26    13     0     1   -22.0   34.207 -100.012    613.9    891.8
     1     1    23     1    26    12     0     0   -23.0   34.536 -100.212    675.6    875.2
     1     1    23     1    26    11     0     1   -24.0   34.902 -100.425    750.3    859.6
     1     1    23     1    26    10     0     2   -25.0   35.289 -100.644    838.7    841.6
     1     1    23     1    26     9     0     3   -26.0   35.669 -100.879    896.3    825.1
     1     1    23     1    26     8     0     2   -27.0   36.044 -101.125    930.1    820.5
     1     1    23     1    26     7     0     1   -28.0   36.444 -101.350    993.7    808.9
     1     1    23     1    26     6     0     0   -29.0   36.877 -101.568   1060.6    792.2
     1     1    23     1    26     5     0     1   -30.0   37.327 -101.793   1047.6    784.7
     1     1    23     1    26     4     0     2   -31.0   37.806 -101.996    930.9    795.8
     1     1    23     1    26     3     0     3   -32.0   38.311 -102.192    802.7    809.9
     1     1    23     1    26     2     0     2   -33.0   38.831 -102.435    809.0    799.9
     1     1    23     1    26     1     0     1   -34.0   39.398 -102.715    955.1    771.1
     1     1    23     1    26     0     0     0   -35.0   39.966 -103.065   1125.3    746.5
     1     1    23     1    25    23     0     1   -36.0   40.517 -103.439   1240.9    728.9
     1     1    23     1    25    22     0     2   -37.0   41.085 -103.804   1414.8    712.4
     1     1    23     1    25    21     0     3   -38.0   41.647 -104.176   1581.8    689.4
     1     1    23     1    25    20     0     2   -39.0   42.165 -104.538   1467.7    697.0
     1     1    23     1    25    19     0     1   -40.0   42.666 -104.892   1160.9    740.5
     1     1    23     1    25    18     0     0   -41.0   43.134 -105.239    960.3    763.0
     1     1    23     1    25    17     0     1   -42.0   43.578 -105.567    819.1    766.1
     1     1    23     1    25    16     0     2   -43.0   44.061 -105.928    572.1    797.7
     1     1    23     1    25    15     0     3   -44.0   44.451 -106.313    435.5    829.0
     1     1    23     1    25    14     0     2   -45.0   44.801 -106.730    565.6    812.5
     1     1    23     1    25    13     0     1   -46.0   45.188 -107.184    691.0    787.8
     1     1    23     1    25    12     0     0   -47.0   45.588 -107.625    533.4    798.0
     1     1    23     1    25    11     0     1   -48.0   45.864 -107.983    347.7    864.7
     1     1    23     1    25    10     0     2   -49.0   46.073 -108.309    259.3    879.9
     1     1    23     1    25     9     0     3   -50.0   46.291 -108.719    304.7    860.9
     1     1    23     1    25     8     0     2   -51.0   46.571 -109.234    491.2    824.0
     1     1    23     1    25     7     0     1   -52.0   46.915 -109.752    664.5    789.1
     1     1    23     1    25     6     0     0   -53.0   47.265 -110.224    713.5    787.9
     1     1    23     1    25     5     0     1   -54.0   47.586 -110.631    669.1    804.0
     1     1    23     1    25     4     0     2   -55.0   47.891 -111.011    604.6    833.5
     1     1    23     1    25     3     0     3   -56.0   48.185 -111.372    552.4    842.7
     1     1    23     1    25     2     0     2   -57.0   48.480 -111.705    533.3    841.8
     1     1    23     1    25     1     0     1   -58.0   48.819 -112.023    563.3    834.0
     1     1    23     1    25     0     0     0   -59.0   49.178 -112.317    617.2    826.7
     1     1    23     1    24    23     0     1   -60.0   49.532 -112.576    643.3    826.1
     1     1    23     1    24    22     0     2   -61.0   49.894 -112.823    639.3    836.3
     1     1    23     1    24    21     0     3   -62.0   50.287 -113.100    644.0    834.8
     1     1    23     1    24    20     0     2   -63.0   50.702 -113.438    671.7    828.2
     1     1    23     1    24    19     0     1   -64.0   51.119 -113.824    723.6    823.6
     1     1    23     1    24    18     0     0   -65.0   51.543 -114.289    792.8    803.0
     1     1    23     1    24    17     0     1   -66.0   51.976 -114.879    797.5    785.3
     1     1    23     1    24    16     0     2   -67.0   52.355 -115.540    820.8    778.5
     1     1    23     1    24    15     0     3   -68.0   52.695 -116.326   1019.2    747.1
     1     1    23     1    24    14     0     2   -69.0   52.975 -117.210   1199.9    715.1
     1     1    23     1    24    13     0     1   -70.0   53.112 -118.037   1264.4    705.4
     1     1    23     1    24    12     0     0   -71.0   53.162 -118.777   1240.2    697.6
     1     1    23     1    24    11     0     1   -72.0   53.220 -119.492   1237.6    700.5
     1     1    23     1    24    10     0     2   -73.0   53.310 -120.292   1272.9    698.5
     1     1    23     1    24     9     0     3   -74.0   53.406 -121.115   1078.1    754.7
     1     1    23     1    24     8     0     2   -75.0   53.412 -121.785    768.2    820.2
     1     1    23     1    24     7     0     1   -76.0   53.334 -122.354    571.6    855.5
     1     1    23     1    24     6     0     0   -77.0   53.267 -122.928    532.9    859.4
     1     1    23     1    24     5     0     1   -78.0   53.245 -123.717    525.9    834.3
     1     1    23     1    24     4     0     2   -79.0   53.183 -124.650    454.4    840.6
     1     1    23     1    24     3     0     3   -80.0   53.057 -125.470    406.7    852.4
     1     1    23     1    24     2     0     2   -81.0   52.820 -126.246    565.6    828.3
     1     1    23     1    24     1     0     1   -82.0   52.606 -126.802    761.7    803.6
     1     1    23     1    24     0     0     0   -83.0   52.378 -127.211    890.6    809.7
     1     1    23     1    23    23     0     1   -84.0   52.079 -127.518    859.5    843.5
     1     1    23     1    23    22     0     2   -85.0   51.740 -127.653    715.7    897.9
     1     1    23     1    23    21     0     3   -86.0   51.447 -127.689    572.3    935.2
     1     1    23     1    23    20     0     2   -87.0   51.219 -127.676    465.0    957.1
     1     1    23     1    23    19     0     1   -88.0   51.045 -127.648    384.6    972.5
     1     1    23     1    23    18     0     0   -89.0   50.907 -127.616    325.1    979.9
     1     1    23     1    23    17     0     1   -90.0   50.779 -127.537    297.8    981.9
     1     1    23     1    23    16     0     2   -91.0   50.660 -127.405    309.8    974.2
     1     1    23     1    23    15     0     3   -92.0   50.559 -127.261    352.2    962.7
     1     1    23     1    23    14     0     2   -93.0   50.477 -127.140    421.9    950.1
     1     1    23     1    23    13     0     1   -94.0   50.408 -127.051    522.9    934.7
     1     1    23     1    23    12     0     0   -95.0   50.344 -126.987    656.2    916.2
     1     1    23     1    23    11     0     1   -96.0   50.255 -126.962    783.5    894.3
     1     1    23     1    23    10     0     2   -97.0   50.100 -126.996    893.5    882.9
     1     1    23     1    23     9     0     3   -98.0   49.853 -127.143    974.8    879.4
     1     1    23     1    23     8     0     2   -99.0   49.578 -127.345    928.5    894.6
     1     1    23     1    23     7     0     1  -100.0   49.294 -127.510    814.3    921.9
     1     1    23     1    23     6     0     0  -101.0   48.940 -127.700    698.2    944.5
     1     1    23     1    23     5     0     1  -102.0   48.535 -127.943    600.8    956.8
     1     1    23     1    23     4     0     2  -103.0   48.167 -128.192    532.2    964.6
     1     1    23     1    23     3     0     3  -104.0   47.832 -128.422    508.5    970.1
     1     1    23     1    23     2     0     2  -105.0   47.538 -128.650    511.5    965.7
     1     1    23     1    23     1     0     1  -106.0   47.293 -128.891    505.5    966.7
     1     1    23     1    23     0     0     0  -107.0   47.084 -129.132    495.4    969.0
     1     1    23     1    22    23     0     1  -108.0   46.896 -129.377    497.0    970.4
     1     1    23     1    22    22     0     2  -109.0   46.722 -129.646    511.1    967.8
     1     1    23     1    22    21     0     3  -110.0   46.565 -129.941    522.5    966.3
     1     1    23     1    22    20     0     2  -111.0   46.413 -130.242    534.4    966.1
     1     1    23     1    22    19     0     1  -112.0   46.255 -130.530    558.4    963.9
     1     1    23     1    22    18     0     0  -113.0   46.090 -130.797    601.1    959.8
     1     1    23     1    22    17     0     1  -114.0   45.936 -131.068    639.2    952.3
     1     1    23     1    22    16     0     2  -115.0   45.798 -131.365    648.9    951.3
     1     1    23     1    22    15     0     3  -116.0   45.653 -131.672    652.0    953.4
     1     1    23     1    22    14     0     2  -117.0   45.491 -131.976    660.6    951.6
     1     1    23     1    22    13     0     1  -118.0   45.315 -132.271    655.2    950.9
     1     1    23     1    22    12     0     0  -119.0   45.109 -132.547    635.6    954.8
     1     1    23     1    22    11     0     1  -120.0   44.883 -132.799    620.8    957.6
