     8     1
    GDAS    22    12    22     0     0
    GDAS    22    12    29     0     0
    GDAS    23     1     1     0     0
    GDAS    23     1     8     0     0
    GDAS    23     1    15     0     0
    GDAS    23     1    22     0     0
    GDAS    23     1    29     0     0
    GDAS    23     2     1     0     0
     1 BACKWARD OMEGA   
    23     1    15    14   32.716  -96.748   130.0
     1 PRESSURE
     1     1    23     1    15    14     0     2     0.0   32.716  -96.748    130.0    979.4
     1     1    23     1    15    13     0     1    -1.0   32.361  -96.784    117.8    979.6
     1     1    23     1    15    12     0     0    -2.0   32.002  -96.823    101.5    979.9
     1     1    23     1    15    11     0     1    -3.0   31.667  -96.858     81.0    985.1
     1     1    23     1    15    10     0     2    -4.0   31.376  -96.879     62.4    990.8
     1     1    23     1    15     9     0     3    -5.0   31.122  -96.880     49.2    994.4
     1     1    23     1    15     8     0     2    -6.0   30.895  -96.863     39.5    997.7
     1     1    23     1    15     7     0     1    -7.0   30.693  -96.829     30.9   1000.5
     1     1    23     1    15     6     0     0    -8.0   30.510  -96.781     23.7   1002.9
     1     1    23     1    15     5     0     1    -9.0   30.343  -96.716     17.1   1004.2
     1     1    23     1    15     4     0     2   -10.0   30.192  -96.636     11.5   1006.1
     1     1    23     1    15     3     0     3   -11.0   30.048  -96.540      7.4   1007.3
     1     1    23     1    15     2     0     2   -12.0   29.914  -96.437      4.8   1009.0
     1     1    23     1    15     1     0     1   -13.0   29.793  -96.336      2.9   1010.9
     1     1    23     1    15     0     0     0   -14.0   29.684  -96.237      1.4   1012.7
     1     1    23     1    14    23     0     1   -15.0   29.575  -96.141      0.2   1014.3
     1     1    23     1    14    22     0     2   -16.0   29.456  -96.054      0.0   1015.7
     1     1    23     1    14    21     0     3   -17.0   29.322  -95.974      0.0   1017.1
     1     1    23     1    14    20     0     2   -18.0   29.194  -95.889      0.0   1019.8
     1     1    23     1    14    19     0     1   -19.0   29.098  -95.786      0.0   1022.0
     1     1    23     1    14    18     0     0   -20.0   29.031  -95.668      0.0   1023.5
     1     1    23     1    14    17     0     1   -21.0   28.985  -95.539      0.3   1024.3
     1     1    23     1    14    16     0     2   -22.0   28.952  -95.400      0.3   1025.1
     1     1    23     1    14    15     0     3   -23.0   28.932  -95.244      0.0   1026.4
     1     1    23     1    14    14     0     2   -24.0   28.931  -95.082      0.0   1025.9
     1     1    23     1    14    13     0     1   -25.0   28.959  -94.930      0.0   1025.0
     1     1    23     1    14    12     0     0   -26.0   29.015  -94.795      0.0   1023.8
     1     1    23     1    14    11     0     1   -27.0   29.090  -94.669      0.0   1023.8
     1     1    23     1    14    10     0     2   -28.0   29.178  -94.541      0.0   1023.8
     1     1    23     1    14     9     0     3   -29.0   29.280  -94.412      0.0   1023.7
     1     1    23     1    14     8     0     2   -30.0   29.394  -94.291      0.0   1023.9
     1     1    23     1    14     7     0     1   -31.0   29.516  -94.185      0.1   1023.9
     1     1    23     1    14     6     0     0   -32.0   29.641  -94.098      0.7   1023.8
     1     1    23     1    14     5     0     1   -33.0   29.764  -94.036      1.5   1024.9
     1     1    23     1    14     4     0     2   -34.0   29.879  -94.003      2.3   1026.1
     1     1    23     1    14     3     0     3   -35.0   29.986  -93.999      3.2   1027.3
     1     1    23     1    14     2     0     2   -36.0   30.088  -94.009      4.0   1025.1
     1     1    23     1    14     1     0     1   -37.0   30.189  -94.025      4.9   1023.0
     1     1    23     1    14     0     0     0   -38.0   30.290  -94.048      5.8   1021.2
     1     1    23     1    13    23     0     1   -39.0   30.400  -94.079      6.6   1020.3
     1     1    23     1    13    22     0     2   -40.0   30.526  -94.121      7.2   1019.3
     1     1    23     1    13    21     0     3   -41.0   30.667  -94.172      7.5   1018.1
     1     1    23     1    13    20     0     2   -42.0   30.809  -94.223      7.8   1017.1
     1     1    23     1    13    19     0     1   -43.0   30.938  -94.264      8.1   1015.9
     1     1    23     1    13    18     0     0   -44.0   31.056  -94.299      8.7   1015.1
     1     1    23     1    13    17     0     1   -45.0   31.168  -94.328      9.4   1015.5
     1     1    23     1    13    16     0     2   -46.0   31.281  -94.353     10.4   1015.9
     1     1    23     1    13    15     0     3   -47.0   31.395  -94.376     11.6   1016.4
     1     1    23     1    13    14     0     2   -48.0   31.511  -94.402     12.6   1015.3
     1     1    23     1    13    13     0     1   -49.0   31.633  -94.434     12.9   1014.3
     1     1    23     1    13    12     0     0   -50.0   31.764  -94.468     13.0   1013.0
     1     1    23     1    13    11     0     1   -51.0   31.897  -94.509     12.9   1012.6
     1     1    23     1    13    10     0     2   -52.0   32.022  -94.565     13.0   1012.1
     1     1    23     1    13     9     0     3   -53.0   32.133  -94.644     13.0   1011.7
     1     1    23     1    13     8     0     2   -54.0   32.251  -94.716     12.9   1011.4
     1     1    23     1    13     7     0     1   -55.0   32.397  -94.752     13.4   1011.1
     1     1    23     1    13     6     0     0   -56.0   32.565  -94.753     15.3   1010.7
     1     1    23     1    13     5     0     1   -57.0   32.741  -94.759     18.1   1010.0
     1     1    23     1    13     4     0     2   -58.0   32.920  -94.796     20.7   1009.3
     1     1    23     1    13     3     0     3   -59.0   33.110  -94.859     23.0   1008.5
     1     1    23     1    13     2     0     2   -60.0   33.316  -94.937     28.0   1006.6
     1     1    23     1    13     1     0     1   -61.0   33.551  -95.023     42.1   1003.8
     1     1    23     1    13     0     0     0   -62.0   33.825  -95.115     76.2    999.4
     1     1    23     1    12    23     0     1   -63.0   34.128  -95.223    129.0    990.5
     1     1    23     1    12    22     0     2   -64.0   34.453  -95.360    180.5    980.1
     1     1    23     1    12    21     0     3   -65.0   34.804  -95.522    220.1    972.8
     1     1    23     1    12    20     0     2   -66.0   35.180  -95.684    250.9    968.0
     1     1    23     1    12    19     0     1   -67.0   35.578  -95.817    279.8    964.5
     1     1    23     1    12    18     0     0   -68.0   35.995  -95.906    304.6    960.8
     1     1    23     1    12    17     0     1   -69.0   36.442  -95.975    335.6    955.2
     1     1    23     1    12    16     0     2   -70.0   36.943  -96.044    405.6    944.2
     1     1    23     1    12    15     0     3   -71.0   37.511  -96.079    511.8    923.6
     1     1    23     1    12    14     0     2   -72.0   38.143  -96.044    612.4    907.0
     1     1    23     1    12    13     0     1   -73.0   38.806  -95.970    656.4    897.2
     1     1    23     1    12    12     0     0   -74.0   39.480  -95.894    659.6    901.7
     1     1    23     1    12    11     0     1   -75.0   40.171  -95.803    655.0    900.8
     1     1    23     1    12    10     0     2   -76.0   40.837  -95.717    660.8    902.6
     1     1    23     1    12     9     0     3   -77.0   41.460  -95.646    690.2    895.6
     1     1    23     1    12     8     0     2   -78.0   42.030  -95.595    711.8    889.0
     1     1    23     1    12     7     0     1   -79.0   42.544  -95.565    720.5    886.7
     1     1    23     1    12     6     0     0   -80.0   43.021  -95.536    739.0    883.0
     1     1    23     1    12     5     0     1   -81.0   43.468  -95.524    782.8    875.5
     1     1    23     1    12     4     0     2   -82.0   43.897  -95.548    834.9    863.0
     1     1    23     1    12     3     0     3   -83.0   44.324  -95.595    883.5    862.6
     1     1    23     1    12     2     0     2   -84.0   44.729  -95.678    954.6    861.3
     1     1    23     1    12     1     0     1   -85.0   45.112  -95.796   1037.4    853.8
     1     1    23     1    12     0     0     0   -86.0   45.494  -95.926   1098.2    845.4
     1     1    23     1    11    23     0     1   -87.0   45.870  -96.063   1128.2    842.1
     1     1    23     1    11    22     0     2   -88.0   46.220  -96.206   1146.9    840.2
     1     1    23     1    11    21     0     3   -89.0   46.547  -96.335   1160.1    836.8
     1     1    23     1    11    20     0     2   -90.0   46.852  -96.441   1166.6    836.8
     1     1    23     1    11    19     0     1   -91.0   47.131  -96.530   1180.7    836.8
     1     1    23     1    11    18     0     0   -92.0   47.391  -96.602   1211.0    834.8
     1     1    23     1    11    17     0     1   -93.0   47.614  -96.664   1234.9    830.3
     1     1    23     1    11    16     0     2   -94.0   47.794  -96.706   1222.6    831.4
     1     1    23     1    11    15     0     3   -95.0   47.938  -96.705   1161.3    837.0
     1     1    23     1    11    14     0     2   -96.0   48.041  -96.680   1082.7    849.3
     1     1    23     1    11    13     0     1   -97.0   48.102  -96.663   1034.3    854.7
     1     1    23     1    11    12     0     0   -98.0   48.124  -96.658   1021.9    855.6
     1     1    23     1    11    11     0     1   -99.0   48.101  -96.676   1022.4    853.3
     1     1    23     1    11    10     0     2  -100.0   48.032  -96.728   1018.1    854.5
     1     1    23     1    11     9     0     3  -101.0   47.908  -96.820   1021.8    855.5
     1     1    23     1    11     8     0     2  -102.0   47.742  -96.957   1026.8    854.3
     1     1    23     1    11     7     0     1  -103.0   47.564  -97.122   1005.4    854.4
     1     1    23     1    11     6     0     0  -104.0   47.378  -97.308    952.7    857.8
     1     1    23     1    11     5     0     1  -105.0   47.185  -97.500    889.3    864.4
     1     1    23     1    11     4     0     2  -106.0   47.000  -97.684    842.2    869.1
     1     1    23     1    11     3     0     3  -107.0   46.826  -97.843    838.5    869.3
     1     1    23     1    11     2     0     2  -108.0   46.667  -97.968    837.6    862.1
     1     1    23     1    11     1     0     1  -109.0   46.520  -98.069    789.1    865.7
     1     1    23     1    11     0     0     0  -110.0   46.379  -98.142    704.6    874.5
     1     1    23     1    10    23     0     1  -111.0   46.235  -98.190    622.1    885.8
     1     1    23     1    10    22     0     2  -112.0   46.088  -98.231    558.8    890.5
     1     1    23     1    10    21     0     3  -113.0   45.945  -98.263    508.1    895.4
     1     1    23     1    10    20     0     2  -114.0   45.799  -98.285    477.4    900.3
     1     1    23     1    10    19     0     1  -115.0   45.645  -98.300    468.2    901.6
     1     1    23     1    10    18     0     0  -116.0   45.487  -98.313    471.8    901.7
     1     1    23     1    10    17     0     1  -117.0   45.342  -98.322    476.1    900.9
     1     1    23     1    10    16     0     2  -118.0   45.228  -98.329    473.5    901.9
     1     1    23     1    10    15     0     3  -119.0   45.145  -98.341    465.6    903.3
     1     1    23     1    10    14     0     2  -120.0   45.094  -98.369    454.0    904.8
