     8     1
    GDAS    22    12    22     0     0
    GDAS    22    12    29     0     0
    GDAS    23     1     1     0     0
    GDAS    23     1     8     0     0
    GDAS    23     1    15     0     0
    GDAS    23     1    22     0     0
    GDAS    23     1    29     0     0
    GDAS    23     2     1     0     0
     1 BACKWARD OMEGA   
    23     1     1    14   32.716  -96.748   132.0
     1 PRESSURE
     1     1    23     1     1    14     0     2     0.0   32.716  -96.748    132.0    976.9
     1     1    23     1     1    13     0     1    -1.0   32.424  -96.902    128.5    975.1
     1     1    23     1     1    12     0     0    -2.0   32.134  -97.102    129.6    970.6
     1     1    23     1     1    11     0     1    -3.0   31.851  -97.347    144.4    966.3
     1     1    23     1     1    10     0     2    -4.0   31.574  -97.638    180.3    958.0
     1     1    23     1     1     9     0     3    -5.0   31.273  -97.987    240.0    945.4
     1     1    23     1     1     8     0     2    -6.0   30.923  -98.373    307.9    928.5
     1     1    23     1     1     7     0     1    -7.0   30.542  -98.731    368.7    916.1
     1     1    23     1     1     6     0     0    -8.0   30.157  -99.028    421.0    903.9
     1     1    23     1     1     5     0     1    -9.0   29.787  -99.256    453.9    905.0
     1     1    23     1     1     4     0     2   -10.0   29.444  -99.424    456.8    915.9
     1     1    23     1     1     3     0     3   -11.0   29.127  -99.522    418.9    932.6
     1     1    23     1     1     2     0     2   -12.0   28.830  -99.568    372.9    947.2
     1     1    23     1     1     1     0     1   -13.0   28.549  -99.594    357.4    951.0
     1     1    23     1     1     0     0     0   -14.0   28.287  -99.617    378.5    949.6
     1     1    22    12    31    23     0     1   -15.0   28.043  -99.643    414.2    945.1
     1     1    22    12    31    22     0     2   -16.0   27.811  -99.667    437.9    942.4
     1     1    22    12    31    21     0     3   -17.0   27.591  -99.685    451.2    942.0
     1     1    22    12    31    20     0     2   -18.0   27.373  -99.693    477.8    942.4
     1     1    22    12    31    19     0     1   -19.0   27.150  -99.685    543.2    937.3
     1     1    22    12    31    18     0     0   -20.0   26.930  -99.669    659.9    924.8
     1     1    22    12    31    17     0     1   -21.0   26.715  -99.667    776.0    900.1
     1     1    22    12    31    16     0     2   -22.0   26.514  -99.674    846.6    888.6
     1     1    22    12    31    15     0     3   -23.0   26.326  -99.682    902.4    879.0
     1     1    22    12    31    14     0     2   -24.0   26.159  -99.687    970.0    867.4
     1     1    22    12    31    13     0     1   -25.0   26.010  -99.682   1053.5    853.9
     1     1    22    12    31    12     0     0   -26.0   25.871  -99.667   1136.0    838.8
     1     1    22    12    31    11     0     1   -27.0   25.742  -99.663   1204.1    824.9
     1     1    22    12    31    10     0     2   -28.0   25.622  -99.685   1249.5    812.5
     1     1    22    12    31     9     0     3   -29.0   25.511  -99.728   1265.9    801.7
     1     1    22    12    31     8     0     2   -30.0   25.413  -99.788   1258.5    793.3
     1     1    22    12    31     7     0     1   -31.0   25.327  -99.858   1236.6    785.0
     1     1    22    12    31     6     0     0   -32.0   25.249  -99.935   1201.6    776.9
     1     1    22    12    31     5     0     1   -33.0   25.177 -100.019   1160.9    769.6
     1     1    22    12    31     4     0     2   -34.0   25.111 -100.117   1126.9    763.0
     1     1    22    12    31     3     0     3   -35.0   25.050 -100.229   1108.8    754.0
     1     1    22    12    31     2     0     2   -36.0   24.987 -100.378   1101.7    740.0
     1     1    22    12    31     1     0     1   -37.0   24.927 -100.595   1099.6    725.9
     1     1    22    12    31     0     0     0   -38.0   24.886 -100.904   1107.0    707.6
     1     1    22    12    30    23     0     1   -39.0   24.857 -101.272   1128.0    707.0
     1     1    22    12    30    22     0     2   -40.0   24.811 -101.644   1107.2    716.7
     1     1    22    12    30    21     0     3   -41.0   24.745 -102.037   1017.5    732.0
     1     1    22    12    30    20     0     2   -42.0   24.654 -102.433    933.8    745.4
     1     1    22    12    30    19     0     1   -43.0   24.531 -102.811    911.3    743.3
     1     1    22    12    30    18     0     0   -44.0   24.375 -103.190    902.5    734.2
     1     1    22    12    30    17     0     1   -45.0   24.197 -103.578    900.2    726.0
     1     1    22    12    30    16     0     2   -46.0   23.995 -103.992    911.4    711.5
     1     1    22    12    30    15     0     3   -47.0   23.765 -104.445    975.0    707.3
     1     1    22    12    30    14     0     2   -48.0   23.556 -104.942   1093.5    703.2
     1     1    22    12    30    13     0     1   -49.0   23.408 -105.346   1169.5    749.4
     1     1    22    12    30    12     0     0   -50.0   23.312 -105.615   1193.2    796.2
     1     1    22    12    30    11     0     1   -51.0   23.248 -105.795   1191.6    826.8
     1     1    22    12    30    10     0     2   -52.0   23.208 -105.917   1160.0    849.5
     1     1    22    12    30     9     0     3   -53.0   23.190 -106.001   1084.0    869.6
     1     1    22    12    30     8     0     2   -54.0   23.191 -106.072   1004.7    884.5
     1     1    22    12    30     7     0     1   -55.0   23.199 -106.160    973.5    888.8
     1     1    22    12    30     6     0     0   -56.0   23.202 -106.269    984.5    889.8
     1     1    22    12    30     5     0     1   -57.0   23.184 -106.394    991.5    889.0
     1     1    22    12    30     4     0     2   -58.0   23.146 -106.525    954.3    898.2
     1     1    22    12    30     3     0     3   -59.0   23.096 -106.666    877.1    911.7
     1     1    22    12    30     2     0     2   -60.0   23.034 -106.815    808.6    926.2
     1     1    22    12    30     1     0     1   -61.0   22.952 -106.967    796.7    928.6
     1     1    22    12    30     0     0     0   -62.0   22.851 -107.118    838.6    922.4
     1     1    22    12    29    23     0     1   -63.0   22.744 -107.266    910.1    913.4
     1     1    22    12    29    22     0     2   -64.0   22.628 -107.411   1000.2    903.9
     1     1    22    12    29    21     0     3   -65.0   22.497 -107.558   1115.5    892.3
     1     1    22    12    29    20     0     2   -66.0   22.361 -107.709   1218.5    878.0
     1     1    22    12    29    19     0     1   -67.0   22.233 -107.854   1276.5    873.3
     1     1    22    12    29    18     0     0   -68.0   22.119 -107.984   1306.8    872.0
     1     1    22    12    29    17     0     1   -69.0   22.013 -108.114   1326.3    870.5
     1     1    22    12    29    16     0     2   -70.0   21.905 -108.264   1349.4    868.4
     1     1    22    12    29    15     0     3   -71.0   21.791 -108.434   1388.9    864.7
     1     1    22    12    29    14     0     2   -72.0   21.677 -108.622   1465.5    858.3
     1     1    22    12    29    13     0     1   -73.0   21.564 -108.832   1593.2    845.1
     1     1    22    12    29    12     0     0   -74.0   21.446 -109.071   1777.0    826.9
     1     1    22    12    29    11     0     1   -75.0   21.308 -109.344   1925.7    803.8
     1     1    22    12    29    10     0     2   -76.0   21.146 -109.633   1978.1    800.9
     1     1    22    12    29     9     0     3   -77.0   20.965 -109.932   1961.4    803.5
     1     1    22    12    29     8     0     2   -78.0   20.778 -110.220   1938.9    811.2
     1     1    22    12    29     7     0     1   -79.0   20.594 -110.486   1925.1    809.4
     1     1    22    12    29     6     0     0   -80.0   20.417 -110.726   1883.4    813.9
     1     1    22    12    29     5     0     1   -81.0   20.254 -110.936   1856.2    820.7
     1     1    22    12    29     4     0     2   -82.0   20.101 -111.128   1892.8    818.0
     1     1    22    12    29     3     0     3   -83.0   19.947 -111.317   1977.2    807.1
     1     1    22    12    29     2     0     2   -84.0   19.778 -111.520   2045.6    795.9
     1     1    22    12    29     1     0     1   -85.0   19.588 -111.729   2076.6    794.3
     1     1    22    12    29     0     0     0   -86.0   19.377 -111.932   2101.1    792.3
     1     1    22    12    28    23     0     1   -87.0   19.155 -112.118   2129.7    789.9
     1     1    22    12    28    22     0     2   -88.0   18.938 -112.276   2166.0    787.5
     1     1    22    12    28    21     0     3   -89.0   18.730 -112.409   2216.3    783.4
     1     1    22    12    28    20     0     2   -90.0   18.517 -112.527   2240.9    778.0
     1     1    22    12    28    19     0     1   -91.0   18.293 -112.629   2194.1    782.5
     1     1    22    12    28    18     0     0   -92.0   18.060 -112.706   2085.1    794.4
     1     1    22    12    28    17     0     1   -93.0   17.829 -112.751   1988.0    809.0
     1     1    22    12    28    16     0     2   -94.0   17.599 -112.772   1955.5    811.1
     1     1    22    12    28    15     0     3   -95.0   17.365 -112.774   1968.6    808.0
     1     1    22    12    28    14     0     2   -96.0   17.128 -112.763   1992.8    803.2
     1     1    22    12    28    13     0     1   -97.0   16.894 -112.744   2006.3    801.4
     1     1    22    12    28    12     0     0   -98.0   16.668 -112.720   2018.9    800.8
     1     1    22    12    28    11     0     1   -99.0   16.452 -112.684   2052.1    798.9
     1     1    22    12    28    10     0     2  -100.0   16.243 -112.635   2113.5    792.7
     1     1    22    12    28     9     0     3  -101.0   16.031 -112.577   2194.5    784.8
     1     1    22    12    28     8     0     2  -102.0   15.820 -112.513   2255.2    776.4
     1     1    22    12    28     7     0     1  -103.0   15.621 -112.439   2273.1    776.2
     1     1    22    12    28     6     0     0  -104.0   15.430 -112.349   2270.9    777.9
     1     1    22    12    28     5     0     1  -105.0   15.248 -112.242   2265.8    778.8
     1     1    22    12    28     4     0     2  -106.0   15.081 -112.120   2252.0    778.8
     1     1    22    12    28     3     0     3  -107.0   14.932 -111.982   2209.3    781.8
     1     1    22    12    28     2     0     2  -108.0   14.796 -111.829   2155.3    788.6
     1     1    22    12    28     1     0     1  -109.0   14.665 -111.664   2114.0    791.8
     1     1    22    12    28     0     0     0  -110.0   14.538 -111.485   2082.5    794.1
     1     1    22    12    27    23     0     1  -111.0   14.418 -111.295   2076.6    796.5
     1     1    22    12    27    22     0     2  -112.0   14.304 -111.100   2118.3    793.2
     1     1    22    12    27    21     0     3  -113.0   14.195 -110.908   2206.2    784.6
     1     1    22    12    27    20     0     2  -114.0   14.083 -110.719   2281.8    773.6
     1     1    22    12    27    19     0     1  -115.0   13.969 -110.520   2291.5    773.5
     1     1    22    12    27    18     0     0  -116.0   13.857 -110.304   2241.2    779.7
     1     1    22    12    27    17     0     1  -117.0   13.761 -110.074   2173.5    789.1
     1     1    22    12    27    16     0     2  -118.0   13.686 -109.842   2133.4    793.4
     1     1    22    12    27    15     0     3  -119.0   13.628 -109.611   2125.4    793.9
     1     1    22    12    27    14     0     2  -120.0   13.587 -109.390   2128.6    791.5
