     8     1
    GDAS    22    12    22     0     0
    GDAS    22    12    29     0     0
    GDAS    23     1     1     0     0
    GDAS    23     1     8     0     0
    GDAS    23     1    15     0     0
    GDAS    23     1    22     0     0
    GDAS    23     1    29     0     0
    GDAS    23     2     1     0     0
     1 BACKWARD OMEGA   
    23     1     1    13   32.716  -96.748    10.0
     1 PRESSURE
     1     1    23     1     1    13     0     1     0.0   32.716  -96.748     10.0    989.8
     1     1    23     1     1    12     0     0    -1.0   32.553  -96.807      9.7    988.6
     1     1    23     1     1    11     0     1    -2.0   32.394  -96.873      9.5    988.2
     1     1    23     1     1    10     0     2    -3.0   32.234  -96.944     10.0    987.5
     1     1    23     1     1     9     0     3    -4.0   32.074  -97.022     11.9    986.1
     1     1    23     1     1     8     0     2    -5.0   31.910  -97.115     16.0    984.0
     1     1    23     1     1     7     0     1    -6.0   31.743  -97.227     21.3    982.4
     1     1    23     1     1     6     0     0    -7.0   31.569  -97.355     26.8    980.7
     1     1    23     1     1     5     0     1    -8.0   31.380  -97.502     33.2    978.3
     1     1    23     1     1     4     0     2    -9.0   31.170  -97.680     44.0    974.9
     1     1    23     1     1     3     0     3   -10.0   30.938  -97.912     68.5    969.0
     1     1    23     1     1     2     0     2   -11.0   30.686  -98.183    113.0    957.7
     1     1    23     1     1     1     0     1   -12.0   30.430  -98.444    160.3    946.2
     1     1    23     1     1     0     0     0   -13.0   30.171  -98.701    207.2    935.3
     1     1    22    12    31    23     0     1   -14.0   29.897  -98.965    248.6    926.8
     1     1    22    12    31    22     0     2   -15.0   29.633  -99.211    268.0    930.7
     1     1    22    12    31    21     0     3   -16.0   29.398  -99.427    261.8    939.5
     1     1    22    12    31    20     0     2   -17.0   29.176  -99.606    237.6    952.2
     1     1    22    12    31    19     0     1   -18.0   28.947  -99.738    200.4    964.7
     1     1    22    12    31    18     0     0   -19.0   28.704  -99.836    157.6    972.0
     1     1    22    12    31    17     0     1   -20.0   28.462  -99.907    127.6    977.1
     1     1    22    12    31    16     0     2   -21.0   28.242  -99.955    117.6    978.7
     1     1    22    12    31    15     0     3   -22.0   28.048  -99.983    129.8    977.9
     1     1    22    12    31    14     0     2   -23.0   27.873 -100.002    153.5    973.8
     1     1    22    12    31    13     0     1   -24.0   27.721 -100.017    172.4    971.3
     1     1    22    12    31    12     0     0   -25.0   27.600 -100.026    185.0    970.1
     1     1    22    12    31    11     0     1   -26.0   27.510 -100.030    194.8    969.5
     1     1    22    12    31    10     0     2   -27.0   27.448 -100.030    203.5    968.6
     1     1    22    12    31     9     0     3   -28.0   27.413 -100.028    208.5    968.2
     1     1    22    12    31     8     0     2   -29.0   27.404 -100.018    194.0    968.7
     1     1    22    12    31     7     0     1   -30.0   27.423 -100.000    151.9    974.7
     1     1    22    12    31     6     0     0   -31.0   27.466  -99.976     99.3    981.6
     1     1    22    12    31     5     0     1   -32.0   27.520  -99.947     62.1    988.0
     1     1    22    12    31     4     0     2   -33.0   27.588  -99.908     41.6    989.3
     1     1    22    12    31     3     0     3   -34.0   27.676  -99.861     30.7    990.4
     1     1    22    12    31     2     0     2   -35.0   27.791  -99.822     24.9    990.3
     1     1    22    12    31     1     0     1   -36.0   27.935  -99.807     21.3    989.7
     1     1    22    12    31     0     0     0   -37.0   28.100  -99.817     19.2    988.4
     1     1    22    12    30    23     0     1   -38.0   28.251  -99.861     19.9    987.1
     1     1    22    12    30    22     0     2   -39.0   28.373  -99.938     24.0    985.1
     1     1    22    12    30    21     0     3   -40.0   28.468 -100.038     30.4    982.5
     1     1    22    12    30    20     0     2   -41.0   28.553 -100.130     35.9    980.6
     1     1    22    12    30    19     0     1   -42.0   28.636 -100.189     38.7    980.0
     1     1    22    12    30    18     0     0   -43.0   28.713 -100.219     39.1    980.2
     1     1    22    12    30    17     0     1   -44.0   28.783 -100.235     38.3    980.1
     1     1    22    12    30    16     0     2   -45.0   28.852 -100.256     39.1    979.7
     1     1    22    12    30    15     0     3   -46.0   28.924 -100.287     42.6    978.9
     1     1    22    12    30    14     0     2   -47.0   28.993 -100.331     49.0    977.7
     1     1    22    12    30    13     0     1   -48.0   29.044 -100.379     56.0    974.6
     1     1    22    12    30    12     0     0   -49.0   29.073 -100.426     63.6    971.9
     1     1    22    12    30    11     0     1   -50.0   29.081 -100.479     71.4    969.6
     1     1    22    12    30    10     0     2   -51.0   29.073 -100.545     79.0    968.0
     1     1    22    12    30     9     0     3   -52.0   29.045 -100.624     88.7    966.8
     1     1    22    12    30     8     0     2   -53.0   29.011 -100.704    102.5    965.2
     1     1    22    12    30     7     0     1   -54.0   28.989 -100.772    118.8    962.6
     1     1    22    12    30     6     0     0   -55.0   28.982 -100.829    136.5    959.9
     1     1    22    12    30     5     0     1   -56.0   29.000 -100.864    148.1    957.4
     1     1    22    12    30     4     0     2   -57.0   29.050 -100.869    145.7    956.2
     1     1    22    12    30     3     0     3   -58.0   29.131 -100.848    132.8    956.4
     1     1    22    12    30     2     0     2   -59.0   29.228 -100.815    126.3    955.8
     1     1    22    12    30     1     0     1   -60.0   29.336 -100.781    138.0    952.0
     1     1    22    12    30     0     0     0   -61.0   29.461 -100.753    173.4    945.0
     1     1    22    12    29    23     0     1   -62.0   29.614 -100.761    233.6    933.4
     1     1    22    12    29    22     0     2   -63.0   29.800 -100.835    308.5    920.4
     1     1    22    12    29    21     0     3   -64.0   30.019 -100.989    385.1    907.8
     1     1    22    12    29    20     0     2   -65.0   30.230 -101.196    446.8    894.2
     1     1    22    12    29    19     0     1   -66.0   30.403 -101.431    486.1    884.6
     1     1    22    12    29    18     0     0   -67.0   30.551 -101.733    498.5    879.1
     1     1    22    12    29    17     0     1   -68.0   30.673 -102.102    507.2    875.4
     1     1    22    12    29    16     0     2   -69.0   30.770 -102.505    562.9    863.2
     1     1    22    12    29    15     0     3   -70.0   30.864 -102.931    665.8    845.4
     1     1    22    12    29    14     0     2   -71.0   30.954 -103.411    834.9    815.9
     1     1    22    12    29    13     0     1   -72.0   31.039 -103.988   1129.7    764.4
     1     1    22    12    29    12     0     0   -73.0   31.097 -104.609   1386.0    718.3
     1     1    22    12    29    11     0     1   -74.0   31.127 -105.215   1541.5    701.7
     1     1    22    12    29    10     0     2   -75.0   31.130 -105.784   1690.0    691.6
     1     1    22    12    29     9     0     3   -76.0   31.105 -106.290   1868.9    678.6
     1     1    22    12    29     8     0     2   -77.0   31.072 -106.736   1996.3    672.8
     1     1    22    12    29     7     0     1   -78.0   31.061 -107.151   1981.5    677.9
     1     1    22    12    29     6     0     0   -79.0   31.082 -107.568   1842.2    688.4
     1     1    22    12    29     5     0     1   -80.0   31.121 -108.032   1659.0    700.7
     1     1    22    12    29     4     0     2   -81.0   31.133 -108.570   1621.0    701.4
     1     1    22    12    29     3     0     3   -82.0   31.181 -109.131   1979.3    664.6
     1     1    22    12    29     2     0     2   -83.0   31.345 -109.758   2468.5    606.7
     1     1    22    12    29     1     0     1   -84.0   31.541 -110.405   2728.5    610.3
     1     1    22    12    29     0     0     0   -85.0   31.769 -111.010   2801.9    624.1
     1     1    22    12    28    23     0     1   -86.0   32.009 -111.528   2780.8    658.7
     1     1    22    12    28    22     0     2   -87.0   32.216 -112.047   2860.0    667.5
     1     1    22    12    28    21     0     3   -88.0   32.446 -112.561   2941.8    666.6
     1     1    22    12    28    20     0     2   -89.0   32.692 -113.065   2892.5    681.2
     1     1    22    12    28    19     0     1   -90.0   32.905 -113.546   2813.3    699.2
     1     1    22    12    28    18     0     0   -91.0   33.133 -114.010   2815.5    692.4
     1     1    22    12    28    17     0     1   -92.0   33.393 -114.492   2805.4    687.7
     1     1    22    12    28    16     0     2   -93.0   33.660 -115.023   2743.3    696.1
     1     1    22    12    28    15     0     3   -94.0   33.997 -115.579   2701.6    667.6
     1     1    22    12    28    14     0     2   -95.0   34.379 -116.114   2784.1    646.4
     1     1    22    12    28    13     0     1   -96.0   34.737 -116.664   2851.9    640.4
     1     1    22    12    28    12     0     0   -97.0   35.130 -117.252   2832.8    641.4
     1     1    22    12    28    11     0     1   -98.0   35.566 -117.878   2759.4    613.9
     1     1    22    12    28    10     0     2   -99.0   35.949 -118.476   2797.3    637.8
     1     1    22    12    28     9     0     3  -100.0   36.240 -118.980   2923.0    654.9
     1     1    22    12    28     8     0     2  -101.0   36.512 -119.470   3052.6    636.7
     1     1    22    12    28     7     0     1  -102.0   36.734 -119.919   3174.7    664.5
     1     1    22    12    28     6     0     0  -103.0   36.888 -120.318   3225.1    669.0
     1     1    22    12    28     5     0     1  -104.0   37.066 -120.757   3245.9    662.0
     1     1    22    12    28     4     0     2  -105.0   37.315 -121.295   3203.6    662.3
     1     1    22    12    28     3     0     3  -106.0   37.569 -121.916   3037.6    681.9
     1     1    22    12    28     2     0     2  -107.0   37.789 -122.605   2954.5    711.4
     1     1    22    12    28     1     0     1  -108.0   38.023 -123.369   2991.8    698.7
     1     1    22    12    28     0     0     0  -109.0   38.264 -124.173   3083.8    692.4
     1     1    22    12    27    23     0     1  -110.0   38.514 -125.019   3186.1    681.5
     1     1    22    12    27    22     0     2  -111.0   38.764 -125.920   3224.2    678.5
     1     1    22    12    27    21     0     3  -112.0   38.999 -126.876   3239.1    678.3
     1     1    22    12    27    20     0     2  -113.0   39.252 -127.859   3265.3    674.9
     1     1    22    12    27    19     0     1  -114.0   39.513 -128.852   3230.3    674.2
     1     1    22    12    27    18     0     0  -115.0   39.750 -129.846   3104.2    688.5
     1     1    22    12    27    17     0     1  -116.0   39.990 -130.854   3052.9    691.7
     1     1    22    12    27    16     0     2  -117.0   40.273 -131.883   3071.0    687.8
     1     1    22    12    27    15     0     3  -118.0   40.569 -132.934   3135.7    682.6
     1     1    22    12    27    14     0     2  -119.0   40.872 -134.026   3282.9    669.6
     1     1    22    12    27    13     0     1  -120.0   41.224 -135.193   3460.6    650.0
