     8     1
    GDAS    22    12    22     0     0
    GDAS    22    12    29     0     0
    GDAS    23     1     1     0     0
    GDAS    23     1     8     0     0
    GDAS    23     1    15     0     0
    GDAS    23     1    22     0     0
    GDAS    23     1    29     0     0
    GDAS    23     2     1     0     0
     1 BACKWARD OMEGA   
    23     1    23    16   32.716  -96.748   500.0
     1 PRESSURE
     1     1    23     1    23    16     0     2     0.0   32.716  -96.748    500.0    945.9
     1     1    23     1    23    15     0     3    -1.0   32.736  -96.607    497.4    946.7
     1     1    23     1    23    14     0     2    -2.0   32.787  -96.456    496.7    946.7
     1     1    23     1    23    13     0     1    -3.0   32.887  -96.295    506.3    945.6
     1     1    23     1    23    12     0     0    -4.0   33.043  -96.140    544.0    941.2
     1     1    23     1    23    11     0     1    -5.0   33.222  -96.035    600.4    932.5
     1     1    23     1    23    10     0     2    -6.0   33.384  -95.995    647.7    926.4
     1     1    23     1    23     9     0     3    -7.0   33.533  -96.009    685.8    921.9
     1     1    23     1    23     8     0     2    -8.0   33.688  -96.048    709.7    917.5
     1     1    23     1    23     7     0     1    -9.0   33.872  -96.083    708.6    916.3
     1     1    23     1    23     6     0     0   -10.0   34.090  -96.105    688.1    918.2
     1     1    23     1    23     5     0     1   -11.0   34.331  -96.134    701.1    918.8
     1     1    23     1    23     4     0     2   -12.0   34.587  -96.198    776.6    906.1
     1     1    23     1    23     3     0     3   -13.0   34.873  -96.290    917.7    886.7
     1     1    23     1    23     2     0     2   -14.0   35.160  -96.416   1089.5    859.6
     1     1    23     1    23     1     0     1   -15.0   35.420  -96.583   1210.5    842.4
     1     1    23     1    23     0     0     0   -16.0   35.669  -96.779   1270.5    836.0
     1     1    23     1    22    23     0     1   -17.0   35.911  -96.983   1311.8    833.8
     1     1    23     1    22    22     0     2   -18.0   36.151  -97.183   1370.5    825.9
     1     1    23     1    22    21     0     3   -19.0   36.394  -97.382   1445.7    814.0
     1     1    23     1    22    20     0     2   -20.0   36.639  -97.568   1518.9    802.3
     1     1    23     1    22    19     0     1   -21.0   36.883  -97.728   1569.9    793.7
     1     1    23     1    22    18     0     0   -22.0   37.126  -97.868   1590.0    788.9
     1     1    23     1    22    17     0     1   -23.0   37.374  -97.988   1595.8    787.4
     1     1    23     1    22    16     0     2   -24.0   37.635  -98.090   1604.9    783.1
     1     1    23     1    22    15     0     3   -25.0   37.908  -98.175   1616.9    778.6
     1     1    23     1    22    14     0     2   -26.0   38.189  -98.258   1632.0    775.4
     1     1    23     1    22    13     0     1   -27.0   38.473  -98.349   1641.0    773.1
     1     1    23     1    22    12     0     0   -28.0   38.760  -98.450   1634.5    773.2
     1     1    23     1    22    11     0     1   -29.0   39.042  -98.556   1626.1    775.8
     1     1    23     1    22    10     0     2   -30.0   39.316  -98.662   1639.8    773.6
     1     1    23     1    22     9     0     3   -31.0   39.578  -98.770   1675.0    767.2
     1     1    23     1    22     8     0     2   -32.0   39.836  -98.881   1719.9    760.4
     1     1    23     1    22     7     0     1   -33.0   40.107  -99.003   1774.9    752.5
     1     1    23     1    22     6     0     0   -34.0   40.396  -99.133   1834.2    742.9
     1     1    23     1    22     5     0     1   -35.0   40.689  -99.263   1885.6    734.3
     1     1    23     1    22     4     0     2   -36.0   40.980  -99.403   1925.2    727.2
     1     1    23     1    22     3     0     3   -37.0   41.276  -99.569   1953.6    721.9
     1     1    23     1    22     2     0     2   -38.0   41.570  -99.754   1963.0    718.2
     1     1    23     1    22     1     0     1   -39.0   41.865  -99.953   1937.6    718.2
     1     1    23     1    22     0     0     0   -40.0   42.173 -100.174   1877.2    723.0
     1     1    23     1    21    23     0     1   -41.0   42.479 -100.412   1830.0    728.4
     1     1    23     1    21    22     0     2   -42.0   42.777 -100.657   1835.3    725.9
     1     1    23     1    21    21     0     3   -43.0   43.080 -100.913   1878.2    718.3
     1     1    23     1    21    20     0     2   -44.0   43.390 -101.181   1910.1    716.9
     1     1    23     1    21    19     0     1   -45.0   43.703 -101.446   1916.7    722.7
     1     1    23     1    21    18     0     0   -46.0   44.019 -101.685   1919.5    727.7
     1     1    23     1    21    17     0     1   -47.0   44.339 -101.926   1889.5    726.6
     1     1    23     1    21    16     0     2   -48.0   44.680 -102.198   1812.0    734.2
     1     1    23     1    21    15     0     3   -49.0   45.056 -102.477   1713.0    743.1
     1     1    23     1    21    14     0     2   -50.0   45.447 -102.784   1622.0    749.8
     1     1    23     1    21    13     0     1   -51.0   45.845 -103.142   1555.8    752.5
     1     1    23     1    21    12     0     0   -52.0   46.263 -103.515   1543.7    755.7
     1     1    23     1    21    11     0     1   -53.0   46.692 -103.914   1563.0    749.5
     1     1    23     1    21    10     0     2   -54.0   47.103 -104.353   1553.5    754.9
     1     1    23     1    21     9     0     3   -55.0   47.502 -104.797   1524.6    769.0
     1     1    23     1    21     8     0     2   -56.0   47.904 -105.235   1508.4    776.4
     1     1    23     1    21     7     0     1   -57.0   48.299 -105.680   1484.1    773.2
     1     1    23     1    21     6     0     0   -58.0   48.703 -106.138   1470.0    770.4
     1     1    23     1    21     5     0     1   -59.0   49.119 -106.629   1435.4    765.3
     1     1    23     1    21     4     0     2   -60.0   49.526 -107.157   1319.6    780.8
     1     1    23     1    21     3     0     3   -61.0   49.937 -107.742   1291.2    794.5
     1     1    23     1    21     2     0     2   -62.0   50.346 -108.355   1367.5    776.7
     1     1    23     1    21     1     0     1   -63.0   50.704 -108.969   1376.7    782.4
     1     1    23     1    21     0     0     0   -64.0   51.045 -109.571   1307.3    793.6
     1     1    23     1    20    23     0     1   -65.0   51.382 -110.157   1231.6    803.8
     1     1    23     1    20    22     0     2   -66.0   51.709 -110.753   1220.6    800.5
     1     1    23     1    20    21     0     3   -67.0   52.072 -111.369   1275.5    788.1
     1     1    23     1    20    20     0     2   -68.0   52.456 -112.007   1313.3    781.6
     1     1    23     1    20    19     0     1   -69.0   52.827 -112.663   1306.0    789.2
     1     1    23     1    20    18     0     0   -70.0   53.204 -113.352   1297.6    789.6
     1     1    23     1    20    17     0     1   -71.0   53.580 -114.072   1311.8    788.4
     1     1    23     1    20    16     0     2   -72.0   53.951 -114.859   1314.0    786.4
     1     1    23     1    20    15     0     3   -73.0   54.326 -115.759   1277.1    773.7
     1     1    23     1    20    14     0     2   -74.0   54.651 -116.750   1046.1    804.6
     1     1    23     1    20    13     0     1   -75.0   54.863 -117.867    867.0    833.6
     1     1    23     1    20    12     0     0   -76.0   54.923 -119.066    870.0    837.2
     1     1    23     1    20    11     0     1   -77.0   54.926 -120.290   1105.8    785.6
     1     1    23     1    20    10     0     2   -78.0   54.951 -121.474   1603.1    714.7
     1     1    23     1    20     9     0     3   -79.0   54.968 -122.533   1930.8    694.4
     1     1    23     1    20     8     0     2   -80.0   54.924 -123.286   1727.7    737.0
     1     1    23     1    20     7     0     1   -81.0   54.854 -124.019   1578.7    733.8
     1     1    23     1    20     6     0     0   -82.0   54.816 -124.798   1546.9    745.4
     1     1    23     1    20     5     0     1   -83.0   54.767 -125.626   1525.4    745.3
     1     1    23     1    20     4     0     2   -84.0   54.662 -126.511   1509.7    739.4
     1     1    23     1    20     3     0     3   -85.0   54.468 -127.540   1632.3    719.2
     1     1    23     1    20     2     0     2   -86.0   54.179 -128.509   1925.2    703.3
     1     1    23     1    20     1     0     1   -87.0   53.721 -129.297   2051.1    732.1
     1     1    23     1    20     0     0     0   -88.0   53.201 -129.817   1695.5    803.9
     1     1    23     1    19    23     0     1   -89.0   52.519 -129.963   1230.4    885.3
     1     1    23     1    19    22     0     2   -90.0   51.774 -129.946    970.2    915.7
     1     1    23     1    19    21     0     3   -91.0   51.038 -129.926    887.0    922.8
     1     1    23     1    19    20     0     2   -92.0   50.344 -129.954    844.2    916.1
     1     1    23     1    19    19     0     1   -93.0   49.732 -129.992    792.4    926.2
     1     1    23     1    19    18     0     0   -94.0   49.194 -130.035    765.5    930.9
     1     1    23     1    19    17     0     1   -95.0   48.717 -130.106    786.8    930.3
     1     1    23     1    19    16     0     2   -96.0   48.295 -130.237    857.6    922.3
     1     1    23     1    19    15     0     3   -97.0   47.920 -130.392    963.5    908.1
     1     1    23     1    19    14     0     2   -98.0   47.598 -130.581   1040.3    893.1
     1     1    23     1    19    13     0     1   -99.0   47.314 -130.822   1057.6    894.6
     1     1    23     1    19    12     0     0  -100.0   47.059 -131.106   1065.4    896.3
     1     1    23     1    19    11     0     1  -101.0   46.834 -131.409   1086.7    894.0
     1     1    23     1    19    10     0     2  -102.0   46.641 -131.708   1127.9    890.0
     1     1    23     1    19     9     0     3  -103.0   46.472 -132.003   1198.7    882.9
     1     1    23     1    19     8     0     2  -104.0   46.331 -132.302   1271.4    870.6
     1     1    23     1    19     7     0     1  -105.0   46.217 -132.606   1309.1    866.0
     1     1    23     1    19     6     0     0  -106.0   46.123 -132.905   1322.4    865.5
     1     1    23     1    19     5     0     1  -107.0   46.051 -133.211   1329.2    865.3
     1     1    23     1    19     4     0     2  -108.0   46.001 -133.534   1334.7    864.2
     1     1    23     1    19     3     0     3  -109.0   45.968 -133.862   1338.8    863.7
     1     1    23     1    19     2     0     2  -110.0   45.952 -134.196   1350.5    862.6
     1     1    23     1    19     1     0     1  -111.0   45.952 -134.543   1377.1    859.2
     1     1    23     1    19     0     0     0  -112.0   45.963 -134.898   1416.8    854.1
     1     1    23     1    18    23     0     1  -113.0   45.981 -135.264   1465.1    848.3
     1     1    23     1    18    22     0     2  -114.0   46.010 -135.648   1510.2    842.0
     1     1    23     1    18    21     0     3  -115.0   46.050 -136.045   1539.2    838.1
     1     1    23     1    18    20     0     2  -116.0   46.107 -136.461   1556.1    836.6
     1     1    23     1    18    19     0     1  -117.0   46.187 -136.898   1569.5    834.8
     1     1    23     1    18    18     0     0  -118.0   46.289 -137.348   1593.3    833.1
     1     1    23     1    18    17     0     1  -119.0   46.410 -137.824   1651.4    827.1
     1     1    23     1    18    16     0     2  -120.0   46.546 -138.336   1739.5    815.5
