     8     1
    GDAS    22    12    22     0     0
    GDAS    22    12    29     0     0
    GDAS    23     1     1     0     0
    GDAS    23     1     8     0     0
    GDAS    23     1    15     0     0
    GDAS    23     1    22     0     0
    GDAS    23     1    29     0     0
    GDAS    23     2     1     0     0
     1 BACKWARD OMEGA   
    23     1    31    14   32.716  -96.748    15.0
     1 PRESSURE
     1     1    23     1    31    14     0     2     0.0   32.716  -96.748     15.0   1005.9
     1     1    23     1    31    13     0     1    -1.0   32.903  -96.738     19.1   1005.6
     1     1    23     1    31    12     0     0    -2.0   33.095  -96.720     25.6   1004.1
     1     1    23     1    31    11     0     1    -3.0   33.293  -96.688     34.3   1001.5
     1     1    23     1    31    10     0     2    -4.0   33.501  -96.641     42.9    999.3
     1     1    23     1    31     9     0     3    -5.0   33.721  -96.579     49.9    997.6
     1     1    23     1    31     8     0     2    -6.0   33.947  -96.515     56.0    996.8
     1     1    23     1    31     7     0     1    -7.0   34.177  -96.460     62.4    994.6
     1     1    23     1    31     6     0     0    -8.0   34.410  -96.412     68.2    992.3
     1     1    23     1    31     5     0     1    -9.0   34.643  -96.360     72.7    990.3
     1     1    23     1    31     4     0     2   -10.0   34.871  -96.294     74.3    988.8
     1     1    23     1    31     3     0     3   -11.0   35.089  -96.213     73.0    989.3
     1     1    23     1    31     2     0     2   -12.0   35.289  -96.128     69.9    991.3
     1     1    23     1    31     1     0     1   -13.0   35.469  -96.044     64.9    992.9
     1     1    23     1    31     0     0     0   -14.0   35.626  -95.960     57.7    994.2
     1     1    23     1    30    23     0     1   -15.0   35.771  -95.880     52.8    994.5
     1     1    23     1    30    22     0     2   -16.0   35.918  -95.809     54.1    993.8
     1     1    23     1    30    21     0     3   -17.0   36.071  -95.746     62.3    992.0
     1     1    23     1    30    20     0     2   -18.0   36.238  -95.681     76.4    989.0
     1     1    23     1    30    19     0     1   -19.0   36.421  -95.604     92.3    986.0
     1     1    23     1    30    18     0     0   -20.0   36.612  -95.515    104.0    983.5
     1     1    23     1    30    17     0     1   -21.0   36.812  -95.412    107.3    982.7
     1     1    23     1    30    16     0     2   -22.0   37.022  -95.294    107.0    983.1
     1     1    23     1    30    15     0     3   -23.0   37.241  -95.160    113.1    982.5
     1     1    23     1    30    14     0     2   -24.0   37.468  -95.019    121.8    980.0
     1     1    23     1    30    13     0     1   -25.0   37.702  -94.883    122.3    979.7
     1     1    23     1    30    12     0     0   -26.0   37.938  -94.756    116.0    981.8
     1     1    23     1    30    11     0     1   -27.0   38.174  -94.643    108.8    983.7
     1     1    23     1    30    10     0     2   -28.0   38.410  -94.545    103.5    983.9
     1     1    23     1    30     9     0     3   -29.0   38.650  -94.462     97.3    984.0
     1     1    23     1    30     8     0     2   -30.0   38.891  -94.390     87.6    984.6
     1     1    23     1    30     7     0     1   -31.0   39.126  -94.327     75.6    986.5
     1     1    23     1    30     6     0     0   -32.0   39.354  -94.273     65.6    988.6
     1     1    23     1    30     5     0     1   -33.0   39.577  -94.218     59.7    989.6
     1     1    23     1    30     4     0     2   -34.0   39.794  -94.153     57.7    990.0
     1     1    23     1    30     3     0     3   -35.0   40.010  -94.079     59.0    990.2
     1     1    23     1    30     2     0     2   -36.0   40.228  -94.009     63.1    986.6
     1     1    23     1    30     1     0     1   -37.0   40.455  -93.958     68.6    983.1
     1     1    23     1    30     0     0     0   -38.0   40.691  -93.928     74.4    980.0
     1     1    23     1    29    23     0     1   -39.0   40.934  -93.913     80.0    977.1
     1     1    23     1    29    22     0     2   -40.0   41.176  -93.909     85.8    975.7
     1     1    23     1    29    21     0     3   -41.0   41.411  -93.911     93.1    974.9
     1     1    23     1    29    20     0     2   -42.0   41.639  -93.918    103.0    974.5
     1     1    23     1    29    19     0     1   -43.0   41.871  -93.934    116.4    973.5
     1     1    23     1    29    18     0     0   -44.0   42.116  -93.959    134.4    971.6
     1     1    23     1    29    17     0     1   -45.0   42.362  -93.986    155.5    968.2
     1     1    23     1    29    16     0     2   -46.0   42.610  -94.006    176.0    964.9
     1     1    23     1    29    15     0     3   -47.0   42.879  -94.021    191.5    962.3
     1     1    23     1    29    14     0     2   -48.0   43.168  -94.042    202.5    961.8
     1     1    23     1    29    13     0     1   -49.0   43.455  -94.074    210.7    961.9
     1     1    23     1    29    12     0     0   -50.0   43.733  -94.117    212.0    962.5
     1     1    23     1    29    11     0     1   -51.0   43.993  -94.189    203.1    964.3
     1     1    23     1    29    10     0     2   -52.0   44.237  -94.299    193.0    965.8
     1     1    23     1    29     9     0     3   -53.0   44.471  -94.432    192.8    965.2
     1     1    23     1    29     8     0     2   -54.0   44.702  -94.571    201.5    963.0
     1     1    23     1    29     7     0     1   -55.0   44.941  -94.699    216.5    961.1
     1     1    23     1    29     6     0     0   -56.0   45.199  -94.823    235.5    955.7
     1     1    23     1    29     5     0     1   -57.0   45.472  -94.965    253.0    950.1
     1     1    23     1    29     4     0     2   -58.0   45.741  -95.134    267.8    946.8
     1     1    23     1    29     3     0     3   -59.0   45.997  -95.322    282.0    944.8
     1     1    23     1    29     2     0     2   -60.0   46.235  -95.523    291.9    942.1
     1     1    23     1    29     1     0     1   -61.0   46.455  -95.733    292.3    941.7
     1     1    23     1    29     0     0     0   -62.0   46.659  -95.953    281.8    943.0
     1     1    23     1    28    23     0     1   -63.0   46.838  -96.176    268.4    947.4
     1     1    23     1    28    22     0     2   -64.0   46.989  -96.383    264.3    950.9
     1     1    23     1    28    21     0     3   -65.0   47.114  -96.571    273.9    953.2
     1     1    23     1    28    20     0     2   -66.0   47.231  -96.751    285.5    952.9
     1     1    23     1    28    19     0     1   -67.0   47.349  -96.927    287.4    955.9
     1     1    23     1    28    18     0     0   -68.0   47.472  -97.101    287.4    955.7
     1     1    23     1    28    17     0     1   -69.0   47.616  -97.287    293.5    950.6
     1     1    23     1    28    16     0     2   -70.0   47.792  -97.492    310.5    942.7
     1     1    23     1    28    15     0     3   -71.0   47.995  -97.722    337.4    932.1
     1     1    23     1    28    14     0     2   -72.0   48.214  -97.963    366.4    924.3
     1     1    23     1    28    13     0     1   -73.0   48.442  -98.192    387.9    922.2
     1     1    23     1    28    12     0     0   -74.0   48.676  -98.409    402.1    921.1
     1     1    23     1    28    11     0     1   -75.0   48.910  -98.618    415.1    918.6
     1     1    23     1    28    10     0     2   -76.0   49.142  -98.811    428.7    915.8
     1     1    23     1    28     9     0     3   -77.0   49.381  -98.971    443.3    914.9
     1     1    23     1    28     8     0     2   -78.0   49.640  -99.108    456.2    913.9
     1     1    23     1    28     7     0     1   -79.0   49.930  -99.236    462.5    915.3
     1     1    23     1    28     6     0     0   -80.0   50.247  -99.362    461.1    916.2
     1     1    23     1    28     5     0     1   -81.0   50.577  -99.490    449.3    917.4
     1     1    23     1    28     4     0     2   -82.0   50.914  -99.613    407.0    921.0
     1     1    23     1    28     3     0     3   -83.0   51.252  -99.729    327.3    933.3
     1     1    23     1    28     2     0     2   -84.0   51.572  -99.852    246.9    949.2
     1     1    23     1    28     1     0     1   -85.0   51.877  -99.988    190.5    960.5
     1     1    23     1    28     0     0     0   -86.0   52.175 -100.128    151.6    962.3
     1     1    23     1    27    23     0     1   -87.0   52.453 -100.279    123.2    964.2
     1     1    23     1    27    22     0     2   -88.0   52.704 -100.451    109.5    966.6
     1     1    23     1    27    21     0     3   -89.0   52.939 -100.641    116.4    968.4
     1     1    23     1    27    20     0     2   -90.0   53.171 -100.830    132.7    965.8
     1     1    23     1    27    19     0     1   -91.0   53.408 -100.985    141.6    963.9
     1     1    23     1    27    18     0     0   -92.0   53.650 -101.098    145.0    963.5
     1     1    23     1    27    17     0     1   -93.0   53.904 -101.180    150.5    963.1
     1     1    23     1    27    16     0     2   -94.0   54.173 -101.244    162.0    959.8
     1     1    23     1    27    15     0     3   -95.0   54.462 -101.292    179.1    954.7
     1     1    23     1    27    14     0     2   -96.0   54.764 -101.325    196.8    948.6
     1     1    23     1    27    13     0     1   -97.0   55.070 -101.347    208.9    944.4
     1     1    23     1    27    12     0     0   -98.0   55.383 -101.361    219.3    943.3
     1     1    23     1    27    11     0     1   -99.0   55.707 -101.358    234.5    941.2
     1     1    23     1    27    10     0     2  -100.0   56.044 -101.323    253.3    938.2
     1     1    23     1    27     9     0     3  -101.0   56.386 -101.263    267.9    935.3
     1     1    23     1    27     8     0     2  -102.0   56.727 -101.190    277.3    934.1
     1     1    23     1    27     7     0     1  -103.0   57.065 -101.101    285.7    932.1
     1     1    23     1    27     6     0     0  -104.0   57.398 -100.988    292.2    927.8
     1     1    23     1    27     5     0     1  -105.0   57.720 -100.849    293.9    925.3
     1     1    23     1    27     4     0     2  -106.0   58.033 -100.678    292.3    925.4
     1     1    23     1    27     3     0     3  -107.0   58.343 -100.492    288.0    929.3
     1     1    23     1    27     2     0     2  -108.0   58.644 -100.327    275.6    934.3
     1     1    23     1    27     1     0     1  -109.0   58.927 -100.195    255.3    940.5
     1     1    23     1    27     0     0     0  -110.0   59.194 -100.086    233.2    944.5
     1     1    23     1    26    23     0     1  -111.0   59.437 -100.003    218.1    947.2
     1     1    23     1    26    22     0     2  -112.0   59.651  -99.952    214.6    947.3
     1     1    23     1    26    21     0     3  -113.0   59.838  -99.927    222.3    945.8
     1     1    23     1    26    20     0     2  -114.0   59.998  -99.914    234.0    943.6
     1     1    23     1    26    19     0     1  -115.0   60.133  -99.899    241.0    941.3
     1     1    23     1    26    18     0     0  -116.0   60.243  -99.881    242.7    940.3
     1     1    23     1    26    17     0     1  -117.0   60.333  -99.869    241.8    939.9
     1     1    23     1    26    16     0     2  -118.0   60.411  -99.868    238.7    939.8
     1     1    23     1    26    15     0     3  -119.0   60.475  -99.879    232.8    940.0
     1     1    23     1    26    14     0     2  -120.0   60.525  -99.911    228.1    940.8
