     8     1
    GDAS    22    12    22     0     0
    GDAS    22    12    29     0     0
    GDAS    23     1     1     0     0
    GDAS    23     1     8     0     0
    GDAS    23     1    15     0     0
    GDAS    23     1    22     0     0
    GDAS    23     1    29     0     0
    GDAS    23     2     1     0     0
     1 BACKWARD OMEGA   
    23     1    21    14   32.716  -96.748   133.0
     1 PRESSURE
     1     1    23     1    21    14     0     2     0.0   32.716  -96.748    133.0    982.4
     1     1    23     1    21    13     0     1    -1.0   32.580  -96.626    107.8    985.6
     1     1    23     1    21    12     0     0    -2.0   32.461  -96.480     85.9    989.2
     1     1    23     1    21    11     0     1    -3.0   32.364  -96.318     70.4    993.7
     1     1    23     1    21    10     0     2    -4.0   32.289  -96.150     61.9    997.2
     1     1    23     1    21     9     0     3    -5.0   32.234  -95.983     57.5   1000.0
     1     1    23     1    21     8     0     2    -6.0   32.186  -95.820     55.0   1000.0
     1     1    23     1    21     7     0     1    -7.0   32.136  -95.661     53.0    999.9
     1     1    23     1    21     6     0     0    -8.0   32.087  -95.506     51.4    999.8
     1     1    23     1    21     5     0     1    -9.0   32.043  -95.349     50.0    999.2
     1     1    23     1    21     4     0     2   -10.0   32.011  -95.181     48.8    998.5
     1     1    23     1    21     3     0     3   -11.0   31.997  -95.002     47.5    997.8
     1     1    23     1    21     2     0     2   -12.0   31.992  -94.832     49.7    999.7
     1     1    23     1    21     1     0     1   -13.0   31.987  -94.687     59.9   1000.1
     1     1    23     1    21     0     0     0   -14.0   31.987  -94.563     82.7    998.6
     1     1    23     1    20    23     0     1   -15.0   31.984  -94.440    113.2    994.8
     1     1    23     1    20    22     0     2   -16.0   31.970  -94.310    134.8    993.1
     1     1    23     1    20    21     0     3   -17.0   31.941  -94.183    139.3    993.0
     1     1    23     1    20    20     0     2   -18.0   31.928  -94.059    140.6    996.2
     1     1    23     1    20    19     0     1   -19.0   31.954  -93.925    154.4    995.5
     1     1    23     1    20    18     0     0   -20.0   32.022  -93.772    183.4    992.3
     1     1    23     1    20    17     0     1   -21.0   32.115  -93.603    215.9    987.2
     1     1    23     1    20    16     0     2   -22.0   32.223  -93.420    239.7    984.7
     1     1    23     1    20    15     0     3   -23.0   32.350  -93.226    256.8    983.2
     1     1    23     1    20    14     0     2   -24.0   32.506  -93.038    271.4    981.2
     1     1    23     1    20    13     0     1   -25.0   32.695  -92.878    284.8    980.0
     1     1    23     1    20    12     0     0   -26.0   32.915  -92.753    297.1    979.4
     1     1    23     1    20    11     0     1   -27.0   33.149  -92.674    310.3    977.9
     1     1    23     1    20    10     0     2   -28.0   33.381  -92.650    326.0    975.3
     1     1    23     1    20     9     0     3   -29.0   33.614  -92.681    344.8    971.9
     1     1    23     1    20     8     0     2   -30.0   33.844  -92.759    370.2    968.3
     1     1    23     1    20     7     0     1   -31.0   34.065  -92.882    407.4    963.2
     1     1    23     1    20     6     0     0   -32.0   34.278  -93.059    458.2    954.9
     1     1    23     1    20     5     0     1   -33.0   34.485  -93.286    511.2    942.4
     1     1    23     1    20     4     0     2   -34.0   34.688  -93.552    556.5    932.2
     1     1    23     1    20     3     0     3   -35.0   34.890  -93.861    605.5    920.6
     1     1    23     1    20     2     0     2   -36.0   35.090  -94.207    662.2    909.4
     1     1    23     1    20     1     0     1   -37.0   35.282  -94.565    711.4    902.5
     1     1    23     1    20     0     0     0   -38.0   35.458  -94.923    744.3    901.0
     1     1    23     1    19    23     0     1   -39.0   35.623  -95.276    776.1    899.6
     1     1    23     1    19    22     0     2   -40.0   35.790  -95.622    818.1    895.3
     1     1    23     1    19    21     0     3   -41.0   35.966  -95.957    867.2    891.2
     1     1    23     1    19    20     0     2   -42.0   36.172  -96.298    931.6    881.7
     1     1    23     1    19    19     0     1   -43.0   36.441  -96.667   1019.3    866.6
     1     1    23     1    19    18     0     0   -44.0   36.778  -97.066   1122.3    849.8
     1     1    23     1    19    17     0     1   -45.0   37.187  -97.489   1229.7    830.9
     1     1    23     1    19    16     0     2   -46.0   37.671  -97.924   1346.4    812.1
     1     1    23     1    19    15     0     3   -47.0   38.221  -98.361   1472.0    791.2
     1     1    23     1    19    14     0     2   -48.0   38.794  -98.786   1588.5    774.6
     1     1    23     1    19    13     0     1   -49.0   39.361  -99.181   1699.8    759.9
     1     1    23     1    19    12     0     0   -50.0   39.920  -99.539   1813.3    739.5
     1     1    23     1    19    11     0     1   -51.0   40.469  -99.831   1894.8    722.1
     1     1    23     1    19    10     0     2   -52.0   41.000 -100.026   1912.5    713.8
     1     1    23     1    19     9     0     3   -53.0   41.510 -100.123   1887.3    716.8
     1     1    23     1    19     8     0     2   -54.0   41.996 -100.116   1808.6    720.8
     1     1    23     1    19     7     0     1   -55.0   42.446 -100.007   1660.3    741.1
     1     1    23     1    19     6     0     0   -56.0   42.852  -99.829   1492.6    765.1
     1     1    23     1    19     5     0     1   -57.0   43.213  -99.603   1360.2    787.2
     1     1    23     1    19     4     0     2   -58.0   43.525  -99.336   1272.4    801.8
     1     1    23     1    19     3     0     3   -59.0   43.784  -99.034   1237.5    811.1
     1     1    23     1    19     2     0     2   -60.0   44.008  -98.720   1194.9    813.0
     1     1    23     1    19     1     0     1   -61.0   44.210  -98.413   1098.9    831.0
     1     1    23     1    19     0     0     0   -62.0   44.399  -98.101    995.7    848.0
     1     1    23     1    18    23     0     1   -63.0   44.561  -97.790    921.3    855.9
     1     1    23     1    18    22     0     2   -64.0   44.687  -97.500    874.1    853.8
     1     1    23     1    18    21     0     3   -65.0   44.783  -97.249    832.8    852.6
     1     1    23     1    18    20     0     2   -66.0   44.862  -97.034    786.8    852.7
     1     1    23     1    18    19     0     1   -67.0   44.933  -96.832    733.0    862.0
     1     1    23     1    18    18     0     0   -68.0   44.995  -96.630    681.1    875.4
     1     1    23     1    18    17     0     1   -69.0   45.046  -96.427    655.5    886.9
     1     1    23     1    18    16     0     2   -70.0   45.090  -96.233    658.0    891.3
     1     1    23     1    18    15     0     3   -71.0   45.133  -96.057    672.5    893.9
     1     1    23     1    18    14     0     2   -72.0   45.182  -95.906    690.9    892.7
     1     1    23     1    18    13     0     1   -73.0   45.236  -95.790    709.9    890.0
     1     1    23     1    18    12     0     0   -74.0   45.294  -95.707    725.1    887.5
     1     1    23     1    18    11     0     1   -75.0   45.355  -95.646    738.3    886.3
     1     1    23     1    18    10     0     2   -76.0   45.420  -95.600    751.8    884.1
     1     1    23     1    18     9     0     3   -77.0   45.493  -95.568    760.2    882.5
     1     1    23     1    18     8     0     2   -78.0   45.575  -95.549    771.4    881.7
     1     1    23     1    18     7     0     1   -79.0   45.667  -95.544    798.7    878.3
     1     1    23     1    18     6     0     0   -80.0   45.763  -95.559    849.7    872.7
     1     1    23     1    18     5     0     1   -81.0   45.873  -95.583    910.2    863.2
     1     1    23     1    18     4     0     2   -82.0   46.008  -95.589    955.4    857.1
     1     1    23     1    18     3     0     3   -83.0   46.171  -95.569    981.2    852.5
     1     1    23     1    18     2     0     2   -84.0   46.357  -95.530   1000.8    849.8
     1     1    23     1    18     1     0     1   -85.0   46.560  -95.491   1025.6    845.0
     1     1    23     1    18     0     0     0   -86.0   46.780  -95.447   1054.8    839.7
     1     1    23     1    17    23     0     1   -87.0   47.010  -95.390   1081.8    833.9
     1     1    23     1    17    22     0     2   -88.0   47.245  -95.317   1101.6    833.5
     1     1    23     1    17    21     0     3   -89.0   47.485  -95.232   1115.6    834.3
     1     1    23     1    17    20     0     2   -90.0   47.729  -95.127   1126.5    835.4
     1     1    23     1    17    19     0     1   -91.0   47.976  -94.996   1126.5    837.5
     1     1    23     1    17    18     0     0   -92.0   48.227  -94.825   1112.6    838.6
     1     1    23     1    17    17     0     1   -93.0   48.491  -94.604   1100.4    839.7
     1     1    23     1    17    16     0     2   -94.0   48.763  -94.345   1097.6    839.9
     1     1    23     1    17    15     0     3   -95.0   49.036  -94.055   1101.2    839.7
     1     1    23     1    17    14     0     2   -96.0   49.321  -93.741   1114.0    835.6
     1     1    23     1    17    13     0     1   -97.0   49.622  -93.423   1138.9    829.6
     1     1    23     1    17    12     0     0   -98.0   49.924  -93.121   1161.9    825.3
     1     1    23     1    17    11     0     1   -99.0   50.214  -92.834   1173.9    823.4
     1     1    23     1    17    10     0     2  -100.0   50.485  -92.557   1176.4    823.6
     1     1    23     1    17     9     0     3  -101.0   50.729  -92.299   1177.6    823.6
     1     1    23     1    17     8     0     2  -102.0   50.941  -92.055   1184.8    823.3
     1     1    23     1    17     7     0     1  -103.0   51.126  -91.816   1200.1    821.5
     1     1    23     1    17     6     0     0  -104.0   51.289  -91.585   1220.0    819.0
     1     1    23     1    17     5     0     1  -105.0   51.435  -91.373   1241.6    816.9
     1     1    23     1    17     4     0     2  -106.0   51.568  -91.192   1262.9    814.7
     1     1    23     1    17     3     0     3  -107.0   51.686  -91.040   1279.8    812.9
     1     1    23     1    17     2     0     2  -108.0   51.789  -90.924   1295.0    812.5
     1     1    23     1    17     1     0     1  -109.0   51.879  -90.857   1310.2    811.2
     1     1    23     1    17     0     0     0  -110.0   51.957  -90.833   1319.4    810.3
     1     1    23     1    16    23     0     1  -111.0   52.015  -90.852   1318.5    810.5
     1     1    23     1    16    22     0     2  -112.0   52.043  -90.914   1307.4    811.7
     1     1    23     1    16    21     0     3  -113.0   52.042  -91.017   1288.2    813.3
     1     1    23     1    16    20     0     2  -114.0   52.020  -91.149   1258.8    815.7
     1     1    23     1    16    19     0     1  -115.0   51.981  -91.295   1215.2    820.1
     1     1    23     1    16    18     0     0  -116.0   51.926  -91.453   1157.8    826.3
     1     1    23     1    16    17     0     1  -117.0   51.866  -91.607   1102.1    833.8
     1     1    23     1    16    16     0     2  -118.0   51.807  -91.752   1061.7    837.7
     1     1    23     1    16    15     0     3  -119.0   51.746  -91.890   1032.7    840.6
     1     1    23     1    16    14     0     2  -120.0   51.688  -92.026    997.2    842.5
