     8     1
    GDAS    22    12    22     0     0
    GDAS    22    12    29     0     0
    GDAS    23     1     1     0     0
    GDAS    23     1     8     0     0
    GDAS    23     1    15     0     0
    GDAS    23     1    22     0     0
    GDAS    23     1    29     0     0
    GDAS    23     2     1     0     0
     1 BACKWARD OMEGA   
    23     1    23    12   32.716  -96.748  1000.0
     1 PRESSURE
     1     1    23     1    23    12     0     0     0.0   32.716  -96.748   1000.0    886.6
     1     1    23     1    23    11     0     1    -1.0   32.858  -96.695   1016.0    886.6
     1     1    23     1    23    10     0     2    -2.0   32.985  -96.687   1051.5    882.2
     1     1    23     1    23     9     0     3    -3.0   33.096  -96.725   1104.5    876.1
     1     1    23     1    23     8     0     2    -4.0   33.204  -96.800   1163.0    867.3
     1     1    23     1    23     7     0     1    -5.0   33.319  -96.895   1205.6    861.0
     1     1    23     1    23     6     0     0    -6.0   33.441  -97.008   1224.6    857.0
     1     1    23     1    23     5     0     1    -7.0   33.578  -97.137   1224.5    855.0
     1     1    23     1    23     4     0     2    -8.0   33.733  -97.283   1223.8    853.2
     1     1    23     1    23     3     0     3    -9.0   33.901  -97.442   1229.1    850.1
     1     1    23     1    23     2     0     2   -10.0   34.079  -97.607   1222.2    846.6
     1     1    23     1    23     1     0     1   -11.0   34.263  -97.772   1185.8    847.2
     1     1    23     1    23     0     0     0   -12.0   34.448  -97.934   1111.6    851.9
     1     1    23     1    22    23     0     1   -13.0   34.632  -98.096   1031.9    861.1
     1     1    23     1    22    22     0     2   -14.0   34.816  -98.275    977.6    862.3
     1     1    23     1    22    21     0     3   -15.0   35.005  -98.479    936.0    861.1
     1     1    23     1    22    20     0     2   -16.0   35.198  -98.692    899.5    860.7
     1     1    23     1    22    19     0     1   -17.0   35.386  -98.888    858.0    859.1
     1     1    23     1    22    18     0     0   -18.0   35.571  -99.063    811.8    859.5
     1     1    23     1    22    17     0     1   -19.0   35.778  -99.228    789.0    858.5
     1     1    23     1    22    16     0     2   -20.0   36.029  -99.401    806.9    850.5
     1     1    23     1    22    15     0     3   -21.0   36.309  -99.582    851.4    843.7
     1     1    23     1    22    14     0     2   -22.0   36.604  -99.755    885.9    836.8
     1     1    23     1    22    13     0     1   -23.0   36.899  -99.918    884.7    836.1
     1     1    23     1    22    12     0     0   -24.0   37.197 -100.087    857.4    835.8
     1     1    23     1    22    11     0     1   -25.0   37.500 -100.259    836.3    833.0
     1     1    23     1    22    10     0     2   -26.0   37.799 -100.424    838.0    827.0
     1     1    23     1    22     9     0     3   -27.0   38.077 -100.593    862.2    820.6
     1     1    23     1    22     8     0     2   -28.0   38.348 -100.749    898.3    814.2
     1     1    23     1    22     7     0     1   -29.0   38.630 -100.872    935.9    809.1
     1     1    23     1    22     6     0     0   -30.0   38.909 -100.976    981.9    803.5
     1     1    23     1    22     5     0     1   -31.0   39.202 -101.071   1028.3    795.5
     1     1    23     1    22     4     0     2   -32.0   39.523 -101.167   1057.9    790.6
     1     1    23     1    22     3     0     3   -33.0   39.854 -101.268   1050.6    789.6
     1     1    23     1    22     2     0     2   -34.0   40.186 -101.382   1004.8    794.1
     1     1    23     1    22     1     0     1   -35.0   40.525 -101.519    951.8    798.6
     1     1    23     1    22     0     0     0   -36.0   40.866 -101.686    924.3    798.8
     1     1    23     1    21    23     0     1   -37.0   41.202 -101.876    941.2    791.8
     1     1    23     1    21    22     0     2   -38.0   41.524 -102.062   1003.7    779.9
     1     1    23     1    21    21     0     3   -39.0   41.821 -102.229   1101.4    766.7
     1     1    23     1    21    20     0     2   -40.0   42.113 -102.386   1184.6    755.0
     1     1    23     1    21    19     0     1   -41.0   42.422 -102.541   1194.2    758.4
     1     1    23     1    21    18     0     0   -42.0   42.735 -102.680   1115.2    773.5
     1     1    23     1    21    17     0     1   -43.0   43.027 -102.827    999.1    796.7
     1     1    23     1    21    16     0     2   -44.0   43.317 -103.017    912.3    810.8
     1     1    23     1    21    15     0     3   -45.0   43.666 -103.271    895.6    797.3
     1     1    23     1    21    14     0     2   -46.0   44.090 -103.598    955.0    758.9
     1     1    23     1    21    13     0     1   -47.0   44.528 -103.984   1098.3    750.0
     1     1    23     1    21    12     0     0   -48.0   44.936 -104.382   1261.6    756.3
     1     1    23     1    21    11     0     1   -49.0   45.316 -104.783   1355.0    751.3
     1     1    23     1    21    10     0     2   -50.0   45.688 -105.174   1386.7    754.9
     1     1    23     1    21     9     0     3   -51.0   46.053 -105.529   1342.1    769.8
     1     1    23     1    21     8     0     2   -52.0   46.404 -105.860   1296.9    784.9
     1     1    23     1    21     7     0     1   -53.0   46.773 -106.185   1311.4    778.6
     1     1    23     1    21     6     0     0   -54.0   47.171 -106.491   1328.8    772.4
     1     1    23     1    21     5     0     1   -55.0   47.574 -106.801   1296.9    781.5
     1     1    23     1    21     4     0     2   -56.0   47.987 -107.105   1225.7    797.7
     1     1    23     1    21     3     0     3   -57.0   48.410 -107.415   1108.5    804.2
     1     1    23     1    21     2     0     2   -58.0   48.811 -107.801    970.8    816.0
     1     1    23     1    21     1     0     1   -59.0   49.195 -108.243    858.3    825.6
     1     1    23     1    21     0     0     0   -60.0   49.549 -108.733    747.6    834.8
     1     1    23     1    20    23     0     1   -61.0   49.821 -109.295    618.8    855.7
     1     1    23     1    20    22     0     2   -62.0   50.004 -109.863    557.0    869.4
     1     1    23     1    20    21     0     3   -63.0   50.159 -110.352    551.5    866.0
     1     1    23     1    20    20     0     2   -64.0   50.298 -110.773    541.3    866.7
     1     1    23     1    20    19     0     1   -65.0   50.436 -111.141    525.8    870.4
     1     1    23     1    20    18     0     0   -66.0   50.590 -111.450    521.5    872.4
     1     1    23     1    20    17     0     1   -67.0   50.743 -111.722    522.9    871.9
     1     1    23     1    20    16     0     2   -68.0   50.885 -111.992    511.9    873.0
     1     1    23     1    20    15     0     3   -69.0   51.031 -112.267    501.8    870.9
     1     1    23     1    20    14     0     2   -70.0   51.170 -112.550    515.0    863.4
     1     1    23     1    20    13     0     1   -71.0   51.293 -112.844    543.9    854.7
     1     1    23     1    20    12     0     0   -72.0   51.410 -113.163    582.1    847.2
     1     1    23     1    20    11     0     1   -73.0   51.489 -113.485    635.9    838.2
     1     1    23     1    20    10     0     2   -74.0   51.515 -113.775    704.7    826.7
     1     1    23     1    20     9     0     3   -75.0   51.508 -114.033    785.5    813.9
     1     1    23     1    20     8     0     2   -76.0   51.478 -114.258    895.4    793.9
     1     1    23     1    20     7     0     1   -77.0   51.442 -114.452   1045.3    767.4
     1     1    23     1    20     6     0     0   -78.0   51.414 -114.626   1212.0    740.6
     1     1    23     1    20     5     0     1   -79.0   51.421 -114.806   1371.0    716.1
     1     1    23     1    20     4     0     2   -80.0   51.490 -115.015   1517.0    696.4
     1     1    23     1    20     3     0     3   -81.0   51.610 -115.258   1660.1    677.5
     1     1    23     1    20     2     0     2   -82.0   51.757 -115.559   1785.7    652.0
     1     1    23     1    20     1     0     1   -83.0   51.947 -115.917   1884.2    621.7
     1     1    23     1    20     0     0     0   -84.0   52.161 -116.276   1985.6    614.4
     1     1    23     1    19    23     0     1   -85.0   52.315 -116.634   2068.0    612.7
     1     1    23     1    19    22     0     2   -86.0   52.419 -117.006   2131.4    605.2
     1     1    23     1    19    21     0     3   -87.0   52.509 -117.396   2216.4    610.6
     1     1    23     1    19    20     0     2   -88.0   52.580 -117.830   2328.9    607.6
     1     1    23     1    19    19     0     1   -89.0   52.630 -118.303   2453.3    596.6
     1     1    23     1    19    18     0     0   -90.0   52.711 -118.778   2580.0    580.2
     1     1    23     1    19    17     0     1   -91.0   52.824 -119.251   2738.0    566.4
     1     1    23     1    19    16     0     2   -92.0   52.940 -119.724   2964.6    547.6
     1     1    23     1    19    15     0     3   -93.0   53.142 -120.193   3223.0    528.0
     1     1    23     1    19    14     0     2   -94.0   53.365 -120.693   3420.7    530.5
     1     1    23     1    19    13     0     1   -95.0   53.499 -121.271   3544.3    544.2
     1     1    23     1    19    12     0     0   -96.0   53.559 -121.964   3660.2    563.3
     1     1    23     1    19    11     0     1   -97.0   53.607 -122.678   3737.5    558.2
     1     1    23     1    19    10     0     2   -98.0   53.617 -123.341   3809.1    552.1
     1     1    23     1    19     9     0     3   -99.0   53.561 -123.954   3859.4    541.6
     1     1    23     1    19     8     0     2  -100.0   53.537 -124.515   3885.2    535.9
     1     1    23     1    19     7     0     1  -101.0   53.563 -125.063   3943.6    530.6
     1     1    23     1    19     6     0     0  -102.0   53.567 -125.606   4029.6    523.2
     1     1    23     1    19     5     0     1  -103.0   53.577 -126.166   4086.0    520.2
     1     1    23     1    19     4     0     2  -104.0   53.600 -126.827   4154.1    509.9
     1     1    23     1    19     3     0     3  -105.0   53.651 -127.601   4303.7    495.3
     1     1    23     1    19     2     0     2  -106.0   53.826 -128.400   4522.7    485.4
     1     1    23     1    19     1     0     1  -107.0   53.918 -129.184   4693.1    497.4
     1     1    23     1    19     0     0     0  -108.0   53.872 -129.894   4810.0    507.6
     1     1    23     1    18    23     0     1  -109.0   53.817 -130.550   4937.0    512.4
     1     1    23     1    18    22     0     2  -110.0   53.757 -131.179   4986.6    518.2
     1     1    23     1    18    21     0     3  -111.0   53.644 -131.767   4933.3    515.9
     1     1    23     1    18    20     0     2  -112.0   53.525 -132.325   4873.4    521.3
     1     1    23     1    18    19     0     1  -113.0   53.434 -132.878   4849.4    524.1
     1     1    23     1    18    18     0     0  -114.0   53.346 -133.449   4827.9    527.8
     1     1    23     1    18    17     0     1  -115.0   53.271 -134.050   4830.9    531.8
     1     1    23     1    18    16     0     2  -116.0   53.213 -134.678   4862.1    526.5
     1     1    23     1    18    15     0     3  -117.0   53.176 -135.359   4891.0    523.0
     1     1    23     1    18    14     0     2  -118.0   53.172 -136.119   4932.6    520.7
     1     1    23     1    18    13     0     1  -119.0   53.165 -136.903   4996.3    514.1
     1     1    23     1    18    12     0     0  -120.0   53.145 -137.705   5044.1    510.0
