     8     1
    GDAS    22    12    22     0     0
    GDAS    22    12    29     0     0
    GDAS    23     1     1     0     0
    GDAS    23     1     8     0     0
    GDAS    23     1    15     0     0
    GDAS    23     1    22     0     0
    GDAS    23     1    29     0     0
    GDAS    23     2     1     0     0
     1 BACKWARD OMEGA   
    23     1    27    15   32.716  -96.748    15.0
     1 PRESSURE
     1     1    23     1    27    15     0     3     0.0   32.716  -96.748     15.0   1004.1
     1     1    23     1    27    14     0     2    -1.0   32.587  -96.840     14.7   1003.5
     1     1    23     1    27    13     0     1    -2.0   32.463  -96.925     15.3   1002.7
     1     1    23     1    27    12     0     0    -3.0   32.345  -97.006     17.2   1001.6
     1     1    23     1    27    11     0     1    -4.0   32.230  -97.086     20.3    999.2
     1     1    23     1    27    10     0     2    -5.0   32.117  -97.171     24.3    996.8
     1     1    23     1    27     9     0     3    -6.0   32.007  -97.253     29.0    994.3
     1     1    23     1    27     8     0     2    -7.0   31.905  -97.336     35.7    992.3
     1     1    23     1    27     7     0     1    -8.0   31.820  -97.423     45.9    989.9
     1     1    23     1    27     6     0     0    -9.0   31.754  -97.507     59.3    987.3
     1     1    23     1    27     5     0     1   -10.0   31.706  -97.585     73.5    983.9
     1     1    23     1    27     4     0     2   -11.0   31.671  -97.652     85.9    981.4
     1     1    23     1    27     3     0     3   -12.0   31.654  -97.710     95.7    979.3
     1     1    23     1    27     2     0     2   -13.0   31.659  -97.761    102.9    977.5
     1     1    23     1    27     1     0     1   -14.0   31.689  -97.811    107.0    975.8
     1     1    23     1    27     0     0     0   -15.0   31.742  -97.863    107.1    974.5
     1     1    23     1    26    23     0     1   -16.0   31.815  -97.925    107.9    973.9
     1     1    23     1    26    22     0     2   -17.0   31.905  -98.007    115.5    971.7
     1     1    23     1    26    21     0     3   -18.0   32.013  -98.107    132.4    968.7
     1     1    23     1    26    20     0     2   -19.0   32.131  -98.220    154.5    964.9
     1     1    23     1    26    19     0     1   -20.0   32.256  -98.341    176.6    961.8
     1     1    23     1    26    18     0     0   -21.0   32.386  -98.468    199.8    958.8
     1     1    23     1    26    17     0     1   -22.0   32.525  -98.604    223.8    954.9
     1     1    23     1    26    16     0     2   -23.0   32.681  -98.751    248.2    951.5
     1     1    23     1    26    15     0     3   -24.0   32.862  -98.912    273.7    948.1
     1     1    23     1    26    14     0     2   -25.0   33.064  -99.082    304.2    944.1
     1     1    23     1    26    13     0     1   -26.0   33.282  -99.251    339.0    938.1
     1     1    23     1    26    12     0     0   -27.0   33.519  -99.419    372.8    931.9
     1     1    23     1    26    11     0     1   -28.0   33.777  -99.588    409.3    925.4
     1     1    23     1    26    10     0     2   -29.0   34.053  -99.766    464.2    915.4
     1     1    23     1    26     9     0     3   -30.0   34.354  -99.951    552.6    899.1
     1     1    23     1    26     8     0     2   -31.0   34.663 -100.128    653.6    878.0
     1     1    23     1    26     7     0     1   -32.0   34.965 -100.292    746.9    861.5
     1     1    23     1    26     6     0     0   -33.0   35.262 -100.445    831.7    845.5
     1     1    23     1    26     5     0     1   -34.0   35.578 -100.600    910.9    832.0
     1     1    23     1    26     4     0     2   -35.0   35.933 -100.759    999.6    818.7
     1     1    23     1    26     3     0     3   -36.0   36.324 -100.912   1092.1    805.6
     1     1    23     1    26     2     0     2   -37.0   36.727 -101.078   1173.0    793.3
     1     1    23     1    26     1     0     1   -38.0   37.129 -101.260   1234.7    780.7
     1     1    23     1    26     0     0     0   -39.0   37.536 -101.452   1267.0    771.6
     1     1    23     1    25    23     0     1   -40.0   37.948 -101.645   1254.7    768.6
     1     1    23     1    25    22     0     2   -41.0   38.361 -101.841   1234.3    768.6
     1     1    23     1    25    21     0     3   -42.0   38.772 -102.036   1260.2    757.6
     1     1    23     1    25    20     0     2   -43.0   39.190 -102.214   1319.9    743.6
     1     1    23     1    25    19     0     1   -44.0   39.623 -102.385   1357.8    736.9
     1     1    23     1    25    18     0     0   -45.0   40.075 -102.548   1338.3    738.5
     1     1    23     1    25    17     0     1   -46.0   40.569 -102.709   1316.9    741.8
     1     1    23     1    25    16     0     2   -47.0   41.116 -102.882   1344.4    736.2
     1     1    23     1    25    15     0     3   -48.0   41.679 -103.067   1371.8    730.8
     1     1    23     1    25    14     0     2   -49.0   42.225 -103.273   1357.6    737.5
     1     1    23     1    25    13     0     1   -50.0   42.745 -103.523   1337.9    749.3
     1     1    23     1    25    12     0     0   -51.0   43.281 -103.828   1401.9    728.7
     1     1    23     1    25    11     0     1   -52.0   43.856 -104.177   1586.9    674.4
     1     1    23     1    25    10     0     2   -53.0   44.411 -104.549   1807.1    672.4
     1     1    23     1    25     9     0     3   -54.0   44.896 -104.915   1922.3    683.8
     1     1    23     1    25     8     0     2   -55.0   45.340 -105.273   1982.7    690.7
     1     1    23     1    25     7     0     1   -56.0   45.778 -105.628   1994.5    700.3
     1     1    23     1    25     6     0     0   -57.0   46.192 -105.953   1961.1    714.5
     1     1    23     1    25     5     0     1   -58.0   46.599 -106.264   1928.4    716.0
     1     1    23     1    25     4     0     2   -59.0   47.027 -106.578   1945.3    712.6
     1     1    23     1    25     3     0     3   -60.0   47.459 -106.875   1975.3    711.5
     1     1    23     1    25     2     0     2   -61.0   47.878 -107.171   1964.8    720.9
     1     1    23     1    25     1     0     1   -62.0   48.289 -107.501   1896.6    724.9
     1     1    23     1    25     0     0     0   -63.0   48.695 -107.847   1781.7    732.7
     1     1    23     1    24    23     0     1   -64.0   49.087 -108.181   1701.8    741.5
     1     1    23     1    24    22     0     2   -65.0   49.469 -108.531   1687.7    740.3
     1     1    23     1    24    21     0     3   -66.0   49.834 -108.898   1671.3    741.3
     1     1    23     1    24    20     0     2   -67.0   50.191 -109.261   1622.7    751.5
     1     1    23     1    24    19     0     1   -68.0   50.564 -109.621   1551.6    763.9
     1     1    23     1    24    18     0     0   -69.0   50.925 -109.937   1480.7    776.9
     1     1    23     1    24    17     0     1   -70.0   51.279 -110.245   1414.6    780.3
     1     1    23     1    24    16     0     2   -71.0   51.664 -110.626   1374.7    780.9
     1     1    23     1    24    15     0     3   -72.0   52.046 -111.075   1347.4    775.3
     1     1    23     1    24    14     0     2   -73.0   52.421 -111.548   1332.9    782.4
     1     1    23     1    24    13     0     1   -74.0   52.780 -112.032   1364.2    785.3
     1     1    23     1    24    12     0     0   -75.0   53.120 -112.585   1246.8    778.2
     1     1    23     1    24    11     0     1   -76.0   53.435 -113.186   1042.9    823.1
     1     1    23     1    24    10     0     2   -77.0   53.754 -113.797    934.3    829.8
     1     1    23     1    24     9     0     3   -78.0   54.055 -114.449    851.6    835.8
     1     1    23     1    24     8     0     2   -79.0   54.329 -115.194    856.1    832.7
     1     1    23     1    24     7     0     1   -80.0   54.599 -116.062    823.7    813.9
     1     1    23     1    24     6     0     0   -81.0   54.781 -117.003    610.3    852.5
     1     1    23     1    24     5     0     1   -82.0   54.850 -117.903    486.0    869.4
     1     1    23     1    24     4     0     2   -83.0   54.827 -118.838    500.2    867.5
     1     1    23     1    24     3     0     3   -84.0   54.724 -119.942    835.1    801.0
     1     1    23     1    24     2     0     2   -85.0   54.667 -121.183   1314.9    739.8
     1     1    23     1    24     1     0     1   -86.0   54.591 -122.384   1432.8    752.8
     1     1    23     1    24     0     0     0   -87.0   54.476 -123.429   1256.2    786.3
     1     1    23     1    23    23     0     1   -88.0   54.346 -124.486   1080.0    802.2
     1     1    23     1    23    22     0     2   -89.0   54.135 -125.528   1152.9    781.2
     1     1    23     1    23    21     0     3   -90.0   53.801 -126.671   1052.8    790.0
     1     1    23     1    23    20     0     2   -91.0   53.438 -127.422   1070.3    779.9
     1     1    23     1    23    19     0     1   -92.0   53.041 -127.942    834.2    825.9
     1     1    23     1    23    18     0     0   -93.0   52.706 -128.178    502.3    912.7
     1     1    23     1    23    17     0     1   -94.0   52.443 -128.258    307.3    962.6
     1     1    23     1    23    16     0     2   -95.0   52.225 -128.260    215.6    979.8
     1     1    23     1    23    15     0     3   -96.0   52.058 -128.204    167.5    994.9
     1     1    23     1    23    14     0     2   -97.0   51.934 -128.111    140.3   1001.2
     1     1    23     1    23    13     0     1   -98.0   51.826 -127.987    123.5   1001.6
     1     1    23     1    23    12     0     0   -99.0   51.713 -127.838    114.1    989.9
     1     1    23     1    23    11     0     1  -100.0   51.588 -127.681    108.8    980.7
     1     1    23     1    23    10     0     2  -101.0   51.461 -127.527    108.3    975.2
     1     1    23     1    23     9     0     3  -102.0   51.347 -127.385    115.0    972.5
     1     1    23     1    23     8     0     2  -103.0   51.251 -127.257    133.9    970.8
     1     1    23     1    23     7     0     1  -104.0   51.171 -127.143    166.9    967.7
     1     1    23     1    23     6     0     0  -105.0   51.102 -127.041    208.1    964.7
     1     1    23     1    23     5     0     1  -106.0   51.037 -126.921    267.3    959.0
     1     1    23     1    23     4     0     2  -107.0   50.967 -126.760    359.4    938.7
     1     1    23     1    23     3     0     3  -108.0   50.887 -126.584    491.5    910.1
     1     1    23     1    23     2     0     2  -109.0   50.797 -126.449    629.3    879.6
     1     1    23     1    23     1     0     1  -110.0   50.720 -126.382    732.6    863.3
     1     1    23     1    23     0     0     0  -111.0   50.667 -126.369    808.0    855.0
     1     1    23     1    22    23     0     1  -112.0   50.631 -126.385    862.8    850.5
     1     1    23     1    22    22     0     2  -113.0   50.605 -126.421    901.2    848.6
     1     1    23     1    22    21     0     3  -114.0   50.593 -126.472    924.1    849.5
     1     1    23     1    22    20     0     2  -115.0   50.595 -126.528    940.4    852.6
     1     1    23     1    22    19     0     1  -116.0   50.613 -126.584    958.6    854.5
     1     1    23     1    22    18     0     0  -117.0   50.647 -126.639    975.2    856.6
     1     1    23     1    22    17     0     1  -118.0   50.698 -126.700    989.0    859.6
     1     1    23     1    22    16     0     2  -119.0   50.768 -126.777   1000.0    864.2
     1     1    23     1    22    15     0     3  -120.0   50.856 -126.878   1006.0    871.5
