     8     1
    GDAS    22    12    22     0     0
    GDAS    22    12    29     0     0
    GDAS    23     1     1     0     0
    GDAS    23     1     8     0     0
    GDAS    23     1    15     0     0
    GDAS    23     1    22     0     0
    GDAS    23     1    29     0     0
    GDAS    23     2     1     0     0
     1 BACKWARD OMEGA   
    23     1     3    15   32.716  -96.748    20.0
     1 PRESSURE
     1     1    23     1     3    15     0     3     0.0   32.716  -96.748     20.0    987.8
     1     1    23     1     3    14     0     2    -1.0   32.696  -96.922     24.4    986.6
     1     1    23     1     3    13     0     1    -2.0   32.683  -97.112     32.2    982.9
     1     1    23     1     3    12     0     0    -3.0   32.675  -97.323     44.5    977.4
     1     1    23     1     3    11     0     1    -4.0   32.665  -97.561     62.4    970.5
     1     1    23     1     3    10     0     2    -5.0   32.652  -97.845     89.6    961.4
     1     1    23     1     3     9     0     3    -6.0   32.633  -98.195    130.4    952.2
     1     1    23     1     3     8     0     2    -7.0   32.610  -98.603    171.9    941.9
     1     1    23     1     3     7     0     1    -8.0   32.581  -99.038    188.7    934.5
     1     1    23     1     3     6     0     0    -9.0   32.545  -99.473    194.0    931.6
     1     1    23     1     3     5     0     1   -10.0   32.525  -99.927    229.8    924.6
     1     1    23     1     3     4     0     2   -11.0   32.535 -100.443    326.1    904.4
     1     1    23     1     3     3     0     3   -12.0   32.588 -101.031    479.9    874.8
     1     1    23     1     3     2     0     2   -13.0   32.651 -101.695    721.6    841.7
     1     1    23     1     3     1     0     1   -14.0   32.672 -102.410   1055.9    792.4
     1     1    23     1     3     0     0     0   -15.0   32.654 -103.123   1292.6    748.3
     1     1    23     1     2    23     0     1   -16.0   32.637 -103.788   1445.6    746.7
     1     1    23     1     2    22     0     2   -17.0   32.621 -104.489   1607.6    708.1
     1     1    23     1     2    21     0     3   -18.0   32.581 -105.312   1622.8    687.3
     1     1    23     1     2    20     0     2   -19.0   32.537 -106.020   1199.9    720.1
     1     1    23     1     2    19     0     1   -20.0   32.493 -106.596    662.0    791.1
     1     1    23     1     2    18     0     0   -21.0   32.461 -107.121    558.4    817.7
     1     1    23     1     2    17     0     1   -22.0   32.415 -107.657    675.0    766.0
     1     1    23     1     2    16     0     2   -23.0   32.334 -108.216    781.8    752.2
     1     1    23     1     2    15     0     3   -24.0   32.237 -108.736    778.1    758.7
     1     1    23     1     2    14     0     2   -25.0   32.114 -109.160    714.6    782.4
     1     1    23     1     2    13     0     1   -26.0   31.951 -109.565    730.3    785.7
     1     1    23     1     2    12     0     0   -27.0   31.752 -110.049    889.9    763.6
     1     1    23     1     2    11     0     1   -28.0   31.515 -110.551   1033.8    755.7
     1     1    23     1     2    10     0     2   -29.0   31.261 -110.978   1050.9    767.0
     1     1    23     1     2     9     0     3   -30.0   31.038 -111.331   1011.1    789.6
     1     1    23     1     2     8     0     2   -31.0   30.841 -111.663    966.2    817.8
     1     1    23     1     2     7     0     1   -32.0   30.646 -112.023    914.1    841.3
     1     1    23     1     2     6     0     0   -33.0   30.475 -112.406    871.0    873.3
     1     1    23     1     2     5     0     1   -34.0   30.351 -112.791    818.7    901.1
     1     1    23     1     2     4     0     2   -35.0   30.242 -113.199    698.2    925.8
     1     1    23     1     2     3     0     3   -36.0   30.144 -113.672    567.1    947.8
     1     1    23     1     2     2     0     2   -37.0   30.088 -114.234    547.4    938.9
     1     1    23     1     2     1     0     1   -38.0   30.089 -114.911    754.5    874.3
     1     1    23     1     2     0     0     0   -39.0   30.146 -115.582   1171.3    839.1
     1     1    23     1     1    23     0     1   -40.0   30.241 -116.134   1303.3    832.1
     1     1    23     1     1    22     0     2   -41.0   30.379 -116.605   1202.3    874.9
     1     1    23     1     1    21     0     3   -42.0   30.526 -117.090   1173.6    883.3
     1     1    23     1     1    20     0     2   -43.0   30.693 -117.589   1190.5    878.3
     1     1    23     1     1    19     0     1   -44.0   30.895 -118.100   1239.5    875.4
     1     1    23     1     1    18     0     0   -45.0   31.128 -118.606   1327.1    864.7
     1     1    23     1     1    17     0     1   -46.0   31.406 -119.100   1408.9    852.8
     1     1    23     1     1    16     0     2   -47.0   31.743 -119.593   1457.8    847.5
     1     1    23     1     1    15     0     3   -48.0   32.120 -120.087   1438.0    845.5
     1     1    23     1     1    14     0     2   -49.0   32.524 -120.578   1378.5    858.0
     1     1    23     1     1    13     0     1   -50.0   32.971 -121.063   1360.2    860.5
     1     1    23     1     1    12     0     0   -51.0   33.459 -121.549   1406.8    856.6
     1     1    23     1     1    11     0     1   -52.0   33.963 -122.036   1509.9    843.8
     1     1    23     1     1    10     0     2   -53.0   34.476 -122.494   1623.1    829.5
     1     1    23     1     1     9     0     3   -54.0   34.990 -122.910   1741.5    819.3
     1     1    23     1     1     8     0     2   -55.0   35.503 -123.289   1833.2    805.0
     1     1    23     1     1     7     0     1   -56.0   36.041 -123.639   1866.0    804.1
     1     1    23     1     1     6     0     0   -57.0   36.598 -123.956   1852.7    804.3
     1     1    23     1     1     5     0     1   -58.0   37.169 -124.238   1812.2    810.6
     1     1    23     1     1     4     0     2   -59.0   37.753 -124.479   1833.5    814.1
     1     1    23     1     1     3     0     3   -60.0   38.334 -124.670   1925.8    799.2
     1     1    23     1     1     2     0     2   -61.0   38.896 -124.818   2023.1    788.3
     1     1    23     1     1     1     0     1   -62.0   39.419 -124.929   2107.8    778.7
     1     1    23     1     1     0     0     0   -63.0   39.902 -125.021   2197.1    772.7
     1     1    22    12    31    23     0     1   -64.0   40.327 -125.109   2304.8    761.4
     1     1    22    12    31    22     0     2   -65.0   40.690 -125.190   2389.4    750.0
     1     1    22    12    31    21     0     3   -66.0   41.010 -125.266   2416.4    747.4
     1     1    22    12    31    20     0     2   -67.0   41.297 -125.353   2410.5    751.0
     1     1    22    12    31    19     0     1   -68.0   41.554 -125.466   2432.0    752.2
     1     1    22    12    31    18     0     0   -69.0   41.785 -125.604   2549.1    744.6
     1     1    22    12    31    17     0     1   -70.0   42.006 -125.786   2796.8    720.9
     1     1    22    12    31    16     0     2   -71.0   42.233 -126.059   3096.4    685.9
     1     1    22    12    31    15     0     3   -72.0   42.458 -126.449   3228.9    665.3
     1     1    22    12    31    14     0     2   -73.0   42.665 -126.918   3152.0    676.3
     1     1    22    12    31    13     0     1   -74.0   42.832 -127.430   3061.9    695.3
     1     1    22    12    31    12     0     0   -75.0   42.953 -127.995   3134.2    691.4
     1     1    22    12    31    11     0     1   -76.0   43.038 -128.631   3289.2    668.1
     1     1    22    12    31    10     0     2   -77.0   43.096 -129.298   3427.1    657.0
     1     1    22    12    31     9     0     3   -78.0   43.120 -129.974   3635.0    646.0
     1     1    22    12    31     8     0     2   -79.0   43.146 -130.677   3877.8    615.1
     1     1    22    12    31     7     0     1   -80.0   43.201 -131.406   4021.9    603.9
     1     1    22    12    31     6     0     0   -81.0   43.295 -132.148   4120.0    598.9
     1     1    22    12    31     5     0     1   -82.0   43.417 -132.932   4219.2    590.1
     1     1    22    12    31     4     0     2   -83.0   43.539 -133.790   4241.1    587.8
     1     1    22    12    31     3     0     3   -84.0   43.671 -134.712   4206.0    590.2
     1     1    22    12    31     2     0     2   -85.0   43.792 -135.653   4159.8    594.2
     1     1    22    12    31     1     0     1   -86.0   43.853 -136.611   4174.2    592.7
     1     1    22    12    31     0     0     0   -87.0   43.898 -137.603   4242.5    588.0
     1     1    22    12    30    23     0     1   -88.0   43.930 -138.629   4376.3    574.7
     1     1    22    12    30    22     0     2   -89.0   43.885 -139.655   4435.8    570.6
     1     1    22    12    30    21     0     3   -90.0   43.819 -140.700   4471.7    568.5
     1     1    22    12    30    20     0     2   -91.0   43.749 -141.745   4541.5    562.8
     1     1    22    12    30    19     0     1   -92.0   43.635 -142.748   4603.2    556.9
     1     1    22    12    30    18     0     0   -93.0   43.474 -143.762   4620.2    555.5
     1     1    22    12    30    17     0     1   -94.0   43.322 -144.771   4632.8    555.1
     1     1    22    12    30    16     0     2   -95.0   43.168 -145.750   4658.5    552.1
     1     1    22    12    30    15     0     3   -96.0   42.979 -146.699   4691.5    550.3
     1     1    22    12    30    14     0     2   -97.0   42.794 -147.675   4775.2    543.0
     1     1    22    12    30    13     0     1   -98.0   42.603 -148.680   4828.4    538.7
     1     1    22    12    30    12     0     0   -99.0   42.398 -149.694   4829.1    538.9
     1     1    22    12    30    11     0     1  -100.0   42.212 -150.700   4826.6    539.0
     1     1    22    12    30    10     0     2  -101.0   42.006 -151.728   4821.0    539.3
     1     1    22    12    30     9     0     3  -102.0   41.762 -152.796   4813.8    539.3
     1     1    22    12    30     8     0     2  -103.0   41.542 -153.868   4776.0    541.8
     1     1    22    12    30     7     0     1  -104.0   41.309 -154.921   4749.0    544.6
     1     1    22    12    30     6     0     0  -105.0   41.034 -155.970   4751.0    543.6
     1     1    22    12    30     5     0     1  -106.0   40.761 -157.038   4775.0    541.7
     1     1    22    12    30     4     0     2  -107.0   40.506 -158.093   4793.8    540.0
     1     1    22    12    30     3     0     3  -108.0   40.258 -159.120   4814.5    538.8
     1     1    22    12    30     2     0     2  -109.0   40.003 -160.136   4869.2    534.3
     1     1    22    12    30     1     0     1  -110.0   39.753 -161.180   4917.9    530.3
     1     1    22    12    30     0     0     0  -111.0   39.548 -162.216   4947.2    528.3
     1     1    22    12    29    23     0     1  -112.0   39.366 -163.237   4976.2    526.7
     1     1    22    12    29    22     0     2  -113.0   39.183 -164.265   5016.3    524.0
     1     1    22    12    29    21     0     3  -114.0   39.025 -165.320   5052.9    521.4
     1     1    22    12    29    20     0     2  -115.0   38.899 -166.378   5046.4    521.9
     1     1    22    12    29    19     0     1  -116.0   38.786 -167.434   5025.5    522.9
     1     1    22    12    29    18     0     0  -117.0   38.729 -168.499   4993.0    525.7
     1     1    22    12    29    17     0     1  -118.0   38.714 -169.561   4986.1    525.9
     1     1    22    12    29    16     0     2  -119.0   38.707 -170.639   5013.8    523.2
     1     1    22    12    29    15     0     3  -120.0   38.747 -171.739   5041.5    521.4
