     8     1
    GDAS    22    12    22     0     0
    GDAS    22    12    29     0     0
    GDAS    23     1     1     0     0
    GDAS    23     1     8     0     0
    GDAS    23     1    15     0     0
    GDAS    23     1    22     0     0
    GDAS    23     1    29     0     0
    GDAS    23     2     1     0     0
     1 BACKWARD OMEGA   
    23     1    29    11   32.716  -96.748    10.0
     1 PRESSURE
     1     1    23     1    29    11     0     1     0.0   32.716  -96.748     10.0    994.5
     1     1    23     1    29    10     0     2    -1.0   32.674  -96.844      9.9    993.4
     1     1    23     1    29     9     0     3    -2.0   32.590  -96.938     10.7    992.1
     1     1    23     1    29     8     0     2    -3.0   32.475  -97.033     12.2    990.6
     1     1    23     1    29     7     0     1    -4.0   32.342  -97.126     13.8    988.3
     1     1    23     1    29     6     0     0    -5.0   32.194  -97.217     15.0    986.2
     1     1    23     1    29     5     0     1    -6.0   32.030  -97.312     16.0    984.2
     1     1    23     1    29     4     0     2    -7.0   31.849  -97.422     17.2    982.8
     1     1    23     1    29     3     0     3    -8.0   31.658  -97.544     18.2    981.4
     1     1    23     1    29     2     0     2    -9.0   31.466  -97.668     19.2    979.7
     1     1    23     1    29     1     0     1   -10.0   31.273  -97.783     20.9    978.0
     1     1    23     1    29     0     0     0   -11.0   31.074  -97.886     25.2    976.1
     1     1    23     1    28    23     0     1   -12.0   30.876  -97.981     32.3    973.6
     1     1    23     1    28    22     0     2   -13.0   30.687  -98.078     38.3    971.2
     1     1    23     1    28    21     0     3   -14.0   30.505  -98.173     38.6    969.2
     1     1    23     1    28    20     0     2   -15.0   30.328  -98.262     35.0    969.1
     1     1    23     1    28    19     0     1   -16.0   30.156  -98.341     29.5    969.0
     1     1    23     1    28    18     0     0   -17.0   29.996  -98.405     21.5    970.0
     1     1    23     1    28    17     0     1   -18.0   29.855  -98.445     15.2    974.5
     1     1    23     1    28    16     0     2   -19.0   29.740  -98.461     12.0    977.9
     1     1    23     1    28    15     0     3   -20.0   29.649  -98.457     10.4    981.0
     1     1    23     1    28    14     0     2   -21.0   29.575  -98.443      9.4    983.4
     1     1    23     1    28    13     0     1   -22.0   29.508  -98.428      8.4    985.5
     1     1    23     1    28    12     0     0   -23.0   29.447  -98.413      7.3    987.4
     1     1    23     1    28    11     0     1   -24.0   29.394  -98.389      6.0    989.5
     1     1    23     1    28    10     0     2   -25.0   29.350  -98.346      4.3    991.6
     1     1    23     1    28     9     0     3   -26.0   29.317  -98.284      2.4    993.6
     1     1    23     1    28     8     0     2   -27.0   29.287  -98.207      0.4    996.3
     1     1    23     1    28     7     0     1   -28.0   29.253  -98.117      0.0    999.2
     1     1    23     1    28     6     0     0   -29.0   29.216  -98.012      0.0   1002.2
     1     1    23     1    28     5     0     1   -30.0   29.183  -97.901      0.0   1004.9
     1     1    23     1    28     4     0     2   -31.0   29.160  -97.793      0.0   1007.5
     1     1    23     1    28     3     0     3   -32.0   29.146  -97.688      0.0   1009.8
     1     1    23     1    28     2     0     2   -33.0   29.136  -97.584      0.0   1011.0
     1     1    23     1    28     1     0     1   -34.0   29.128  -97.482      0.0   1012.0
     1     1    23     1    28     0     0     0   -35.0   29.123  -97.387      0.0   1012.9
     1     1    23     1    27    23     0     1   -36.0   29.120  -97.301      0.3   1013.6
     1     1    23     1    27    22     0     2   -37.0   29.116  -97.224      0.9   1014.3
     1     1    23     1    27    21     0     3   -38.0   29.111  -97.153      1.5   1014.8
     1     1    23     1    27    20     0     2   -39.0   29.099  -97.086      2.1   1016.5
     1     1    23     1    27    19     0     1   -40.0   29.075  -97.022      2.7   1018.2
     1     1    23     1    27    18     0     0   -41.0   29.039  -96.962      3.1   1019.8
     1     1    23     1    27    17     0     1   -42.0   29.001  -96.904      3.4   1020.2
     1     1    23     1    27    16     0     2   -43.0   28.969  -96.847      3.6   1020.5
     1     1    23     1    27    15     0     3   -44.0   28.942  -96.790      3.6   1020.8
     1     1    23     1    27    14     0     2   -45.0   28.924  -96.730      3.6   1021.0
     1     1    23     1    27    13     0     1   -46.0   28.917  -96.668      3.6   1021.2
     1     1    23     1    27    12     0     0   -47.0   28.922  -96.604      3.8   1021.3
     1     1    23     1    27    11     0     1   -48.0   28.933  -96.545      4.1   1021.3
     1     1    23     1    27    10     0     2   -49.0   28.945  -96.494      4.5   1021.3
     1     1    23     1    27     9     0     3   -50.0   28.956  -96.451      5.0   1021.3
     1     1    23     1    27     8     0     2   -51.0   28.969  -96.415      5.5   1022.6
     1     1    23     1    27     7     0     1   -52.0   28.984  -96.382      6.1   1024.0
     1     1    23     1    27     6     0     0   -53.0   29.002  -96.353      6.6   1025.3
     1     1    23     1    27     5     0     1   -54.0   29.025  -96.326      7.3   1025.3
     1     1    23     1    27     4     0     2   -55.0   29.057  -96.299      8.4   1025.1
     1     1    23     1    27     3     0     3   -56.0   29.095  -96.271      9.9   1025.0
     1     1    23     1    27     2     0     2   -57.0   29.140  -96.244     11.6   1023.5
     1     1    23     1    27     1     0     1   -58.0   29.193  -96.217     13.3   1022.0
     1     1    23     1    27     0     0     0   -59.0   29.254  -96.191     14.9   1020.7
     1     1    23     1    26    23     0     1   -60.0   29.326  -96.171     17.1   1020.3
     1     1    23     1    26    22     0     2   -61.0   29.411  -96.161     20.3   1019.6
     1     1    23     1    26    21     0     3   -62.0   29.509  -96.163     24.7   1018.6
     1     1    23     1    26    20     0     2   -63.0   29.611  -96.172     29.7   1018.1
     1     1    23     1    26    19     0     1   -64.0   29.707  -96.186     34.9   1017.4
     1     1    23     1    26    18     0     0   -65.0   29.796  -96.206     39.9   1016.8
     1     1    23     1    26    17     0     1   -66.0   29.884  -96.224     43.2   1015.4
     1     1    23     1    26    16     0     2   -67.0   29.979  -96.231     42.8   1014.5
     1     1    23     1    26    15     0     3   -68.0   30.082  -96.227     38.7   1014.6
     1     1    23     1    26    14     0     2   -69.0   30.189  -96.219     36.0   1014.4
     1     1    23     1    26    13     0     1   -70.0   30.300  -96.217     38.2   1012.9
     1     1    23     1    26    12     0     0   -71.0   30.412  -96.225     44.7   1011.0
     1     1    23     1    26    11     0     1   -72.0   30.525  -96.236     53.4   1009.1
     1     1    23     1    26    10     0     2   -73.0   30.641  -96.239     61.7   1006.9
     1     1    23     1    26     9     0     3   -74.0   30.761  -96.230     68.5   1004.9
     1     1    23     1    26     8     0     2   -75.0   30.888  -96.225     77.2   1003.7
     1     1    23     1    26     7     0     1   -76.0   31.035  -96.241     93.3   1001.4
     1     1    23     1    26     6     0     0   -77.0   31.210  -96.285    119.6    997.8
     1     1    23     1    26     5     0     1   -78.0   31.407  -96.355    149.4    992.3
     1     1    23     1    26     4     0     2   -79.0   31.612  -96.445    177.6    987.1
     1     1    23     1    26     3     0     3   -80.0   31.819  -96.552    214.8    981.1
     1     1    23     1    26     2     0     2   -81.0   32.031  -96.680    266.1    971.4
     1     1    23     1    26     1     0     1   -82.0   32.246  -96.824    318.7    961.7
     1     1    23     1    26     0     0     0   -83.0   32.463  -96.960    365.2    955.7
     1     1    23     1    25    23     0     1   -84.0   32.686  -97.099    407.3    949.6
     1     1    23     1    25    22     0     2   -85.0   32.920  -97.254    440.1    942.6
     1     1    23     1    25    21     0     3   -86.0   33.171  -97.426    460.3    935.9
     1     1    23     1    25    20     0     2   -87.0   33.424  -97.606    475.7    932.0
     1     1    23     1    25    19     0     1   -88.0   33.656  -97.795    490.0    928.3
     1     1    23     1    25    18     0     0   -89.0   33.868  -97.995    496.5    926.4
     1     1    23     1    25    17     0     1   -90.0   34.085  -98.181    501.9    925.3
     1     1    23     1    25    16     0     2   -91.0   34.341  -98.325    509.3    919.3
     1     1    23     1    25    15     0     3   -92.0   34.656  -98.426    512.8    913.8
     1     1    23     1    25    14     0     2   -93.0   35.019  -98.505    505.9    908.0
     1     1    23     1    25    13     0     1   -94.0   35.404  -98.589    497.6    905.7
     1     1    23     1    25    12     0     0   -95.0   35.807  -98.676    496.7    898.7
     1     1    23     1    25    11     0     1   -96.0   36.226  -98.756    499.7    894.8
     1     1    23     1    25    10     0     2   -97.0   36.647  -98.819    500.4    893.8
     1     1    23     1    25     9     0     3   -98.0   37.060  -98.859    492.0    895.0
     1     1    23     1    25     8     0     2   -99.0   37.457  -98.885    483.0    894.2
     1     1    23     1    25     7     0     1  -100.0   37.827  -98.900    478.4    891.7
     1     1    23     1    25     6     0     0  -101.0   38.162  -98.898    472.5    892.1
     1     1    23     1    25     5     0     1  -102.0   38.472  -98.893    463.1    895.6
     1     1    23     1    25     4     0     2  -103.0   38.781  -98.888    449.8    899.3
     1     1    23     1    25     3     0     3  -104.0   39.091  -98.870    433.2    902.6
     1     1    23     1    25     2     0     2  -105.0   39.377  -98.862    421.5    903.3
     1     1    23     1    25     1     0     1  -106.0   39.629  -98.878    414.0    901.9
     1     1    23     1    25     0     0     0  -107.0   39.868  -98.905    400.5    901.0
     1     1    23     1    24    23     0     1  -108.0   40.087  -98.965    379.6    901.0
     1     1    23     1    24    22     0     2  -109.0   40.271  -99.081    353.6    900.9
     1     1    23     1    24    21     0     3  -110.0   40.427  -99.244    328.3    900.6
     1     1    23     1    24    20     0     2  -111.0   40.560  -99.432    315.7    900.1
     1     1    23     1    24    19     0     1  -112.0   40.664  -99.635    322.6    896.2
     1     1    23     1    24    18     0     0  -113.0   40.752  -99.839    344.6    890.4
     1     1    23     1    24    17     0     1  -114.0   40.824 -100.056    379.7    882.9
     1     1    23     1    24    16     0     2  -115.0   40.885 -100.305    430.4    873.5
     1     1    23     1    24    15     0     3  -116.0   40.955 -100.566    528.4    861.0
     1     1    23     1    24    14     0     2  -117.0   41.026 -100.828    657.6    837.8
     1     1    23     1    24    13     0     1  -118.0   41.063 -101.134    722.0    821.7
     1     1    23     1    24    12     0     0  -119.0   41.093 -101.503    717.5    818.2
     1     1    23     1    24    11     0     1  -120.0   41.150 -101.902    726.9    813.0
