     8     1
    GDAS    22    12    22     0     0
    GDAS    22    12    29     0     0
    GDAS    23     1     1     0     0
    GDAS    23     1     8     0     0
    GDAS    23     1    15     0     0
    GDAS    23     1    22     0     0
    GDAS    23     1    29     0     0
    GDAS    23     2     1     0     0
     1 BACKWARD OMEGA   
    23     1    11    11   32.716  -96.748   130.0
     1 PRESSURE
     1     1    23     1    11    11     0     1     0.0   32.716  -96.748    130.0    976.5
     1     1    23     1    11    10     0     2    -1.0   32.599  -97.089    137.2    973.1
     1     1    23     1    11     9     0     3    -2.0   32.487  -97.467    161.8    963.0
     1     1    23     1    11     8     0     2    -3.0   32.385  -97.897    217.0    950.5
     1     1    23     1    11     7     0     1    -4.0   32.295  -98.396    299.5    933.6
     1     1    23     1    11     6     0     0    -5.0   32.218  -98.906    353.8    918.7
     1     1    23     1    11     5     0     1    -6.0   32.171  -99.413    345.8    912.2
     1     1    23     1    11     4     0     2    -7.0   32.163  -99.912    302.6    913.9
     1     1    23     1    11     3     0     3    -8.0   32.169 -100.413    297.0    912.1
     1     1    23     1    11     2     0     2    -9.0   32.168 -100.941    372.5    895.7
     1     1    23     1    11     1     0     1   -10.0   32.151 -101.471    497.5    871.2
     1     1    23     1    11     0     0     0   -11.0   32.110 -101.984    627.7    851.0
     1     1    23     1    10    23     0     1   -12.0   32.070 -102.488    722.8    834.0
     1     1    23     1    10    22     0     2   -13.0   32.045 -102.978    734.9    829.2
     1     1    23     1    10    21     0     3   -14.0   32.012 -103.482    624.3    837.1
     1     1    23     1    10    20     0     2   -15.0   31.960 -104.001    472.8    861.5
     1     1    23     1    10    19     0     1   -16.0   31.895 -104.414    304.3    857.1
     1     1    23     1    10    18     0     0   -17.0   31.811 -104.652    207.8    865.9
     1     1    23     1    10    17     0     1   -18.0   31.724 -104.798    173.7    859.2
     1     1    23     1    10    16     0     2   -19.0   31.650 -104.898    161.9    855.5
     1     1    23     1    10    15     0     3   -20.0   31.591 -104.971    164.6    852.1
     1     1    23     1    10    14     0     2   -21.0   31.542 -105.047    159.3    848.2
     1     1    23     1    10    13     0     1   -22.0   31.494 -105.132    133.4    850.3
     1     1    23     1    10    12     0     0   -23.0   31.447 -105.218    103.5    852.2
     1     1    23     1    10    11     0     1   -24.0   31.394 -105.296     81.0    854.0
     1     1    23     1    10    10     0     2   -25.0   31.335 -105.362     66.5    854.2
     1     1    23     1    10     9     0     3   -26.0   31.273 -105.421     54.7    854.5
     1     1    23     1    10     8     0     2   -27.0   31.214 -105.474     48.0    855.1
     1     1    23     1    10     7     0     1   -28.0   31.163 -105.525     50.7    854.4
     1     1    23     1    10     6     0     0   -29.0   31.120 -105.576     64.4    852.5
     1     1    23     1    10     5     0     1   -30.0   31.083 -105.633     81.4    848.9
     1     1    23     1    10     4     0     2   -31.0   31.055 -105.696     92.8    847.1
     1     1    23     1    10     3     0     3   -32.0   31.036 -105.759     96.6    846.1
     1     1    23     1    10     2     0     2   -33.0   31.019 -105.830     98.6    846.0
     1     1    23     1    10     1     0     1   -34.0   30.997 -105.923    104.1    844.4
     1     1    23     1    10     0     0     0   -35.0   30.968 -106.037    106.3    844.4
     1     1    23     1     9    23     0     1   -36.0   30.938 -106.152    106.5    848.0
     1     1    23     1     9    22     0     2   -37.0   30.910 -106.258    107.7    850.5
     1     1    23     1     9    21     0     3   -38.0   30.880 -106.357    108.8    852.8
     1     1    23     1     9    20     0     2   -39.0   30.850 -106.439    110.6    855.1
     1     1    23     1     9    19     0     1   -40.0   30.824 -106.495    114.0    856.5
     1     1    23     1     9    18     0     0   -41.0   30.799 -106.530    119.5    857.1
     1     1    23     1     9    17     0     1   -42.0   30.773 -106.556    124.8    856.4
     1     1    23     1     9    16     0     2   -43.0   30.745 -106.580    127.4    856.0
     1     1    23     1     9    15     0     3   -44.0   30.713 -106.605    128.0    855.8
     1     1    23     1     9    14     0     2   -45.0   30.679 -106.633    132.0    855.3
     1     1    23     1     9    13     0     1   -46.0   30.645 -106.671    143.9    853.4
     1     1    23     1     9    12     0     0   -47.0   30.609 -106.720    163.2    850.7
     1     1    23     1     9    11     0     1   -48.0   30.577 -106.775    184.0    848.0
     1     1    23     1     9    10     0     2   -49.0   30.553 -106.830    200.7    846.6
     1     1    23     1     9     9     0     3   -50.0   30.540 -106.885    213.8    845.8
     1     1    23     1     9     8     0     2   -51.0   30.532 -106.938    224.1    845.4
     1     1    23     1     9     7     0     1   -52.0   30.526 -106.987    231.0    845.3
     1     1    23     1     9     6     0     0   -53.0   30.525 -107.034    233.8    844.3
     1     1    23     1     9     5     0     1   -54.0   30.526 -107.071    238.6    843.0
     1     1    23     1     9     4     0     2   -55.0   30.527 -107.091    250.5    841.0
     1     1    23     1     9     3     0     3   -56.0   30.526 -107.093    269.7    838.7
     1     1    23     1     9     2     0     2   -57.0   30.538 -107.087    285.4    835.8
     1     1    23     1     9     1     0     1   -58.0   30.571 -107.086    287.6    836.2
     1     1    23     1     9     0     0     0   -59.0   30.624 -107.090    281.4    838.3
     1     1    23     1     8    23     0     1   -60.0   30.670 -107.090    285.1    841.0
     1     1    23     1     8    22     0     2   -61.0   30.684 -107.074    303.9    839.5
     1     1    23     1     8    21     0     3   -62.0   30.668 -107.042    334.6    836.8
     1     1    23     1     8    20     0     2   -63.0   30.630 -107.001    365.2    833.5
     1     1    23     1     8    19     0     1   -64.0   30.578 -106.960    382.2    831.0
     1     1    23     1     8    18     0     0   -65.0   30.514 -106.922    388.0    829.7
     1     1    23     1     8    17     0     1   -66.0   30.443 -106.885    385.9    827.9
     1     1    23     1     8    16     0     2   -67.0   30.374 -106.849    375.5    827.0
     1     1    23     1     8    15     0     3   -68.0   30.307 -106.815    356.0    827.2
     1     1    23     1     8    14     0     2   -69.0   30.243 -106.784    338.2    828.4
     1     1    23     1     8    13     0     1   -70.0   30.182 -106.754    332.0    827.5
     1     1    23     1     8    12     0     0   -71.0   30.121 -106.724    337.1    825.7
     1     1    23     1     8    11     0     1   -72.0   30.063 -106.689    342.6    823.3
     1     1    23     1     8    10     0     2   -73.0   30.008 -106.648    336.5    823.2
     1     1    23     1     8     9     0     3   -74.0   29.960 -106.606    317.9    823.6
     1     1    23     1     8     8     0     2   -75.0   29.917 -106.568    297.2    825.8
     1     1    23     1     8     7     0     1   -76.0   29.874 -106.538    284.9    826.4
     1     1    23     1     8     6     0     0   -77.0   29.832 -106.514    281.3    826.1
     1     1    23     1     8     5     0     1   -78.0   29.799 -106.488    283.2    824.8
     1     1    23     1     8     4     0     2   -79.0   29.782 -106.451    287.8    824.5
     1     1    23     1     8     3     0     3   -80.0   29.781 -106.404    294.9    824.7
     1     1    23     1     8     2     0     2   -81.0   29.801 -106.340    299.5    824.8
     1     1    23     1     8     1     0     1   -82.0   29.844 -106.247    300.7    827.1
     1     1    23     1     8     0     0     0   -83.0   29.902 -106.103    313.1    829.0
     1     1    23     1     7    23     0     1   -84.0   29.958 -105.940    337.2    827.3
     1     1    23     1     7    22     0     2   -85.0   30.015 -105.819    341.4    827.1
     1     1    23     1     7    21     0     3   -86.0   30.073 -105.748    314.5    829.8
     1     1    23     1     7    20     0     2   -87.0   30.123 -105.701    275.3    836.5
     1     1    23     1     7    19     0     1   -88.0   30.162 -105.653    243.5    840.5
     1     1    23     1     7    18     0     0   -89.0   30.195 -105.601    219.0    843.5
     1     1    23     1     7    17     0     1   -90.0   30.231 -105.553    203.2    845.2
     1     1    23     1     7    16     0     2   -91.0   30.273 -105.516    196.8    845.7
     1     1    23     1     7    15     0     3   -92.0   30.320 -105.485    199.9    845.2
     1     1    23     1     7    14     0     2   -93.0   30.369 -105.457    206.7    843.4
     1     1    23     1     7    13     0     1   -94.0   30.419 -105.430    211.1    842.2
     1     1    23     1     7    12     0     0   -95.0   30.471 -105.405    211.9    841.3
     1     1    23     1     7    11     0     1   -96.0   30.527 -105.388    212.2    841.1
     1     1    23     1     7    10     0     2   -97.0   30.589 -105.388    214.8    840.0
     1     1    23     1     7     9     0     3   -98.0   30.656 -105.406    217.9    838.5
     1     1    23     1     7     8     0     2   -99.0   30.729 -105.443    223.9    837.5
     1     1    23     1     7     7     0     1  -100.0   30.807 -105.495    237.4    835.4
     1     1    23     1     7     6     0     0  -101.0   30.886 -105.564    260.2    832.2
     1     1    23     1     7     5     0     1  -102.0   30.970 -105.655    299.9    827.2
     1     1    23     1     7     4     0     2  -103.0   31.067 -105.776    358.3    820.0
     1     1    23     1     7     3     0     3  -104.0   31.177 -105.933    421.0    812.2
     1     1    23     1     7     2     0     2  -105.0   31.289 -106.113    474.3    807.8
     1     1    23     1     7     1     0     1  -106.0   31.392 -106.300    519.5    807.5
     1     1    23     1     7     0     0     0  -107.0   31.485 -106.498    558.4    807.5
     1     1    23     1     6    23     0     1  -108.0   31.564 -106.709    600.4    808.9
     1     1    23     1     6    22     0     2  -109.0   31.623 -106.932    660.3    807.4
     1     1    23     1     6    21     0     3  -110.0   31.661 -107.172    735.7    799.2
     1     1    23     1     6    20     0     2  -111.0   31.681 -107.450    805.4    789.2
     1     1    23     1     6    19     0     1  -112.0   31.691 -107.777    854.2    782.5
     1     1    23     1     6    18     0     0  -113.0   31.687 -108.136    889.4    776.7
     1     1    23     1     6    17     0     1  -114.0   31.658 -108.488    924.8    769.6
     1     1    23     1     6    16     0     2  -115.0   31.591 -108.826    975.2    759.3
     1     1    23     1     6    15     0     3  -116.0   31.490 -109.171   1060.5    746.5
     1     1    23     1     6    14     0     2  -117.0   31.373 -109.544   1155.7    732.3
     1     1    23     1     6    13     0     1  -118.0   31.249 -109.934   1199.4    726.5
     1     1    23     1     6    12     0     0  -119.0   31.119 -110.315   1200.9    737.5
     1     1    23     1     6    11     0     1  -120.0   30.988 -110.664   1198.8    750.2
