     8     1
    GDAS    22    12    22     0     0
    GDAS    22    12    29     0     0
    GDAS    23     1     1     0     0
    GDAS    23     1     8     0     0
    GDAS    23     1    15     0     0
    GDAS    23     1    22     0     0
    GDAS    23     1    29     0     0
    GDAS    23     2     1     0     0
     1 BACKWARD OMEGA   
    23     1     9    14   32.716  -96.748    10.0
     1 PRESSURE
     1     1    23     1     9    14     0     2     0.0   32.716  -96.748     10.0   1002.3
     1     1    23     1     9    13     0     1    -1.0   32.621  -96.720      7.9   1001.9
     1     1    23     1     9    12     0     0    -2.0   32.540  -96.687      6.2   1001.6
     1     1    23     1     9    11     0     1    -3.0   32.470  -96.648      4.9   1002.1
     1     1    23     1     9    10     0     2    -4.0   32.411  -96.602      3.8   1002.5
     1     1    23     1     9     9     0     3    -5.0   32.363  -96.548      2.9   1002.9
     1     1    23     1     9     8     0     2    -6.0   32.322  -96.491      2.1   1004.1
     1     1    23     1     9     7     0     1    -7.0   32.282  -96.436      1.7   1005.5
     1     1    23     1     9     6     0     0    -8.0   32.243  -96.386      1.8   1007.0
     1     1    23     1     9     5     0     1    -9.0   32.215  -96.333      2.0   1007.2
     1     1    23     1     9     4     0     2   -10.0   32.213  -96.269      2.1   1007.3
     1     1    23     1     9     3     0     3   -11.0   32.236  -96.195      2.1   1007.3
     1     1    23     1     9     2     0     2   -12.0   32.279  -96.118      2.3   1007.7
     1     1    23     1     9     1     0     1   -13.0   32.335  -96.051      3.1   1007.9
     1     1    23     1     9     0     0     0   -14.0   32.404  -95.995      4.5   1007.7
     1     1    23     1     8    23     0     1   -15.0   32.485  -95.951      6.3   1007.2
     1     1    23     1     8    22     0     2   -16.0   32.577  -95.919      8.0   1006.6
     1     1    23     1     8    21     0     3   -17.0   32.679  -95.900      9.8   1006.1
     1     1    23     1     8    20     0     2   -18.0   32.788  -95.887     11.7   1006.1
     1     1    23     1     8    19     0     1   -19.0   32.903  -95.870     13.7   1006.3
     1     1    23     1     8    18     0     0   -20.0   33.023  -95.849     15.7   1006.7
     1     1    23     1     8    17     0     1   -21.0   33.156  -95.829     18.4   1005.3
     1     1    23     1     8    16     0     2   -22.0   33.309  -95.811     23.2   1004.0
     1     1    23     1     8    15     0     3   -23.0   33.483  -95.794     31.0   1002.8
     1     1    23     1     8    14     0     2   -24.0   33.665  -95.786     42.3   1001.5
     1     1    23     1     8    13     0     1   -25.0   33.840  -95.798     57.0   1000.1
     1     1    23     1     8    12     0     0   -26.0   34.012  -95.825     77.1    997.1
     1     1    23     1     8    11     0     1   -27.0   34.205  -95.852    101.7    992.0
     1     1    23     1     8    10     0     2   -28.0   34.429  -95.870    124.8    987.6
     1     1    23     1     8     9     0     3   -29.0   34.670  -95.887    144.0    983.6
     1     1    23     1     8     8     0     2   -30.0   34.905  -95.900    155.4    980.1
     1     1    23     1     8     7     0     1   -31.0   35.114  -95.907    161.5    979.3
     1     1    23     1     8     6     0     0   -32.0   35.303  -95.914    169.4    978.7
     1     1    23     1     8     5     0     1   -33.0   35.491  -95.918    180.6    977.1
     1     1    23     1     8     4     0     2   -34.0   35.693  -95.912    196.1    975.2
     1     1    23     1     8     3     0     3   -35.0   35.916  -95.897    220.5    972.5
     1     1    23     1     8     2     0     2   -36.0   36.161  -95.870    249.0    966.9
     1     1    23     1     8     1     0     1   -37.0   36.417  -95.824    267.9    962.1
     1     1    23     1     8     0     0     0   -38.0   36.682  -95.756    272.1    959.3
     1     1    23     1     7    23     0     1   -39.0   36.948  -95.680    270.1    958.7
     1     1    23     1     7    22     0     2   -40.0   37.208  -95.606    273.2    957.1
     1     1    23     1     7    21     0     3   -41.0   37.460  -95.529    279.7    954.4
     1     1    23     1     7    20     0     2   -42.0   37.710  -95.413    285.3    953.4
     1     1    23     1     7    19     0     1   -43.0   37.961  -95.223    288.6    953.5
     1     1    23     1     7    18     0     0   -44.0   38.205  -94.978    292.3    955.4
     1     1    23     1     7    17     0     1   -45.0   38.413  -94.692    290.5    955.3
     1     1    23     1     7    16     0     2   -46.0   38.584  -94.359    274.8    958.2
     1     1    23     1     7    15     0     3   -47.0   38.717  -93.970    252.3    961.5
     1     1    23     1     7    14     0     2   -48.0   38.827  -93.558    225.1    965.1
     1     1    23     1     7    13     0     1   -49.0   38.932  -93.165    197.5    971.1
     1     1    23     1     7    12     0     0   -50.0   39.045  -92.778    178.3    973.4
     1     1    23     1     7    11     0     1   -51.0   39.165  -92.400    169.0    972.0
     1     1    23     1     7    10     0     2   -52.0   39.280  -92.055    164.0    971.5
     1     1    23     1     7     9     0     3   -53.0   39.384  -91.763    160.4    973.8
     1     1    23     1     7     8     0     2   -54.0   39.474  -91.527    157.8    976.0
     1     1    23     1     7     7     0     1   -55.0   39.549  -91.333    158.0    977.2
     1     1    23     1     7     6     0     0   -56.0   39.611  -91.173    161.9    977.6
     1     1    23     1     7     5     0     1   -57.0   39.663  -91.036    168.1    976.9
     1     1    23     1     7     4     0     2   -58.0   39.713  -90.916    174.1    976.6
     1     1    23     1     7     3     0     3   -59.0   39.763  -90.807    179.2    976.6
     1     1    23     1     7     2     0     2   -60.0   39.812  -90.723    181.8    976.5
     1     1    23     1     7     1     0     1   -61.0   39.859  -90.678    180.8    976.6
     1     1    23     1     7     0     0     0   -62.0   39.906  -90.671    175.4    977.0
     1     1    23     1     6    23     0     1   -63.0   39.950  -90.703    169.4    977.7
     1     1    23     1     6    22     0     2   -64.0   39.988  -90.774    166.3    977.1
     1     1    23     1     6    21     0     3   -65.0   40.018  -90.884    165.6    976.0
     1     1    23     1     6    20     0     2   -66.0   40.043  -91.017    165.6    975.1
     1     1    23     1     6    19     0     1   -67.0   40.069  -91.158    165.7    975.3
     1     1    23     1     6    18     0     0   -68.0   40.094  -91.302    165.7    975.4
     1     1    23     1     6    17     0     1   -69.0   40.120  -91.453    166.6    975.5
     1     1    23     1     6    16     0     2   -70.0   40.153  -91.615    170.2    975.2
     1     1    23     1     6    15     0     3   -71.0   40.197  -91.791    177.6    974.3
     1     1    23     1     6    14     0     2   -72.0   40.254  -91.986    188.0    972.5
     1     1    23     1     6    13     0     1   -73.0   40.321  -92.200    199.3    969.1
     1     1    23     1     6    12     0     0   -74.0   40.400  -92.430    210.1    965.4
     1     1    23     1     6    11     0     1   -75.0   40.489  -92.675    220.7    962.2
     1     1    23     1     6    10     0     2   -76.0   40.587  -92.932    230.7    958.7
     1     1    23     1     6     9     0     3   -77.0   40.694  -93.204    237.3    956.0
     1     1    23     1     6     8     0     2   -78.0   40.813  -93.485    243.6    953.7
     1     1    23     1     6     7     0     1   -79.0   40.953  -93.776    255.7    949.9
     1     1    23     1     6     6     0     0   -80.0   41.109  -94.071    275.7    945.2
     1     1    23     1     6     5     0     1   -81.0   41.270  -94.360    299.1    941.1
     1     1    23     1     6     4     0     2   -82.0   41.437  -94.645    324.0    936.9
     1     1    23     1     6     3     0     3   -83.0   41.616  -94.930    346.9    931.5
     1     1    23     1     6     2     0     2   -84.0   41.809  -95.210    361.1    928.7
     1     1    23     1     6     1     0     1   -85.0   42.008  -95.480    366.1    929.0
     1     1    23     1     6     0     0     0   -86.0   42.210  -95.751    370.1    929.9
     1     1    23     1     5    23     0     1   -87.0   42.415  -96.019    365.7    928.3
     1     1    23     1     5    22     0     2   -88.0   42.627  -96.279    347.6    928.1
     1     1    23     1     5    21     0     3   -89.0   42.845  -96.543    330.8    929.1
     1     1    23     1     5    20     0     2   -90.0   43.073  -96.815    328.7    929.5
     1     1    23     1     5    19     0     1   -91.0   43.324  -97.075    346.6    923.5
     1     1    23     1     5    18     0     0   -92.0   43.597  -97.304    374.9    917.2
     1     1    23     1     5    17     0     1   -93.0   43.877  -97.497    400.9    913.6
     1     1    23     1     5    16     0     2   -94.0   44.158  -97.656    418.9    912.9
     1     1    23     1     5    15     0     3   -95.0   44.438  -97.792    429.9    913.4
     1     1    23     1     5    14     0     2   -96.0   44.717  -97.923    441.5    914.8
     1     1    23     1     5    13     0     1   -97.0   44.989  -98.054    455.4    913.7
     1     1    23     1     5    12     0     0   -98.0   45.250  -98.180    463.4    910.6
     1     1    23     1     5    11     0     1   -99.0   45.500  -98.278    465.7    908.5
     1     1    23     1     5    10     0     2  -100.0   45.745  -98.317    463.8    906.7
     1     1    23     1     5     9     0     3  -101.0   45.988  -98.284    458.8    906.9
     1     1    23     1     5     8     0     2  -102.0   46.235  -98.204    456.0    909.5
     1     1    23     1     5     7     0     1  -103.0   46.488  -98.114    456.5    911.3
     1     1    23     1     5     6     0     0  -104.0   46.743  -98.008    459.3    913.0
     1     1    23     1     5     5     0     1  -105.0   46.998  -97.885    454.7    914.0
     1     1    23     1     5     4     0     2  -106.0   47.247  -97.757    441.5    917.1
     1     1    23     1     5     3     0     3  -107.0   47.486  -97.627    429.2    919.7
     1     1    23     1     5     2     0     2  -108.0   47.710  -97.489    422.0    922.5
     1     1    23     1     5     1     0     1  -109.0   47.917  -97.325    423.6    924.9
     1     1    23     1     5     0     0     0  -110.0   48.110  -97.116    435.5    928.1
     1     1    23     1     4    23     0     1  -111.0   48.286  -96.888    446.3    926.4
     1     1    23     1     4    22     0     2  -112.0   48.444  -96.674    445.4    924.9
     1     1    23     1     4    21     0     3  -113.0   48.586  -96.468    438.7    924.3
     1     1    23     1     4    20     0     2  -114.0   48.708  -96.241    438.9    924.0
     1     1    23     1     4    19     0     1  -115.0   48.807  -95.947    457.6    920.1
     1     1    23     1     4    18     0     0  -116.0   48.889  -95.585    488.6    915.5
     1     1    23     1     4    17     0     1  -117.0   48.970  -95.181    493.3    910.9
     1     1    23     1     4    16     0     2  -118.0   49.063  -94.752    452.3    917.3
     1     1    23     1     4    15     0     3  -119.0   49.154  -94.292    416.1    924.2
     1     1    23     1     4    14     0     2  -120.0   49.235  -93.821    424.8    922.4
