     8     1
    GDAS    22    12    22     0     0
    GDAS    22    12    29     0     0
    GDAS    23     1     1     0     0
    GDAS    23     1     8     0     0
    GDAS    23     1    15     0     0
    GDAS    23     1    22     0     0
    GDAS    23     1    29     0     0
    GDAS    23     2     1     0     0
     1 BACKWARD OMEGA   
    23     1     9    16   32.716  -96.748   500.0
     1 PRESSURE
     1     1    23     1     9    16     0     2     0.0   32.716  -96.748    500.0    944.9
     1     1    23     1     9    15     0     3    -1.0   32.465  -96.823    484.6    945.9
     1     1    23     1     9    14     0     2    -2.0   32.233  -96.879    484.0    945.1
     1     1    23     1     9    13     0     1    -3.0   32.030  -96.918    510.5    940.5
     1     1    23     1     9    12     0     0    -4.0   31.847  -96.948    553.7    934.0
     1     1    23     1     9    11     0     1    -5.0   31.678  -96.964    584.0    930.3
     1     1    23     1     9    10     0     2    -6.0   31.524  -96.958    601.6    931.5
     1     1    23     1     9     9     0     3    -7.0   31.383  -96.933    640.9    930.5
     1     1    23     1     9     8     0     2    -8.0   31.252  -96.900    703.2    923.0
     1     1    23     1     9     7     0     1    -9.0   31.128  -96.859    759.6    917.2
     1     1    23     1     9     6     0     0   -10.0   31.010  -96.802    789.9    914.5
     1     1    23     1     9     5     0     1   -11.0   30.916  -96.714    802.0    916.1
     1     1    23     1     9     4     0     2   -12.0   30.857  -96.595    810.3    916.1
     1     1    23     1     9     3     0     3   -13.0   30.834  -96.444    810.4    916.8
     1     1    23     1     9     2     0     2   -14.0   30.851  -96.273    809.3    918.6
     1     1    23     1     9     1     0     1   -15.0   30.911  -96.096    816.1    918.5
     1     1    23     1     9     0     0     0   -16.0   31.010  -95.917    830.3    917.4
     1     1    23     1     8    23     0     1   -17.0   31.136  -95.756    855.2    914.7
     1     1    23     1     8    22     0     2   -18.0   31.279  -95.629    892.1    910.1
     1     1    23     1     8    21     0     3   -19.0   31.437  -95.534    940.5    903.7
     1     1    23     1     8    20     0     2   -20.0   31.612  -95.451    987.2    896.8
     1     1    23     1     8    19     0     1   -21.0   31.800  -95.360   1017.6    892.3
     1     1    23     1     8    18     0     0   -22.0   32.003  -95.258   1027.1    890.0
     1     1    23     1     8    17     0     1   -23.0   32.223  -95.166   1020.5    890.3
     1     1    23     1     8    16     0     2   -24.0   32.461  -95.100   1021.4    891.4
     1     1    23     1     8    15     0     3   -25.0   32.723  -95.054   1073.1    888.1
     1     1    23     1     8    14     0     2   -26.0   33.000  -95.056   1177.5    874.0
     1     1    23     1     8    13     0     1   -27.0   33.266  -95.141   1254.7    860.5
     1     1    23     1     8    12     0     0   -28.0   33.523  -95.289   1268.4    859.9
     1     1    23     1     8    11     0     1   -29.0   33.772  -95.475   1281.5    863.7
     1     1    23     1     8    10     0     2   -30.0   34.003  -95.711   1370.8    857.3
     1     1    23     1     8     9     0     3   -31.0   34.216  -96.010   1566.4    835.6
     1     1    23     1     8     8     0     2   -32.0   34.406  -96.351   1749.1    802.1
     1     1    23     1     8     7     0     1   -33.0   34.572  -96.698   1857.1    791.8
     1     1    23     1     8     6     0     0   -34.0   34.723  -97.051   1977.8    778.8
     1     1    23     1     8     5     0     1   -35.0   34.869  -97.415   2127.7    760.0
     1     1    23     1     8     4     0     2   -36.0   35.016  -97.789   2267.0    744.9
     1     1    23     1     8     3     0     3   -37.0   35.164  -98.164   2382.9    731.5
     1     1    23     1     8     2     0     2   -38.0   35.308  -98.554   2475.5    717.2
     1     1    23     1     8     1     0     1   -39.0   35.449  -98.977   2555.4    702.1
     1     1    23     1     8     0     0     0   -40.0   35.583  -99.427   2644.2    688.8
     1     1    23     1     7    23     0     1   -41.0   35.702  -99.902   2724.5    672.2
     1     1    23     1     7    22     0     2   -42.0   35.806 -100.395   2778.7    661.1
     1     1    23     1     7    21     0     3   -43.0   35.896 -100.897   2869.9    650.7
     1     1    23     1     7    20     0     2   -44.0   35.979 -101.413   3009.9    627.2
     1     1    23     1     7    19     0     1   -45.0   36.078 -101.938   3147.3    603.7
     1     1    23     1     7    18     0     0   -46.0   36.184 -102.444   3297.7    586.4
     1     1    23     1     7    17     0     1   -47.0   36.300 -102.937   3491.9    562.1
     1     1    23     1     7    16     0     2   -48.0   36.441 -103.464   3699.1    528.6
     1     1    23     1     7    15     0     3   -49.0   36.620 -104.051   3937.6    491.9
     1     1    23     1     7    14     0     2   -50.0   36.799 -104.703   3779.0    446.3
     1     1    23     1     7    13     0     1   -51.0   36.981 -105.254   3270.5    488.9
     1     1    23     1     7    12     0     0   -52.0   37.172 -105.689   2984.4    525.8
     1     1    23     1     7    11     0     1   -53.0   37.370 -106.097   3010.1    516.3
     1     1    23     1     7    10     0     2   -54.0   37.559 -106.502   3080.9    492.3
     1     1    23     1     7     9     0     3   -55.0   37.720 -106.889   3047.9    467.5
     1     1    23     1     7     8     0     2   -56.0   37.869 -107.232   3036.8    466.9
     1     1    23     1     7     7     0     1   -57.0   38.020 -107.496   3158.9    459.1
     1     1    23     1     7     6     0     0   -58.0   38.175 -107.697   3423.6    450.5
     1     1    23     1     7     5     0     1   -59.0   38.355 -107.895   3736.2    436.4
     1     1    23     1     7     4     0     2   -60.0   38.568 -108.133   4000.9    431.6
     1     1    23     1     7     3     0     3   -61.0   38.793 -108.387   4188.1    437.1
     1     1    23     1     7     2     0     2   -62.0   39.013 -108.635   4360.1    443.5
     1     1    23     1     7     1     0     1   -63.0   39.219 -108.893   4542.6    443.5
     1     1    23     1     7     0     0     0   -64.0   39.403 -109.178   4682.7    441.5
     1     1    23     1     6    23     0     1   -65.0   39.554 -109.478   4760.1    441.0
     1     1    23     1     6    22     0     2   -66.0   39.668 -109.778   4785.3    442.0
     1     1    23     1     6    21     0     3   -67.0   39.748 -110.068   4751.5    442.4
     1     1    23     1     6    20     0     2   -68.0   39.803 -110.314   4681.5    437.2
     1     1    23     1     6    19     0     1   -69.0   39.835 -110.488   4644.3    430.1
     1     1    23     1     6    18     0     0   -70.0   39.840 -110.596   4626.4    425.5
     1     1    23     1     6    17     0     1   -71.0   39.836 -110.671   4592.7    422.4
     1     1    23     1     6    16     0     2   -72.0   39.838 -110.735   4524.2    423.9
     1     1    23     1     6    15     0     3   -73.0   39.844 -110.791   4440.9    426.3
     1     1    23     1     6    14     0     2   -74.0   39.845 -110.851   4304.6    428.8
     1     1    23     1     6    13     0     1   -75.0   39.834 -110.945   4088.2    438.8
     1     1    23     1     6    12     0     0   -76.0   39.803 -111.094   3848.7    458.1
     1     1    23     1     6    11     0     1   -77.0   39.779 -111.313   3679.1    485.7
     1     1    23     1     6    10     0     2   -78.0   39.746 -111.564   3630.0    500.6
     1     1    23     1     6     9     0     3   -79.0   39.677 -111.817   3682.7    506.3
     1     1    23     1     6     8     0     2   -80.0   39.578 -112.086   3710.3    503.3
     1     1    23     1     6     7     0     1   -81.0   39.462 -112.389   3637.2    513.9
     1     1    23     1     6     6     0     0   -82.0   39.326 -112.690   3470.5    530.9
     1     1    23     1     6     5     0     1   -83.0   39.182 -113.008   3377.9    558.2
     1     1    23     1     6     4     0     2   -84.0   39.011 -113.365   3425.3    542.6
     1     1    23     1     6     3     0     3   -85.0   38.748 -113.777   3395.7    523.3
     1     1    23     1     6     2     0     2   -86.0   38.453 -114.283   3089.9    529.4
     1     1    23     1     6     1     0     1   -87.0   38.227 -114.826   2781.8    580.6
     1     1    23     1     6     0     0     0   -88.0   37.995 -115.414   2706.5    587.8
     1     1    23     1     5    23     0     1   -89.0   37.763 -115.992   2655.3    586.1
     1     1    23     1     5    22     0     2   -90.0   37.523 -116.536   2626.2    605.3
     1     1    23     1     5    21     0     3   -91.0   37.236 -117.103   2724.9    594.4
     1     1    23     1     5    20     0     2   -92.0   36.887 -117.708   2929.8    565.9
     1     1    23     1     5    19     0     1   -93.0   36.456 -118.294   2980.4    549.1
     1     1    23     1     5    18     0     0   -94.0   36.039 -118.824   2839.3    661.2
     1     1    23     1     5    17     0     1   -95.0   35.629 -119.284   2466.1    716.4
     1     1    23     1     5    16     0     2   -96.0   35.192 -119.711   2336.3    735.5
     1     1    23     1     5    15     0     3   -97.0   34.731 -120.199   2627.6    700.5
     1     1    23     1     5    14     0     2   -98.0   34.296 -120.704   2776.3    696.0
     1     1    23     1     5    13     0     1   -99.0   33.904 -121.216   2669.5    729.7
     1     1    23     1     5    12     0     0  -100.0   33.515 -121.766   2514.5    741.2
     1     1    23     1     5    11     0     1  -101.0   33.142 -122.355   2333.2    762.2
     1     1    23     1     5    10     0     2  -102.0   32.789 -122.983   2240.8    777.3
     1     1    23     1     5     9     0     3  -103.0   32.443 -123.644   2218.9    771.3
     1     1    23     1     5     8     0     2  -104.0   32.130 -124.347   2199.9    774.7
     1     1    23     1     5     7     0     1  -105.0   31.844 -125.088   2206.1    774.3
     1     1    23     1     5     6     0     0  -106.0   31.580 -125.854   2221.9    770.3
     1     1    23     1     5     5     0     1  -107.0   31.360 -126.660   2228.5    770.4
     1     1    23     1     5     4     0     2  -108.0   31.169 -127.517   2265.0    765.1
     1     1    23     1     5     3     0     3  -109.0   31.024 -128.430   2287.0    762.6
     1     1    23     1     5     2     0     2  -110.0   30.913 -129.365   2337.5    759.4
     1     1    23     1     5     1     0     1  -111.0   30.813 -130.343   2495.4    739.3
     1     1    23     1     5     0     0     0  -112.0   30.744 -131.337   2548.1    734.8
     1     1    23     1     4    23     0     1  -113.0   30.759 -132.345   2556.1    735.3
     1     1    23     1     4    22     0     2  -114.0   30.814 -133.350   2624.5    727.5
     1     1    23     1     4    21     0     3  -115.0   30.921 -134.352   2659.7    724.1
     1     1    23     1     4    20     0     2  -116.0   31.090 -135.363   2679.3    724.4
     1     1    23     1     4    19     0     1  -117.0   31.309 -136.363   2802.8    709.1
     1     1    23     1     4    18     0     0  -118.0   31.593 -137.372   2859.7    705.7
     1     1    23     1     4    17     0     1  -119.0   31.926 -138.377   2920.8    695.9
     1     1    23     1     4    16     0     2  -120.0   32.295 -139.372   2913.4    700.3
