     8     1
    GDAS    22    12    22     0     0
    GDAS    22    12    29     0     0
    GDAS    23     1     1     0     0
    GDAS    23     1     8     0     0
    GDAS    23     1    15     0     0
    GDAS    23     1    22     0     0
    GDAS    23     1    29     0     0
    GDAS    23     2     1     0     0
     1 BACKWARD OMEGA   
    23     1     5    14   32.716  -96.748   130.0
     1 PRESSURE
     1     1    23     1     5    14     0     2     0.0   32.716  -96.748    130.0    990.7
     1     1    23     1     5    13     0     1    -1.0   32.866  -96.800    134.4    989.7
     1     1    23     1     5    12     0     0    -2.0   33.017  -96.862    132.5    989.4
     1     1    23     1     5    11     0     1    -3.0   33.166  -96.934    131.8    988.9
     1     1    23     1     5    10     0     2    -4.0   33.323  -97.018    141.5    986.0
     1     1    23     1     5     9     0     3    -5.0   33.500  -97.104    160.5    980.4
     1     1    23     1     5     8     0     2    -6.0   33.693  -97.196    180.1    974.2
     1     1    23     1     5     7     0     1    -7.0   33.884  -97.303    192.0    970.5
     1     1    23     1     5     6     0     0    -8.0   34.079  -97.433    199.6    967.5
     1     1    23     1     5     5     0     1    -9.0   34.278  -97.572    212.8    963.2
     1     1    23     1     5     4     0     2   -10.0   34.477  -97.721    230.9    957.4
     1     1    23     1     5     3     0     3   -11.0   34.664  -97.896    238.5    953.2
     1     1    23     1     5     2     0     2   -12.0   34.826  -98.092    238.7    951.1
     1     1    23     1     5     1     0     1   -13.0   34.953  -98.301    248.6    946.0
     1     1    23     1     5     0     0     0   -14.0   35.038  -98.525    275.0    938.6
     1     1    23     1     4    23     0     1   -15.0   35.094  -98.750    307.7    928.6
     1     1    23     1     4    22     0     2   -16.0   35.138  -98.966    332.5    921.2
     1     1    23     1     4    21     0     3   -17.0   35.158  -99.179    352.1    915.4
     1     1    23     1     4    20     0     2   -18.0   35.155  -99.371    371.1    911.0
     1     1    23     1     4    19     0     1   -19.0   35.139  -99.529    391.3    907.3
     1     1    23     1     4    18     0     0   -20.0   35.106  -99.651    415.0    903.9
     1     1    23     1     4    17     0     1   -21.0   35.080  -99.744    434.6    899.3
     1     1    23     1     4    16     0     2   -22.0   35.082  -99.814    440.2    897.0
     1     1    23     1     4    15     0     3   -23.0   35.113  -99.866    430.0    896.6
     1     1    23     1     4    14     0     2   -24.0   35.165  -99.912    417.8    897.5
     1     1    23     1     4    13     0     1   -25.0   35.232  -99.970    414.6    895.3
     1     1    23     1     4    12     0     0   -26.0   35.309 -100.042    418.1    891.6
     1     1    23     1     4    11     0     1   -27.0   35.384 -100.132    424.1    887.2
     1     1    23     1     4    10     0     2   -28.0   35.442 -100.235    427.5    883.4
     1     1    23     1     4     9     0     3   -29.0   35.482 -100.342    425.5    880.5
     1     1    23     1     4     8     0     2   -30.0   35.515 -100.432    414.6    879.2
     1     1    23     1     4     7     0     1   -31.0   35.554 -100.496    395.8    879.7
     1     1    23     1     4     6     0     0   -32.0   35.600 -100.535    372.1    881.1
     1     1    23     1     4     5     0     1   -33.0   35.672 -100.563    355.8    883.0
     1     1    23     1     4     4     0     2   -34.0   35.784 -100.597    360.6    881.3
     1     1    23     1     4     3     0     3   -35.0   35.936 -100.642    391.2    876.8
     1     1    23     1     4     2     0     2   -36.0   36.099 -100.712    444.3    868.9
     1     1    23     1     4     1     0     1   -37.0   36.248 -100.803    510.1    859.9
     1     1    23     1     4     0     0     0   -38.0   36.390 -100.912    591.1    849.8
     1     1    23     1     3    23     0     1   -39.0   36.536 -101.035    676.7    836.1
     1     1    23     1     3    22     0     2   -40.0   36.696 -101.173    747.8    824.0
     1     1    23     1     3    21     0     3   -41.0   36.883 -101.327    802.8    813.9
     1     1    23     1     3    20     0     2   -42.0   37.113 -101.503    843.7    805.3
     1     1    23     1     3    19     0     1   -43.0   37.396 -101.694    866.0    798.7
     1     1    23     1     3    18     0     0   -44.0   37.730 -101.892    872.0    796.2
     1     1    23     1     3    17     0     1   -45.0   38.110 -102.086    904.7    793.3
     1     1    23     1     3    16     0     2   -46.0   38.531 -102.279   1002.4    771.8
     1     1    23     1     3    15     0     3   -47.0   39.008 -102.513   1204.5    740.7
     1     1    23     1     3    14     0     2   -48.0   39.485 -102.807   1421.5    704.6
     1     1    23     1     3    13     0     1   -49.0   39.924 -103.074   1516.8    694.5
     1     1    23     1     3    12     0     0   -50.0   40.337 -103.263   1548.3    697.2
     1     1    23     1     3    11     0     1   -51.0   40.719 -103.347   1611.2    692.4
     1     1    23     1     3    10     0     2   -52.0   41.071 -103.313   1689.5    683.3
     1     1    23     1     3     9     0     3   -53.0   41.405 -103.154   1701.7    686.4
     1     1    23     1     3     8     0     2   -54.0   41.726 -102.893   1614.2    700.4
     1     1    23     1     3     7     0     1   -55.0   42.030 -102.521   1458.7    719.4
     1     1    23     1     3     6     0     0   -56.0   42.308 -102.015   1280.7    745.6
     1     1    23     1     3     5     0     1   -57.0   42.546 -101.426   1120.7    774.6
     1     1    23     1     3     4     0     2   -58.0   42.756 -100.813    978.9    800.5
     1     1    23     1     3     3     0     3   -59.0   42.944 -100.234    897.3    826.9
     1     1    23     1     3     2     0     2   -60.0   43.113  -99.695    833.9    837.6
     1     1    23     1     3     1     0     1   -61.0   43.279  -99.165    751.6    857.0
     1     1    23     1     3     0     0     0   -62.0   43.457  -98.653    690.5    873.6
     1     1    23     1     2    23     0     1   -63.0   43.634  -98.200    663.7    884.8
     1     1    23     1     2    22     0     2   -64.0   43.805  -97.843    686.5    887.6
     1     1    23     1     2    21     0     3   -65.0   43.963  -97.596    776.2    875.4
     1     1    23     1     2    20     0     2   -66.0   44.083  -97.450    884.5    856.7
     1     1    23     1     2    19     0     1   -67.0   44.172  -97.377    975.0    846.3
     1     1    23     1     2    18     0     0   -68.0   44.242  -97.359   1057.9    838.6
     1     1    23     1     2    17     0     1   -69.0   44.299  -97.388   1155.4    830.6
     1     1    23     1     2    16     0     2   -70.0   44.342  -97.461   1275.9    818.4
     1     1    23     1     2    15     0     3   -71.0   44.377  -97.574   1414.9    806.1
     1     1    23     1     2    14     0     2   -72.0   44.403  -97.715   1548.8    792.3
     1     1    23     1     2    13     0     1   -73.0   44.416  -97.871   1656.9    783.8
     1     1    23     1     2    12     0     0   -74.0   44.416  -98.035   1736.5    777.4
     1     1    23     1     2    11     0     1   -75.0   44.404  -98.216   1795.1    771.0
     1     1    23     1     2    10     0     2   -76.0   44.380  -98.423   1846.2    764.2
     1     1    23     1     2     9     0     3   -77.0   44.346  -98.651   1893.1    757.2
     1     1    23     1     2     8     0     2   -78.0   44.305  -98.890   1940.8    750.3
     1     1    23     1     2     7     0     1   -79.0   44.261  -99.138   1999.8    743.3
     1     1    23     1     2     6     0     0   -80.0   44.211  -99.397   2072.5    735.3
     1     1    23     1     2     5     0     1   -81.0   44.149  -99.660   2130.3    727.2
     1     1    23     1     2     4     0     2   -82.0   44.077  -99.907   2154.4    725.5
     1     1    23     1     2     3     0     3   -83.0   44.003 -100.128   2153.1    725.1
     1     1    23     1     2     2     0     2   -84.0   43.923 -100.335   2130.4    723.0
     1     1    23     1     2     1     0     1   -85.0   43.830 -100.541   2095.0    722.0
     1     1    23     1     2     0     0     0   -86.0   43.721 -100.747   2056.1    720.6
     1     1    23     1     1    23     0     1   -87.0   43.601 -100.951   2029.7    718.4
     1     1    23     1     1    22     0     2   -88.0   43.482 -101.147   2027.4    712.9
     1     1    23     1     1    21     0     3   -89.0   43.369 -101.333   2046.0    705.9
     1     1    23     1     1    20     0     2   -90.0   43.266 -101.511   2073.5    698.2
     1     1    23     1     1    19     0     1   -91.0   43.179 -101.669   2105.9    692.2
     1     1    23     1     1    18     0     0   -92.0   43.112 -101.797   2157.5    685.6
     1     1    23     1     1    17     0     1   -93.0   43.059 -101.932   2189.7    675.7
     1     1    23     1     1    16     0     2   -94.0   43.033 -102.086   2164.1    676.9
     1     1    23     1     1    15     0     3   -95.0   43.040 -102.248   2083.8    685.1
     1     1    23     1     1    14     0     2   -96.0   43.076 -102.427   2006.2    697.9
     1     1    23     1     1    13     0     1   -97.0   43.139 -102.642   1990.0    700.7
     1     1    23     1     1    12     0     0   -98.0   43.226 -102.906   2036.9    697.7
     1     1    23     1     1    11     0     1   -99.0   43.324 -103.223   2099.0    680.1
     1     1    23     1     1    10     0     2  -100.0   43.422 -103.590   2155.5    658.6
     1     1    23     1     1     9     0     3  -101.0   43.508 -104.054   2261.6    628.5
     1     1    23     1     1     8     0     2  -102.0   43.570 -104.593   2401.0    615.0
     1     1    23     1     1     7     0     1  -103.0   43.609 -105.113   2439.8    614.4
     1     1    23     1     1     6     0     0  -104.0   43.638 -105.590   2425.7    620.5
     1     1    23     1     1     5     0     1  -105.0   43.666 -106.052   2468.2    614.5
     1     1    23     1     1     4     0     2  -106.0   43.700 -106.597   2505.3    576.3
     1     1    23     1     1     3     0     3  -107.0   43.758 -107.307   2552.3    566.7
     1     1    23     1     1     2     0     2  -108.0   43.870 -107.948   2666.4    603.2
     1     1    23     1     1     1     0     1  -109.0   44.026 -108.562   2649.2    571.7
     1     1    23     1     1     0     0     0  -110.0   44.200 -109.309   2719.1    540.0
     1     1    22    12    31    23     0     1  -111.0   44.317 -110.285   2988.7    486.1
     1     1    22    12    31    22     0     2  -112.0   44.398 -111.209   3310.9    496.1
     1     1    22    12    31    21     0     3  -113.0   44.508 -112.027   3530.9    499.9
     1     1    22    12    31    20     0     2  -114.0   44.636 -112.831   3722.0    481.0
     1     1    22    12    31    19     0     1  -115.0   44.774 -113.650   3844.2    468.1
     1     1    22    12    31    18     0     0  -116.0   44.958 -114.477   3812.2    469.7
     1     1    22    12    31    17     0     1  -117.0   45.153 -115.246   3712.7    484.9
     1     1    22    12    31    16     0     2  -118.0   45.334 -115.978   3726.9    508.2
     1     1    22    12    31    15     0     3  -119.0   45.527 -116.685   3838.8    526.9
     1     1    22    12    31    14     0     2  -120.0   45.706 -117.364   4011.9    526.3
