     8     1
    GDAS    22    12    22     0     0
    GDAS    22    12    29     0     0
    GDAS    23     1     1     0     0
    GDAS    23     1     8     0     0
    GDAS    23     1    15     0     0
    GDAS    23     1    22     0     0
    GDAS    23     1    29     0     0
    GDAS    23     2     1     0     0
     1 BACKWARD OMEGA   
    23     1    17    11   32.716  -96.748   130.0
     1 PRESSURE
     1     1    23     1    17    11     0     1     0.0   32.716  -96.748    130.0    972.9
     1     1    23     1    17    10     0     2    -1.0   32.653  -97.003    118.0    972.4
     1     1    23     1    17     9     0     3    -2.0   32.596  -97.259    110.4    968.1
     1     1    23     1    17     8     0     2    -3.0   32.537  -97.539    116.7    962.7
     1     1    23     1    17     7     0     1    -4.0   32.477  -97.877    146.2    953.9
     1     1    23     1    17     6     0     0    -5.0   32.431  -98.283    194.3    941.9
     1     1    23     1    17     5     0     1    -6.0   32.395  -98.747    250.2    931.0
     1     1    23     1    17     4     0     2    -7.0   32.361  -99.277    322.6    917.5
     1     1    23     1    17     3     0     3    -8.0   32.353  -99.884    450.7    900.5
     1     1    23     1    17     2     0     2    -9.0   32.345 -100.603    633.2    865.2
     1     1    23     1    17     1     0     1   -10.0   32.304 -101.389    870.1    827.6
     1     1    23     1    17     0     0     0   -11.0   32.244 -102.140   1113.3    794.4
     1     1    23     1    16    23     0     1   -12.0   32.202 -102.849   1361.3    764.2
     1     1    23     1    16    22     0     2   -13.0   32.203 -103.510   1521.1    740.5
     1     1    23     1    16    21     0     3   -14.0   32.210 -104.079   1724.4    738.1
     1     1    23     1    16    20     0     2   -15.0   32.245 -104.812   1974.0    666.3
     1     1    23     1    16    19     0     1   -16.0   32.255 -105.680   1895.5    674.3
     1     1    23     1    16    18     0     0   -17.0   32.180 -106.513   1985.4    666.6
     1     1    23     1    16    17     0     1   -18.0   32.000 -107.285   1973.5    678.4
     1     1    23     1    16    16     0     2   -19.0   31.779 -108.071   2044.4    666.7
     1     1    23     1    16    15     0     3   -20.0   31.550 -108.868   2291.1    638.4
     1     1    23     1    16    14     0     2   -21.0   31.284 -109.861   2792.2    587.8
     1     1    23     1    16    13     0     1   -22.0   31.050 -110.970   3029.0    595.4
     1     1    23     1    16    12     0     0   -23.0   30.800 -111.914   2842.8    655.6
     1     1    23     1    16    11     0     1   -24.0   30.541 -112.594   2491.3    727.4
     1     1    23     1    16    10     0     2   -25.0   30.339 -113.150   2200.3    778.3
     1     1    23     1    16     9     0     3   -26.0   30.178 -113.658   2005.0    806.9
     1     1    23     1    16     8     0     2   -27.0   30.063 -114.222   1999.4    792.7
     1     1    23     1    16     7     0     1   -28.0   30.001 -114.978   2097.7    729.3
     1     1    23     1    16     6     0     0   -29.0   29.982 -115.792   2261.4    756.5
     1     1    23     1    16     5     0     1   -30.0   29.985 -116.451   2232.7    773.3
     1     1    23     1    16     4     0     2   -31.0   29.995 -117.070   2123.4    782.3
     1     1    23     1    16     3     0     3   -32.0   30.006 -117.663   2015.4    797.2
     1     1    23     1    16     2     0     2   -33.0   30.024 -118.244   2005.0    803.0
     1     1    23     1    16     1     0     1   -34.0   30.058 -118.844   2044.3    789.3
     1     1    23     1    16     0     0     0   -35.0   30.102 -119.456   1978.3    790.1
     1     1    23     1    15    23     0     1   -36.0   30.139 -120.055   1882.4    811.9
     1     1    23     1    15    22     0     2   -37.0   30.185 -120.660   1847.5    812.7
     1     1    23     1    15    21     0     3   -38.0   30.242 -121.270   1820.2    813.2
     1     1    23     1    15    20     0     2   -39.0   30.309 -121.867   1855.2    818.1
     1     1    23     1    15    19     0     1   -40.0   30.400 -122.476   1964.0    801.2
     1     1    23     1    15    18     0     0   -41.0   30.510 -123.105   2063.7    790.4
     1     1    23     1    15    17     0     1   -42.0   30.644 -123.763   2102.6    783.3
     1     1    23     1    15    16     0     2   -43.0   30.805 -124.446   2100.0    787.8
     1     1    23     1    15    15     0     3   -44.0   30.994 -125.150   2069.0    787.3
     1     1    23     1    15    14     0     2   -45.0   31.181 -125.856   2038.9    796.0
     1     1    23     1    15    13     0     1   -46.0   31.371 -126.571   2015.2    792.4
     1     1    23     1    15    12     0     0   -47.0   31.559 -127.299   1935.0    800.3
     1     1    23     1    15    11     0     1   -48.0   31.726 -128.019   1853.6    814.2
     1     1    23     1    15    10     0     2   -49.0   31.878 -128.728   1784.8    816.7
     1     1    23     1    15     9     0     3   -50.0   32.005 -129.404   1675.7    826.7
     1     1    23     1    15     8     0     2   -51.0   32.123 -130.026   1568.1    844.2
     1     1    23     1    15     7     0     1   -52.0   32.265 -130.614   1569.4    849.5
     1     1    23     1    15     6     0     0   -53.0   32.428 -131.212   1682.6    833.1
     1     1    23     1    15     5     0     1   -54.0   32.603 -131.837   1791.8    815.4
     1     1    23     1    15     4     0     2   -55.0   32.790 -132.467   1842.0    811.6
     1     1    23     1    15     3     0     3   -56.0   32.990 -133.077   1861.6    811.1
     1     1    23     1    15     2     0     2   -57.0   33.182 -133.691   1877.6    810.2
     1     1    23     1    15     1     0     1   -58.0   33.354 -134.332   1902.7    807.3
     1     1    23     1    15     0     0     0   -59.0   33.523 -134.974   1956.1    803.7
     1     1    23     1    14    23     0     1   -60.0   33.679 -135.616   1995.5    794.0
     1     1    23     1    14    22     0     2   -61.0   33.827 -136.245   1975.1    797.7
     1     1    23     1    14    21     0     3   -62.0   33.983 -136.852   1924.0    804.8
     1     1    23     1    14    20     0     2   -63.0   34.153 -137.439   1890.8    811.6
     1     1    23     1    14    19     0     1   -64.0   34.336 -138.001   1881.9    809.9
     1     1    23     1    14    18     0     0   -65.0   34.537 -138.536   1886.4    810.5
     1     1    23     1    14    17     0     1   -66.0   34.756 -139.059   1902.1    807.3
     1     1    23     1    14    16     0     2   -67.0   34.995 -139.580   1899.2    805.1
     1     1    23     1    14    15     0     3   -68.0   35.268 -140.115   1866.4    809.2
     1     1    23     1    14    14     0     2   -69.0   35.554 -140.687   1896.6    813.2
     1     1    23     1    14    13     0     1   -70.0   35.848 -141.286   2041.5    796.0
     1     1    23     1    14    12     0     0   -71.0   36.195 -141.910   2221.6    773.4
     1     1    23     1    14    11     0     1   -72.0   36.559 -142.567   2348.1    757.6
     1     1    23     1    14    10     0     2   -73.0   36.889 -143.271   2464.7    753.1
     1     1    23     1    14     9     0     3   -74.0   37.259 -144.031   2628.1    735.6
     1     1    23     1    14     8     0     2   -75.0   37.645 -144.822   2813.8    716.9
     1     1    23     1    14     7     0     1   -76.0   37.952 -145.688   2973.6    699.4
     1     1    23     1    14     6     0     0   -77.0   38.239 -146.617   3029.2    695.4
     1     1    23     1    14     5     0     1   -78.0   38.562 -147.556   3055.5    693.6
     1     1    23     1    14     4     0     2   -79.0   38.835 -148.561   3179.1    682.9
     1     1    23     1    14     3     0     3   -80.0   39.033 -149.643   3450.7    657.8
     1     1    23     1    14     2     0     2   -81.0   39.213 -150.738   3649.7    635.5
     1     1    23     1    14     1     0     1   -82.0   39.344 -151.866   3608.9    640.6
     1     1    23     1    14     0     0     0   -83.0   39.432 -153.011   3551.8    649.3
     1     1    23     1    13    23     0     1   -84.0   39.563 -154.103   3637.8    637.1
     1     1    23     1    13    22     0     2   -85.0   39.588 -155.129   3607.8    640.7
     1     1    23     1    13    21     0     3   -86.0   39.558 -156.214   3670.4    635.2
     1     1    23     1    13    20     0     2   -87.0   39.582 -157.299   3400.7    658.9
     1     1    23     1    13    19     0     1   -88.0   39.619 -158.272   3188.6    676.6
     1     1    23     1    13    18     0     0   -89.0   39.607 -159.266   3089.4    686.2
     1     1    23     1    13    17     0     1   -90.0   39.634 -160.269   3204.8    671.5
     1     1    23     1    13    16     0     2   -91.0   39.569 -161.218   3222.6    670.2
     1     1    23     1    13    15     0     3   -92.0   39.415 -162.284   3245.7    669.2
     1     1    23     1    13    14     0     2   -93.0   39.250 -163.357   3176.8    674.9
     1     1    23     1    13    13     0     1   -94.0   39.081 -164.346   3171.3    672.0
     1     1    23     1    13    12     0     0   -95.0   38.858 -165.285   2997.8    689.6
     1     1    23     1    13    11     0     1   -96.0   38.630 -166.271   2894.4    700.2
     1     1    23     1    13    10     0     2   -97.0   38.423 -167.206   2863.3    700.4
     1     1    23     1    13     9     0     3   -98.0   38.187 -168.105   2784.8    708.6
     1     1    23     1    13     8     0     2   -99.0   37.949 -169.004   2670.8    718.1
     1     1    23     1    13     7     0     1  -100.0   37.740 -169.915   2621.5    724.6
     1     1    23     1    13     6     0     0  -101.0   37.516 -170.835   2687.6    719.3
     1     1    23     1    13     5     0     1  -102.0   37.266 -171.784   2774.9    706.2
     1     1    23     1    13     4     0     2  -103.0   37.036 -172.737   2713.5    714.8
     1     1    23     1    13     3     0     3  -104.0   36.812 -173.704   2719.4    715.7
     1     1    23     1    13     2     0     2  -105.0   36.582 -174.753   2755.0    711.3
     1     1    23     1    13     1     0     1  -106.0   36.366 -175.758   2866.5    698.9
     1     1    23     1    13     0     0     0  -107.0   36.118 -176.739   2827.7    702.0
     1     1    23     1    12    23     0     1  -108.0   35.860 -177.755   2748.6    714.2
     1     1    23     1    12    22     0     2  -109.0   35.659 -178.753   2811.8    708.3
     1     1    23     1    12    21     0     3  -110.0   35.419 -179.744   2915.7    696.2
     1     1    23     1    12    20     0     2  -111.0   35.144  179.233   3002.1    690.4
     1     1    23     1    12    19     0     1  -112.0   34.905  178.248   3071.8    681.3
     1     1    23     1    12    18     0     0  -113.0   34.668  177.273   3128.5    682.7
     1     1    23     1    12    17     0     1  -114.0   34.463  176.253   3289.2    662.1
     1     1    23     1    12    16     0     2  -115.0   34.383  175.239   3289.6    665.6
     1     1    23     1    12    15     0     3  -116.0   34.330  174.238   3331.8    661.7
     1     1    23     1    12    14     0     2  -117.0   34.276  173.249   3349.5    658.8
     1     1    23     1    12    13     0     1  -118.0   34.297  172.199   3285.5    668.1
     1     1    23     1    12    12     0     0  -119.0   34.335  171.167   3300.8    664.6
     1     1    23     1    12    11     0     1  -120.0   34.377  170.109   3324.4    665.9
