     8     1
    GDAS    22    12    22     0     0
    GDAS    22    12    29     0     0
    GDAS    23     1     1     0     0
    GDAS    23     1     8     0     0
    GDAS    23     1    15     0     0
    GDAS    23     1    22     0     0
    GDAS    23     1    29     0     0
    GDAS    23     2     1     0     0
     1 BACKWARD OMEGA   
    23     1    21    12   32.716  -96.748   132.0
     1 PRESSURE
     1     1    23     1    21    12     0     0     0.0   32.716  -96.748    132.0    982.3
     1     1    23     1    21    11     0     1    -1.0   32.578  -96.598    106.3    986.2
     1     1    23     1    21    10     0     2    -2.0   32.459  -96.429     87.9    990.3
     1     1    23     1    21     9     0     3    -3.0   32.362  -96.255     76.3    994.1
     1     1    23     1    21     8     0     2    -4.0   32.287  -96.086     69.6    997.5
     1     1    23     1    21     7     0     1    -5.0   32.224  -95.925     65.8    999.2
     1     1    23     1    21     6     0     0    -6.0   32.166  -95.769     63.2    999.4
     1     1    23     1    21     5     0     1    -7.0   32.112  -95.610     61.4    999.1
     1     1    23     1    21     4     0     2    -8.0   32.067  -95.441     60.0    998.5
     1     1    23     1    21     3     0     3    -9.0   32.036  -95.260     58.5    997.8
     1     1    23     1    21     2     0     2   -10.0   32.018  -95.081     60.6    997.4
     1     1    23     1    21     1     0     1   -11.0   32.005  -94.918     71.7    996.6
     1     1    23     1    21     0     0     0   -12.0   31.996  -94.776     97.2    995.2
     1     1    23     1    20    23     0     1   -13.0   31.987  -94.635    130.7    991.4
     1     1    23     1    20    22     0     2   -14.0   31.970  -94.485    154.0    989.0
     1     1    23     1    20    21     0     3   -15.0   31.941  -94.336    158.3    989.1
     1     1    23     1    20    20     0     2   -16.0   31.926  -94.194    157.9    993.0
     1     1    23     1    20    19     0     1   -17.0   31.948  -94.048    170.5    993.1
     1     1    23     1    20    18     0     0   -18.0   32.015  -93.888    201.8    990.3
     1     1    23     1    20    17     0     1   -19.0   32.111  -93.711    238.4    984.6
     1     1    23     1    20    16     0     2   -20.0   32.221  -93.521    264.5    981.9
     1     1    23     1    20    15     0     3   -21.0   32.351  -93.321    282.1    979.9
     1     1    23     1    20    14     0     2   -22.0   32.509  -93.131    296.7    977.9
     1     1    23     1    20    13     0     1   -23.0   32.697  -92.970    311.5    975.8
     1     1    23     1    20    12     0     0   -24.0   32.917  -92.846    327.0    974.7
     1     1    23     1    20    11     0     1   -25.0   33.150  -92.769    342.8    973.0
     1     1    23     1    20    10     0     2   -26.0   33.380  -92.746    359.5    970.6
     1     1    23     1    20     9     0     3   -27.0   33.612  -92.776    378.1    967.6
     1     1    23     1    20     8     0     2   -28.0   33.842  -92.855    402.7    964.5
     1     1    23     1    20     7     0     1   -29.0   34.063  -92.979    439.2    959.8
     1     1    23     1    20     6     0     0   -30.0   34.276  -93.157    490.9    950.2
     1     1    23     1    20     5     0     1   -31.0   34.484  -93.384    547.2    937.4
     1     1    23     1    20     4     0     2   -32.0   34.689  -93.653    597.5    926.5
     1     1    23     1    20     3     0     3   -33.0   34.897  -93.967    653.4    913.9
     1     1    23     1    20     2     0     2   -34.0   35.103  -94.315    716.1    903.6
     1     1    23     1    20     1     0     1   -35.0   35.301  -94.673    767.8    897.1
     1     1    23     1    20     0     0     0   -36.0   35.485  -95.033    804.2    895.6
     1     1    23     1    19    23     0     1   -37.0   35.660  -95.389    840.9    893.0
     1     1    23     1    19    22     0     2   -38.0   35.839  -95.739    887.9    888.2
     1     1    23     1    19    21     0     3   -39.0   36.032  -96.082    938.7    882.3
     1     1    23     1    19    20     0     2   -40.0   36.261  -96.437   1003.2    872.1
     1     1    23     1    19    19     0     1   -41.0   36.554  -96.819   1092.5    857.0
     1     1    23     1    19    18     0     0   -42.0   36.912  -97.230   1197.9    839.7
     1     1    23     1    19    17     0     1   -43.0   37.336  -97.664   1314.9    820.5
     1     1    23     1    19    16     0     2   -44.0   37.832  -98.112   1437.3    799.2
     1     1    23     1    19    15     0     3   -45.0   38.382  -98.554   1558.6    780.7
     1     1    23     1    19    14     0     2   -46.0   38.954  -98.973   1651.3    766.5
     1     1    23     1    19    13     0     1   -47.0   39.520  -99.361   1751.1    754.6
     1     1    23     1    19    12     0     0   -48.0   40.073  -99.720   1867.3    729.4
     1     1    23     1    19    11     0     1   -49.0   40.619 -100.015   1930.5    716.3
     1     1    23     1    19    10     0     2   -50.0   41.146 -100.215   1950.4    709.9
     1     1    23     1    19     9     0     3   -51.0   41.647 -100.313   1938.0    709.1
     1     1    23     1    19     8     0     2   -52.0   42.122 -100.313   1880.8    712.6
     1     1    23     1    19     7     0     1   -53.0   42.561 -100.221   1766.7    728.3
     1     1    23     1    19     6     0     0   -54.0   42.963 -100.063   1615.6    748.9
     1     1    23     1    19     5     0     1   -55.0   43.331  -99.856   1493.0    775.2
     1     1    23     1    19     4     0     2   -56.0   43.655  -99.612   1423.2    787.1
     1     1    23     1    19     3     0     3   -57.0   43.931  -99.346   1399.1    795.0
     1     1    23     1    19     2     0     2   -58.0   44.174  -99.068   1370.7    793.7
     1     1    23     1    19     1     0     1   -59.0   44.398  -98.800   1292.2    806.6
     1     1    23     1    19     0     0     0   -60.0   44.609  -98.546   1196.2    822.9
     1     1    23     1    18    23     0     1   -61.0   44.793  -98.317   1131.2    835.1
     1     1    23     1    18    22     0     2   -62.0   44.936  -98.125   1086.4    838.3
     1     1    23     1    18    21     0     3   -63.0   45.043  -97.965   1016.6    844.6
     1     1    23     1    18    20     0     2   -64.0   45.129  -97.816    955.6    854.6
     1     1    23     1    18    19     0     1   -65.0   45.205  -97.672    935.4    853.2
     1     1    23     1    18    18     0     0   -66.0   45.270  -97.538    924.4    852.3
     1     1    23     1    18    17     0     1   -67.0   45.330  -97.421    905.2    853.6
     1     1    23     1    18    16     0     2   -68.0   45.394  -97.323    884.0    857.6
     1     1    23     1    18    15     0     3   -69.0   45.464  -97.247    876.9    860.1
     1     1    23     1    18    14     0     2   -70.0   45.531  -97.195    885.0    859.8
     1     1    23     1    18    13     0     1   -71.0   45.585  -97.169    904.1    858.7
     1     1    23     1    18    12     0     0   -72.0   45.626  -97.168    934.7    856.2
     1     1    23     1    18    11     0     1   -73.0   45.662  -97.185    974.7    852.3
     1     1    23     1    18    10     0     2   -74.0   45.702  -97.212   1019.0    848.1
     1     1    23     1    18     9     0     3   -75.0   45.748  -97.252   1061.5    844.1
     1     1    23     1    18     8     0     2   -76.0   45.797  -97.302   1090.4    840.9
     1     1    23     1    18     7     0     1   -77.0   45.847  -97.358   1100.4    840.8
     1     1    23     1    18     6     0     0   -78.0   45.896  -97.419   1097.1    841.8
     1     1    23     1    18     5     0     1   -79.0   45.954  -97.470   1085.3    843.6
     1     1    23     1    18     4     0     2   -80.0   46.031  -97.495   1067.1    845.8
     1     1    23     1    18     3     0     3   -81.0   46.129  -97.492   1045.2    848.5
     1     1    23     1    18     2     0     2   -82.0   46.246  -97.481   1028.8    851.2
     1     1    23     1    18     1     0     1   -83.0   46.374  -97.478   1022.5    852.0
     1     1    23     1    18     0     0     0   -84.0   46.511  -97.480   1026.3    851.8
     1     1    23     1    17    23     0     1   -85.0   46.651  -97.481   1038.2    850.3
     1     1    23     1    17    22     0     2   -86.0   46.789  -97.481   1051.2    848.6
     1     1    23     1    17    21     0     3   -87.0   46.923  -97.478   1057.4    847.6
     1     1    23     1    17    20     0     2   -88.0   47.061  -97.454   1054.5    848.2
     1     1    23     1    17    19     0     1   -89.0   47.209  -97.394   1048.7    849.4
     1     1    23     1    17    18     0     0   -90.0   47.367  -97.298   1046.0    850.7
     1     1    23     1    17    17     0     1   -91.0   47.539  -97.170   1045.9    851.9
     1     1    23     1    17    16     0     2   -92.0   47.733  -97.009   1044.0    854.2
     1     1    23     1    17    15     0     3   -93.0   47.950  -96.808   1036.8    853.4
     1     1    23     1    17    14     0     2   -94.0   48.181  -96.589   1031.9    852.6
     1     1    23     1    17    13     0     1   -95.0   48.420  -96.373   1029.1    850.3
     1     1    23     1    17    12     0     0   -96.0   48.665  -96.151   1018.0    849.1
     1     1    23     1    17    11     0     1   -97.0   48.908  -95.918    992.4    850.3
     1     1    23     1    17    10     0     2   -98.0   49.147  -95.676    960.6    855.2
     1     1    23     1    17     9     0     3   -99.0   49.377  -95.430    934.4    858.7
     1     1    23     1    17     8     0     2  -100.0   49.595  -95.172    921.0    860.0
     1     1    23     1    17     7     0     1  -101.0   49.799  -94.891    929.4    858.2
     1     1    23     1    17     6     0     0  -102.0   49.987  -94.595    964.4    851.8
     1     1    23     1    17     5     0     1  -103.0   50.166  -94.294   1010.6    843.1
     1     1    23     1    17     4     0     2  -104.0   50.341  -93.995   1049.4    836.6
     1     1    23     1    17     3     0     3  -105.0   50.510  -93.701   1075.5    833.7
     1     1    23     1    17     2     0     2  -106.0   50.672  -93.419   1091.4    832.7
     1     1    23     1    17     1     0     1  -107.0   50.824  -93.165   1104.8    831.7
     1     1    23     1    17     0     0     0  -108.0   50.968  -92.949   1113.3    830.5
     1     1    23     1    16    23     0     1  -109.0   51.098  -92.788   1110.2    830.5
     1     1    23     1    16    22     0     2  -110.0   51.205  -92.693   1096.0    832.3
     1     1    23     1    16    21     0     3  -111.0   51.289  -92.658   1075.4    834.7
     1     1    23     1    16    20     0     2  -112.0   51.346  -92.669   1047.0    837.5
     1     1    23     1    16    19     0     1  -113.0   51.372  -92.705   1008.4    841.8
     1     1    23     1    16    18     0     0  -114.0   51.367  -92.762    960.7    847.1
     1     1    23     1    16    17     0     1  -115.0   51.343  -92.829    916.3    853.3
     1     1    23     1    16    16     0     2  -116.0   51.308  -92.896    888.0    856.6
     1     1    23     1    16    15     0     3  -117.0   51.263  -92.965    876.7    858.0
     1     1    23     1    16    14     0     2  -118.0   51.218  -93.035    861.2    857.3
     1     1    23     1    16    13     0     1  -119.0   51.187  -93.098    819.4    861.8
     1     1    23     1    16    12     0     0  -120.0   51.169  -93.158    756.7    868.8
