     8     1
    GDAS    22    12    22     0     0
    GDAS    22    12    29     0     0
    GDAS    23     1     1     0     0
    GDAS    23     1     8     0     0
    GDAS    23     1    15     0     0
    GDAS    23     1    22     0     0
    GDAS    23     1    29     0     0
    GDAS    23     2     1     0     0
     1 BACKWARD OMEGA   
    23     1    15    11   32.716  -96.748   100.0
     1 PRESSURE
     1     1    23     1    15    11     0     1     0.0   32.716  -96.748    100.0    982.7
     1     1    23     1    15    10     0     2    -1.0   32.384  -96.766     86.7    983.5
     1     1    23     1    15     9     0     3    -2.0   32.053  -96.790     67.3    985.8
     1     1    23     1    15     8     0     2    -3.0   31.748  -96.803     50.1    991.7
     1     1    23     1    15     7     0     1    -4.0   31.479  -96.794     38.6    995.7
     1     1    23     1    15     6     0     0    -5.0   31.240  -96.768     29.8    999.5
     1     1    23     1    15     5     0     1    -6.0   31.029  -96.724     19.9   1001.6
     1     1    23     1    15     4     0     2    -7.0   30.847  -96.661      9.1   1004.2
     1     1    23     1    15     3     0     3    -8.0   30.681  -96.581      0.0   1004.9
     1     1    23     1    15     2     0     2    -9.0   30.527  -96.494      0.0   1006.2
     1     1    23     1    15     1     0     1   -10.0   30.385  -96.414      0.0   1007.3
     1     1    23     1    15     0     0     0   -11.0   30.255  -96.341      0.0   1008.3
     1     1    23     1    14    23     0     1   -12.0   30.127  -96.271      0.0   1009.5
     1     1    23     1    14    22     0     2   -13.0   29.992  -96.205      0.0   1010.6
     1     1    23     1    14    21     0     3   -14.0   29.852  -96.145      0.0   1012.2
     1     1    23     1    14    20     0     2   -15.0   29.718  -96.082      0.0   1014.8
     1     1    23     1    14    19     0     1   -16.0   29.607  -96.002      0.0   1017.4
     1     1    23     1    14    18     0     0   -17.0   29.521  -95.908      0.0   1019.8
     1     1    23     1    14    17     0     1   -18.0   29.457  -95.805      0.0   1021.3
     1     1    23     1    14    16     0     2   -19.0   29.409  -95.700      0.0   1022.5
     1     1    23     1    14    15     0     3   -20.0   29.377  -95.590      0.0   1023.7
     1     1    23     1    14    14     0     2   -21.0   29.362  -95.477      0.0   1023.6
     1     1    23     1    14    13     0     1   -22.0   29.368  -95.367      0.0   1023.3
     1     1    23     1    14    12     0     0   -23.0   29.395  -95.267      0.0   1023.0
     1     1    23     1    14    11     0     1   -24.0   29.439  -95.171      0.0   1023.2
     1     1    23     1    14    10     0     2   -25.0   29.499  -95.075      0.0   1023.5
     1     1    23     1    14     9     0     3   -26.0   29.574  -94.979      0.0   1023.7
     1     1    23     1    14     8     0     2   -27.0   29.659  -94.889      0.2   1024.1
     1     1    23     1    14     7     0     1   -28.0   29.750  -94.812      0.5   1024.2
     1     1    23     1    14     6     0     0   -29.0   29.843  -94.747      1.1   1024.1
     1     1    23     1    14     5     0     1   -30.0   29.936  -94.698      1.9   1024.2
     1     1    23     1    14     4     0     2   -31.0   30.027  -94.667      2.7   1024.2
     1     1    23     1    14     3     0     3   -32.0   30.120  -94.650      3.4   1023.7
     1     1    23     1    14     2     0     2   -33.0   30.213  -94.648      4.1   1022.5
     1     1    23     1    14     1     0     1   -34.0   30.306  -94.659      4.5   1021.4
     1     1    23     1    14     0     0     0   -35.0   30.398  -94.683      4.8   1020.4
     1     1    23     1    13    23     0     1   -36.0   30.501  -94.717      5.1   1019.5
     1     1    23     1    13    22     0     2   -37.0   30.622  -94.756      5.6   1018.5
     1     1    23     1    13    21     0     3   -38.0   30.760  -94.803      6.3   1017.4
     1     1    23     1    13    20     0     2   -39.0   30.899  -94.848      7.0   1016.2
     1     1    23     1    13    19     0     1   -40.0   31.022  -94.883      8.0   1015.2
     1     1    23     1    13    18     0     0   -41.0   31.137  -94.908      9.5   1014.7
     1     1    23     1    13    17     0     1   -42.0   31.253  -94.927     11.2   1015.0
     1     1    23     1    13    16     0     2   -43.0   31.377  -94.945     12.8   1015.3
     1     1    23     1    13    15     0     3   -44.0   31.510  -94.965     14.0   1015.5
     1     1    23     1    13    14     0     2   -45.0   31.653  -94.985     14.7   1013.5
     1     1    23     1    13    13     0     1   -46.0   31.810  -95.000     14.9   1011.6
     1     1    23     1    13    12     0     0   -47.0   31.991  -95.002     14.9   1009.8
     1     1    23     1    13    11     0     1   -48.0   32.170  -95.016     14.9   1009.8
     1     1    23     1    13    10     0     2   -49.0   32.319  -95.071     14.7   1010.0
     1     1    23     1    13     9     0     3   -50.0   32.446  -95.159     14.3   1010.3
     1     1    23     1    13     8     0     2   -51.0   32.577  -95.237     14.5   1010.2
     1     1    23     1    13     7     0     1   -52.0   32.724  -95.279     15.7   1009.5
     1     1    23     1    13     6     0     0   -53.0   32.885  -95.287     18.2   1008.5
     1     1    23     1    13     5     0     1   -54.0   33.057  -95.292     22.3   1007.5
     1     1    23     1    13     4     0     2   -55.0   33.244  -95.326     28.6   1006.5
     1     1    23     1    13     3     0     3   -56.0   33.448  -95.390     38.9   1005.2
     1     1    23     1    13     2     0     2   -57.0   33.674  -95.472     56.7   1002.8
     1     1    23     1    13     1     0     1   -58.0   33.932  -95.558     86.0    998.2
     1     1    23     1    13     0     0     0   -59.0   34.215  -95.644    122.0    991.1
     1     1    23     1    12    23     0     1   -60.0   34.518  -95.739    154.7    984.0
     1     1    23     1    12    22     0     2   -61.0   34.838  -95.850    179.8    978.0
     1     1    23     1    12    21     0     3   -62.0   35.180  -95.979    201.7    974.9
     1     1    23     1    12    20     0     2   -63.0   35.548  -96.105    225.6    971.1
     1     1    23     1    12    19     0     1   -64.0   35.938  -96.205    248.0    967.9
     1     1    23     1    12    18     0     0   -65.0   36.347  -96.276    270.2    962.8
     1     1    23     1    12    17     0     1   -66.0   36.790  -96.337    307.9    954.4
     1     1    23     1    12    16     0     2   -67.0   37.279  -96.409    374.4    941.9
     1     1    23     1    12    15     0     3   -68.0   37.816  -96.472    472.9    925.7
     1     1    23     1    12    14     0     2   -69.0   38.416  -96.468    565.5    909.2
     1     1    23     1    12    13     0     1   -70.0   39.032  -96.435    571.8    906.9
     1     1    23     1    12    12     0     0   -71.0   39.642  -96.421    558.4    914.5
     1     1    23     1    12    11     0     1   -72.0   40.307  -96.388    575.9    907.0
     1     1    23     1    12    10     0     2   -73.0   40.971  -96.365    592.4    903.4
     1     1    23     1    12     9     0     3   -74.0   41.606  -96.371    596.1    901.7
     1     1    23     1    12     8     0     2   -75.0   42.188  -96.409    587.9    902.7
     1     1    23     1    12     7     0     1   -76.0   42.705  -96.448    598.3    902.6
     1     1    23     1    12     6     0     0   -77.0   43.177  -96.466    641.5    893.8
     1     1    23     1    12     5     0     1   -78.0   43.629  -96.493    686.9    878.7
     1     1    23     1    12     4     0     2   -79.0   44.084  -96.553    710.2    870.5
     1     1    23     1    12     3     0     3   -80.0   44.524  -96.639    742.9    871.3
     1     1    23     1    12     2     0     2   -81.0   44.924  -96.753    809.4    861.5
     1     1    23     1    12     1     0     1   -82.0   45.304  -96.889    880.4    854.1
     1     1    23     1    12     0     0     0   -83.0   45.690  -97.038    923.7    856.9
     1     1    23     1    11    23     0     1   -84.0   46.068  -97.201    946.6    862.7
     1     1    23     1    11    22     0     2   -85.0   46.418  -97.362    960.5    860.8
     1     1    23     1    11    21     0     3   -86.0   46.739  -97.517    958.5    858.8
     1     1    23     1    11    20     0     2   -87.0   47.043  -97.665    951.1    859.8
     1     1    23     1    11    19     0     1   -88.0   47.342  -97.811    960.1    854.9
     1     1    23     1    11    18     0     0   -89.0   47.634  -97.964    984.6    846.4
     1     1    23     1    11    17     0     1   -90.0   47.906  -98.120    996.6    839.6
     1     1    23     1    11    16     0     2   -91.0   48.160  -98.256    987.7    842.7
     1     1    23     1    11    15     0     3   -92.0   48.397  -98.374    980.0    846.1
     1     1    23     1    11    14     0     2   -93.0   48.611  -98.485    981.9    845.9
     1     1    23     1    11    13     0     1   -94.0   48.797  -98.576    978.1    845.0
     1     1    23     1    11    12     0     0   -95.0   48.957  -98.632    953.4    847.1
     1     1    23     1    11    11     0     1   -96.0   49.102  -98.658    933.2    853.3
     1     1    23     1    11    10     0     2   -97.0   49.239  -98.678    940.8    853.3
     1     1    23     1    11     9     0     3   -98.0   49.364  -98.704    968.1    850.7
     1     1    23     1    11     8     0     2   -99.0   49.459  -98.763    996.1    846.4
     1     1    23     1    11     7     0     1  -100.0   49.515  -98.865   1020.8    844.2
     1     1    23     1    11     6     0     0  -101.0   49.533  -98.996   1059.7    839.7
     1     1    23     1    11     5     0     1  -102.0   49.513  -99.152   1092.1    830.7
     1     1    23     1    11     4     0     2  -103.0   49.464  -99.316   1086.7    827.7
     1     1    23     1    11     3     0     3  -104.0   49.382  -99.475   1045.5    828.2
     1     1    23     1    11     2     0     2  -105.0   49.289  -99.632    991.9    831.7
     1     1    23     1    11     1     0     1  -106.0   49.200  -99.802    933.2    832.1
     1     1    23     1    11     0     0     0  -107.0   49.101  -99.988    844.5    835.0
     1     1    23     1    10    23     0     1  -108.0   49.003 -100.175    766.7    849.5
     1     1    23     1    10    22     0     2  -109.0   48.924 -100.374    734.7    856.1
     1     1    23     1    10    21     0     3  -110.0   48.853 -100.586    715.8    860.3
     1     1    23     1    10    20     0     2  -111.0   48.774 -100.803    681.1    866.7
     1     1    23     1    10    19     0     1  -112.0   48.680 -101.028    632.1    875.9
     1     1    23     1    10    18     0     0  -113.0   48.575 -101.279    598.7    878.5
     1     1    23     1    10    17     0     1  -114.0   48.462 -101.568    586.9    874.2
     1     1    23     1    10    16     0     2  -115.0   48.344 -101.888    578.8    869.6
     1     1    23     1    10    15     0     3  -116.0   48.227 -102.225    562.9    867.1
     1     1    23     1    10    14     0     2  -117.0   48.113 -102.534    540.9    868.8
     1     1    23     1    10    13     0     1  -118.0   47.987 -102.792    533.7    869.6
     1     1    23     1    10    12     0     0  -119.0   47.838 -103.017    558.7    865.9
     1     1    23     1    10    11     0     1  -120.0   47.682 -103.234    594.4    857.8
