     8     1
    GDAS    22    12    22     0     0
    GDAS    22    12    29     0     0
    GDAS    23     1     1     0     0
    GDAS    23     1     8     0     0
    GDAS    23     1    15     0     0
    GDAS    23     1    22     0     0
    GDAS    23     1    29     0     0
    GDAS    23     2     1     0     0
     1 BACKWARD OMEGA   
    23     1    11    13   32.716  -96.748  1000.0
     1 PRESSURE
     1     1    23     1    11    13     0     1     0.0   32.716  -96.748   1000.0    882.7
     1     1    23     1    11    12     0     0    -1.0   32.711  -97.214    978.3    880.9
     1     1    23     1    11    11     0     1    -2.0   32.738  -97.681    954.6    873.3
     1     1    23     1    11    10     0     2    -3.0   32.778  -98.145    934.9    870.2
     1     1    23     1    11     9     0     3    -4.0   32.820  -98.607    917.7    866.5
     1     1    23     1    11     8     0     2    -5.0   32.851  -99.069    905.2    866.8
     1     1    23     1    11     7     0     1    -6.0   32.882  -99.532    933.5    862.9
     1     1    23     1    11     6     0     0    -7.0   32.929  -99.997    984.7    851.3
     1     1    23     1    11     5     0     1    -8.0   32.982 -100.463   1054.9    837.4
     1     1    23     1    11     4     0     2    -9.0   33.033 -100.929   1145.4    813.1
     1     1    23     1    11     3     0     3   -10.0   33.085 -101.424   1210.2    796.0
     1     1    23     1    11     2     0     2   -11.0   33.134 -101.957   1251.2    782.8
     1     1    23     1    11     1     0     1   -12.0   33.197 -102.504   1342.3    769.0
     1     1    23     1    11     0     0     0   -13.0   33.292 -103.072   1581.9    739.0
     1     1    23     1    10    23     0     1   -14.0   33.401 -103.665   1901.0    699.2
     1     1    23     1    10    22     0     2   -15.0   33.494 -104.297   2144.7    663.6
     1     1    23     1    10    21     0     3   -16.0   33.563 -105.005   2174.7    640.9
     1     1    23     1    10    20     0     2   -17.0   33.611 -105.742   2096.1    645.9
     1     1    23     1    10    19     0     1   -18.0   33.638 -106.453   2014.4    647.5
     1     1    23     1    10    18     0     0   -19.0   33.654 -107.128   1984.3    658.2
     1     1    23     1    10    17     0     1   -20.0   33.659 -107.832   1985.6    617.3
     1     1    23     1    10    16     0     2   -21.0   33.647 -108.598   1889.9    617.0
     1     1    23     1    10    15     0     3   -22.0   33.599 -109.342   1767.1    654.2
     1     1    23     1    10    14     0     2   -23.0   33.488 -109.995   1852.6    680.8
     1     1    23     1    10    13     0     1   -24.0   33.339 -110.572   1881.5    698.3
     1     1    23     1    10    12     0     0   -25.0   33.177 -111.062   1801.2    725.6
     1     1    23     1    10    11     0     1   -26.0   33.017 -111.411   1659.1    772.2
     1     1    23     1    10    10     0     2   -27.0   32.866 -111.678   1547.5    794.2
     1     1    23     1    10     9     0     3   -28.0   32.708 -111.926   1486.0    805.7
     1     1    23     1    10     8     0     2   -29.0   32.533 -112.168   1451.7    810.1
     1     1    23     1    10     7     0     1   -30.0   32.348 -112.387   1434.9    812.9
     1     1    23     1    10     6     0     0   -31.0   32.165 -112.559   1429.2    813.0
     1     1    23     1    10     5     0     1   -32.0   31.998 -112.681   1434.0    812.7
     1     1    23     1    10     4     0     2   -33.0   31.853 -112.778   1460.1    817.4
     1     1    23     1    10     3     0     3   -34.0   31.724 -112.874   1506.1    820.7
     1     1    23     1    10     2     0     2   -35.0   31.607 -112.982   1551.0    821.7
     1     1    23     1    10     1     0     1   -36.0   31.497 -113.104   1566.0    826.5
     1     1    23     1    10     0     0     0   -37.0   31.398 -113.231   1558.9    832.6
     1     1    23     1     9    23     0     1   -38.0   31.309 -113.361   1551.5    839.1
     1     1    23     1     9    22     0     2   -39.0   31.230 -113.504   1554.8    841.6
     1     1    23     1     9    21     0     3   -40.0   31.163 -113.659   1560.9    843.3
     1     1    23     1     9    20     0     2   -41.0   31.102 -113.808   1547.5    845.1
     1     1    23     1     9    19     0     1   -42.0   31.035 -113.930   1494.7    852.4
     1     1    23     1     9    18     0     0   -43.0   30.959 -114.022   1408.5    862.1
     1     1    23     1     9    17     0     1   -44.0   30.878 -114.099   1337.2    870.0
     1     1    23     1     9    16     0     2   -45.0   30.807 -114.179   1313.9    867.2
     1     1    23     1     9    15     0     3   -46.0   30.749 -114.266   1324.9    860.7
     1     1    23     1     9    14     0     2   -47.0   30.703 -114.360   1356.2    851.5
     1     1    23     1     9    13     0     1   -48.0   30.665 -114.457   1390.3    841.7
     1     1    23     1     9    12     0     0   -49.0   30.633 -114.558   1409.1    833.3
     1     1    23     1     9    11     0     1   -50.0   30.606 -114.662   1409.7    828.2
     1     1    23     1     9    10     0     2   -51.0   30.582 -114.771   1404.6    823.5
     1     1    23     1     9     9     0     3   -52.0   30.557 -114.886   1406.5    817.6
     1     1    23     1     9     8     0     2   -53.0   30.526 -115.001   1406.9    809.8
     1     1    23     1     9     7     0     1   -54.0   30.489 -115.107   1406.7    814.1
     1     1    23     1     9     6     0     0   -55.0   30.451 -115.201   1410.5    817.5
     1     1    23     1     9     5     0     1   -56.0   30.428 -115.285   1436.7    819.7
     1     1    23     1     9     4     0     2   -57.0   30.428 -115.364   1498.7    816.7
     1     1    23     1     9     3     0     3   -58.0   30.445 -115.439   1593.1    810.1
     1     1    23     1     9     2     0     2   -59.0   30.471 -115.518   1693.9    800.6
     1     1    23     1     9     1     0     1   -60.0   30.501 -115.603   1772.8    795.8
     1     1    23     1     9     0     0     0   -61.0   30.540 -115.690   1831.8    793.0
     1     1    23     1     8    23     0     1   -62.0   30.583 -115.777   1875.9    791.4
     1     1    23     1     8    22     0     2   -63.0   30.623 -115.867   1912.9    790.7
     1     1    23     1     8    21     0     3   -64.0   30.661 -115.958   1952.8    789.2
     1     1    23     1     8    20     0     2   -65.0   30.695 -116.052   2027.2    786.6
     1     1    23     1     8    19     0     1   -66.0   30.718 -116.152   2156.3    775.5
     1     1    23     1     8    18     0     0   -67.0   30.728 -116.262   2329.7    761.2
     1     1    23     1     8    17     0     1   -68.0   30.728 -116.390   2494.9    743.6
     1     1    23     1     8    16     0     2   -69.0   30.727 -116.534   2608.4    735.9
     1     1    23     1     8    15     0     3   -70.0   30.729 -116.690   2672.9    732.7
     1     1    23     1     8    14     0     2   -71.0   30.728 -116.851   2710.1    733.9
     1     1    23     1     8    13     0     1   -72.0   30.715 -117.019   2746.2    733.4
     1     1    23     1     8    12     0     0   -73.0   30.690 -117.194   2803.5    729.7
     1     1    23     1     8    11     0     1   -74.0   30.655 -117.370   2889.0    720.7
     1     1    23     1     8    10     0     2   -75.0   30.618 -117.544   2982.8    712.2
     1     1    23     1     8     9     0     3   -76.0   30.582 -117.718   3082.8    703.7
     1     1    23     1     8     8     0     2   -77.0   30.553 -117.900   3164.8    694.7
     1     1    23     1     8     7     0     1   -78.0   30.530 -118.084   3191.4    691.6
     1     1    23     1     8     6     0     0   -79.0   30.507 -118.258   3149.9    695.5
     1     1    23     1     8     5     0     1   -80.0   30.471 -118.427   3095.4    704.3
     1     1    23     1     8     4     0     2   -81.0   30.426 -118.607   3087.5    705.4
     1     1    23     1     8     3     0     3   -82.0   30.382 -118.802   3138.9    701.1
     1     1    23     1     8     2     0     2   -83.0   30.337 -119.028   3216.2    690.7
     1     1    23     1     8     1     0     1   -84.0   30.276 -119.286   3279.3    685.3
     1     1    23     1     8     0     0     0   -85.0   30.201 -119.561   3347.9    680.6
     1     1    23     1     7    23     0     1   -86.0   30.112 -119.838   3425.9    672.9
     1     1    23     1     7    22     0     2   -87.0   30.005 -120.110   3470.3    667.1
     1     1    23     1     7    21     0     3   -88.0   29.883 -120.383   3465.4    668.4
     1     1    23     1     7    20     0     2   -89.0   29.750 -120.653   3453.7    672.4
     1     1    23     1     7    19     0     1   -90.0   29.614 -120.913   3477.5    671.9
     1     1    23     1     7    18     0     0   -91.0   29.469 -121.167   3550.5    666.3
     1     1    23     1     7    17     0     1   -92.0   29.321 -121.421   3619.6    655.6
     1     1    23     1     7    16     0     2   -93.0   29.180 -121.667   3644.1    654.6
     1     1    23     1     7    15     0     3   -94.0   29.047 -121.905   3668.9    654.8
     1     1    23     1     7    14     0     2   -95.0   28.919 -122.131   3713.9    650.3
     1     1    23     1     7    13     0     1   -96.0   28.794 -122.343   3762.1    645.3
     1     1    23     1     7    12     0     0   -97.0   28.671 -122.539   3808.2    641.9
     1     1    23     1     7    11     0     1   -98.0   28.558 -122.729   3856.2    638.0
     1     1    23     1     7    10     0     2   -99.0   28.463 -122.925   3906.9    634.3
     1     1    23     1     7     9     0     3  -100.0   28.386 -123.132   3957.4    630.0
     1     1    23     1     7     8     0     2  -101.0   28.327 -123.346   4000.9    626.7
     1     1    23     1     7     7     0     1  -102.0   28.286 -123.561   4032.5    624.0
     1     1    23     1     7     6     0     0  -103.0   28.265 -123.777   4045.2    623.0
     1     1    23     1     7     5     0     1  -104.0   28.261 -123.995   4053.8    623.4
     1     1    23     1     7     4     0     2  -105.0   28.268 -124.217   4081.5    621.6
     1     1    23     1     7     3     0     3  -106.0   28.282 -124.447   4127.6    617.1
     1     1    23     1     7     2     0     2  -107.0   28.305 -124.697   4177.0    612.4
     1     1    23     1     7     1     0     1  -108.0   28.334 -124.971   4229.7    608.6
     1     1    23     1     7     0     0     0  -109.0   28.368 -125.270   4279.1    603.4
     1     1    23     1     6    23     0     1  -110.0   28.404 -125.595   4295.5    601.2
     1     1    23     1     6    22     0     2  -111.0   28.444 -125.938   4281.7    603.6
     1     1    23     1     6    21     0     3  -112.0   28.484 -126.286   4292.1    605.8
     1     1    23     1     6    20     0     2  -113.0   28.518 -126.644   4359.5    600.4
     1     1    23     1     6    19     0     1  -114.0   28.554 -127.016   4478.3    591.4
     1     1    23     1     6    18     0     0  -115.0   28.613 -127.409   4616.1    578.8
     1     1    23     1     6    17     0     1  -116.0   28.689 -127.829   4736.7    569.1
     1     1    23     1     6    16     0     2  -117.0   28.768 -128.274   4839.0    561.1
     1     1    23     1     6    15     0     3  -118.0   28.854 -128.733   4928.0    554.4
     1     1    23     1     6    14     0     2  -119.0   28.948 -129.199   5018.2    548.4
     1     1    23     1     6    13     0     1  -120.0   29.045 -129.678   5115.0    540.7
