     8     1
    GDAS    22    12    22     0     0
    GDAS    22    12    29     0     0
    GDAS    23     1     1     0     0
    GDAS    23     1     8     0     0
    GDAS    23     1    15     0     0
    GDAS    23     1    22     0     0
    GDAS    23     1    29     0     0
    GDAS    23     2     1     0     0
     1 BACKWARD OMEGA   
    23     1    13    23   32.000  -96.000   500.0
     1 PRESSURE
     1     1    23     1    13    23     0     1     0.0   32.000  -96.000    500.0    956.6
     1     1    23     1    13    22     0     2    -1.0   32.210  -96.058    508.6    954.6
     1     1    23     1    13    21     0     3    -2.0   32.413  -96.142    527.3    949.7
     1     1    23     1    13    20     0     2    -3.0   32.615  -96.224    544.8    946.4
     1     1    23     1    13    19     0     1    -4.0   32.822  -96.288    560.2    944.5
     1     1    23     1    13    18     0     0    -5.0   33.038  -96.340    578.3    942.8
     1     1    23     1    13    17     0     1    -6.0   33.277  -96.372    604.5    939.2
     1     1    23     1    13    16     0     2    -7.0   33.558  -96.377    643.1    934.0
     1     1    23     1    13    15     0     3    -8.0   33.883  -96.367    699.5    926.4
     1     1    23     1    13    14     0     2    -9.0   34.253  -96.370    759.1    914.3
     1     1    23     1    13    13     0     1   -10.0   34.655  -96.402    802.6    905.1
     1     1    23     1    13    12     0     0   -11.0   35.085  -96.470    845.6    897.3
     1     1    23     1    13    11     0     1   -12.0   35.517  -96.577    892.6    891.7
     1     1    23     1    13    10     0     2   -13.0   35.929  -96.719    939.9    887.7
     1     1    23     1    13     9     0     3   -14.0   36.325  -96.894    991.7    879.0
     1     1    23     1    13     8     0     2   -15.0   36.720  -97.080   1046.3    869.0
     1     1    23     1    13     7     0     1   -16.0   37.125  -97.268   1118.3    859.1
     1     1    23     1    13     6     0     0   -17.0   37.535  -97.467   1221.8    843.7
     1     1    23     1    13     5     0     1   -18.0   37.954  -97.680   1314.2    825.4
     1     1    23     1    13     4     0     2   -19.0   38.369  -97.895   1360.8    819.5
     1     1    23     1    13     3     0     3   -20.0   38.776  -98.107   1391.9    817.5
     1     1    23     1    13     2     0     2   -21.0   39.177  -98.326   1423.6    811.2
     1     1    23     1    13     1     0     1   -22.0   39.565  -98.555   1448.4    806.0
     1     1    23     1    13     0     0     0   -23.0   39.932  -98.799   1471.7    798.8
     1     1    23     1    12    23     0     1   -24.0   40.288  -99.047   1474.5    791.0
     1     1    23     1    12    22     0     2   -25.0   40.652  -99.287   1455.6    789.0
     1     1    23     1    12    21     0     3   -26.0   41.017  -99.537   1451.1    785.4
     1     1    23     1    12    20     0     2   -27.0   41.381  -99.799   1478.3    779.0
     1     1    23     1    12    19     0     1   -28.0   41.751 -100.067   1539.3    770.2
     1     1    23     1    12    18     0     0   -29.0   42.124 -100.343   1606.2    756.1
     1     1    23     1    12    17     0     1   -30.0   42.492 -100.628   1641.0    748.9
     1     1    23     1    12    16     0     2   -31.0   42.845 -100.930   1669.1    745.6
     1     1    23     1    12    15     0     3   -32.0   43.184 -101.250   1715.0    741.1
     1     1    23     1    12    14     0     2   -33.0   43.510 -101.574   1753.6    740.0
     1     1    23     1    12    13     0     1   -34.0   43.813 -101.890   1756.9    741.6
     1     1    23     1    12    12     0     0   -35.0   44.084 -102.192   1725.5    747.0
     1     1    23     1    12    11     0     1   -36.0   44.330 -102.481   1692.8    749.8
     1     1    23     1    12    10     0     2   -37.0   44.555 -102.765   1679.1    748.2
     1     1    23     1    12     9     0     3   -38.0   44.753 -103.043   1672.7    744.9
     1     1    23     1    12     8     0     2   -39.0   44.940 -103.316   1678.2    742.3
     1     1    23     1    12     7     0     1   -40.0   45.133 -103.592   1701.7    738.2
     1     1    23     1    12     6     0     0   -41.0   45.325 -103.869   1730.1    732.8
     1     1    23     1    12     5     0     1   -42.0   45.516 -104.138   1758.9    728.3
     1     1    23     1    12     4     0     2   -43.0   45.710 -104.392   1790.6    725.7
     1     1    23     1    12     3     0     3   -44.0   45.905 -104.638   1824.8    723.8
     1     1    23     1    12     2     0     2   -45.0   46.097 -104.872   1861.2    723.1
     1     1    23     1    12     1     0     1   -46.0   46.291 -105.098   1911.0    721.1
     1     1    23     1    12     0     0     0   -47.0   46.496 -105.326   1976.2    716.3
     1     1    23     1    11    23     0     1   -48.0   46.707 -105.564   2034.9    709.8
     1     1    23     1    11    22     0     2   -49.0   46.917 -105.810   2064.6    706.1
     1     1    23     1    11    21     0     3   -50.0   47.125 -106.057   2064.2    706.3
     1     1    23     1    11    20     0     2   -51.0   47.333 -106.294   2054.0    709.8
     1     1    23     1    11    19     0     1   -52.0   47.539 -106.519   2049.8    711.5
     1     1    23     1    11    18     0     0   -53.0   47.747 -106.732   2049.6    714.0
     1     1    23     1    11    17     0     1   -54.0   47.958 -106.937   2052.6    716.2
     1     1    23     1    11    16     0     2   -55.0   48.175 -107.144   2047.6    714.2
     1     1    23     1    11    15     0     3   -56.0   48.396 -107.363   2038.4    712.1
     1     1    23     1    11    14     0     2   -57.0   48.611 -107.607   2050.2    709.7
     1     1    23     1    11    13     0     1   -58.0   48.809 -107.879   2095.2    702.1
     1     1    23     1    11    12     0     0   -59.0   48.996 -108.156   2163.3    692.7
     1     1    23     1    11    11     0     1   -60.0   49.176 -108.442   2221.4    683.5
     1     1    23     1    11    10     0     2   -61.0   49.345 -108.745   2239.6    682.1
     1     1    23     1    11     9     0     3   -62.0   49.502 -109.055   2228.1    685.1
     1     1    23     1    11     8     0     2   -63.0   49.650 -109.351   2226.4    690.1
     1     1    23     1    11     7     0     1   -64.0   49.794 -109.615   2258.4    688.2
     1     1    23     1    11     6     0     0   -65.0   49.940 -109.831   2314.5    683.8
     1     1    23     1    11     5     0     1   -66.0   50.088 -110.043   2355.5    678.2
     1     1    23     1    11     4     0     2   -67.0   50.240 -110.291   2352.0    680.2
     1     1    23     1    11     3     0     3   -68.0   50.398 -110.571   2316.8    684.9
     1     1    23     1    11     2     0     2   -69.0   50.564 -110.879   2289.5    690.5
     1     1    23     1    11     1     0     1   -70.0   50.733 -111.210   2296.9    689.7
     1     1    23     1    11     0     0     0   -71.0   50.900 -111.533   2313.8    687.1
     1     1    23     1    10    23     0     1   -72.0   51.050 -111.841   2317.9    686.3
     1     1    23     1    10    22     0     2   -73.0   51.179 -112.153   2324.2    683.9
     1     1    23     1    10    21     0     3   -74.0   51.293 -112.468   2356.4    675.7
     1     1    23     1    10    20     0     2   -75.0   51.402 -112.765   2388.5    667.2
     1     1    23     1    10    19     0     1   -76.0   51.521 -113.032   2397.5    664.5
     1     1    23     1    10    18     0     0   -77.0   51.654 -113.272   2392.8    663.4
     1     1    23     1    10    17     0     1   -78.0   51.799 -113.508   2395.5    662.3
     1     1    23     1    10    16     0     2   -79.0   51.960 -113.759   2423.4    657.8
     1     1    23     1    10    15     0     3   -80.0   52.142 -114.019   2476.1    651.7
     1     1    23     1    10    14     0     2   -81.0   52.327 -114.317   2534.4    642.4
     1     1    23     1    10    13     0     1   -82.0   52.497 -114.700   2587.1    635.5
     1     1    23     1    10    12     0     0   -83.0   52.658 -115.209   2625.3    625.0
     1     1    23     1    10    11     0     1   -84.0   52.784 -115.813   2621.3    612.6
     1     1    23     1    10    10     0     2   -85.0   52.862 -116.449   2556.8    602.8
     1     1    23     1    10     9     0     3   -86.0   52.885 -117.136   2430.4    595.3
     1     1    23     1    10     8     0     2   -87.0   52.818 -117.840   2463.7    601.5
     1     1    23     1    10     7     0     1   -88.0   52.695 -118.527   2548.6    575.2
     1     1    23     1    10     6     0     0   -89.0   52.527 -119.181   2462.4    578.3
     1     1    23     1    10     5     0     1   -90.0   52.285 -119.728   2265.5    623.3
     1     1    23     1    10     4     0     2   -91.0   51.995 -120.160   2072.9    660.2
     1     1    23     1    10     3     0     3   -92.0   51.658 -120.506   1971.1    680.0
     1     1    23     1    10     2     0     2   -93.0   51.272 -120.909   2092.4    671.5
     1     1    23     1    10     1     0     1   -94.0   50.827 -121.453   2359.6    632.1
     1     1    23     1    10     0     0     0   -95.0   50.266 -122.049   2569.9    593.4
     1     1    23     1     9    23     0     1   -96.0   49.619 -122.495   2526.3    620.1
     1     1    23     1     9    22     0     2   -97.0   49.010 -122.629   2356.1    733.3
     1     1    23     1     9    21     0     3   -98.0   48.351 -122.665   2583.1    743.9
     1     1    23     1     9    20     0     2   -99.0   47.573 -123.019   3412.4    611.1
     1     1    23     1     9    19     0     1  -100.0   46.791 -123.372   3434.4    633.0
     1     1    23     1     9    18     0     0  -101.0   45.950 -123.789   3227.1    659.6
     1     1    23     1     9    17     0     1  -102.0   45.122 -124.335   3123.9    668.0
     1     1    23     1     9    16     0     2  -103.0   44.276 -124.916   3285.9    658.6
     1     1    23     1     9    15     0     3  -104.0   43.521 -125.705   3411.5    641.4
     1     1    23     1     9    14     0     2  -105.0   43.007 -126.441   3263.2    657.8
     1     1    23     1     9    13     0     1  -106.0   42.591 -127.091   3193.8    667.5
     1     1    23     1     9    12     0     0  -107.0   42.161 -127.878   3225.9    658.1
     1     1    23     1     9    11     0     1  -108.0   41.717 -128.752   3192.4    666.2
     1     1    23     1     9    10     0     2  -109.0   41.240 -129.592   3210.2    660.7
     1     1    23     1     9     9     0     3  -110.0   40.731 -130.440   3225.3    662.0
     1     1    23     1     9     8     0     2  -111.0   40.307 -131.271   3276.1    657.9
     1     1    23     1     9     7     0     1  -112.0   39.912 -132.072   3308.2    653.3
     1     1    23     1     9     6     0     0  -113.0   39.571 -132.902   3316.4    655.4
     1     1    23     1     9     5     0     1  -114.0   39.332 -133.817   3418.4    647.0
     1     1    23     1     9     4     0     2  -115.0   39.144 -134.803   3607.5    630.2
     1     1    23     1     9     3     0     3  -116.0   39.020 -135.819   3736.0    616.9
     1     1    23     1     9     2     0     2  -117.0   38.925 -136.834   3809.2    614.7
     1     1    23     1     9     1     0     1  -118.0   38.763 -137.891   3909.5    603.6
     1     1    23     1     9     0     0     0  -119.0   38.626 -138.994   3989.3    599.4
     1     1    23     1     8    23     0     1  -120.0   38.506 -140.010   4054.9    594.7
