     8     1
    GDAS    22    12    22     0     0
    GDAS    22    12    29     0     0
    GDAS    23     1     1     0     0
    GDAS    23     1     8     0     0
    GDAS    23     1    15     0     0
    GDAS    23     1    22     0     0
    GDAS    23     1    29     0     0
    GDAS    23     2     1     0     0
     1 BACKWARD OMEGA   
    23     1     5    12   32.716  -96.748   100.0
     1 PRESSURE
     1     1    23     1     5    12     0     0     0.0   32.716  -96.748    100.0    992.4
     1     1    23     1     5    11     0     1    -1.0   32.854  -96.806    101.8    992.5
     1     1    23     1     5    10     0     2    -2.0   32.989  -96.875    109.7    992.1
     1     1    23     1     5     9     0     3    -3.0   33.131  -96.956    127.1    989.1
     1     1    23     1     5     8     0     2    -4.0   33.282  -97.038    148.0    983.4
     1     1    23     1     5     7     0     1    -5.0   33.428  -97.116    163.6    978.5
     1     1    23     1     5     6     0     0    -6.0   33.566  -97.203    172.9    974.9
     1     1    23     1     5     5     0     1    -7.0   33.707  -97.292    183.4    972.4
     1     1    23     1     5     4     0     2    -8.0   33.861  -97.381    205.1    968.4
     1     1    23     1     5     3     0     3    -9.0   34.022  -97.474    243.8    962.9
     1     1    23     1     5     2     0     2   -10.0   34.166  -97.593    289.9    953.2
     1     1    23     1     5     1     0     1   -11.0   34.275  -97.745    331.8    945.9
     1     1    23     1     5     0     0     0   -12.0   34.342  -97.926    379.8    939.3
     1     1    23     1     4    23     0     1   -13.0   34.382  -98.113    435.4    930.4
     1     1    23     1     4    22     0     2   -14.0   34.412  -98.289    490.6    921.0
     1     1    23     1     4    21     0     3   -15.0   34.426  -98.456    541.1    912.8
     1     1    23     1     4    20     0     2   -16.0   34.433  -98.605    586.8    906.7
     1     1    23     1     4    19     0     1   -17.0   34.439  -98.728    628.5    901.0
     1     1    23     1     4    18     0     0   -18.0   34.442  -98.825    661.9    895.8
     1     1    23     1     4    17     0     1   -19.0   34.453  -98.906    679.2    891.8
     1     1    23     1     4    16     0     2   -20.0   34.484  -98.979    673.7    890.7
     1     1    23     1     4    15     0     3   -21.0   34.538  -99.043    647.3    891.9
     1     1    23     1     4    14     0     2   -22.0   34.607  -99.106    616.3    894.3
     1     1    23     1     4    13     0     1   -23.0   34.687  -99.187    593.8    893.7
     1     1    23     1     4    12     0     0   -24.0   34.778  -99.284    582.0    891.8
     1     1    23     1     4    11     0     1   -25.0   34.865  -99.395    573.4    888.7
     1     1    23     1     4    10     0     2   -26.0   34.932  -99.511    558.2    887.6
     1     1    23     1     4     9     0     3   -27.0   34.975  -99.626    537.8    887.6
     1     1    23     1     4     8     0     2   -28.0   35.009  -99.724    521.6    888.4
     1     1    23     1     4     7     0     1   -29.0   35.054  -99.795    511.8    887.1
     1     1    23     1     4     6     0     0   -30.0   35.115  -99.842    499.3    886.4
     1     1    23     1     4     5     0     1   -31.0   35.204  -99.880    486.2    886.7
     1     1    23     1     4     4     0     2   -32.0   35.331  -99.929    481.0    885.1
     1     1    23     1     4     3     0     3   -33.0   35.494 -100.003    492.6    881.0
     1     1    23     1     4     2     0     2   -34.0   35.668 -100.104    518.0    872.4
     1     1    23     1     4     1     0     1   -35.0   35.823 -100.220    556.1    865.0
     1     1    23     1     4     0     0     0   -36.0   35.958 -100.348    619.3    855.3
     1     1    23     1     3    23     0     1   -37.0   36.082 -100.489    696.8    842.7
     1     1    23     1     3    22     0     2   -38.0   36.208 -100.640    762.1    832.3
     1     1    23     1     3    21     0     3   -39.0   36.348 -100.792    799.9    825.4
     1     1    23     1     3    20     0     2   -40.0   36.524 -100.958    829.7    822.2
     1     1    23     1     3    19     0     1   -41.0   36.760 -101.156    865.4    813.1
     1     1    23     1     3    18     0     0   -42.0   37.065 -101.380    885.0    803.5
     1     1    23     1     3    17     0     1   -43.0   37.427 -101.625    924.7    798.4
     1     1    23     1     3    16     0     2   -44.0   37.826 -101.877   1027.9    783.7
     1     1    23     1     3    15     0     3   -45.0   38.262 -102.117   1170.3    760.9
     1     1    23     1     3    14     0     2   -46.0   38.740 -102.404   1334.3    730.1
     1     1    23     1     3    13     0     1   -47.0   39.238 -102.742   1519.8    700.7
     1     1    23     1     3    12     0     0   -48.0   39.723 -103.047   1640.5    680.2
     1     1    23     1     3    11     0     1   -49.0   40.174 -103.241   1689.5    684.1
     1     1    23     1     3    10     0     2   -50.0   40.586 -103.296   1746.5    679.8
     1     1    23     1     3     9     0     3   -51.0   40.969 -103.192   1783.0    675.3
     1     1    23     1     3     8     0     2   -52.0   41.328 -102.946   1737.5    686.8
     1     1    23     1     3     7     0     1   -53.0   41.654 -102.605   1617.9    702.5
     1     1    23     1     3     6     0     0   -54.0   41.960 -102.127   1423.9    723.4
     1     1    23     1     3     5     0     1   -55.0   42.229 -101.532   1218.6    760.6
     1     1    23     1     3     4     0     2   -56.0   42.451 -100.897   1049.9    790.3
     1     1    23     1     3     3     0     3   -57.0   42.643 -100.270    946.9    817.8
     1     1    23     1     3     2     0     2   -58.0   42.806  -99.686    873.1    830.7
     1     1    23     1     3     1     0     1   -59.0   42.971  -99.113    790.4    850.0
     1     1    23     1     3     0     0     0   -60.0   43.157  -98.544    739.2    868.4
     1     1    23     1     2    23     0     1   -61.0   43.343  -98.025    727.8    877.0
     1     1    23     1     2    22     0     2   -62.0   43.506  -97.609    742.4    877.0
     1     1    23     1     2    21     0     3   -63.0   43.637  -97.302    780.1    870.3
     1     1    23     1     2    20     0     2   -64.0   43.739  -97.083    833.7    862.8
     1     1    23     1     2    19     0     1   -65.0   43.818  -96.934    901.6    853.9
     1     1    23     1     2    18     0     0   -66.0   43.884  -96.855    978.5    845.0
     1     1    23     1     2    17     0     1   -67.0   43.935  -96.844   1070.2    835.8
     1     1    23     1     2    16     0     2   -68.0   43.967  -96.890   1190.6    824.0
     1     1    23     1     2    15     0     3   -69.0   43.982  -96.984   1349.3    807.9
     1     1    23     1     2    14     0     2   -70.0   43.980  -97.115   1512.8    789.4
     1     1    23     1     2    13     0     1   -71.0   43.966  -97.262   1656.1    778.1
     1     1    23     1     2    12     0     0   -72.0   43.943  -97.414   1798.3    767.2
     1     1    23     1     2    11     0     1   -73.0   43.910  -97.586   1916.2    754.4
     1     1    23     1     2    10     0     2   -74.0   43.868  -97.782   1988.5    750.3
     1     1    23     1     2     9     0     3   -75.0   43.817  -97.995   2030.2    748.9
     1     1    23     1     2     8     0     2   -76.0   43.760  -98.215   2056.2    744.5
     1     1    23     1     2     7     0     1   -77.0   43.693  -98.443   2089.4    739.0
     1     1    23     1     2     6     0     0   -78.0   43.612  -98.687   2145.1    731.1
     1     1    23     1     2     5     0     1   -79.0   43.504  -98.950   2194.1    719.7
     1     1    23     1     2     4     0     2   -80.0   43.371  -99.213   2204.0    716.1
     1     1    23     1     2     3     0     3   -81.0   43.216  -99.470   2178.9    715.2
     1     1    23     1     2     2     0     2   -82.0   43.037  -99.723   2137.6    715.2
     1     1    23     1     2     1     0     1   -83.0   42.839  -99.967   2097.8    714.1
     1     1    23     1     2     0     0     0   -84.0   42.632 -100.189   2044.2    712.9
     1     1    23     1     1    23     0     1   -85.0   42.426 -100.371   1974.0    715.3
     1     1    23     1     1    22     0     2   -86.0   42.216 -100.511   1900.7    718.5
     1     1    23     1     1    21     0     3   -87.0   41.989 -100.604   1823.7    722.0
     1     1    23     1     1    20     0     2   -88.0   41.765 -100.679   1767.4    729.3
     1     1    23     1     1    19     0     1   -89.0   41.563 -100.773   1741.5    730.6
     1     1    23     1     1    18     0     0   -90.0   41.373 -100.872   1734.8    730.4
     1     1    23     1     1    17     0     1   -91.0   41.196 -100.956   1704.2    729.5
     1     1    23     1     1    16     0     2   -92.0   41.048 -100.994   1612.1    738.1
     1     1    23     1     1    15     0     3   -93.0   40.945 -100.975   1468.5    752.9
     1     1    23     1     1    14     0     2   -94.0   40.900 -100.931   1322.2    770.8
     1     1    23     1     1    13     0     1   -95.0   40.912 -100.911   1216.9    781.5
     1     1    23     1     1    12     0     0   -96.0   40.977 -100.930   1157.4    786.9
     1     1    23     1     1    11     0     1   -97.0   41.070 -100.995   1126.8    786.9
     1     1    23     1     1    10     0     2   -98.0   41.160 -101.098   1113.5    785.3
     1     1    23     1     1     9     0     3   -99.0   41.248 -101.236   1115.4    781.7
     1     1    23     1     1     8     0     2  -100.0   41.349 -101.412   1184.1    776.0
     1     1    23     1     1     7     0     1  -101.0   41.464 -101.652   1364.6    752.6
     1     1    23     1     1     6     0     0  -102.0   41.581 -101.983   1644.2    718.9
     1     1    23     1     1     5     0     1  -103.0   41.697 -102.452   1875.7    680.3
     1     1    23     1     1     4     0     2  -104.0   41.841 -102.991   1933.1    674.4
     1     1    23     1     1     3     0     3  -105.0   42.022 -103.538   1929.5    680.8
     1     1    23     1     1     2     0     2  -106.0   42.227 -104.070   2003.4    678.5
     1     1    23     1     1     1     0     1  -107.0   42.432 -104.635   2042.2    647.8
     1     1    23     1     1     0     0     0  -108.0   42.645 -105.221   1799.7    652.9
     1     1    22    12    31    23     0     1  -109.0   42.846 -105.830   1528.6    682.4
     1     1    22    12    31    22     0     2  -110.0   43.032 -106.508   1502.4    680.7
     1     1    22    12    31    21     0     3  -111.0   43.230 -107.201   1788.1    648.4
     1     1    22    12    31    20     0     2  -112.0   43.420 -107.895   2090.9    615.5
     1     1    22    12    31    19     0     1  -113.0   43.601 -108.605   2112.0    610.3
     1     1    22    12    31    18     0     0  -114.0   43.822 -109.388   2054.2    564.1
     1     1    22    12    31    17     0     1  -115.0   43.988 -110.124   1512.1    577.1
     1     1    22    12    31    16     0     2  -116.0   43.978 -110.823    723.8    693.2
     1     1    22    12    31    15     0     3  -117.0   43.886 -111.206    314.5    780.3
     1     1    22    12    31    14     0     2  -118.0   43.799 -111.474     53.0    794.2
     1     1    22    12    31    13     0     1  -119.0   43.733 -111.598     22.0    799.7
     1     1    22    12    31    12     0     0  -120.0   43.657 -111.680     12.2    802.3
