     8     1
    GDAS    22    12    22     0     0
    GDAS    22    12    29     0     0
    GDAS    23     1     1     0     0
    GDAS    23     1     8     0     0
    GDAS    23     1    15     0     0
    GDAS    23     1    22     0     0
    GDAS    23     1    29     0     0
    GDAS    23     2     1     0     0
     1 BACKWARD OMEGA   
    23     1    17    15   32.716  -96.748    20.0
     1 PRESSURE
     1     1    23     1    17    15     0     3     0.0   32.716  -96.748     20.0    985.8
     1     1    23     1    17    14     0     2    -1.0   32.684  -96.886     21.7    984.6
     1     1    23     1    17    13     0     1    -2.0   32.650  -97.037     25.4    982.6
     1     1    23     1    17    12     0     0    -3.0   32.607  -97.205     31.8    978.2
     1     1    23     1    17    11     0     1    -4.0   32.557  -97.394     40.5    973.3
     1     1    23     1    17    10     0     2    -5.0   32.505  -97.604     51.5    968.3
     1     1    23     1    17     9     0     3    -6.0   32.460  -97.846     70.0    961.9
     1     1    23     1    17     8     0     2    -7.0   32.419  -98.145    104.4    953.8
     1     1    23     1    17     7     0     1    -8.0   32.378  -98.502    151.6    944.3
     1     1    23     1    17     6     0     0    -9.0   32.349  -98.912    203.1    933.6
     1     1    23     1    17     5     0     1   -10.0   32.332  -99.386    257.4    922.3
     1     1    23     1    17     4     0     2   -11.0   32.331  -99.914    330.9    910.0
     1     1    23     1    17     3     0     3   -12.0   32.341 -100.565    467.3    886.8
     1     1    23     1    17     2     0     2   -13.0   32.315 -101.382    659.4    849.3
     1     1    23     1    17     1     0     1   -14.0   32.257 -102.169    863.3    818.2
     1     1    23     1    17     0     0     0   -15.0   32.198 -102.874   1088.8    791.7
     1     1    23     1    16    23     0     1   -16.0   32.173 -103.551   1150.2    763.7
     1     1    23     1    16    22     0     2   -17.0   32.131 -104.136    991.2    793.0
     1     1    23     1    16    21     0     3   -18.0   32.074 -104.635    791.0    794.3
     1     1    23     1    16    20     0     2   -19.0   32.014 -105.102    412.2    806.9
     1     1    23     1    16    19     0     1   -20.0   31.977 -105.453     93.5    857.4
     1     1    23     1    16    18     0     0   -21.0   31.955 -105.731      0.0    852.7
     1     1    23     1    16    17     0     1   -22.0   31.947 -105.958      0.0    849.1
     1     1    23     1    16    16     0     2   -23.0   31.958 -106.164      0.0    851.2
     1     1    23     1    16    15     0     3   -24.0   31.990 -106.364      0.0    854.4
     1     1    23     1    16    14     0     2   -25.0   32.024 -106.579      0.3    857.0
     1     1    23     1    16    13     0     1   -26.0   32.047 -106.822      2.7    860.5
     1     1    23     1    16    12     0     0   -27.0   32.064 -107.081      7.0    862.1
     1     1    23     1    16    11     0     1   -28.0   32.062 -107.374     16.9    858.1
     1     1    23     1    16    10     0     2   -29.0   32.033 -107.735     64.7    852.7
     1     1    23     1    16     9     0     3   -30.0   31.981 -108.170    171.5    840.0
     1     1    23     1    16     8     0     2   -31.0   31.912 -108.587    229.8    826.7
     1     1    23     1    16     7     0     1   -32.0   31.849 -108.923    205.3    826.4
     1     1    23     1    16     6     0     0   -33.0   31.804 -109.196    144.6    833.8
     1     1    23     1    16     5     0     1   -34.0   31.750 -109.455     98.3    839.8
     1     1    23     1    16     4     0     2   -35.0   31.653 -109.746     70.7    838.8
     1     1    23     1    16     3     0     3   -36.0   31.516 -110.056     56.3    840.4
     1     1    23     1    16     2     0     2   -37.0   31.356 -110.337     55.8    850.0
     1     1    23     1    16     1     0     1   -38.0   31.199 -110.571     44.0    855.2
     1     1    23     1    16     0     0     0   -39.0   31.077 -110.758     15.9    862.2
     1     1    23     1    15    23     0     1   -40.0   30.981 -110.895      0.0    869.2
     1     1    23     1    15    22     0     2   -41.0   30.880 -110.999      0.0    879.0
     1     1    23     1    15    21     0     3   -42.0   30.762 -111.101      0.0    891.2
     1     1    23     1    15    20     0     2   -43.0   30.621 -111.233      0.0    905.5
     1     1    23     1    15    19     0     1   -44.0   30.461 -111.390      0.0    919.0
     1     1    23     1    15    18     0     0   -45.0   30.287 -111.561      0.0    929.9
     1     1    23     1    15    17     0     1   -46.0   30.114 -111.726      0.0    935.6
     1     1    23     1    15    16     0     2   -47.0   29.958 -111.853      0.0    940.7
     1     1    23     1    15    15     0     3   -48.0   29.833 -111.916      0.0    949.1
     1     1    23     1    15    14     0     2   -49.0   29.729 -111.952      0.0    955.1
     1     1    23     1    15    13     0     1   -50.0   29.636 -112.003      0.0    960.9
     1     1    23     1    15    12     0     0   -51.0   29.550 -112.068      0.0    968.7
     1     1    23     1    15    11     0     1   -52.0   29.473 -112.133      0.0    976.7
     1     1    23     1    15    10     0     2   -53.0   29.404 -112.181      0.0    982.8
     1     1    23     1    15     9     0     3   -54.0   29.341 -112.219      0.0    987.7
     1     1    23     1    15     8     0     2   -55.0   29.284 -112.260      0.0    991.8
     1     1    23     1    15     7     0     1   -56.0   29.235 -112.317      0.0    995.5
     1     1    23     1    15     6     0     0   -57.0   29.192 -112.392      0.0    999.1
     1     1    23     1    15     5     0     1   -58.0   29.151 -112.482      0.5   1002.2
     1     1    23     1    15     4     0     2   -59.0   29.107 -112.576      0.5   1005.1
     1     1    23     1    15     3     0     3   -60.0   29.060 -112.670      0.2   1007.5
     1     1    23     1    15     2     0     2   -61.0   29.008 -112.755      0.2   1009.3
     1     1    23     1    15     1     0     1   -62.0   28.947 -112.823      1.1   1007.9
     1     1    23     1    15     0     0     0   -63.0   28.877 -112.878      3.3   1005.1
     1     1    23     1    14    23     0     1   -64.0   28.798 -112.928      7.4   1001.4
     1     1    23     1    14    22     0     2   -65.0   28.714 -112.980     14.6    996.4
     1     1    23     1    14    21     0     3   -66.0   28.628 -113.037     32.9    989.5
     1     1    23     1    14    20     0     2   -67.0   28.552 -113.113     69.7    983.4
     1     1    23     1    14    19     0     1   -68.0   28.496 -113.213    121.0    976.6
     1     1    23     1    14    18     0     0   -69.0   28.465 -113.324    175.3    970.7
     1     1    23     1    14    17     0     1   -70.0   28.451 -113.435    223.7    965.8
     1     1    23     1    14    16     0     2   -71.0   28.444 -113.544    263.7    962.1
     1     1    23     1    14    15     0     3   -72.0   28.438 -113.651    290.9    959.5
     1     1    23     1    14    14     0     2   -73.0   28.445 -113.761    303.9    959.0
     1     1    23     1    14    13     0     1   -74.0   28.472 -113.879    299.1    959.9
     1     1    23     1    14    12     0     0   -75.0   28.519 -114.002    276.9    961.9
     1     1    23     1    14    11     0     1   -76.0   28.567 -114.119    244.4    967.3
     1     1    23     1    14    10     0     2   -77.0   28.606 -114.224    208.6    972.7
     1     1    23     1    14     9     0     3   -78.0   28.642 -114.326    170.6    979.1
     1     1    23     1    14     8     0     2   -79.0   28.682 -114.436    131.5    986.2
     1     1    23     1    14     7     0     1   -80.0   28.732 -114.557     93.5    993.0
     1     1    23     1    14     6     0     0   -81.0   28.792 -114.695     61.1   1000.9
     1     1    23     1    14     5     0     1   -82.0   28.873 -114.858     39.2   1007.6
     1     1    23     1    14     4     0     2   -83.0   28.993 -115.059     28.5   1013.5
     1     1    23     1    14     3     0     3   -84.0   29.140 -115.264     24.8   1006.1
     1     1    23     1    14     2     0     2   -85.0   29.282 -115.433     23.8   1001.9
     1     1    23     1    14     1     0     1   -86.0   29.411 -115.578     23.1   1001.0
     1     1    23     1    14     0     0     0   -87.0   29.535 -115.717     22.0   1002.7
     1     1    23     1    13    23     0     1   -88.0   29.663 -115.844     21.4   1006.8
     1     1    23     1    13    22     0     2   -89.0   29.786 -115.944     22.9   1011.1
     1     1    23     1    13    21     0     3   -90.0   29.898 -116.017     27.5   1013.8
     1     1    23     1    13    20     0     2   -91.0   30.012 -116.080     34.5   1013.5
     1     1    23     1    13    19     0     1   -92.0   30.137 -116.142     41.0   1010.6
     1     1    23     1    13    18     0     0   -93.0   30.262 -116.190     50.1   1008.1
     1     1    23     1    13    17     0     1   -94.0   30.381 -116.234     62.2   1003.6
     1     1    23     1    13    16     0     2   -95.0   30.491 -116.293     71.6   1000.1
     1     1    23     1    13    15     0     3   -96.0   30.597 -116.372     75.6    998.3
     1     1    23     1    13    14     0     2   -97.0   30.693 -116.460     75.1    998.5
     1     1    23     1    13    13     0     1   -98.0   30.772 -116.548     71.3    999.6
     1     1    23     1    13    12     0     0   -99.0   30.837 -116.647     63.9   1002.3
     1     1    23     1    13    11     0     1  -100.0   30.890 -116.749     56.6   1006.4
     1     1    23     1    13    10     0     2  -101.0   30.935 -116.838     52.3   1009.2
     1     1    23     1    13     9     0     3  -102.0   30.974 -116.912     50.6   1011.6
     1     1    23     1    13     8     0     2  -103.0   31.006 -116.977     50.3   1013.6
     1     1    23     1    13     7     0     1  -104.0   31.031 -117.036     50.1   1014.4
     1     1    23     1    13     6     0     0  -105.0   31.044 -117.085     49.9   1014.5
     1     1    23     1    13     5     0     1  -106.0   31.051 -117.129     48.2   1014.5
     1     1    23     1    13     4     0     2  -107.0   31.054 -117.175     43.8   1014.9
     1     1    23     1    13     3     0     3  -108.0   31.053 -117.222     37.7   1015.5
     1     1    23     1    13     2     0     2  -109.0   31.051 -117.274     34.1   1016.4
     1     1    23     1    13     1     0     1  -110.0   31.049 -117.333     36.0   1016.2
     1     1    23     1    13     0     0     0  -111.0   31.051 -117.393     43.4   1015.5
     1     1    23     1    12    23     0     1  -112.0   31.050 -117.446     53.1   1014.3
     1     1    23     1    12    22     0     2  -113.0   31.037 -117.489     60.6   1013.2
     1     1    23     1    12    21     0     3  -114.0   31.015 -117.524     65.3   1012.6
     1     1    23     1    12    20     0     2  -115.0   30.997 -117.541     68.4   1012.7
     1     1    23     1    12    19     0     1  -116.0   30.991 -117.524     71.7   1012.6
     1     1    23     1    12    18     0     0  -117.0   30.993 -117.471     75.0   1012.5
     1     1    23     1    12    17     0     1  -118.0   31.002 -117.407     78.1   1012.0
     1     1    23     1    12    16     0     2  -119.0   31.026 -117.359     80.5   1011.6
     1     1    23     1    12    15     0     3  -120.0   31.065 -117.326     82.3   1011.3
