     8     1
    GDAS    22    12    22     0     0
    GDAS    22    12    29     0     0
    GDAS    23     1     1     0     0
    GDAS    23     1     8     0     0
    GDAS    23     1    15     0     0
    GDAS    23     1    22     0     0
    GDAS    23     1    29     0     0
    GDAS    23     2     1     0     0
     1 BACKWARD OMEGA   
    23     1    17    16   32.716  -96.748  1000.0
     1 PRESSURE
     1     1    23     1    17    16     0     2     0.0   32.716  -96.748   1000.0    879.5
     1     1    23     1    17    15     0     3    -1.0   32.599  -97.088   1020.3    876.0
     1     1    23     1    17    14     0     2    -2.0   32.509  -97.453   1076.6    863.5
     1     1    23     1    17    13     0     1    -3.0   32.445  -97.852   1179.7    847.0
     1     1    23     1    17    12     0     0    -4.0   32.391  -98.314   1293.2    825.0
     1     1    23     1    17    11     0     1    -5.0   32.349  -98.842   1346.1    811.6
     1     1    23     1    17    10     0     2    -6.0   32.304  -99.427   1308.3    808.1
     1     1    23     1    17     9     0     3    -7.0   32.245 -100.084   1191.3    812.4
     1     1    23     1    17     8     0     2    -8.0   32.211 -100.780   1158.1    818.8
     1     1    23     1    17     7     0     1    -9.0   32.154 -101.449   1245.9    791.8
     1     1    23     1    17     6     0     0   -10.0   32.064 -102.069   1318.5    774.0
     1     1    23     1    17     5     0     1   -11.0   32.003 -102.696   1356.6    770.4
     1     1    23     1    17     4     0     2   -12.0   31.986 -103.353   1423.8    765.8
     1     1    23     1    17     3     0     3   -13.0   31.980 -103.974   1659.9    752.1
     1     1    23     1    17     2     0     2   -14.0   32.033 -104.621   1705.6    688.6
     1     1    23     1    17     1     0     1   -15.0   32.056 -105.356   1338.6    726.5
     1     1    23     1    17     0     0     0   -16.0   32.006 -106.101   1047.5    753.4
     1     1    23     1    16    23     0     1   -17.0   31.915 -106.841   1068.7    760.4
     1     1    23     1    16    22     0     2   -18.0   31.815 -107.589   1268.5    739.2
     1     1    23     1    16    21     0     3   -19.0   31.753 -108.337   1393.7    715.7
     1     1    23     1    16    20     0     2   -20.0   31.631 -109.057   1328.4    714.6
     1     1    23     1    16    19     0     1   -21.0   31.408 -109.728   1303.4    721.1
     1     1    23     1    16    18     0     0   -22.0   31.111 -110.363   1250.2    721.0
     1     1    23     1    16    17     0     1   -23.0   30.787 -110.858   1146.8    771.5
     1     1    23     1    16    16     0     2   -24.0   30.504 -111.255   1073.9    799.0
     1     1    23     1    16    15     0     3   -25.0   30.255 -111.630    989.4    827.9
     1     1    23     1    16    14     0     2   -26.0   30.019 -112.062    917.7    843.1
     1     1    23     1    16    13     0     1   -27.0   29.821 -112.430    843.6    882.1
     1     1    23     1    16    12     0     0   -28.0   29.661 -112.690    746.8    910.7
     1     1    23     1    16    11     0     1   -29.0   29.517 -112.889    660.9    934.2
     1     1    23     1    16    10     0     2   -30.0   29.377 -113.057    618.9    942.3
     1     1    23     1    16     9     0     3   -31.0   29.232 -113.222    627.6    936.5
     1     1    23     1    16     8     0     2   -32.0   29.069 -113.422    674.3    920.9
     1     1    23     1    16     7     0     1   -33.0   28.883 -113.689    725.6    905.0
     1     1    23     1    16     6     0     0   -34.0   28.683 -114.030    773.6    900.2
     1     1    23     1    16     5     0     1   -35.0   28.528 -114.359    789.6    908.1
     1     1    23     1    16     4     0     2   -36.0   28.432 -114.645    761.6    919.8
     1     1    23     1    16     3     0     3   -37.0   28.381 -114.906    723.0    930.4
     1     1    23     1    16     2     0     2   -38.0   28.355 -115.163    706.1    935.3
     1     1    23     1    16     1     0     1   -39.0   28.339 -115.440    719.0    932.1
     1     1    23     1    16     0     0     0   -40.0   28.336 -115.746    737.3    928.5
     1     1    23     1    15    23     0     1   -41.0   28.348 -116.075    740.5    927.2
     1     1    23     1    15    22     0     2   -42.0   28.370 -116.414    729.7    929.5
     1     1    23     1    15    21     0     3   -43.0   28.396 -116.762    714.4    931.4
     1     1    23     1    15    20     0     2   -44.0   28.431 -117.120    687.3    934.2
     1     1    23     1    15    19     0     1   -45.0   28.485 -117.488    633.6    940.6
     1     1    23     1    15    18     0     0   -46.0   28.559 -117.871    552.7    950.6
     1     1    23     1    15    17     0     1   -47.0   28.634 -118.263    472.3    962.0
     1     1    23     1    15    16     0     2   -48.0   28.694 -118.656    413.4    968.3
     1     1    23     1    15    15     0     3   -49.0   28.740 -119.062    369.9    971.8
     1     1    23     1    15    14     0     2   -50.0   28.778 -119.470    344.6    975.4
     1     1    23     1    15    13     0     1   -51.0   28.804 -119.875    342.4    975.1
     1     1    23     1    15    12     0     0   -52.0   28.808 -120.300    351.4    972.6
     1     1    23     1    15    11     0     1   -53.0   28.801 -120.736    356.7    972.0
     1     1    23     1    15    10     0     2   -54.0   28.796 -121.168    357.1    972.8
     1     1    23     1    15     9     0     3   -55.0   28.791 -121.608    339.9    973.6
     1     1    23     1    15     8     0     2   -56.0   28.772 -122.051    295.1    979.8
     1     1    23     1    15     7     0     1   -57.0   28.726 -122.475    254.3    987.7
     1     1    23     1    15     6     0     0   -58.0   28.649 -122.881    240.9    989.8
     1     1    23     1    15     5     0     1   -59.0   28.572 -123.280    242.0    988.1
     1     1    23     1    15     4     0     2   -60.0   28.514 -123.674    243.1    988.3
     1     1    23     1    15     3     0     3   -61.0   28.465 -124.069    250.6    987.9
     1     1    23     1    15     2     0     2   -62.0   28.422 -124.464    260.0    985.9
     1     1    23     1    15     1     0     1   -63.0   28.382 -124.857    268.7    985.3
     1     1    23     1    15     0     0     0   -64.0   28.337 -125.246    283.9    983.1
     1     1    23     1    14    23     0     1   -65.0   28.287 -125.628    300.3    980.5
     1     1    23     1    14    22     0     2   -66.0   28.234 -126.001    312.1    979.7
     1     1    23     1    14    21     0     3   -67.0   28.179 -126.360    323.3    979.2
     1     1    23     1    14    20     0     2   -68.0   28.128 -126.705    333.3    978.4
     1     1    23     1    14    19     0     1   -69.0   28.085 -127.037    336.6    978.6
     1     1    23     1    14    18     0     0   -70.0   28.048 -127.362    339.6    979.8
     1     1    23     1    14    17     0     1   -71.0   28.011 -127.678    351.7    978.0
     1     1    23     1    14    16     0     2   -72.0   27.977 -127.985    367.2    975.1
     1     1    23     1    14    15     0     3   -73.0   27.946 -128.281    377.9    973.4
     1     1    23     1    14    14     0     2   -74.0   27.913 -128.570    389.7    972.7
     1     1    23     1    14    13     0     1   -75.0   27.884 -128.856    404.9    970.3
     1     1    23     1    14    12     0     0   -76.0   27.865 -129.141    414.8    968.9
     1     1    23     1    14    11     0     1   -77.0   27.850 -129.423    419.5    969.2
     1     1    23     1    14    10     0     2   -78.0   27.831 -129.700    408.8    969.2
     1     1    23     1    14     9     0     3   -79.0   27.809 -129.969    359.2    973.9
     1     1    23     1    14     8     0     2   -80.0   27.788 -130.224    308.3    985.3
     1     1    23     1    14     7     0     1   -81.0   27.779 -130.469    282.9    987.4
     1     1    23     1    14     6     0     0   -82.0   27.783 -130.702    264.8    989.0
     1     1    23     1    14     5     0     1   -83.0   27.792 -130.933    240.8    990.5
     1     1    23     1    14     4     0     2   -84.0   27.794 -131.171    214.9    993.9
     1     1    23     1    14     3     0     3   -85.0   27.790 -131.418    197.9    995.8
     1     1    23     1    14     2     0     2   -86.0   27.780 -131.671    189.9    995.9
     1     1    23     1    14     1     0     1   -87.0   27.764 -131.932    184.3    995.6
     1     1    23     1    14     0     0     0   -88.0   27.744 -132.200    175.6    995.9
     1     1    23     1    13    23     0     1   -89.0   27.710 -132.457    169.4    997.9
     1     1    23     1    13    22     0     2   -90.0   27.655 -132.696    170.7    997.8
     1     1    23     1    13    21     0     3   -91.0   27.584 -132.926    178.7    997.1
     1     1    23     1    13    20     0     2   -92.0   27.512 -133.142    187.7    995.8
     1     1    23     1    13    19     0     1   -93.0   27.453 -133.338    190.6    995.8
     1     1    23     1    13    18     0     0   -94.0   27.409 -133.518    188.0    996.8
     1     1    23     1    13    17     0     1   -95.0   27.380 -133.694    184.0    996.8
     1     1    23     1    13    16     0     2   -96.0   27.368 -133.875    181.1    996.3
     1     1    23     1    13    15     0     3   -97.0   27.372 -134.062    178.5    995.7
     1     1    23     1    13    14     0     2   -98.0   27.393 -134.258    177.5    995.6
     1     1    23     1    13    13     0     1   -99.0   27.426 -134.469    175.4    994.8
     1     1    23     1    13    12     0     0  -100.0   27.471 -134.694    162.4    995.4
     1     1    23     1    13    11     0     1  -101.0   27.528 -134.941    145.5    999.2
     1     1    23     1    13    10     0     2  -102.0   27.600 -135.220    140.9   1000.3
     1     1    23     1    13     9     0     3  -103.0   27.685 -135.534    149.9    998.9
     1     1    23     1    13     8     0     2  -104.0   27.770 -135.882    161.8    996.2
     1     1    23     1    13     7     0     1  -105.0   27.846 -136.264    170.8    994.8
     1     1    23     1    13     6     0     0  -106.0   27.914 -136.678    175.8    993.8
     1     1    23     1    13     5     0     1  -107.0   27.983 -137.116    168.3    993.2
     1     1    23     1    13     4     0     2  -108.0   28.060 -137.561    153.4    995.8
     1     1    23     1    13     3     0     3  -109.0   28.132 -138.005    140.6    996.7
     1     1    23     1    13     2     0     2  -110.0   28.201 -138.450    134.6    997.1
     1     1    23     1    13     1     0     1  -111.0   28.282 -138.902    131.5    996.1
     1     1    23     1    13     0     0     0  -112.0   28.373 -139.356    123.1    996.3
     1     1    23     1    12    23     0     1  -113.0   28.460 -139.807    114.7    997.7
     1     1    23     1    12    22     0     2  -114.0   28.545 -140.254    109.1    998.2
     1     1    23     1    12    21     0     3  -115.0   28.641 -140.695    102.5    999.0
     1     1    23     1    12    20     0     2  -116.0   28.763 -141.143     96.4   1000.1
     1     1    23     1    12    19     0     1  -117.0   28.922 -141.607     93.4   1000.0
     1     1    23     1    12    18     0     0  -118.0   29.115 -142.077     83.6    999.7
     1     1    23     1    12    17     0     1  -119.0   29.338 -142.553     76.7   1001.8
     1     1    23     1    12    16     0     2  -120.0   29.582 -143.057     80.3    999.2
