     8     1
    GDAS    22    12    22     0     0
    GDAS    22    12    29     0     0
    GDAS    23     1     1     0     0
    GDAS    23     1     8     0     0
    GDAS    23     1    15     0     0
    GDAS    23     1    22     0     0
    GDAS    23     1    29     0     0
    GDAS    23     2     1     0     0
     1 BACKWARD OMEGA   
    23     1    11    16   32.716  -96.748    15.0
     1 PRESSURE
     1     1    23     1    11    16     0     2     0.0   32.716  -96.748     15.0    989.6
     1     1    23     1    11    15     0     3    -1.0   32.612  -96.867     14.6    989.6
     1     1    23     1    11    14     0     2    -2.0   32.521  -96.989     16.2    988.6
     1     1    23     1    11    13     0     1    -3.0   32.429  -97.132     19.6    985.3
     1     1    23     1    11    12     0     0    -4.0   32.333  -97.302     25.2    981.0
     1     1    23     1    11    11     0     1    -5.0   32.233  -97.502     34.9    976.1
     1     1    23     1    11    10     0     2    -6.0   32.132  -97.736     53.4    970.0
     1     1    23     1    11     9     0     3    -7.0   32.039  -98.029     92.0    961.3
     1     1    23     1    11     8     0     2    -8.0   31.936  -98.403    154.3    948.9
     1     1    23     1    11     7     0     1    -9.0   31.803  -98.811    208.4    935.1
     1     1    23     1    11     6     0     0   -10.0   31.660  -99.227    235.4    925.7
     1     1    23     1    11     5     0     1   -11.0   31.526  -99.654    246.1    919.3
     1     1    23     1    11     4     0     2   -12.0   31.397 -100.090    260.5    912.2
     1     1    23     1    11     3     0     3   -13.0   31.272 -100.540    283.7    902.4
     1     1    23     1    11     2     0     2   -14.0   31.167 -100.975    259.2    892.8
     1     1    23     1    11     1     0     1   -15.0   31.071 -101.321    190.3    902.1
     1     1    23     1    11     0     0     0   -16.0   30.984 -101.551    121.8    913.3
     1     1    23     1    10    23     0     1   -17.0   30.920 -101.741     83.1    920.9
     1     1    23     1    10    22     0     2   -18.0   30.888 -101.960     73.1    919.9
     1     1    23     1    10    21     0     3   -19.0   30.875 -102.208     70.5    916.1
     1     1    23     1    10    20     0     2   -20.0   30.849 -102.452     67.2    913.6
     1     1    23     1    10    19     0     1   -21.0   30.797 -102.676     66.7    910.9
     1     1    23     1    10    18     0     0   -22.0   30.721 -102.892     76.6    905.7
     1     1    23     1    10    17     0     1   -23.0   30.625 -103.110    111.3    894.4
     1     1    23     1    10    16     0     2   -24.0   30.517 -103.336    202.4    876.6
     1     1    23     1    10    15     0     3   -25.0   30.403 -103.588    360.2    848.7
     1     1    23     1    10    14     0     2   -26.0   30.295 -103.865    517.9    819.5
     1     1    23     1    10    13     0     1   -27.0   30.195 -104.148    627.3    802.6
     1     1    23     1    10    12     0     0   -28.0   30.098 -104.401    677.5    798.9
     1     1    23     1    10    11     0     1   -29.0   30.008 -104.603    678.6    800.9
     1     1    23     1    10    10     0     2   -30.0   29.927 -104.762    654.5    806.8
     1     1    23     1    10     9     0     3   -31.0   29.855 -104.894    621.5    811.9
     1     1    23     1    10     8     0     2   -32.0   29.786 -105.001    588.9    818.2
     1     1    23     1    10     7     0     1   -33.0   29.719 -105.088    570.2    820.3
     1     1    23     1    10     6     0     0   -34.0   29.655 -105.155    572.4    820.2
     1     1    23     1    10     5     0     1   -35.0   29.602 -105.218    603.2    817.7
     1     1    23     1    10     4     0     2   -36.0   29.569 -105.289    671.3    810.0
     1     1    23     1    10     3     0     3   -37.0   29.554 -105.373    781.2    798.4
     1     1    23     1    10     2     0     2   -38.0   29.547 -105.476    907.3    781.5
     1     1    23     1    10     1     0     1   -39.0   29.537 -105.592   1002.6    769.7
     1     1    23     1    10     0     0     0   -40.0   29.523 -105.709   1051.9    762.5
     1     1    23     1     9    23     0     1   -41.0   29.510 -105.819   1093.7    760.8
     1     1    23     1     9    22     0     2   -42.0   29.503 -105.930   1193.9    751.1
     1     1    23     1     9    21     0     3   -43.0   29.507 -106.051   1385.3    731.7
     1     1    23     1     9    20     0     2   -44.0   29.527 -106.196   1588.0    701.4
     1     1    23     1     9    19     0     1   -45.0   29.555 -106.354   1683.1    688.2
     1     1    23     1     9    18     0     0   -46.0   29.591 -106.505   1675.0    686.3
     1     1    23     1     9    17     0     1   -47.0   29.630 -106.662   1628.7    691.0
     1     1    23     1     9    16     0     2   -48.0   29.669 -106.842   1586.5    690.7
     1     1    23     1     9    15     0     3   -49.0   29.709 -107.047   1538.2    691.2
     1     1    23     1     9    14     0     2   -50.0   29.739 -107.266   1519.7    690.8
     1     1    23     1     9    13     0     1   -51.0   29.763 -107.493   1557.1    680.3
     1     1    23     1     9    12     0     0   -52.0   29.799 -107.728   1633.3    666.6
     1     1    23     1     9    11     0     1   -53.0   29.848 -107.972   1760.2    650.4
     1     1    23     1     9    10     0     2   -54.0   29.882 -108.233   1942.2    643.8
     1     1    23     1     9     9     0     3   -55.0   29.898 -108.506   2113.7    642.6
     1     1    23     1     9     8     0     2   -56.0   29.896 -108.773   2256.9    643.5
     1     1    23     1     9     7     0     1   -57.0   29.856 -109.021   2389.5    647.6
     1     1    23     1     9     6     0     0   -58.0   29.780 -109.253   2553.9    644.6
     1     1    23     1     9     5     0     1   -59.0   29.700 -109.479   2721.2    634.6
     1     1    23     1     9     4     0     2   -60.0   29.624 -109.709   2824.8    633.8
     1     1    23     1     9     3     0     3   -61.0   29.539 -109.933   2848.1    640.5
     1     1    23     1     9     2     0     2   -62.0   29.429 -110.148   2857.6    656.1
     1     1    23     1     9     1     0     1   -63.0   29.303 -110.365   2910.6    663.9
     1     1    23     1     9     0     0     0   -64.0   29.163 -110.589   3005.7    669.8
     1     1    23     1     8    23     0     1   -65.0   28.998 -110.829   3098.8    674.6
     1     1    23     1     8    22     0     2   -66.0   28.810 -111.074   3122.7    682.1
     1     1    23     1     8    21     0     3   -67.0   28.618 -111.313   3098.4    690.8
     1     1    23     1     8    20     0     2   -68.0   28.428 -111.547   3084.5    698.6
     1     1    23     1     8    19     0     1   -69.0   28.240 -111.784   3078.0    701.2
     1     1    23     1     8    18     0     0   -70.0   28.052 -112.026   3025.9    706.2
     1     1    23     1     8    17     0     1   -71.0   27.868 -112.270   2941.4    709.0
     1     1    23     1     8    16     0     2   -72.0   27.687 -112.529   2881.3    707.4
     1     1    23     1     8    15     0     3   -73.0   27.509 -112.809   2831.5    706.6
     1     1    23     1     8    14     0     2   -74.0   27.340 -113.098   2791.3    713.2
     1     1    23     1     8    13     0     1   -75.0   27.178 -113.376   2762.4    724.0
     1     1    23     1     8    12     0     0   -76.0   27.016 -113.645   2716.4    732.3
     1     1    23     1     8    11     0     1   -77.0   26.850 -113.894   2666.4    741.6
     1     1    23     1     8    10     0     2   -78.0   26.676 -114.111   2638.7    744.5
     1     1    23     1     8     9     0     3   -79.0   26.489 -114.300   2622.7    745.3
     1     1    23     1     8     8     0     2   -80.0   26.298 -114.468   2603.2    746.7
     1     1    23     1     8     7     0     1   -81.0   26.115 -114.621   2573.7    749.9
     1     1    23     1     8     6     0     0   -82.0   25.942 -114.758   2540.4    753.8
     1     1    23     1     8     5     0     1   -83.0   25.789 -114.883   2525.6    756.7
     1     1    23     1     8     4     0     2   -84.0   25.660 -115.007   2535.5    754.4
     1     1    23     1     8     3     0     3   -85.0   25.550 -115.133   2544.0    752.2
     1     1    23     1     8     2     0     2   -86.0   25.452 -115.268   2540.2    752.4
     1     1    23     1     8     1     0     1   -87.0   25.362 -115.421   2533.6    753.3
     1     1    23     1     8     0     0     0   -88.0   25.279 -115.593   2532.8    753.1
     1     1    23     1     7    23     0     1   -89.0   25.192 -115.782   2537.9    752.6
     1     1    23     1     7    22     0     2   -90.0   25.093 -115.985   2543.1    752.0
     1     1    23     1     7    21     0     3   -91.0   24.983 -116.199   2545.2    751.8
     1     1    23     1     7    20     0     2   -92.0   24.867 -116.408   2549.9    752.5
     1     1    23     1     7    19     0     1   -93.0   24.748 -116.601   2563.3    751.9
     1     1    23     1     7    18     0     0   -94.0   24.624 -116.782   2584.1    750.4
     1     1    23     1     7    17     0     1   -95.0   24.506 -116.957   2613.2    747.7
     1     1    23     1     7    16     0     2   -96.0   24.398 -117.128   2652.1    743.9
     1     1    23     1     7    15     0     3   -97.0   24.298 -117.298   2697.6    739.4
     1     1    23     1     7    14     0     2   -98.0   24.206 -117.472   2741.3    734.5
     1     1    23     1     7    13     0     1   -99.0   24.122 -117.656   2774.6    730.9
     1     1    23     1     7    12     0     0  -100.0   24.050 -117.847   2797.1    728.6
     1     1    23     1     7    11     0     1  -101.0   23.987 -118.040   2813.4    727.7
     1     1    23     1     7    10     0     2  -102.0   23.920 -118.232   2834.7    726.6
     1     1    23     1     7     9     0     3  -103.0   23.843 -118.424   2874.7    723.8
     1     1    23     1     7     8     0     2  -104.0   23.763 -118.627   2924.2    718.4
     1     1    23     1     7     7     0     1  -105.0   23.690 -118.844   2966.7    714.8
     1     1    23     1     7     6     0     0  -106.0   23.631 -119.072   2996.8    712.3
     1     1    23     1     7     5     0     1  -107.0   23.581 -119.309   3025.5    710.8
     1     1    23     1     7     4     0     2  -108.0   23.529 -119.564   3065.3    707.0
     1     1    23     1     7     3     0     3  -109.0   23.478 -119.840   3115.8    702.4
     1     1    23     1     7     2     0     2  -110.0   23.426 -120.133   3171.8    696.9
     1     1    23     1     7     1     0     1  -111.0   23.366 -120.436   3216.6    691.9
     1     1    23     1     7     0     0     0  -112.0   23.298 -120.743   3231.0    689.7
     1     1    23     1     6    23     0     1  -113.0   23.225 -121.047   3231.5    692.1
     1     1    23     1     6    22     0     2  -114.0   23.152 -121.349   3255.6    691.5
     1     1    23     1     6    21     0     3  -115.0   23.087 -121.654   3304.4    686.5
     1     1    23     1     6    20     0     2  -116.0   23.036 -121.959   3342.9    681.9
     1     1    23     1     6    19     0     1  -117.0   22.993 -122.266   3341.4    681.7
     1     1    23     1     6    18     0     0  -118.0   22.960 -122.572   3316.6    686.4
     1     1    23     1     6    17     0     1  -119.0   22.932 -122.885   3282.9    688.2
     1     1    23     1     6    16     0     2  -120.0   22.904 -123.210   3242.7    691.9
