     8     1
    GDAS    22    12    22     0     0
    GDAS    22    12    29     0     0
    GDAS    23     1     1     0     0
    GDAS    23     1     8     0     0
    GDAS    23     1    15     0     0
    GDAS    23     1    22     0     0
    GDAS    23     1    29     0     0
    GDAS    23     2     1     0     0
     1 BACKWARD OMEGA   
    23     1    25    15   32.716  -96.748    10.0
     1 PRESSURE
     1     1    23     1    25    15     0     3     0.0   32.716  -96.748     10.0    999.3
     1     1    23     1    25    14     0     2    -1.0   32.825  -96.885     16.0    997.1
     1     1    23     1    25    13     0     1    -2.0   32.942  -97.036     23.0    994.2
     1     1    23     1    25    12     0     0    -3.0   33.067  -97.205     29.2    988.4
     1     1    23     1    25    11     0     1    -4.0   33.198  -97.390     33.5    983.3
     1     1    23     1    25    10     0     2    -5.0   33.333  -97.585     37.3    978.9
     1     1    23     1    25     9     0     3    -6.0   33.474  -97.790     41.8    975.2
     1     1    23     1    25     8     0     2    -7.0   33.631  -97.993     46.2    973.2
     1     1    23     1    25     7     0     1    -8.0   33.810  -98.174     50.7    973.0
     1     1    23     1    25     6     0     0    -9.0   34.010  -98.329     57.7    972.2
     1     1    23     1    25     5     0     1   -10.0   34.215  -98.459     67.9    967.5
     1     1    23     1    25     4     0     2   -11.0   34.413  -98.564     80.6    962.7
     1     1    23     1    25     3     0     3   -12.0   34.616  -98.639     93.7    957.9
     1     1    23     1    25     2     0     2   -13.0   34.826  -98.681    105.4    953.2
     1     1    23     1    25     1     0     1   -14.0   35.045  -98.687    118.5    949.1
     1     1    23     1    25     0     0     0   -15.0   35.275  -98.664    132.7    945.7
     1     1    23     1    24    23     0     1   -16.0   35.487  -98.611    138.0    943.6
     1     1    23     1    24    22     0     2   -17.0   35.658  -98.524    131.2    945.6
     1     1    23     1    24    21     0     3   -18.0   35.784  -98.403    118.0    949.6
     1     1    23     1    24    20     0     2   -19.0   35.876  -98.258    103.3    955.9
     1     1    23     1    24    19     0     1   -20.0   35.949  -98.099     92.1    962.8
     1     1    23     1    24    18     0     0   -21.0   36.007  -97.922     87.5    968.1
     1     1    23     1    24    17     0     1   -22.0   36.055  -97.761     83.5    969.3
     1     1    23     1    24    16     0     2   -23.0   36.088  -97.651     74.1    971.7
     1     1    23     1    24    15     0     3   -24.0   36.103  -97.588     61.9    974.5
     1     1    23     1    24    14     0     2   -25.0   36.104  -97.546     53.2    976.3
     1     1    23     1    24    13     0     1   -26.0   36.092  -97.495     49.6    976.6
     1     1    23     1    24    12     0     0   -27.0   36.067  -97.429     48.6    977.0
     1     1    23     1    24    11     0     1   -28.0   36.037  -97.346     46.4    978.2
     1     1    23     1    24    10     0     2   -29.0   36.009  -97.247     41.4    980.3
     1     1    23     1    24     9     0     3   -30.0   35.985  -97.138     36.4    982.6
     1     1    23     1    24     8     0     2   -31.0   35.951  -97.034     33.0    983.8
     1     1    23     1    24     7     0     1   -32.0   35.896  -96.949     31.6    984.4
     1     1    23     1    24     6     0     0   -33.0   35.822  -96.880     32.3    984.7
     1     1    23     1    24     5     0     1   -34.0   35.747  -96.810     34.2    984.7
     1     1    23     1    24     4     0     2   -35.0   35.686  -96.726     35.6    985.2
     1     1    23     1    24     3     0     3   -36.0   35.638  -96.631     36.3    985.9
     1     1    23     1    24     2     0     2   -37.0   35.606  -96.536     36.2    986.6
     1     1    23     1    24     1     0     1   -38.0   35.591  -96.449     35.2    987.4
     1     1    23     1    24     0     0     0   -39.0   35.591  -96.372     33.5    988.2
     1     1    23     1    23    23     0     1   -40.0   35.599  -96.313     32.1    989.6
     1     1    23     1    23    22     0     2   -41.0   35.610  -96.281     32.3    990.4
     1     1    23     1    23    21     0     3   -42.0   35.624  -96.275     34.2    990.9
     1     1    23     1    23    20     0     2   -43.0   35.634  -96.285     36.8    990.8
     1     1    23     1    23    19     0     1   -44.0   35.638  -96.301     39.2    990.7
     1     1    23     1    23    18     0     0   -45.0   35.633  -96.324     41.3    990.5
     1     1    23     1    23    17     0     1   -46.0   35.630  -96.338     42.5    990.1
     1     1    23     1    23    16     0     2   -47.0   35.636  -96.330     42.0    990.1
     1     1    23     1    23    15     0     3   -48.0   35.651  -96.300     39.9    990.4
     1     1    23     1    23    14     0     2   -49.0   35.675  -96.258     37.5    990.8
     1     1    23     1    23    13     0     1   -50.0   35.706  -96.220     35.6    991.1
     1     1    23     1    23    12     0     0   -51.0   35.744  -96.185     34.1    991.4
     1     1    23     1    23    11     0     1   -52.0   35.784  -96.163     32.3    990.9
     1     1    23     1    23    10     0     2   -53.0   35.824  -96.163     29.7    990.2
     1     1    23     1    23     9     0     3   -54.0   35.862  -96.182     26.5    989.4
     1     1    23     1    23     8     0     2   -55.0   35.899  -96.209     23.9    989.5
     1     1    23     1    23     7     0     1   -56.0   35.932  -96.234     22.7    989.2
     1     1    23     1    23     6     0     0   -57.0   35.963  -96.258     22.5    988.9
     1     1    23     1    23     5     0     1   -58.0   35.996  -96.276     22.2    988.5
     1     1    23     1    23     4     0     2   -59.0   36.035  -96.284     21.0    988.2
     1     1    23     1    23     3     0     3   -60.0   36.082  -96.282     19.3    988.0
     1     1    23     1    23     2     0     2   -61.0   36.142  -96.287     18.4    986.7
     1     1    23     1    23     1     0     1   -62.0   36.222  -96.311     19.2    984.7
     1     1    23     1    23     0     0     0   -63.0   36.320  -96.347     22.3    982.2
     1     1    23     1    22    23     0     1   -64.0   36.434  -96.399     27.1    980.1
     1     1    23     1    22    22     0     2   -65.0   36.559  -96.473     32.0    977.6
     1     1    23     1    22    21     0     3   -66.0   36.692  -96.570     34.9    975.0
     1     1    23     1    22    20     0     2   -67.0   36.831  -96.672     34.7    973.1
     1     1    23     1    22    19     0     1   -68.0   36.972  -96.761     33.2    971.6
     1     1    23     1    22    18     0     0   -69.0   37.116  -96.840     32.5    969.9
     1     1    23     1    22    17     0     1   -70.0   37.260  -96.912     33.5    967.7
     1     1    23     1    22    16     0     2   -71.0   37.409  -96.973     36.8    965.2
     1     1    23     1    22    15     0     3   -72.0   37.568  -97.019     43.2    962.3
     1     1    23     1    22    14     0     2   -73.0   37.741  -97.066     52.6    959.1
     1     1    23     1    22    13     0     1   -74.0   37.926  -97.135     64.5    955.5
     1     1    23     1    22    12     0     0   -75.0   38.121  -97.228     78.3    953.1
     1     1    23     1    22    11     0     1   -76.0   38.314  -97.332     90.5    951.9
     1     1    23     1    22    10     0     2   -77.0   38.501  -97.434     99.4    951.0
     1     1    23     1    22     9     0     3   -78.0   38.680  -97.537    105.3    950.2
     1     1    23     1    22     8     0     2   -79.0   38.850  -97.639    109.2    949.4
     1     1    23     1    22     7     0     1   -80.0   39.010  -97.736    111.3    948.6
     1     1    23     1    22     6     0     0   -81.0   39.158  -97.827    113.3    947.5
     1     1    23     1    22     5     0     1   -82.0   39.301  -97.909    117.6    946.3
     1     1    23     1    22     4     0     2   -83.0   39.450  -97.979    127.3    944.9
     1     1    23     1    22     3     0     3   -84.0   39.615  -98.034    147.1    942.6
     1     1    23     1    22     2     0     2   -85.0   39.795  -98.073    174.5    937.9
     1     1    23     1    22     1     0     1   -86.0   39.978  -98.104    200.6    934.4
     1     1    23     1    22     0     0     0   -87.0   40.155  -98.134    216.1    930.5
     1     1    23     1    21    23     0     1   -88.0   40.311  -98.167    223.4    929.1
     1     1    23     1    21    22     0     2   -89.0   40.444  -98.205    229.8    926.8
     1     1    23     1    21    21     0     3   -90.0   40.559  -98.251    233.1    925.0
     1     1    23     1    21    20     0     2   -91.0   40.655  -98.301    233.5    924.3
     1     1    23     1    21    19     0     1   -92.0   40.734  -98.347    232.5    924.0
     1     1    23     1    21    18     0     0   -93.0   40.794  -98.388    232.0    923.8
     1     1    23     1    21    17     0     1   -94.0   40.848  -98.433    232.4    922.9
     1     1    23     1    21    16     0     2   -95.0   40.904  -98.491    233.1    921.7
     1     1    23     1    21    15     0     3   -96.0   40.959  -98.562    233.3    920.4
     1     1    23     1    21    14     0     2   -97.0   41.010  -98.649    233.2    918.9
     1     1    23     1    21    13     0     1   -98.0   41.058  -98.756    234.5    917.1
     1     1    23     1    21    12     0     0   -99.0   41.102  -98.885    238.7    914.6
     1     1    23     1    21    11     0     1  -100.0   41.138  -99.019    246.7    912.0
     1     1    23     1    21    10     0     2  -101.0   41.171  -99.142    257.0    909.5
     1     1    23     1    21     9     0     3  -102.0   41.197  -99.253    265.9    906.8
     1     1    23     1    21     8     0     2  -103.0   41.215  -99.362    270.0    905.1
     1     1    23     1    21     7     0     1  -104.0   41.231  -99.480    270.1    904.0
     1     1    23     1    21     6     0     0  -105.0   41.242  -99.604    267.5    903.1
     1     1    23     1    21     5     0     1  -106.0   41.249  -99.721    263.5    902.2
     1     1    23     1    21     4     0     2  -107.0   41.257  -99.820    259.2    901.6
     1     1    23     1    21     3     0     3  -108.0   41.266  -99.902    255.9    901.0
     1     1    23     1    21     2     0     2  -109.0   41.288  -99.967    256.0    900.3
     1     1    23     1    21     1     0     1  -110.0   41.341 -100.015    261.2    898.8
     1     1    23     1    21     0     0     0  -111.0   41.426 -100.055    272.5    896.6
     1     1    23     1    20    23     0     1  -112.0   41.528 -100.120    289.2    893.3
     1     1    23     1    20    22     0     2  -113.0   41.628 -100.227    306.1    889.1
     1     1    23     1    20    21     0     3  -114.0   41.717 -100.365    318.8    884.7
     1     1    23     1    20    20     0     2  -115.0   41.793 -100.511    326.2    881.3
     1     1    23     1    20    19     0     1  -116.0   41.862 -100.645    326.7    878.5
     1     1    23     1    20    18     0     0  -117.0   41.927 -100.763    316.3    877.1
     1     1    23     1    20    17     0     1  -118.0   42.003 -100.864    300.7    876.8
     1     1    23     1    20    16     0     2  -119.0   42.119 -100.957    289.8    877.1
     1     1    23     1    20    15     0     3  -120.0   42.293 -101.067    287.5    876.0
