     8     1
    GDAS    22    12    22     0     0
    GDAS    22    12    29     0     0
    GDAS    23     1     1     0     0
    GDAS    23     1     8     0     0
    GDAS    23     1    15     0     0
    GDAS    23     1    22     0     0
    GDAS    23     1    29     0     0
    GDAS    23     2     1     0     0
     1 BACKWARD OMEGA   
    23     1     3    16   32.716  -96.748   130.0
     1 PRESSURE
     1     1    23     1     3    16     0     2     0.0   32.716  -96.748    130.0    975.9
     1     1    23     1     3    15     0     3    -1.0   32.706  -97.031    144.7    973.3
     1     1    23     1     3    14     0     2    -2.0   32.702  -97.357    170.4    963.4
     1     1    23     1     3    13     0     1    -3.0   32.712  -97.733    210.1    951.3
     1     1    23     1     3    12     0     0    -4.0   32.736  -98.174    266.5    938.3
     1     1    23     1     3    11     0     1    -5.0   32.778  -98.665    335.3    925.4
     1     1    23     1     3    10     0     2    -6.0   32.828  -99.187    418.3    913.0
     1     1    23     1     3     9     0     3    -7.0   32.876  -99.740    511.6    897.4
     1     1    23     1     3     8     0     2    -8.0   32.926 -100.336    591.8    877.7
     1     1    23     1     3     7     0     1    -9.0   32.980 -100.973    667.3    855.0
     1     1    23     1     3     6     0     0   -10.0   33.025 -101.600    808.3    833.1
     1     1    23     1     3     5     0     1   -11.0   33.070 -102.184   1050.7    795.6
     1     1    23     1     3     4     0     2   -12.0   33.107 -102.737   1307.2    752.4
     1     1    23     1     3     3     0     3   -13.0   33.141 -103.261   1484.4    728.4
     1     1    23     1     3     2     0     2   -14.0   33.176 -103.774   1570.6    716.8
     1     1    23     1     3     1     0     1   -15.0   33.206 -104.310   1634.1    708.3
     1     1    23     1     3     0     0     0   -16.0   33.230 -104.888   1893.3    679.6
     1     1    23     1     2    23     0     1   -17.0   33.218 -105.500   2069.8    623.1
     1     1    23     1     2    22     0     2   -18.0   33.224 -106.014   1677.8    649.0
     1     1    23     1     2    21     0     3   -19.0   33.231 -106.453   1019.2    750.7
     1     1    23     1     2    20     0     2   -20.0   33.215 -106.864    687.0    792.0
     1     1    23     1     2    19     0     1   -21.0   33.188 -107.266    557.7    775.1
     1     1    23     1     2    18     0     0   -22.0   33.155 -107.681    499.2    744.3
     1     1    23     1     2    17     0     1   -23.0   33.100 -108.108    423.4    729.8
     1     1    23     1     2    16     0     2   -24.0   33.030 -108.471    299.1    761.3
     1     1    23     1     2    15     0     3   -25.0   32.981 -108.713    172.5    793.5
     1     1    23     1     2    14     0     2   -26.0   32.944 -108.856     93.2    811.4
     1     1    23     1     2    13     0     1   -27.0   32.885 -108.936     46.9    820.1
     1     1    23     1     2    12     0     0   -28.0   32.805 -108.970     22.8    825.8
     1     1    23     1     2    11     0     1   -29.0   32.741 -109.023      5.5    830.7
     1     1    23     1     2    10     0     2   -30.0   32.724 -109.135      0.0    836.7
     1     1    23     1     2     9     0     3   -31.0   32.745 -109.299      0.0    844.4
     1     1    23     1     2     8     0     2   -32.0   32.770 -109.471      0.0    852.9
     1     1    23     1     2     7     0     1   -33.0   32.778 -109.622      0.0    860.8
     1     1    23     1     2     6     0     0   -34.0   32.773 -109.758      0.0    867.8
     1     1    23     1     2     5     0     1   -35.0   32.751 -109.906      0.0    874.7
     1     1    23     1     2     4     0     2   -36.0   32.699 -110.097      2.0    880.3
     1     1    23     1     2     3     0     3   -37.0   32.603 -110.344     10.0    885.1
     1     1    23     1     2     2     0     2   -38.0   32.436 -110.632     56.3    888.8
     1     1    23     1     2     1     0     1   -39.0   32.147 -111.025    282.3    882.5
     1     1    23     1     2     0     0     0   -40.0   31.753 -111.537    346.3    851.4
     1     1    23     1     1    23     0     1   -41.0   31.367 -112.001    121.6    913.9
     1     1    23     1     1    22     0     2   -42.0   31.043 -112.392      0.0    961.8
     1     1    23     1     1    21     0     3   -43.0   30.764 -112.755      0.0    988.2
     1     1    23     1     1    20     0     2   -44.0   30.491 -113.072      0.0   1007.3
     1     1    23     1     1    19     0     1   -45.0   30.220 -113.354      0.0   1009.3
     1     1    23     1     1    18     0     0   -46.0   29.961 -113.678      0.0   1010.1
     1     1    23     1     1    17     0     1   -47.0   29.715 -114.008      0.0    997.5
     1     1    23     1     1    16     0     2   -48.0   29.481 -114.270      0.0    983.9
     1     1    23     1     1    15     0     3   -49.0   29.253 -114.469      0.0    984.4
     1     1    23     1     1    14     0     2   -50.0   29.041 -114.629      0.0    993.6
     1     1    23     1     1    13     0     1   -51.0   28.869 -114.786      0.0   1003.0
     1     1    23     1     1    12     0     0   -52.0   28.734 -114.945      0.0   1009.2
     1     1    23     1     1    11     0     1   -53.0   28.630 -115.106      0.7   1011.5
     1     1    23     1     1    10     0     2   -54.0   28.555 -115.270      0.8   1012.2
     1     1    23     1     1     9     0     3   -55.0   28.502 -115.436      0.4   1012.9
     1     1    23     1     1     8     0     2   -56.0   28.466 -115.597      0.0   1013.5
     1     1    23     1     1     7     0     1   -57.0   28.445 -115.748      0.0   1014.0
     1     1    23     1     1     6     0     0   -58.0   28.446 -115.892      0.2   1014.5
     1     1    23     1     1     5     0     1   -59.0   28.465 -116.034      0.5   1014.3
     1     1    23     1     1     4     0     2   -60.0   28.490 -116.180      0.9   1014.1
     1     1    23     1     1     3     0     3   -61.0   28.514 -116.325      1.3   1013.8
     1     1    23     1     1     2     0     2   -62.0   28.541 -116.467      1.4   1013.9
     1     1    23     1     1     1     0     1   -63.0   28.577 -116.607      1.5   1014.1
     1     1    23     1     1     0     0     0   -64.0   28.620 -116.747      1.6   1014.3
     1     1    22    12    31    23     0     1   -65.0   28.665 -116.886      1.6   1015.0
     1     1    22    12    31    22     0     2   -66.0   28.710 -117.026      1.0   1015.7
     1     1    22    12    31    21     0     3   -67.0   28.753 -117.171      0.0   1016.3
     1     1    22    12    31    20     0     2   -68.0   28.796 -117.310      0.0   1016.8
     1     1    22    12    31    19     0     1   -69.0   28.842 -117.431      0.0   1017.4
     1     1    22    12    31    18     0     0   -70.0   28.893 -117.530      0.7   1018.1
     1     1    22    12    31    17     0     1   -71.0   28.956 -117.610      1.9   1017.6
     1     1    22    12    31    16     0     2   -72.0   29.038 -117.673      3.4   1016.8
     1     1    22    12    31    15     0     3   -73.0   29.138 -117.720      5.1   1016.1
     1     1    22    12    31    14     0     2   -74.0   29.251 -117.759      6.7   1016.2
     1     1    22    12    31    13     0     1   -75.0   29.372 -117.798      8.0   1016.2
     1     1    22    12    31    12     0     0   -76.0   29.502 -117.833      9.0   1016.3
     1     1    22    12    31    11     0     1   -77.0   29.632 -117.865      9.9   1016.3
     1     1    22    12    31    10     0     2   -78.0   29.753 -117.894     10.9   1016.1
     1     1    22    12    31     9     0     3   -79.0   29.866 -117.922     12.5   1015.9
     1     1    22    12    31     8     0     2   -80.0   29.975 -117.951     14.7   1016.6
     1     1    22    12    31     7     0     1   -81.0   30.081 -117.985     17.4   1017.4
     1     1    22    12    31     6     0     0   -82.0   30.188 -118.023     20.3   1018.1
     1     1    22    12    31     5     0     1   -83.0   30.300 -118.068     23.3   1017.6
     1     1    22    12    31     4     0     2   -84.0   30.421 -118.126     26.5   1017.2
     1     1    22    12    31     3     0     3   -85.0   30.550 -118.196     30.2   1016.7
     1     1    22    12    31     2     0     2   -86.0   30.680 -118.278     33.9   1015.2
     1     1    22    12    31     1     0     1   -87.0   30.800 -118.366     36.7   1013.9
     1     1    22    12    31     0     0     0   -88.0   30.913 -118.463     38.3   1012.6
     1     1    22    12    30    23     0     1   -89.0   31.021 -118.571     40.6   1013.0
     1     1    22    12    30    22     0     2   -90.0   31.128 -118.694     45.1   1013.4
     1     1    22    12    30    21     0     3   -91.0   31.236 -118.831     51.8   1013.8
     1     1    22    12    30    20     0     2   -92.0   31.339 -118.976     60.5   1013.1
     1     1    22    12    30    19     0     1   -93.0   31.433 -119.117     70.8   1011.7
     1     1    22    12    30    18     0     0   -94.0   31.518 -119.249     82.2   1010.2
     1     1    22    12    30    17     0     1   -95.0   31.607 -119.376     90.7   1008.5
     1     1    22    12    30    16     0     2   -96.0   31.706 -119.502     93.7   1007.9
     1     1    22    12    30    15     0     3   -97.0   31.810 -119.633     94.8   1007.7
     1     1    22    12    30    14     0     2   -98.0   31.917 -119.780     98.4   1007.2
     1     1    22    12    30    13     0     1   -99.0   32.027 -119.949    107.4   1006.0
     1     1    22    12    30    12     0     0  -100.0   32.141 -120.130    118.3   1004.1
     1     1    22    12    30    11     0     1  -101.0   32.252 -120.312    126.9   1003.1
     1     1    22    12    30    10     0     2  -102.0   32.357 -120.487    133.3   1002.5
     1     1    22    12    30     9     0     3  -103.0   32.461 -120.662    137.4   1002.0
     1     1    22    12    30     8     0     2  -104.0   32.568 -120.841    137.3   1001.7
     1     1    22    12    30     7     0     1  -105.0   32.681 -121.028    132.2   1002.3
     1     1    22    12    30     6     0     0  -106.0   32.793 -121.220    126.4   1003.1
     1     1    22    12    30     5     0     1  -107.0   32.899 -121.420    121.8   1003.0
     1     1    22    12    30     4     0     2  -108.0   33.000 -121.630    118.4   1002.9
     1     1    22    12    30     3     0     3  -109.0   33.103 -121.851    118.4   1002.5
     1     1    22    12    30     2     0     2  -110.0   33.202 -122.082    121.4   1001.5
     1     1    22    12    30     1     0     1  -111.0   33.284 -122.324    123.7   1000.6
     1     1    22    12    30     0     0     0  -112.0   33.353 -122.579    123.7   1000.1
     1     1    22    12    29    23     0     1  -113.0   33.419 -122.844    124.7   1000.3
     1     1    22    12    29    22     0     2  -114.0   33.488 -123.120    129.8    999.8
     1     1    22    12    29    21     0     3  -115.0   33.559 -123.412    138.2    998.7
     1     1    22    12    29    20     0     2  -116.0   33.630 -123.721    144.6    997.5
     1     1    22    12    29    19     0     1  -117.0   33.698 -124.049    146.4    997.5
     1     1    22    12    29    18     0     0  -118.0   33.762 -124.389    148.2    997.8
     1     1    22    12    29    17     0     1  -119.0   33.827 -124.737    152.4    996.6
     1     1    22    12    29    16     0     2  -120.0   33.899 -125.097    156.9    995.5
