     8     1
    GDAS    22    12    22     0     0
    GDAS    22    12    29     0     0
    GDAS    23     1     1     0     0
    GDAS    23     1     8     0     0
    GDAS    23     1    15     0     0
    GDAS    23     1    22     0     0
    GDAS    23     1    29     0     0
    GDAS    23     2     1     0     0
     1 BACKWARD OMEGA   
    23     1     7    13   32.716  -96.748   130.0
     1 PRESSURE
     1     1    23     1     7    13     0     1     0.0   32.716  -96.748    130.0    984.8
     1     1    23     1     7    12     0     0    -1.0   32.758  -96.929    127.1    983.4
     1     1    23     1     7    11     0     1    -2.0   32.782  -97.113    124.0    981.0
     1     1    23     1     7    10     0     2    -3.0   32.739  -97.297    123.9    976.9
     1     1    23     1     7     9     0     3    -4.0   32.625  -97.491    127.2    972.1
     1     1    23     1     7     8     0     2    -5.0   32.446  -97.695    137.3    967.3
     1     1    23     1     7     7     0     1    -6.0   32.190  -97.908    160.2    960.9
     1     1    23     1     7     6     0     0    -7.0   31.851  -98.130    190.9    953.1
     1     1    23     1     7     5     0     1    -8.0   31.476  -98.325    212.3    946.4
     1     1    23     1     7     4     0     2    -9.0   31.098  -98.463    228.0    942.1
     1     1    23     1     7     3     0     3   -10.0   30.696  -98.542    225.8    939.5
     1     1    23     1     7     2     0     2   -11.0   30.285  -98.566    172.5    944.3
     1     1    23     1     7     1     0     1   -12.0   29.932  -98.544     89.2    959.8
     1     1    23     1     7     0     0     0   -13.0   29.676  -98.496     39.6    979.1
     1     1    23     1     6    23     0     1   -14.0   29.441  -98.441     12.1    986.5
     1     1    23     1     6    22     0     2   -15.0   29.206  -98.394      5.0    993.5
     1     1    23     1     6    21     0     3   -16.0   28.958  -98.355      2.5    999.4
     1     1    23     1     6    20     0     2   -17.0   28.707  -98.319      1.3   1002.8
     1     1    23     1     6    19     0     1   -18.0   28.457  -98.280      0.2   1005.7
     1     1    23     1     6    18     0     0   -19.0   28.204  -98.239      0.0   1008.3
     1     1    23     1     6    17     0     1   -20.0   27.961  -98.190      0.3   1010.5
     1     1    23     1     6    16     0     2   -21.0   27.747  -98.132      0.7   1012.6
     1     1    23     1     6    15     0     3   -22.0   27.565  -98.069      1.0   1014.6
     1     1    23     1     6    14     0     2   -23.0   27.413  -98.002      1.2   1016.0
     1     1    23     1     6    13     0     1   -24.0   27.284  -97.935      1.2   1016.9
     1     1    23     1     6    12     0     0   -25.0   27.173  -97.868      1.1   1017.7
     1     1    23     1     6    11     0     1   -26.0   27.071  -97.798      0.9   1018.4
     1     1    23     1     6    10     0     2   -27.0   26.971  -97.719      0.3   1018.9
     1     1    23     1     6     9     0     3   -28.0   26.869  -97.629      0.0   1019.2
     1     1    23     1     6     8     0     2   -29.0   26.764  -97.531      0.0   1019.6
     1     1    23     1     6     7     0     1   -30.0   26.656  -97.423      0.0   1020.0
     1     1    23     1     6     6     0     0   -31.0   26.549  -97.302      0.0   1020.4
     1     1    23     1     6     5     0     1   -32.0   26.454  -97.166      0.0   1021.0
     1     1    23     1     6     4     0     2   -33.0   26.384  -97.014      0.0   1021.6
     1     1    23     1     6     3     0     3   -34.0   26.344  -96.850      0.3   1021.7
     1     1    23     1     6     2     0     2   -35.0   26.329  -96.686      0.7   1021.8
     1     1    23     1     6     1     0     1   -36.0   26.335  -96.535      0.9   1021.9
     1     1    23     1     6     0     0     0   -37.0   26.361  -96.403      1.0   1022.0
     1     1    23     1     5    23     0     1   -38.0   26.398  -96.297      0.9   1022.1
     1     1    23     1     5    22     0     2   -39.0   26.438  -96.217      0.8   1022.2
     1     1    23     1     5    21     0     3   -40.0   26.480  -96.162      0.5   1022.3
     1     1    23     1     5    20     0     2   -41.0   26.526  -96.122      0.1   1022.3
     1     1    23     1     5    19     0     1   -42.0   26.580  -96.087      0.0   1022.4
     1     1    23     1     5    18     0     0   -43.0   26.643  -96.055      0.0   1022.5
     1     1    23     1     5    17     0     1   -44.0   26.705  -96.029      0.0   1022.5
     1     1    23     1     5    16     0     2   -45.0   26.756  -96.012      0.0   1022.6
     1     1    23     1     5    15     0     3   -46.0   26.794  -96.003      0.0   1022.7
     1     1    23     1     5    14     0     2   -47.0   26.819  -95.992      0.0   1021.5
     1     1    23     1     5    13     0     1   -48.0   26.832  -95.965      0.0   1020.3
     1     1    23     1     5    12     0     0   -49.0   26.834  -95.920      0.3   1019.2
     1     1    23     1     5    11     0     1   -50.0   26.831  -95.864      1.0   1019.2
     1     1    23     1     5    10     0     2   -51.0   26.827  -95.803      1.2   1019.2
     1     1    23     1     5     9     0     3   -52.0   26.823  -95.740      1.0   1019.2
     1     1    23     1     5     8     0     2   -53.0   26.821  -95.676      1.0   1019.3
     1     1    23     1     5     7     0     1   -54.0   26.824  -95.613      1.7   1019.4
     1     1    23     1     5     6     0     0   -55.0   26.835  -95.553      3.2   1019.5
     1     1    23     1     5     5     0     1   -56.0   26.856  -95.492      4.5   1019.5
     1     1    23     1     5     4     0     2   -57.0   26.894  -95.429      5.0   1019.6
     1     1    23     1     5     3     0     3   -58.0   26.945  -95.366      4.5   1019.7
     1     1    23     1     5     2     0     2   -59.0   27.017  -95.316      3.9   1018.5
     1     1    23     1     5     1     0     1   -60.0   27.114  -95.297      4.1   1017.4
     1     1    23     1     5     0     0     0   -61.0   27.229  -95.308      5.1   1016.3
     1     1    23     1     4    23     0     1   -62.0   27.342  -95.341      6.4   1016.4
     1     1    23     1     4    22     0     2   -63.0   27.438  -95.387      7.4   1016.4
     1     1    23     1     4    21     0     3   -64.0   27.521  -95.445      8.1   1016.5
     1     1    23     1     4    20     0     2   -65.0   27.601  -95.514      8.6   1016.7
     1     1    23     1     4    19     0     1   -66.0   27.686  -95.597      9.0   1016.8
     1     1    23     1     4    18     0     0   -67.0   27.782  -95.704      9.1   1017.0
     1     1    23     1     4    17     0     1   -68.0   27.887  -95.829      9.0   1017.0
     1     1    23     1     4    16     0     2   -69.0   27.997  -95.957      9.1   1017.1
     1     1    23     1     4    15     0     3   -70.0   28.101  -96.074      9.8   1017.1
     1     1    23     1     4    14     0     2   -71.0   28.200  -96.178     10.7   1015.9
     1     1    23     1     4    13     0     1   -72.0   28.298  -96.276     11.7   1014.7
     1     1    23     1     4    12     0     0   -73.0   28.393  -96.368     12.7   1013.5
     1     1    23     1     4    11     0     1   -74.0   28.478  -96.448     13.8   1012.5
     1     1    23     1     4    10     0     2   -75.0   28.552  -96.512     14.6   1011.5
     1     1    23     1     4     9     0     3   -76.0   28.623  -96.564     14.9   1010.6
     1     1    23     1     4     8     0     2   -77.0   28.695  -96.609     15.1   1009.9
     1     1    23     1     4     7     0     1   -78.0   28.761  -96.649     15.8   1008.9
     1     1    23     1     4     6     0     0   -79.0   28.813  -96.686     17.1   1007.8
     1     1    23     1     4     5     0     1   -80.0   28.860  -96.710     18.8   1007.1
     1     1    23     1     4     4     0     2   -81.0   28.910  -96.715     20.3   1006.6
     1     1    23     1     4     3     0     3   -82.0   28.963  -96.697     21.6   1006.1
     1     1    23     1     4     2     0     2   -83.0   29.028  -96.674     23.6   1005.5
     1     1    23     1     4     1     0     1   -84.0   29.112  -96.663     27.4   1004.3
     1     1    23     1     4     0     0     0   -85.0   29.215  -96.663     33.7   1002.6
     1     1    23     1     3    23     0     1   -86.0   29.333  -96.672     41.9   1000.4
     1     1    23     1     3    22     0     2   -87.0   29.460  -96.691     49.8    998.4
     1     1    23     1     3    21     0     3   -88.0   29.596  -96.729     55.9    996.2
     1     1    23     1     3    20     0     2   -89.0   29.737  -96.782     61.2    995.1
     1     1    23     1     3    19     0     1   -90.0   29.882  -96.839     67.2    993.8
     1     1    23     1     3    18     0     0   -91.0   30.028  -96.900     73.9    992.7
     1     1    23     1     3    17     0     1   -92.0   30.174  -96.972     84.0    990.9
     1     1    23     1     3    16     0     2   -93.0   30.328  -97.073    102.9    986.3
     1     1    23     1     3    15     0     3   -94.0   30.507  -97.234    139.4    977.9
     1     1    23     1     3    14     0     2   -95.0   30.716  -97.490    196.1    963.0
     1     1    23     1     3    13     0     1   -96.0   30.948  -97.859    278.8    944.8
     1     1    23     1     3    12     0     0   -97.0   31.198  -98.335    382.1    920.7
     1     1    23     1     3    11     0     1   -98.0   31.424  -98.874    469.5    901.0
     1     1    23     1     3    10     0     2   -99.0   31.610  -99.463    544.9    886.1
     1     1    23     1     3     9     0     3  -100.0   31.772 -100.121    610.6    870.5
     1     1    23     1     3     8     0     2  -101.0   31.915 -100.894    707.6    855.8
     1     1    23     1     3     7     0     1  -102.0   32.020 -101.815    966.2    815.8
     1     1    23     1     3     6     0     0  -103.0   32.053 -102.741   1219.3    779.4
     1     1    23     1     3     5     0     1  -104.0   32.058 -103.601   1548.1    754.0
     1     1    23     1     3     4     0     2  -105.0   32.009 -104.533   2000.7    678.7
     1     1    23     1     3     3     0     3  -106.0   31.892 -105.503   1669.3    704.7
     1     1    23     1     3     2     0     2  -107.0   31.794 -106.361   1809.0    680.6
     1     1    23     1     3     1     0     1  -108.0   31.684 -107.197   2077.4    668.0
     1     1    23     1     3     0     0     0  -109.0   31.520 -108.059   2282.8    642.5
     1     1    23     1     2    23     0     1  -110.0   31.359 -108.923   2559.6    608.5
     1     1    23     1     2    22     0     2  -111.0   31.347 -109.869   2910.7    574.3
     1     1    23     1     2    21     0     3  -112.0   31.451 -110.754   3004.9    599.1
     1     1    23     1     2    20     0     2  -113.0   31.575 -111.480   3051.2    623.1
     1     1    23     1     2    19     0     1  -114.0   31.699 -112.089   3100.7    639.6
     1     1    23     1     2    18     0     0  -115.0   31.842 -112.673   3166.8    646.7
     1     1    23     1     2    17     0     1  -116.0   32.013 -113.256   3200.1    651.2
     1     1    23     1     2    16     0     2  -117.0   32.186 -113.789   3226.7    660.7
     1     1    23     1     2    15     0     3  -118.0   32.370 -114.270   3269.0    660.4
     1     1    23     1     2    14     0     2  -119.0   32.584 -114.719   3326.0    655.4
     1     1    23     1     2    13     0     1  -120.0   32.834 -115.150   3410.2    647.6
