     8     1
    GDAS    22    12    22     0     0
    GDAS    22    12    29     0     0
    GDAS    23     1     1     0     0
    GDAS    23     1     8     0     0
    GDAS    23     1    15     0     0
    GDAS    23     1    22     0     0
    GDAS    23     1    29     0     0
    GDAS    23     2     1     0     0
     1 BACKWARD OMEGA   
    23     1     5    11   32.716  -96.748   500.0
     1 PRESSURE
     1     1    23     1     5    11     0     1     0.0   32.716  -96.748    500.0    945.1
     1     1    23     1     5    10     0     2    -1.0   32.903  -96.827    517.9    944.2
     1     1    23     1     5     9     0     3    -2.0   33.111  -96.918    558.0    939.7
     1     1    23     1     5     8     0     2    -3.0   33.337  -97.022    609.0    929.8
     1     1    23     1     5     7     0     1    -4.0   33.565  -97.139    641.1    921.4
     1     1    23     1     5     6     0     0    -5.0   33.802  -97.265    647.1    918.2
     1     1    23     1     5     5     0     1    -6.0   34.053  -97.397    657.8    917.6
     1     1    23     1     5     4     0     2    -7.0   34.307  -97.547    689.5    908.4
     1     1    23     1     5     3     0     3    -8.0   34.551  -97.724    705.0    900.3
     1     1    23     1     5     2     0     2    -9.0   34.767  -97.930    689.2    900.5
     1     1    23     1     5     1     0     1   -10.0   34.940  -98.164    676.4    900.4
     1     1    23     1     5     0     0     0   -11.0   35.067  -98.423    695.4    893.7
     1     1    23     1     4    23     0     1   -12.0   35.165  -98.681    722.4    882.3
     1     1    23     1     4    22     0     2   -13.0   35.244  -98.920    733.8    875.8
     1     1    23     1     4    21     0     3   -14.0   35.288  -99.148    737.7    871.4
     1     1    23     1     4    20     0     2   -15.0   35.307  -99.354    749.0    868.1
     1     1    23     1     4    19     0     1   -16.0   35.323  -99.530    777.0    863.1
     1     1    23     1     4    18     0     0   -17.0   35.334  -99.681    830.4    855.9
     1     1    23     1     4    17     0     1   -18.0   35.354  -99.816    890.7    844.6
     1     1    23     1     4    16     0     2   -19.0   35.392  -99.944    932.3    837.1
     1     1    23     1     4    15     0     3   -20.0   35.446 -100.068    949.8    831.7
     1     1    23     1     4    14     0     2   -21.0   35.510 -100.208    956.2    828.5
     1     1    23     1     4    13     0     1   -22.0   35.576 -100.379    968.2    823.0
     1     1    23     1     4    12     0     0   -23.0   35.641 -100.571    994.0    816.3
     1     1    23     1     4    11     0     1   -24.0   35.700 -100.775   1030.2    807.7
     1     1    23     1     4    10     0     2   -25.0   35.744 -100.980   1072.3    800.3
     1     1    23     1     4     9     0     3   -26.0   35.782 -101.193   1119.7    789.9
     1     1    23     1     4     8     0     2   -27.0   35.816 -101.417   1160.2    779.1
     1     1    23     1     4     7     0     1   -28.0   35.829 -101.652   1171.0    770.8
     1     1    23     1     4     6     0     0   -29.0   35.802 -101.895   1125.5    767.9
     1     1    23     1     4     5     0     1   -30.0   35.746 -102.156   1032.3    773.8
     1     1    23     1     4     4     0     2   -31.0   35.684 -102.437    905.2    779.8
     1     1    23     1     4     3     0     3   -32.0   35.606 -102.719    725.4    791.9
     1     1    23     1     4     2     0     2   -33.0   35.510 -102.973    551.5    809.6
     1     1    23     1     4     1     0     1   -34.0   35.429 -103.223    491.8    815.5
     1     1    23     1     4     0     0     0   -35.0   35.381 -103.577    617.7    796.2
     1     1    23     1     3    23     0     1   -36.0   35.419 -104.149    930.4    745.5
     1     1    23     1     3    22     0     2   -37.0   35.571 -104.828   1325.3    682.1
     1     1    23     1     3    21     0     3   -38.0   35.764 -105.534   1596.2    629.6
     1     1    23     1     3    20     0     2   -39.0   35.915 -106.117   1604.9    639.6
     1     1    23     1     3    19     0     1   -40.0   36.052 -106.650   1495.7    640.6
     1     1    23     1     3    18     0     0   -41.0   36.189 -107.260   1373.4    648.8
     1     1    23     1     3    17     0     1   -42.0   36.275 -107.825   1240.0    676.8
     1     1    23     1     3    16     0     2   -43.0   36.325 -108.344   1093.6    690.5
     1     1    23     1     3    15     0     3   -44.0   36.360 -108.857    931.6    696.6
     1     1    23     1     3    14     0     2   -45.0   36.345 -109.311    779.1    718.6
     1     1    23     1     3    13     0     1   -46.0   36.280 -109.709    669.5    735.7
     1     1    23     1     3    12     0     0   -47.0   36.198 -110.098    631.9    746.2
     1     1    23     1     3    11     0     1   -48.0   36.101 -110.562    613.7    750.0
     1     1    23     1     3    10     0     2   -49.0   35.955 -111.109    504.5    766.6
     1     1    23     1     3     9     0     3   -50.0   35.804 -111.579    388.2    782.0
     1     1    23     1     3     8     0     2   -51.0   35.678 -111.932    304.0    785.7
     1     1    23     1     3     7     0     1   -52.0   35.555 -112.205    273.4    791.0
     1     1    23     1     3     6     0     0   -53.0   35.414 -112.452    291.9    789.2
     1     1    23     1     3     5     0     1   -54.0   35.248 -112.717    364.2    779.7
     1     1    23     1     3     4     0     2   -55.0   35.054 -113.023    505.6    767.6
     1     1    23     1     3     3     0     3   -56.0   34.866 -113.321    643.0    777.2
     1     1    23     1     3     2     0     2   -57.0   34.709 -113.554    694.6    803.5
     1     1    23     1     3     1     0     1   -58.0   34.583 -113.742    690.5    827.2
     1     1    23     1     3     0     0     0   -59.0   34.483 -113.903    649.8    849.7
     1     1    23     1     2    23     0     1   -60.0   34.405 -114.058    591.9    869.8
     1     1    23     1     2    22     0     2   -61.0   34.349 -114.226    532.8    882.9
     1     1    23     1     2    21     0     3   -62.0   34.314 -114.406    476.9    893.5
     1     1    23     1     2    20     0     2   -63.0   34.295 -114.580    444.8    903.2
     1     1    23     1     2    19     0     1   -64.0   34.289 -114.746    458.3    904.2
     1     1    23     1     2    18     0     0   -65.0   34.309 -114.930    524.1    898.0
     1     1    23     1     2    17     0     1   -66.0   34.364 -115.153    624.8    876.8
     1     1    23     1     2    16     0     2   -67.0   34.444 -115.392    709.8    854.7
     1     1    23     1     2    15     0     3   -68.0   34.536 -115.620    745.7    844.1
     1     1    23     1     2    14     0     2   -69.0   34.619 -115.820    727.8    845.5
     1     1    23     1     2    13     0     1   -70.0   34.683 -115.983    664.8    854.0
     1     1    23     1     2    12     0     0   -71.0   34.738 -116.127    580.6    865.6
     1     1    23     1     2    11     0     1   -72.0   34.789 -116.278    484.6    874.0
     1     1    23     1     2    10     0     2   -73.0   34.828 -116.448    378.4    884.3
     1     1    23     1     2     9     0     3   -74.0   34.841 -116.631    275.9    892.3
     1     1    23     1     2     8     0     2   -75.0   34.829 -116.829    187.9    897.1
     1     1    23     1     2     7     0     1   -76.0   34.803 -117.047    118.6    900.5
     1     1    23     1     2     6     0     0   -77.0   34.784 -117.263     78.4    911.4
     1     1    23     1     2     5     0     1   -78.0   34.785 -117.479     60.9    917.6
     1     1    23     1     2     4     0     2   -79.0   34.806 -117.701     56.3    922.5
     1     1    23     1     2     3     0     3   -80.0   34.858 -117.946     60.6    924.5
     1     1    23     1     2     2     0     2   -81.0   34.932 -118.206     73.7    921.8
     1     1    23     1     2     1     0     1   -82.0   35.001 -118.441     93.0    918.5
     1     1    23     1     2     0     0     0   -83.0   35.060 -118.630    116.3    918.6
     1     1    23     1     1    23     0     1   -84.0   35.115 -118.770     73.4    919.6
     1     1    23     1     1    22     0     2   -85.0   35.161 -118.844     30.5    939.5
     1     1    23     1     1    21     0     3   -86.0   35.225 -118.890      0.0    943.3
     1     1    23     1     1    20     0     2   -87.0   35.305 -118.947      0.0    949.7
     1     1    23     1     1    19     0     1   -88.0   35.397 -119.050      0.0    957.3
     1     1    23     1     1    18     0     0   -89.0   35.497 -119.201      0.0    961.3
     1     1    23     1     1    17     0     1   -90.0   35.577 -119.340      0.0    963.6
     1     1    23     1     1    16     0     2   -91.0   35.621 -119.424      0.0    964.6
     1     1    23     1     1    15     0     3   -92.0   35.632 -119.463      0.0    964.0
     1     1    23     1     1    14     0     2   -93.0   35.631 -119.490      0.0    963.7
     1     1    23     1     1    13     0     1   -94.0   35.637 -119.532      0.0    963.9
     1     1    23     1     1    12     0     0   -95.0   35.654 -119.590      0.0    964.6
     1     1    23     1     1    11     0     1   -96.0   35.684 -119.663      0.0    966.1
     1     1    23     1     1    10     0     2   -97.0   35.724 -119.757      0.0    968.4
     1     1    23     1     1     9     0     3   -98.0   35.762 -119.876      0.1    970.8
     1     1    23     1     1     8     0     2   -99.0   35.782 -120.033      7.8    971.1
     1     1    23     1     1     7     0     1  -100.0   35.794 -120.232     26.1    970.2
     1     1    23     1     1     6     0     0  -101.0   35.834 -120.480     64.6    966.7
     1     1    23     1     1     5     0     1  -102.0   35.874 -120.740    105.7    959.2
     1     1    23     1     1     4     0     2  -103.0   35.869 -121.016    163.8    953.2
     1     1    23     1     1     3     0     3  -104.0   35.916 -121.376    267.6    953.3
     1     1    23     1     1     2     0     2  -105.0   36.029 -121.773    314.0    948.0
     1     1    23     1     1     1     0     1  -106.0   36.024 -122.106    218.0    968.8
     1     1    23     1     1     0     0     0  -107.0   35.905 -122.367    121.7    993.0
     1     1    22    12    31    23     0     1  -108.0   35.785 -122.588     70.7    999.9
     1     1    22    12    31    22     0     2  -109.0   35.601 -122.772     49.0   1000.0
     1     1    22    12    31    21     0     3  -110.0   35.223 -122.948     37.8   1001.2
     1     1    22    12    31    20     0     2  -111.0   34.765 -123.179     32.9   1003.7
     1     1    22    12    31    19     0     1  -112.0   34.364 -123.443     31.7   1005.5
     1     1    22    12    31    18     0     0  -113.0   33.973 -123.687     36.2   1006.5
     1     1    22    12    31    17     0     1  -114.0   33.604 -123.935     44.8   1006.3
     1     1    22    12    31    16     0     2  -115.0   33.292 -124.219     52.2   1006.7
     1     1    22    12    31    15     0     3  -116.0   33.027 -124.533     57.3   1006.5
     1     1    22    12    31    14     0     2  -117.0   32.799 -124.859     59.7   1007.1
     1     1    22    12    31    13     0     1  -118.0   32.593 -125.170     61.0   1007.6
     1     1    22    12    31    12     0     0  -119.0   32.402 -125.458     61.5   1008.3
     1     1    22    12    31    11     0     1  -120.0   32.231 -125.730     61.9   1009.3
