     8     1
    GDAS    22    12    22     0     0
    GDAS    22    12    29     0     0
    GDAS    23     1     1     0     0
    GDAS    23     1     8     0     0
    GDAS    23     1    15     0     0
    GDAS    23     1    22     0     0
    GDAS    23     1    29     0     0
    GDAS    23     2     1     0     0
     1 BACKWARD OMEGA   
    23     1    25    13   32.716  -96.748  1500.0
     1 PRESSURE
     1     1    23     1    25    13     0     1     0.0   32.716  -96.748   1500.0    827.0
     1     1    23     1    25    12     0     0    -1.0   33.022  -97.090   1504.4    824.3
     1     1    23     1    25    11     0     1    -2.0   33.339  -97.417   1528.2    818.3
     1     1    23     1    25    10     0     2    -3.0   33.658  -97.719   1598.5    805.3
     1     1    23     1    25     9     0     3    -4.0   33.968  -98.001   1711.2    793.4
     1     1    23     1    25     8     0     2    -5.0   34.285  -98.250   1805.5    773.4
     1     1    23     1    25     7     0     1    -6.0   34.613  -98.450   1873.2    768.7
     1     1    23     1    25     6     0     0    -7.0   34.938  -98.613   2033.4    752.8
     1     1    23     1    25     5     0     1    -8.0   35.255  -98.752   2208.5    719.5
     1     1    23     1    25     4     0     2    -9.0   35.562  -98.867   2266.3    709.8
     1     1    23     1    25     3     0     3   -10.0   35.859  -98.949   2225.8    710.5
     1     1    23     1    25     2     0     2   -11.0   36.129  -99.010   2140.4    719.7
     1     1    23     1    25     1     0     1   -12.0   36.355  -99.074   2054.7    729.0
     1     1    23     1    25     0     0     0   -13.0   36.553  -99.144   1966.5    737.0
     1     1    23     1    24    23     0     1   -14.0   36.711  -99.202   1885.3    747.0
     1     1    23     1    24    22     0     2   -15.0   36.803  -99.235   1832.3    753.0
     1     1    23     1    24    21     0     3   -16.0   36.828  -99.251   1814.1    755.1
     1     1    23     1    24    20     0     2   -17.0   36.789  -99.251   1807.7    753.7
     1     1    23     1    24    19     0     1   -18.0   36.689  -99.231   1778.2    756.1
     1     1    23     1    24    18     0     0   -19.0   36.525  -99.184   1703.4    762.1
     1     1    23     1    24    17     0     1   -20.0   36.316  -99.096   1665.3    775.2
     1     1    23     1    24    16     0     2   -21.0   36.060  -98.985   1769.6    766.3
     1     1    23     1    24    15     0     3   -22.0   35.744  -98.882   1912.2    746.9
     1     1    23     1    24    14     0     2   -23.0   35.404  -98.760   1886.7    746.4
     1     1    23     1    24    13     0     1   -24.0   35.092  -98.555   1649.3    779.9
     1     1    23     1    24    12     0     0   -25.0   34.822  -98.323   1322.0    825.7
     1     1    23     1    24    11     0     1   -26.0   34.582  -98.105   1060.6    867.3
     1     1    23     1    24    10     0     2   -27.0   34.345  -97.888    928.5    884.7
     1     1    23     1    24     9     0     3   -28.0   34.088  -97.660    888.5    889.2
     1     1    23     1    24     8     0     2   -29.0   33.831  -97.418    879.8    890.7
     1     1    23     1    24     7     0     1   -30.0   33.601  -97.174    881.9    895.6
     1     1    23     1    24     6     0     0   -31.0   33.402  -96.938    909.2    897.5
     1     1    23     1    24     5     0     1   -32.0   33.228  -96.715    947.9    892.8
     1     1    23     1    24     4     0     2   -33.0   33.072  -96.503    976.6    890.5
     1     1    23     1    24     3     0     3   -34.0   32.933  -96.304    986.8    889.3
     1     1    23     1    24     2     0     2   -35.0   32.813  -96.115    979.3    891.7
     1     1    23     1    24     1     0     1   -36.0   32.713  -95.936    972.1    894.6
     1     1    23     1    24     0     0     0   -37.0   32.632  -95.765    975.4    894.4
     1     1    23     1    23    23     0     1   -38.0   32.571  -95.605    994.2    892.4
     1     1    23     1    23    22     0     2   -39.0   32.524  -95.463   1032.7    887.7
     1     1    23     1    23    21     0     3   -40.0   32.488  -95.343   1091.6    881.0
     1     1    23     1    23    20     0     2   -41.0   32.455  -95.245   1150.6    872.9
     1     1    23     1    23    19     0     1   -42.0   32.421  -95.164   1188.1    869.0
     1     1    23     1    23    18     0     0   -43.0   32.392  -95.096   1203.5    867.6
     1     1    23     1    23    17     0     1   -44.0   32.384  -95.032   1199.7    867.8
     1     1    23     1    23    16     0     2   -45.0   32.415  -94.967   1180.9    869.8
     1     1    23     1    23    15     0     3   -46.0   32.488  -94.893   1151.0    873.6
     1     1    23     1    23    14     0     2   -47.0   32.603  -94.820   1146.9    877.4
     1     1    23     1    23    13     0     1   -48.0   32.755  -94.776   1206.5    871.1
     1     1    23     1    23    12     0     0   -49.0   32.936  -94.772   1340.2    856.5
     1     1    23     1    23    11     0     1   -50.0   33.124  -94.818   1488.2    833.0
     1     1    23     1    23    10     0     2   -51.0   33.304  -94.905   1580.3    822.3
     1     1    23     1    23     9     0     3   -52.0   33.479  -95.022   1626.6    817.6
     1     1    23     1    23     8     0     2   -53.0   33.661  -95.161   1655.4    816.1
     1     1    23     1    23     7     0     1   -54.0   33.853  -95.314   1671.0    812.6
     1     1    23     1    23     6     0     0   -55.0   34.055  -95.473   1647.0    813.1
     1     1    23     1    23     5     0     1   -56.0   34.271  -95.631   1644.7    818.7
     1     1    23     1    23     4     0     2   -57.0   34.500  -95.795   1740.9    806.7
     1     1    23     1    23     3     0     3   -58.0   34.733  -95.970   1936.5    785.1
     1     1    23     1    23     2     0     2   -59.0   34.974  -96.162   2163.1    752.5
     1     1    23     1    23     1     0     1   -60.0   35.235  -96.359   2329.1    730.6
     1     1    23     1    23     0     0     0   -61.0   35.515  -96.540   2424.0    721.9
     1     1    23     1    22    23     0     1   -62.0   35.795  -96.714   2501.4    716.5
     1     1    23     1    22    22     0     2   -63.0   36.063  -96.888   2595.6    707.0
     1     1    23     1    22    21     0     3   -64.0   36.331  -97.056   2690.1    693.4
     1     1    23     1    22    20     0     2   -65.0   36.591  -97.219   2766.3    683.8
     1     1    23     1    22    19     0     1   -66.0   36.828  -97.370   2834.1    676.4
     1     1    23     1    22    18     0     0   -67.0   37.047  -97.500   2911.5    668.0
     1     1    23     1    22    17     0     1   -68.0   37.240  -97.614   2995.1    657.6
     1     1    23     1    22    16     0     2   -69.0   37.404  -97.723   3062.9    649.3
     1     1    23     1    22    15     0     3   -70.0   37.544  -97.824   3099.7    643.9
     1     1    23     1    22    14     0     2   -71.0   37.667  -97.921   3103.5    642.6
     1     1    23     1    22    13     0     1   -72.0   37.780  -98.020   3074.9    643.3
     1     1    23     1    22    12     0     0   -73.0   37.899  -98.130   3014.7    646.9
     1     1    23     1    22    11     0     1   -74.0   38.043  -98.256   2959.8    652.5
     1     1    23     1    22    10     0     2   -75.0   38.213  -98.393   2949.5    653.2
     1     1    23     1    22     9     0     3   -76.0   38.399  -98.537   2987.6    649.1
     1     1    23     1    22     8     0     2   -77.0   38.593  -98.684   3057.8    641.5
     1     1    23     1    22     7     0     1   -78.0   38.786  -98.835   3135.0    634.2
     1     1    23     1    22     6     0     0   -79.0   38.957  -99.004   3197.0    627.9
     1     1    23     1    22     5     0     1   -80.0   39.134  -99.170   3224.0    622.7
     1     1    23     1    22     4     0     2   -81.0   39.336  -99.318   3218.8    620.5
     1     1    23     1    22     3     0     3   -82.0   39.544  -99.464   3186.8    621.1
     1     1    23     1    22     2     0     2   -83.0   39.758  -99.615   3134.3    623.6
     1     1    23     1    22     1     0     1   -84.0   39.972  -99.777   3061.7    627.6
     1     1    23     1    22     0     0     0   -85.0   40.173  -99.968   2982.2    632.8
     1     1    23     1    21    23     0     1   -86.0   40.379 -100.171   2892.6    635.1
     1     1    23     1    21    22     0     2   -87.0   40.596 -100.363   2804.2    641.8
     1     1    23     1    21    21     0     3   -88.0   40.795 -100.566   2749.2    644.0
     1     1    23     1    21    20     0     2   -89.0   40.976 -100.780   2727.1    643.5
     1     1    23     1    21    19     0     1   -90.0   41.153 -101.001   2729.5    640.4
     1     1    23     1    21    18     0     0   -91.0   41.331 -101.232   2759.2    634.4
     1     1    23     1    21    17     0     1   -92.0   41.512 -101.475   2785.2    624.3
     1     1    23     1    21    16     0     2   -93.0   41.701 -101.747   2776.4    620.0
     1     1    23     1    21    15     0     3   -94.0   41.900 -102.086   2770.4    617.6
     1     1    23     1    21    14     0     2   -95.0   42.111 -102.479   2796.2    614.4
     1     1    23     1    21    13     0     1   -96.0   42.320 -102.887   2798.8    613.3
     1     1    23     1    21    12     0     0   -97.0   42.517 -103.302   2731.2    620.8
     1     1    23     1    21    11     0     1   -98.0   42.709 -103.714   2660.6    628.5
     1     1    23     1    21    10     0     2   -99.0   42.885 -104.108   2631.7    623.6
     1     1    23     1    21     9     0     3  -100.0   43.025 -104.477   2610.0    617.6
     1     1    23     1    21     8     0     2  -101.0   43.139 -104.816   2551.6    614.8
     1     1    23     1    21     7     0     1  -102.0   43.244 -105.121   2463.8    620.9
     1     1    23     1    21     6     0     0  -103.0   43.331 -105.390   2381.2    626.6
     1     1    23     1    21     5     0     1  -104.0   43.405 -105.619   2332.6    629.9
     1     1    23     1    21     4     0     2  -105.0   43.480 -105.805   2314.0    630.1
     1     1    23     1    21     3     0     3  -106.0   43.563 -105.952   2308.2    631.1
     1     1    23     1    21     2     0     2  -107.0   43.650 -106.088   2301.7    628.4
     1     1    23     1    21     1     0     1  -108.0   43.735 -106.238   2283.8    621.2
     1     1    23     1    21     0     0     0  -109.0   43.817 -106.410   2235.1    613.1
     1     1    23     1    20    23     0     1  -110.0   43.891 -106.599   2156.9    606.1
     1     1    23     1    20    22     0     2  -111.0   43.961 -106.795   2074.8    596.7
     1     1    23     1    20    21     0     3  -112.0   44.031 -106.998   2015.5    586.9
     1     1    23     1    20    20     0     2  -113.0   44.091 -107.189   2028.1    606.4
     1     1    23     1    20    19     0     1  -114.0   44.129 -107.352   2065.9    617.0
     1     1    23     1    20    18     0     0  -115.0   44.146 -107.485   2124.7    622.0
     1     1    23     1    20    17     0     1  -116.0   44.157 -107.598   2188.6    622.7
     1     1    23     1    20    16     0     2  -117.0   44.175 -107.699   2239.9    624.5
     1     1    23     1    20    15     0     3  -118.0   44.198 -107.791   2278.0    626.3
     1     1    23     1    20    14     0     2  -119.0   44.225 -107.873   2310.3    628.0
     1     1    23     1    20    13     0     1  -120.0   44.254 -107.949   2345.7    627.8
