     8     1
    GDAS    22    12    22     0     0
    GDAS    22    12    29     0     0
    GDAS    23     1     1     0     0
    GDAS    23     1     8     0     0
    GDAS    23     1    15     0     0
    GDAS    23     1    22     0     0
    GDAS    23     1    29     0     0
    GDAS    23     2     1     0     0
     1 BACKWARD OMEGA   
    23     1    19    11   32.716  -96.748   133.0
     1 PRESSURE
     1     1    23     1    19    11     0     1     0.0   32.716  -96.748    133.0    979.4
     1     1    23     1    19    10     0     2    -1.0   32.941  -97.021    165.1    975.6
     1     1    23     1    19     9     0     3    -2.0   33.195  -97.296    202.1    963.5
     1     1    23     1    19     8     0     2    -3.0   33.417  -97.631    237.5    952.8
     1     1    23     1    19     7     0     1    -4.0   33.613  -98.034    279.3    943.3
     1     1    23     1    19     6     0     0    -5.0   33.858  -98.442    320.4    935.3
     1     1    23     1    19     5     0     1    -6.0   34.094  -98.858    357.0    927.7
     1     1    23     1    19     4     0     2    -7.0   34.243  -99.343    367.7    912.9
     1     1    23     1    19     3     0     3    -8.0   34.383  -99.854    300.6    906.0
     1     1    23     1    19     2     0     2    -9.0   34.571 -100.293    287.0    906.6
     1     1    23     1    19     1     0     1   -10.0   34.827 -100.652    377.2    882.7
     1     1    23     1    19     0     0     0   -11.0   35.127 -100.936    545.4    853.2
     1     1    23     1    18    23     0     1   -12.0   35.376 -101.273    756.1    821.4
     1     1    23     1    18    22     0     2   -13.0   35.561 -101.716    980.7    785.2
     1     1    23     1    18    21     0     3   -14.0   35.738 -102.178   1140.6    752.3
     1     1    23     1    18    20     0     2   -15.0   35.918 -102.576   1187.7    741.6
     1     1    23     1    18    19     0     1   -16.0   36.111 -102.928   1139.4    737.8
     1     1    23     1    18    18     0     0   -17.0   36.344 -103.303   1094.8    735.2
     1     1    23     1    18    17     0     1   -18.0   36.597 -103.725   1190.8    708.2
     1     1    23     1    18    16     0     2   -19.0   36.864 -104.198   1404.4    655.1
     1     1    23     1    18    15     0     3   -20.0   37.216 -104.674   1458.1    610.2
     1     1    23     1    18    14     0     2   -21.0   37.576 -105.152   1531.8    606.8
     1     1    23     1    18    13     0     1   -22.0   37.890 -105.657   1509.7    602.1
     1     1    23     1    18    12     0     0   -23.0   38.137 -106.169   1321.1    611.4
     1     1    23     1    18    11     0     1   -24.0   38.339 -106.610   1188.0    594.9
     1     1    23     1    18    10     0     2   -25.0   38.512 -107.002   1218.3    564.6
     1     1    23     1    18     9     0     3   -26.0   38.649 -107.350   1349.5    567.0
     1     1    23     1    18     8     0     2   -27.0   38.739 -107.618   1411.3    574.1
     1     1    23     1    18     7     0     1   -28.0   38.751 -107.839   1369.7    591.7
     1     1    23     1    18     6     0     0   -29.0   38.656 -108.061   1247.5    612.8
     1     1    23     1    18     5     0     1   -30.0   38.483 -108.288   1115.2    639.0
     1     1    23     1    18     4     0     2   -31.0   38.288 -108.505    931.8    654.9
     1     1    23     1    18     3     0     3   -32.0   38.052 -108.682    503.9    690.8
     1     1    23     1    18     2     0     2   -33.0   37.811 -108.751    306.6    759.5
     1     1    23     1    18     1     0     1   -34.0   37.539 -108.837    307.5    768.7
     1     1    23     1    18     0     0     0   -35.0   37.240 -109.023    358.2    782.2
     1     1    23     1    17    23     0     1   -36.0   36.950 -109.358    399.7    785.5
     1     1    23     1    17    22     0     2   -37.0   36.709 -109.792    476.6    769.0
     1     1    23     1    17    21     0     3   -38.0   36.497 -110.257    578.6    753.2
     1     1    23     1    17    20     0     2   -39.0   36.305 -110.712    646.5    748.3
     1     1    23     1    17    19     0     1   -40.0   36.131 -111.161    725.0    749.9
     1     1    23     1    17    18     0     0   -41.0   35.959 -111.600    860.8    727.6
     1     1    23     1    17    17     0     1   -42.0   35.797 -111.991   1007.3    709.5
     1     1    23     1    17    16     0     2   -43.0   35.681 -112.338   1191.4    695.0
     1     1    23     1    17    15     0     3   -44.0   35.592 -112.661   1407.8    672.5
     1     1    23     1    17    14     0     2   -45.0   35.480 -112.996   1625.7    653.1
     1     1    23     1    17    13     0     1   -46.0   35.338 -113.349   1806.0    652.2
     1     1    23     1    17    12     0     0   -47.0   35.209 -113.691   1820.5    667.6
     1     1    23     1    17    11     0     1   -48.0   35.141 -114.039   1667.8    703.1
     1     1    23     1    17    10     0     2   -49.0   35.106 -114.433   1294.7    744.4
     1     1    23     1    17     9     0     3   -50.0   35.129 -114.989    792.8    824.1
     1     1    23     1    17     8     0     2   -51.0   35.163 -115.564    482.6    890.5
     1     1    23     1    17     7     0     1   -52.0   35.129 -116.063    228.3    906.2
     1     1    23     1    17     6     0     0   -53.0   35.065 -116.452     73.6    928.3
     1     1    23     1    17     5     0     1   -54.0   34.972 -116.803     14.8    917.4
     1     1    23     1    17     4     0     2   -55.0   34.856 -117.090      3.1    909.6
     1     1    23     1    17     3     0     3   -56.0   34.739 -117.319      0.0    914.7
     1     1    23     1    17     2     0     2   -57.0   34.642 -117.522      0.0    924.3
     1     1    23     1    17     1     0     1   -58.0   34.565 -117.725      0.0    936.7
     1     1    23     1    17     0     0     0   -59.0   34.500 -117.939      0.0    951.8
     1     1    23     1    16    23     0     1   -60.0   34.454 -118.175      0.0    961.1
     1     1    23     1    16    22     0     2   -61.0   34.442 -118.441      0.0    965.5
     1     1    23     1    16    21     0     3   -62.0   34.474 -118.737      0.0    967.4
     1     1    23     1    16    20     0     2   -63.0   34.548 -119.040      0.0    965.8
     1     1    23     1    16    19     0     1   -64.0   34.631 -119.313      0.0    958.3
     1     1    23     1    16    18     0     0   -65.0   34.692 -119.551      0.0    951.5
     1     1    23     1    16    17     0     1   -66.0   34.728 -119.762      0.0    945.5
     1     1    23     1    16    16     0     2   -67.0   34.741 -119.965      0.0    941.0
     1     1    23     1    16    15     0     3   -68.0   34.766 -120.202      0.0    950.9
     1     1    23     1    16    14     0     2   -69.0   34.810 -120.505      0.0    968.2
     1     1    23     1    16    13     0     1   -70.0   34.867 -120.925      0.0    996.4
     1     1    23     1    16    12     0     0   -71.0   34.973 -121.480      0.0   1000.6
     1     1    23     1    16    11     0     1   -72.0   35.089 -122.035      0.0    998.9
     1     1    23     1    16    10     0     2   -73.0   35.149 -122.550      0.0    997.7
     1     1    23     1    16     9     0     3   -74.0   35.234 -123.138      0.4    995.9
     1     1    23     1    16     8     0     2   -75.0   35.391 -123.649      0.6    997.2
     1     1    23     1    16     7     0     1   -76.0   35.442 -124.051      0.0    996.4
     1     1    23     1    16     6     0     0   -77.0   35.451 -124.467      0.0    995.1
     1     1    23     1    16     5     0     1   -78.0   35.601 -124.886      1.0    995.9
     1     1    23     1    16     4     0     2   -79.0   35.766 -125.321      2.4    995.8
     1     1    23     1    16     3     0     3   -80.0   35.716 -125.882      2.1    993.5
     1     1    23     1    16     2     0     2   -81.0   35.635 -126.434      0.5    995.4
     1     1    23     1    16     1     0     1   -82.0   35.631 -126.902      0.0    996.1
     1     1    23     1    16     0     0     0   -83.0   35.605 -127.468      0.0    996.9
     1     1    23     1    15    23     0     1   -84.0   35.531 -128.054      0.0    998.0
     1     1    23     1    15    22     0     2   -85.0   35.462 -128.586      0.0    998.4
     1     1    23     1    15    21     0     3   -86.0   35.443 -129.181      0.0    998.8
     1     1    23     1    15    20     0     2   -87.0   35.431 -129.778      0.0   1000.6
     1     1    23     1    15    19     0     1   -88.0   35.394 -130.319      0.0   1001.4
     1     1    23     1    15    18     0     0   -89.0   35.384 -130.916      0.0   1001.9
     1     1    23     1    15    17     0     1   -90.0   35.358 -131.522      0.0   1002.4
     1     1    23     1    15    16     0     2   -91.0   35.230 -132.063      0.0   1002.6
     1     1    23     1    15    15     0     3   -92.0   35.037 -132.701      0.0   1003.2
     1     1    23     1    15    14     0     2   -93.0   34.845 -133.368      0.0   1004.1
     1     1    23     1    15    13     0     1   -94.0   34.621 -133.920      0.0   1005.2
     1     1    23     1    15    12     0     0   -95.0   34.339 -134.401      0.1   1006.4
     1     1    23     1    15    11     0     1   -96.0   34.063 -134.854      0.1   1008.8
     1     1    23     1    15    10     0     2   -97.0   33.817 -135.265      0.2   1010.5
     1     1    23     1    15     9     0     3   -98.0   33.571 -135.609      0.8   1011.6
     1     1    23     1    15     8     0     2   -99.0   33.352 -135.900      1.5   1012.9
     1     1    23     1    15     7     0     1  -100.0   33.183 -136.156      1.8   1014.1
     1     1    23     1    15     6     0     0  -101.0   33.050 -136.369      1.2   1015.4
     1     1    23     1    15     5     0     1  -102.0   32.960 -136.558      0.5   1015.5
     1     1    23     1    15     4     0     2  -103.0   32.929 -136.746      0.6   1015.5
     1     1    23     1    15     3     0     3  -104.0   32.954 -136.934      1.8   1015.6
     1     1    23     1    15     2     0     2  -105.0   33.011 -137.135      3.6   1015.6
     1     1    23     1    15     1     0     1  -106.0   33.077 -137.356      5.1   1015.7
     1     1    23     1    15     0     0     0  -107.0   33.160 -137.593      6.3   1015.7
     1     1    23     1    14    23     0     1  -108.0   33.253 -137.851      7.1   1015.7
     1     1    23     1    14    22     0     2  -109.0   33.345 -138.137      7.2   1015.6
     1     1    23     1    14    21     0     3  -110.0   33.438 -138.453      6.7   1015.6
     1     1    23     1    14    20     0     2  -111.0   33.523 -138.785      5.9   1015.6
     1     1    23     1    14    19     0     1  -112.0   33.589 -139.112      5.4   1015.7
     1     1    23     1    14    18     0     0  -113.0   33.637 -139.440      5.3   1015.7
     1     1    23     1    14    17     0     1  -114.0   33.684 -139.770      5.0   1015.7
     1     1    23     1    14    16     0     2  -115.0   33.736 -140.094      4.8   1015.6
     1     1    23     1    14    15     0     3  -116.0   33.786 -140.410      5.0   1015.6
     1     1    23     1    14    14     0     2  -117.0   33.843 -140.717      5.9   1015.6
     1     1    23     1    14    13     0     1  -118.0   33.916 -141.016      7.0   1015.7
     1     1    23     1    14    12     0     0  -119.0   34.008 -141.310      8.4   1015.7
     1     1    23     1    14    11     0     1  -120.0   34.110 -141.611      9.6   1015.7
