     8     1
    GDAS    22    12    22     0     0
    GDAS    22    12    29     0     0
    GDAS    23     1     1     0     0
    GDAS    23     1     8     0     0
    GDAS    23     1    15     0     0
    GDAS    23     1    22     0     0
    GDAS    23     1    29     0     0
    GDAS    23     2     1     0     0
     1 BACKWARD OMEGA   
    23     1    23    14   32.716  -96.748    20.0
     1 PRESSURE
     1     1    23     1    23    14     0     2     0.0   32.716  -96.748     20.0   1002.5
     1     1    23     1    23    13     0     1    -1.0   32.744  -96.640     17.6   1002.1
     1     1    23     1    23    12     0     0    -2.0   32.790  -96.521     15.6   1001.6
     1     1    23     1    23    11     0     1    -3.0   32.846  -96.402     14.3   1001.8
     1     1    23     1    23    10     0     2    -4.0   32.902  -96.297     14.0   1001.7
     1     1    23     1    23     9     0     3    -5.0   32.955  -96.210     14.0   1001.4
     1     1    23     1    23     8     0     2    -6.0   33.008  -96.136     14.1   1000.9
     1     1    23     1    23     7     0     1    -7.0   33.067  -96.069     14.1   1000.6
     1     1    23     1    23     6     0     0    -8.0   33.132  -96.004     14.1   1000.3
     1     1    23     1    23     5     0     1    -9.0   33.205  -95.949     14.1   1000.0
     1     1    23     1    23     4     0     2   -10.0   33.290  -95.912     14.6    999.7
     1     1    23     1    23     3     0     3   -11.0   33.384  -95.891     15.8    999.3
     1     1    23     1    23     2     0     2   -12.0   33.488  -95.888     17.8    997.8
     1     1    23     1    23     1     0     1   -13.0   33.603  -95.902     20.3    996.3
     1     1    23     1    23     0     0     0   -14.0   33.731  -95.930     24.0    994.7
     1     1    23     1    22    23     0     1   -15.0   33.875  -95.988     29.9    992.8
     1     1    23     1    22    22     0     2   -16.0   34.035  -96.099     38.6    989.6
     1     1    23     1    22    21     0     3   -17.0   34.203  -96.260     49.4    985.0
     1     1    23     1    22    20     0     2   -18.0   34.373  -96.441     60.9    981.1
     1     1    23     1    22    19     0     1   -19.0   34.546  -96.616     73.6    976.7
     1     1    23     1    22    18     0     0   -20.0   34.732  -96.783     89.2    971.5
     1     1    23     1    22    17     0     1   -21.0   34.936  -96.945    109.1    964.4
     1     1    23     1    22    16     0     2   -22.0   35.147  -97.111    133.6    960.5
     1     1    23     1    22    15     0     3   -23.0   35.351  -97.286    160.9    957.1
     1     1    23     1    22    14     0     2   -24.0   35.556  -97.464    183.8    953.2
     1     1    23     1    22    13     0     1   -25.0   35.770  -97.640    199.1    951.0
     1     1    23     1    22    12     0     0   -26.0   36.002  -97.819    213.1    948.8
     1     1    23     1    22    11     0     1   -27.0   36.260  -97.996    231.6    943.8
     1     1    23     1    22    10     0     2   -28.0   36.545  -98.163    256.6    935.6
     1     1    23     1    22     9     0     3   -29.0   36.848  -98.311    286.3    927.7
     1     1    23     1    22     8     0     2   -30.0   37.161  -98.436    316.8    920.7
     1     1    23     1    22     7     0     1   -31.0   37.483  -98.548    347.7    913.7
     1     1    23     1    22     6     0     0   -32.0   37.812  -98.636    380.1    906.8
     1     1    23     1    22     5     0     1   -33.0   38.140  -98.685    402.7    901.9
     1     1    23     1    22     4     0     2   -34.0   38.455  -98.708    408.0    903.2
     1     1    23     1    22     3     0     3   -35.0   38.763  -98.712    400.5    905.9
     1     1    23     1    22     2     0     2   -36.0   39.057  -98.705    387.4    909.0
     1     1    23     1    22     1     0     1   -37.0   39.325  -98.697    380.6    909.6
     1     1    23     1    22     0     0     0   -38.0   39.579  -98.688    393.9    907.8
     1     1    23     1    21    23     0     1   -39.0   39.819  -98.673    428.7    902.6
     1     1    23     1    21    22     0     2   -40.0   40.028  -98.658    465.7    895.9
     1     1    23     1    21    21     0     3   -41.0   40.205  -98.652    486.7    891.1
     1     1    23     1    21    20     0     2   -42.0   40.352  -98.651    489.8    891.4
     1     1    23     1    21    19     0     1   -43.0   40.468  -98.647    483.1    892.3
     1     1    23     1    21    18     0     0   -44.0   40.555  -98.637    469.4    894.3
     1     1    23     1    21    17     0     1   -45.0   40.623  -98.634    454.1    896.3
     1     1    23     1    21    16     0     2   -46.0   40.683  -98.651    440.7    897.5
     1     1    23     1    21    15     0     3   -47.0   40.735  -98.686    428.6    898.3
     1     1    23     1    21    14     0     2   -48.0   40.778  -98.742    424.5    898.6
     1     1    23     1    21    13     0     1   -49.0   40.813  -98.822    434.5    896.0
     1     1    23     1    21    12     0     0   -50.0   40.838  -98.926    457.6    891.6
     1     1    23     1    21    11     0     1   -51.0   40.854  -99.039    478.4    886.0
     1     1    23     1    21    10     0     2   -52.0   40.860  -99.146    480.0    884.7
     1     1    23     1    21     9     0     3   -53.0   40.856  -99.250    462.4    885.7
     1     1    23     1    21     8     0     2   -54.0   40.845  -99.347    439.3    889.1
     1     1    23     1    21     7     0     1   -55.0   40.835  -99.444    422.4    890.1
     1     1    23     1    21     6     0     0   -56.0   40.820  -99.540    410.2    890.4
     1     1    23     1    21     5     0     1   -57.0   40.803  -99.628    398.1    890.2
     1     1    23     1    21     4     0     2   -58.0   40.788  -99.697    384.6    891.0
     1     1    23     1    21     3     0     3   -59.0   40.773  -99.750    372.3    891.9
     1     1    23     1    21     2     0     2   -60.0   40.773  -99.782    365.0    892.3
     1     1    23     1    21     1     0     1   -61.0   40.804  -99.793    364.8    891.6
     1     1    23     1    21     0     0     0   -62.0   40.870  -99.785    371.8    890.4
     1     1    23     1    20    23     0     1   -63.0   40.959  -99.790    386.7    888.2
     1     1    23     1    20    22     0     2   -64.0   41.049  -99.830    406.8    885.2
     1     1    23     1    20    21     0     3   -65.0   41.140  -99.906    428.9    881.6
     1     1    23     1    20    20     0     2   -66.0   41.238 -100.003    450.7    878.1
     1     1    23     1    20    19     0     1   -67.0   41.348 -100.110    469.7    874.4
     1     1    23     1    20    18     0     0   -68.0   41.472 -100.226    482.5    871.0
     1     1    23     1    20    17     0     1   -69.0   41.609 -100.352    488.0    867.7
     1     1    23     1    20    16     0     2   -70.0   41.760 -100.486    488.5    864.5
     1     1    23     1    20    15     0     3   -71.0   41.932 -100.614    488.9    861.3
     1     1    23     1    20    14     0     2   -72.0   42.124 -100.752    495.5    858.3
     1     1    23     1    20    13     0     1   -73.0   42.325 -100.933    513.7    853.8
     1     1    23     1    20    12     0     0   -74.0   42.543 -101.169    543.4    847.4
     1     1    23     1    20    11     0     1   -75.0   42.773 -101.422    572.5    841.4
     1     1    23     1    20    10     0     2   -76.0   42.999 -101.659    596.9    838.1
     1     1    23     1    20     9     0     3   -77.0   43.216 -101.895    621.1    838.0
     1     1    23     1    20     8     0     2   -78.0   43.436 -102.148    635.8    839.3
     1     1    23     1    20     7     0     1   -79.0   43.662 -102.412    627.5    843.1
     1     1    23     1    20     6     0     0   -80.0   43.898 -102.671    595.1    848.1
     1     1    23     1    20     5     0     1   -81.0   44.120 -102.913    558.5    851.4
     1     1    23     1    20     4     0     2   -82.0   44.318 -103.161    545.9    843.1
     1     1    23     1    20     3     0     3   -83.0   44.542 -103.461    586.5    827.7
     1     1    23     1    20     2     0     2   -84.0   44.817 -103.827    675.4    818.6
     1     1    23     1    20     1     0     1   -85.0   45.099 -104.231    758.0    813.7
     1     1    23     1    20     0     0     0   -86.0   45.361 -104.643    792.9    807.5
     1     1    23     1    19    23     0     1   -87.0   45.600 -105.075    790.8    810.2
     1     1    23     1    19    22     0     2   -88.0   45.809 -105.507    752.9    820.6
     1     1    23     1    19    21     0     3   -89.0   45.969 -105.928    670.7    836.1
     1     1    23     1    19    20     0     2   -90.0   46.095 -106.344    592.0    844.2
     1     1    23     1    19    19     0     1   -91.0   46.222 -106.761    557.6    839.8
     1     1    23     1    19    18     0     0   -92.0   46.350 -107.183    553.5    836.6
     1     1    23     1    19    17     0     1   -93.0   46.470 -107.602    563.5    839.9
     1     1    23     1    19    16     0     2   -94.0   46.578 -107.998    577.5    842.8
     1     1    23     1    19    15     0     3   -95.0   46.683 -108.388    585.2    827.3
     1     1    23     1    19    14     0     2   -96.0   46.819 -108.837    593.6    808.3
     1     1    23     1    19    13     0     1   -97.0   46.986 -109.369    590.5    795.9
     1     1    23     1    19    12     0     0   -98.0   47.109 -109.924    538.7    800.3
     1     1    23     1    19    11     0     1   -99.0   47.146 -110.448    513.1    792.4
     1     1    23     1    19    10     0     2  -100.0   47.120 -111.010    574.3    761.2
     1     1    23     1    19     9     0     3  -101.0   47.053 -111.584    728.2    764.3
     1     1    23     1    19     8     0     2  -102.0   46.982 -112.134    904.1    761.0
     1     1    23     1    19     7     0     1  -103.0   46.947 -112.702   1005.9    735.9
     1     1    23     1    19     6     0     0  -104.0   46.943 -113.212   1012.3    735.6
     1     1    23     1    19     5     0     1  -105.0   46.930 -113.628   1001.5    740.1
     1     1    23     1    19     4     0     2  -106.0   46.895 -113.962   1006.6    740.6
     1     1    23     1    19     3     0     3  -107.0   46.837 -114.270   1024.7    734.4
     1     1    23     1    19     2     0     2  -108.0   46.750 -114.592   1049.4    727.2
     1     1    23     1    19     1     0     1  -109.0   46.641 -114.929   1078.3    722.6
     1     1    23     1    19     0     0     0  -110.0   46.519 -115.252   1103.7    731.9
     1     1    23     1    18    23     0     1  -111.0   46.377 -115.522   1125.3    748.5
     1     1    23     1    18    22     0     2  -112.0   46.213 -115.734   1178.4    761.1
     1     1    23     1    18    21     0     3  -113.0   46.040 -115.909   1279.2    767.3
     1     1    23     1    18    20     0     2  -114.0   45.875 -116.109   1385.8    750.8
     1     1    23     1    18    19     0     1  -115.0   45.730 -116.370   1486.0    732.5
     1     1    23     1    18    18     0     0  -116.0   45.605 -116.682   1598.9    720.3
     1     1    23     1    18    17     0     1  -117.0   45.502 -117.022   1716.9    709.6
     1     1    23     1    18    16     0     2  -118.0   45.422 -117.372   1791.4    694.9
     1     1    23     1    18    15     0     3  -119.0   45.364 -117.736   1831.3    688.3
     1     1    23     1    18    14     0     2  -120.0   45.318 -118.110   1859.2    687.7
