     8     1
    GDAS    22    12    22     0     0
    GDAS    22    12    29     0     0
    GDAS    23     1     1     0     0
    GDAS    23     1     8     0     0
    GDAS    23     1    15     0     0
    GDAS    23     1    22     0     0
    GDAS    23     1    29     0     0
    GDAS    23     2     1     0     0
     1 BACKWARD OMEGA   
    23     1    13    14   32.716  -96.748   130.0
     1 PRESSURE
     1     1    23     1    13    14     0     2     0.0   32.716  -96.748    130.0    994.5
     1     1    23     1    13    13     0     1    -1.0   32.921  -96.706    139.6    994.3
     1     1    23     1    13    12     0     0    -2.0   33.141  -96.671    148.3    992.0
     1     1    23     1    13    11     0     1    -3.0   33.374  -96.650    155.6    990.0
     1     1    23     1    13    10     0     2    -4.0   33.618  -96.648    166.5    988.0
     1     1    23     1    13     9     0     3    -5.0   33.879  -96.666    190.3    984.2
     1     1    23     1    13     8     0     2    -6.0   34.169  -96.685    229.0    976.0
     1     1    23     1    13     7     0     1    -7.0   34.496  -96.683    266.5    966.5
     1     1    23     1    13     6     0     0    -8.0   34.864  -96.644    291.4    958.8
     1     1    23     1    13     5     0     1    -9.0   35.247  -96.599    304.5    957.4
     1     1    23     1    13     4     0     2   -10.0   35.612  -96.587    303.3    958.9
     1     1    23     1    13     3     0     3   -11.0   35.948  -96.594    282.3    962.5
     1     1    23     1    13     2     0     2   -12.0   36.263  -96.627    262.1    965.6
     1     1    23     1    13     1     0     1   -13.0   36.581  -96.707    259.3    962.2
     1     1    23     1    13     0     0     0   -14.0   36.902  -96.835    254.9    957.9
     1     1    23     1    12    23     0     1   -15.0   37.226  -96.989    253.6    956.2
     1     1    23     1    12    22     0     2   -16.0   37.567  -97.147    278.7    949.6
     1     1    23     1    12    21     0     3   -17.0   37.923  -97.301    322.8    938.4
     1     1    23     1    12    20     0     2   -18.0   38.282  -97.437    358.4    932.1
     1     1    23     1    12    19     0     1   -19.0   38.634  -97.549    371.2    931.0
     1     1    23     1    12    18     0     0   -20.0   38.985  -97.649    367.3    931.9
     1     1    23     1    12    17     0     1   -21.0   39.347  -97.752    365.7    931.1
     1     1    23     1    12    16     0     2   -22.0   39.732  -97.867    377.6    927.1
     1     1    23     1    12    15     0     3   -23.0   40.141  -97.991    389.2    922.0
     1     1    23     1    12    14     0     2   -24.0   40.580  -98.124    405.5    916.0
     1     1    23     1    12    13     0     1   -25.0   41.075  -98.272    432.5    905.6
     1     1    23     1    12    12     0     0   -26.0   41.597  -98.453    457.1    895.4
     1     1    23     1    12    11     0     1   -27.0   42.109  -98.669    475.1    888.7
     1     1    23     1    12    10     0     2   -28.0   42.582  -98.912    485.4    890.3
     1     1    23     1    12     9     0     3   -29.0   43.004  -99.176    490.3    892.8
     1     1    23     1    12     8     0     2   -30.0   43.386  -99.427    486.5    893.2
     1     1    23     1    12     7     0     1   -31.0   43.746  -99.646    476.4    899.5
     1     1    23     1    12     6     0     0   -32.0   44.098  -99.858    491.1    903.4
     1     1    23     1    12     5     0     1   -33.0   44.455 -100.058    533.5    892.6
     1     1    23     1    12     4     0     2   -34.0   44.823 -100.236    591.6    881.5
     1     1    23     1    12     3     0     3   -35.0   45.207 -100.413    669.3    870.5
     1     1    23     1    12     2     0     2   -36.0   45.601 -100.620    756.7    857.3
     1     1    23     1    12     1     0     1   -37.0   45.993 -100.866    834.2    846.2
     1     1    23     1    12     0     0     0   -38.0   46.369 -101.147    901.0    839.5
     1     1    23     1    11    23     0     1   -39.0   46.719 -101.458    959.6    832.8
     1     1    23     1    11    22     0     2   -40.0   47.041 -101.792   1014.8    826.7
     1     1    23     1    11    21     0     3   -41.0   47.341 -102.140   1068.1    817.5
     1     1    23     1    11    20     0     2   -42.0   47.631 -102.464   1113.4    811.3
     1     1    23     1    11    19     0     1   -43.0   47.923 -102.747   1147.9    808.5
     1     1    23     1    11    18     0     0   -44.0   48.222 -103.001   1160.1    808.0
     1     1    23     1    11    17     0     1   -45.0   48.530 -103.233   1157.1    811.3
     1     1    23     1    11    16     0     2   -46.0   48.840 -103.455   1161.2    811.0
     1     1    23     1    11    15     0     3   -47.0   49.152 -103.685   1186.0    807.3
     1     1    23     1    11    14     0     2   -48.0   49.462 -103.932   1214.2    802.0
     1     1    23     1    11    13     0     1   -49.0   49.755 -104.175   1227.7    802.7
     1     1    23     1    11    12     0     0   -50.0   50.026 -104.417   1238.6    803.6
     1     1    23     1    11    11     0     1   -51.0   50.285 -104.667   1243.2    803.1
     1     1    23     1    11    10     0     2   -52.0   50.528 -104.898   1237.1    805.7
     1     1    23     1    11     9     0     3   -53.0   50.741 -105.087   1228.6    808.0
     1     1    23     1    11     8     0     2   -54.0   50.928 -105.251   1226.2    808.6
     1     1    23     1    11     7     0     1   -55.0   51.104 -105.419   1233.0    807.0
     1     1    23     1    11     6     0     0   -56.0   51.275 -105.587   1243.1    805.1
     1     1    23     1    11     5     0     1   -57.0   51.451 -105.739   1263.6    804.0
     1     1    23     1    11     4     0     2   -58.0   51.645 -105.868   1303.8    800.3
     1     1    23     1    11     3     0     3   -59.0   51.860 -105.980   1361.8    795.0
     1     1    23     1    11     2     0     2   -60.0   52.088 -106.119   1405.5    789.0
     1     1    23     1    11     1     0     1   -61.0   52.309 -106.317   1418.6    789.2
     1     1    23     1    11     0     0     0   -62.0   52.514 -106.549   1425.0    788.7
     1     1    23     1    10    23     0     1   -63.0   52.691 -106.775   1439.8    785.1
     1     1    23     1    10    22     0     2   -64.0   52.843 -106.977   1458.4    779.5
     1     1    23     1    10    21     0     3   -65.0   52.978 -107.173   1467.7    776.4
     1     1    23     1    10    20     0     2   -66.0   53.110 -107.368   1475.1    777.6
     1     1    23     1    10    19     0     1   -67.0   53.248 -107.547   1494.4    776.6
     1     1    23     1    10    18     0     0   -68.0   53.388 -107.702   1527.5    774.1
     1     1    23     1    10    17     0     1   -69.0   53.528 -107.849   1565.4    770.0
     1     1    23     1    10    16     0     2   -70.0   53.666 -108.006   1595.6    767.5
     1     1    23     1    10    15     0     3   -71.0   53.802 -108.173   1615.3    766.4
     1     1    23     1    10    14     0     2   -72.0   53.924 -108.352   1615.2    766.2
     1     1    23     1    10    13     0     1   -73.0   54.026 -108.550   1591.0    769.1
     1     1    23     1    10    12     0     0   -74.0   54.111 -108.768   1545.7    772.7
     1     1    23     1    10    11     0     1   -75.0   54.185 -108.997   1501.8    777.8
     1     1    23     1    10    10     0     2   -76.0   54.246 -109.228   1486.9    776.8
     1     1    23     1    10     9     0     3   -77.0   54.291 -109.462   1507.6    772.1
     1     1    23     1    10     8     0     2   -78.0   54.322 -109.694   1536.0    764.2
     1     1    23     1    10     7     0     1   -79.0   54.342 -109.917   1542.1    761.1
     1     1    23     1    10     6     0     0   -80.0   54.351 -110.129   1519.3    762.3
     1     1    23     1    10     5     0     1   -81.0   54.360 -110.325   1489.7    767.9
     1     1    23     1    10     4     0     2   -82.0   54.378 -110.505   1474.1    769.0
     1     1    23     1    10     3     0     3   -83.0   54.409 -110.670   1464.5    769.6
     1     1    23     1    10     2     0     2   -84.0   54.460 -110.833   1462.5    770.3
     1     1    23     1    10     1     0     1   -85.0   54.536 -111.004   1477.0    769.2
     1     1    23     1    10     0     0     0   -86.0   54.633 -111.180   1511.8    766.3
     1     1    23     1     9    23     0     1   -87.0   54.735 -111.357   1540.7    761.8
     1     1    23     1     9    22     0     2   -88.0   54.834 -111.534   1540.7    763.3
     1     1    23     1     9    21     0     3   -89.0   54.936 -111.713   1516.8    767.2
     1     1    23     1     9    20     0     2   -90.0   55.058 -111.891   1502.4    773.1
     1     1    23     1     9    19     0     1   -91.0   55.204 -112.059   1524.3    770.6
     1     1    23     1     9    18     0     0   -92.0   55.360 -112.212   1570.6    764.4
     1     1    23     1     9    17     0     1   -93.0   55.512 -112.356   1625.7    758.0
     1     1    23     1     9    16     0     2   -94.0   55.657 -112.498   1680.1    752.6
     1     1    23     1     9    15     0     3   -95.0   55.806 -112.629   1720.2    747.9
     1     1    23     1     9    14     0     2   -96.0   55.968 -112.744   1741.6    746.8
     1     1    23     1     9    13     0     1   -97.0   56.138 -112.854   1767.1    747.7
     1     1    23     1     9    12     0     0   -98.0   56.310 -112.968   1814.1    745.4
     1     1    23     1     9    11     0     1   -99.0   56.465 -113.066   1871.8    739.1
     1     1    23     1     9    10     0     2  -100.0   56.596 -113.124   1924.2    734.4
     1     1    23     1     9     9     0     3  -101.0   56.714 -113.142   1965.9    730.7
     1     1    23     1     9     8     0     2  -102.0   56.817 -113.118   1997.1    728.9
     1     1    23     1     9     7     0     1  -103.0   56.900 -113.057   2028.2    727.3
     1     1    23     1     9     6     0     0  -104.0   56.961 -112.962   2068.7    725.1
     1     1    23     1     9     5     0     1  -105.0   56.998 -112.851   2111.2    722.5
     1     1    23     1     9     4     0     2  -106.0   57.023 -112.735   2163.7    720.1
     1     1    23     1     9     3     0     3  -107.0   57.047 -112.611   2246.2    714.9
     1     1    23     1     9     2     0     2  -108.0   57.049 -112.487   2354.6    705.7
     1     1    23     1     9     1     0     1  -109.0   57.009 -112.366   2490.2    695.9
     1     1    23     1     9     0     0     0  -110.0   56.923 -112.242   2657.2    681.6
     1     1    23     1     8    23     0     1  -111.0   56.802 -112.135   2773.4    663.6
     1     1    23     1     8    22     0     2  -112.0   56.683 -112.030   2807.3    661.4
     1     1    23     1     8    21     0     3  -113.0   56.575 -111.902   2790.1    661.8
     1     1    23     1     8    20     0     2  -114.0   56.466 -111.763   2753.8    665.1
     1     1    23     1     8    19     0     1  -115.0   56.345 -111.625   2719.5    666.1
     1     1    23     1     8    18     0     0  -116.0   56.211 -111.485   2683.1    667.5
     1     1    23     1     8    17     0     1  -117.0   56.056 -111.368   2641.8    669.5
     1     1    23     1     8    16     0     2  -118.0   55.867 -111.305   2603.0    672.7
     1     1    23     1     8    15     0     3  -119.0   55.649 -111.295   2554.6    675.6
     1     1    23     1     8    14     0     2  -120.0   55.416 -111.297   2493.6    681.9
