     8     1
    GDAS    22    12    22     0     0
    GDAS    22    12    29     0     0
    GDAS    23     1     1     0     0
    GDAS    23     1     8     0     0
    GDAS    23     1    15     0     0
    GDAS    23     1    22     0     0
    GDAS    23     1    29     0     0
    GDAS    23     2     1     0     0
     1 BACKWARD OMEGA   
    23     1     5    11   32.716  -96.748     5.0
     1 PRESSURE
     1     1    23     1     5    11     0     1     0.0   32.716  -96.748      5.0   1003.0
     1     1    23     1     5    10     0     2    -1.0   32.812  -96.795      6.4   1003.0
     1     1    23     1     5     9     0     3    -2.0   32.905  -96.852      8.9   1003.0
     1     1    23     1     5     8     0     2    -3.0   32.993  -96.909     12.0   1002.1
     1     1    23     1     5     7     0     1    -4.0   33.068  -96.952     14.7   1000.2
     1     1    23     1     5     6     0     0    -5.0   33.132  -96.983     16.0    998.6
     1     1    23     1     5     5     0     1    -6.0   33.192  -97.004     16.4    997.8
     1     1    23     1     5     4     0     2    -7.0   33.261  -97.014     17.0    996.9
     1     1    23     1     5     3     0     3    -8.0   33.335  -97.016     18.3    996.0
     1     1    23     1     5     2     0     2    -9.0   33.409  -97.024     20.5    993.7
     1     1    23     1     5     1     0     1   -10.0   33.473  -97.052     23.6    991.3
     1     1    23     1     5     0     0     0   -11.0   33.528  -97.099     27.6    988.7
     1     1    23     1     4    23     0     1   -12.0   33.571  -97.165     32.1    987.2
     1     1    23     1     4    22     0     2   -13.0   33.602  -97.251     37.4    985.6
     1     1    23     1     4    21     0     3   -14.0   33.619  -97.355     43.7    983.7
     1     1    23     1     4    20     0     2   -15.0   33.634  -97.460     51.2    982.0
     1     1    23     1     4    19     0     1   -16.0   33.661  -97.549     58.9    980.3
     1     1    23     1     4    18     0     0   -17.0   33.698  -97.621     66.2    978.8
     1     1    23     1     4    17     0     1   -18.0   33.751  -97.672     73.2    977.4
     1     1    23     1     4    16     0     2   -19.0   33.827  -97.700     79.7    976.3
     1     1    23     1     4    15     0     3   -20.0   33.925  -97.705     85.0    975.7
     1     1    23     1     4    14     0     2   -21.0   34.040  -97.703     88.9    974.2
     1     1    23     1     4    13     0     1   -22.0   34.168  -97.710     91.4    971.6
     1     1    23     1     4    12     0     0   -23.0   34.312  -97.727     92.2    969.0
     1     1    23     1     4    11     0     1   -24.0   34.456  -97.755     91.5    967.1
     1     1    23     1     4    10     0     2   -25.0   34.585  -97.789     90.5    965.5
     1     1    23     1     4     9     0     3   -26.0   34.700  -97.832     90.1    963.9
     1     1    23     1     4     8     0     2   -27.0   34.818  -97.886     90.6    962.5
     1     1    23     1     4     7     0     1   -28.0   34.948  -97.954     91.2    960.9
     1     1    23     1     4     6     0     0   -29.0   35.085  -98.035     92.4    959.8
     1     1    23     1     4     5     0     1   -30.0   35.230  -98.117     95.1    957.4
     1     1    23     1     4     4     0     2   -31.0   35.390  -98.194    100.1    955.0
     1     1    23     1     4     3     0     3   -32.0   35.571  -98.274    110.3    951.8
     1     1    23     1     4     2     0     2   -33.0   35.757  -98.387    128.6    946.4
     1     1    23     1     4     1     0     1   -34.0   35.932  -98.549    152.9    937.4
     1     1    23     1     4     0     0     0   -35.0   36.087  -98.745    181.4    927.5
     1     1    23     1     3    23     0     1   -36.0   36.236  -98.959    219.4    918.1
     1     1    23     1     3    22     0     2   -37.0   36.397  -99.190    271.4    909.3
     1     1    23     1     3    21     0     3   -38.0   36.571  -99.437    334.2    898.8
     1     1    23     1     3    20     0     2   -39.0   36.773  -99.703    402.1    888.9
     1     1    23     1     3    19     0     1   -40.0   37.034  -99.996    468.4    878.0
     1     1    23     1     3    18     0     0   -41.0   37.357 -100.307    532.0    861.0
     1     1    23     1     3    17     0     1   -42.0   37.734 -100.632    627.3    844.3
     1     1    23     1     3    16     0     2   -43.0   38.176 -100.962    828.2    819.6
     1     1    23     1     3    15     0     3   -44.0   38.704 -101.264   1054.2    777.5
     1     1    23     1     3    14     0     2   -45.0   39.276 -101.533   1145.2    760.4
     1     1    23     1     3    13     0     1   -46.0   39.849 -101.721   1113.5    764.7
     1     1    23     1     3    12     0     0   -47.0   40.415 -101.767   1012.3    777.9
     1     1    23     1     3    11     0     1   -48.0   40.951 -101.636    915.6    789.5
     1     1    23     1     3    10     0     2   -49.0   41.434 -101.354    820.5    801.2
     1     1    23     1     3     9     0     3   -50.0   41.891 -100.981    707.6    815.4
     1     1    23     1     3     8     0     2   -51.0   42.323 -100.548    610.2    840.0
     1     1    23     1     3     7     0     1   -52.0   42.696 -100.044    522.4    859.2
     1     1    23     1     3     6     0     0   -53.0   43.001  -99.542    431.1    882.5
     1     1    23     1     3     5     0     1   -54.0   43.238  -99.084    366.9    900.7
     1     1    23     1     3     4     0     2   -55.0   43.423  -98.661    322.4    911.0
     1     1    23     1     3     3     0     3   -56.0   43.568  -98.264    275.1    924.1
     1     1    23     1     3     2     0     2   -57.0   43.695  -97.898    237.2    934.5
     1     1    23     1     3     1     0     1   -58.0   43.820  -97.551    222.6    934.0
     1     1    23     1     3     0     0     0   -59.0   43.949  -97.223    244.7    928.5
     1     1    23     1     2    23     0     1   -60.0   44.096  -96.929    323.3    916.1
     1     1    23     1     2    22     0     2   -61.0   44.262  -96.725    450.8    899.8
     1     1    23     1     2    21     0     3   -62.0   44.407  -96.629    562.4    886.2
     1     1    23     1     2    20     0     2   -63.0   44.520  -96.611    645.0    879.2
     1     1    23     1     2    19     0     1   -64.0   44.615  -96.651    715.2    872.5
     1     1    23     1     2    18     0     0   -65.0   44.698  -96.734    792.0    864.2
     1     1    23     1     2    17     0     1   -66.0   44.770  -96.857    888.5    852.0
     1     1    23     1     2    16     0     2   -67.0   44.831  -97.017   1005.4    836.2
     1     1    23     1     2    15     0     3   -68.0   44.886  -97.209   1132.7    825.8
     1     1    23     1     2    14     0     2   -69.0   44.936  -97.418   1237.2    816.2
     1     1    23     1     2    13     0     1   -70.0   44.974  -97.633   1293.4    814.0
     1     1    23     1     2    12     0     0   -71.0   45.002  -97.849   1292.3    817.7
     1     1    23     1     2    11     0     1   -72.0   45.024  -98.069   1272.8    826.9
     1     1    23     1     2    10     0     2   -73.0   45.045  -98.307   1279.8    824.8
     1     1    23     1     2     9     0     3   -74.0   45.057  -98.568   1321.1    818.6
     1     1    23     1     2     8     0     2   -75.0   45.064  -98.850   1372.3    808.5
     1     1    23     1     2     7     0     1   -76.0   45.073  -99.145   1398.9    802.2
     1     1    23     1     2     6     0     0   -77.0   45.089  -99.444   1392.5    798.9
     1     1    23     1     2     5     0     1   -78.0   45.110  -99.746   1377.6    799.4
     1     1    23     1     2     4     0     2   -79.0   45.129 -100.053   1383.4    796.0
     1     1    23     1     2     3     0     3   -80.0   45.141 -100.368   1415.7    791.2
     1     1    23     1     2     2     0     2   -81.0   45.151 -100.693   1454.5    782.8
     1     1    23     1     2     1     0     1   -82.0   45.160 -101.016   1475.6    777.8
     1     1    23     1     2     0     0     0   -83.0   45.173 -101.329   1476.0    775.4
     1     1    23     1     1    23     0     1   -84.0   45.193 -101.640   1471.3    775.3
     1     1    23     1     1    22     0     2   -85.0   45.220 -101.941   1481.1    772.3
     1     1    23     1     1    21     0     3   -86.0   45.260 -102.232   1504.5    766.2
     1     1    23     1     1    20     0     2   -87.0   45.311 -102.523   1536.4    759.0
     1     1    23     1     1    19     0     1   -88.0   45.374 -102.820   1582.4    751.9
     1     1    23     1     1    18     0     0   -89.0   45.458 -103.131   1657.4    741.6
     1     1    23     1     1    17     0     1   -90.0   45.563 -103.472   1729.2    728.1
     1     1    23     1     1    16     0     2   -91.0   45.694 -103.842   1787.1    722.1
     1     1    23     1     1    15     0     3   -92.0   45.849 -104.243   1870.5    713.7
     1     1    23     1     1    14     0     2   -93.0   46.022 -104.697   1962.5    703.7
     1     1    23     1     1    13     0     1   -94.0   46.205 -105.194   2021.2    700.2
     1     1    23     1     1    12     0     0   -95.0   46.383 -105.714   2053.1    700.4
     1     1    23     1     1    11     0     1   -96.0   46.549 -106.231   2102.6    696.0
     1     1    23     1     1    10     0     2   -97.0   46.706 -106.718   2182.3    680.4
     1     1    23     1     1     9     0     3   -98.0   46.856 -107.171   2250.9    670.7
     1     1    23     1     1     8     0     2   -99.0   47.015 -107.612   2290.6    673.2
     1     1    23     1     1     7     0     1  -100.0   47.193 -108.080   2322.3    675.4
     1     1    23     1     1     6     0     0  -101.0   47.372 -108.613   2301.8    657.0
     1     1    23     1     1     5     0     1  -102.0   47.543 -109.193   2211.2    658.4
     1     1    23     1     1     4     0     2  -103.0   47.689 -109.745   2152.7    676.5
     1     1    23     1     1     3     0     3  -104.0   47.799 -110.244   2167.6    674.5
     1     1    23     1     1     2     0     2  -105.0   47.890 -110.712   2200.7    667.3
     1     1    23     1     1     1     0     1  -106.0   47.984 -111.155   2128.2    669.2
     1     1    23     1     1     0     0     0  -107.0   48.120 -111.582   1654.1    689.6
     1     1    22    12    31    23     0     1  -108.0   48.310 -112.207    983.9    774.9
     1     1    22    12    31    22     0     2  -109.0   48.418 -112.936    871.8    763.4
     1     1    22    12    31    21     0     3  -110.0   48.470 -113.643   1204.4    705.0
     1     1    22    12    31    20     0     2  -111.0   48.496 -114.293   1301.8    698.5
     1     1    22    12    31    19     0     1  -112.0   48.483 -114.915   1253.8    722.2
     1     1    22    12    31    18     0     0  -113.0   48.414 -115.518   1139.9    742.8
     1     1    22    12    31    17     0     1  -114.0   48.307 -116.071   1036.8    758.5
     1     1    22    12    31    16     0     2  -115.0   48.187 -116.525    964.5    780.8
     1     1    22    12    31    15     0     3  -116.0   48.036 -116.900    883.8    801.8
     1     1    22    12    31    14     0     2  -117.0   47.874 -117.248    779.5    824.7
     1     1    22    12    31    13     0     1  -118.0   47.728 -117.610    672.7    839.2
     1     1    22    12    31    12     0     0  -119.0   47.562 -117.944    533.3    861.8
     1     1    22    12    31    11     0     1  -120.0   47.374 -118.221    384.0    891.1
