     8     1
    GDAS    22    12    22     0     0
    GDAS    22    12    29     0     0
    GDAS    23     1     1     0     0
    GDAS    23     1     8     0     0
    GDAS    23     1    15     0     0
    GDAS    23     1    22     0     0
    GDAS    23     1    29     0     0
    GDAS    23     2     1     0     0
     1 BACKWARD OMEGA   
    23     1     1    12   32.716  -96.748  1000.0
     1 PRESSURE
     1     1    23     1     1    12     0     0     0.0   32.716  -96.748   1000.0    881.8
     1     1    23     1     1    11     0     1    -1.0   32.471  -97.241    980.4    879.8
     1     1    23     1     1    10     0     2    -2.0   32.243  -97.767   1015.3    867.6
     1     1    23     1     1     9     0     3    -3.0   32.030  -98.330   1090.7    850.5
     1     1    23     1     1     8     0     2    -4.0   31.821  -98.899   1183.7    832.5
     1     1    23     1     1     7     0     1    -5.0   31.611  -99.453   1275.0    814.1
     1     1    23     1     1     6     0     0    -6.0   31.392 -100.011   1462.5    798.6
     1     1    23     1     1     5     0     1    -7.0   31.187 -100.567   1693.8    752.8
     1     1    23     1     1     4     0     2    -8.0   31.007 -101.105   1781.6    740.9
     1     1    23     1     1     3     0     3    -9.0   30.857 -101.599   1788.6    745.1
     1     1    23     1     1     2     0     2   -10.0   30.749 -102.051   1748.4    751.2
     1     1    23     1     1     1     0     1   -11.0   30.663 -102.492   1687.2    750.4
     1     1    23     1     1     0     0     0   -12.0   30.587 -102.916   1630.9    745.9
     1     1    22    12    31    23     0     1   -13.0   30.532 -103.351   1632.4    735.7
     1     1    22    12    31    22     0     2   -14.0   30.522 -103.832   1716.4    711.1
     1     1    22    12    31    21     0     3   -15.0   30.543 -104.347   1803.7    692.1
     1     1    22    12    31    20     0     2   -16.0   30.566 -104.893   1830.7    687.2
     1     1    22    12    31    19     0     1   -17.0   30.590 -105.445   1840.9    688.1
     1     1    22    12    31    18     0     0   -18.0   30.624 -106.002   1860.0    679.2
     1     1    22    12    31    17     0     1   -19.0   30.665 -106.532   1865.4    685.9
     1     1    22    12    31    16     0     2   -20.0   30.708 -107.008   1851.8    693.3
     1     1    22    12    31    15     0     3   -21.0   30.740 -107.480   1794.6    689.7
     1     1    22    12    31    14     0     2   -22.0   30.769 -107.947   1737.4    689.6
     1     1    22    12    31    13     0     1   -23.0   30.815 -108.392   1761.2    686.1
     1     1    22    12    31    12     0     0   -24.0   30.864 -108.857   1903.1    664.3
     1     1    22    12    31    11     0     1   -25.0   30.945 -109.329   2104.7    642.0
     1     1    22    12    31    10     0     2   -26.0   31.086 -109.782   2270.7    629.8
     1     1    22    12    31     9     0     3   -27.0   31.226 -110.231   2353.1    634.9
     1     1    22    12    31     8     0     2   -28.0   31.335 -110.650   2381.9    651.6
     1     1    22    12    31     7     0     1   -29.0   31.434 -111.004   2376.3    667.2
     1     1    22    12    31     6     0     0   -30.0   31.517 -111.306   2348.3    684.2
     1     1    22    12    31     5     0     1   -31.0   31.600 -111.579   2322.1    698.2
     1     1    22    12    31     4     0     2   -32.0   31.684 -111.828   2309.7    708.0
     1     1    22    12    31     3     0     3   -33.0   31.767 -112.048   2313.7    714.2
     1     1    22    12    31     2     0     2   -34.0   31.856 -112.251   2327.6    716.6
     1     1    22    12    31     1     0     1   -35.0   31.962 -112.459   2340.1    718.6
     1     1    22    12    31     0     0     0   -36.0   32.076 -112.670   2351.7    722.6
     1     1    22    12    30    23     0     1   -37.0   32.192 -112.883   2364.8    728.5
     1     1    22    12    30    22     0     2   -38.0   32.322 -113.095   2385.0    732.8
     1     1    22    12    30    21     0     3   -39.0   32.468 -113.308   2415.8    733.6
     1     1    22    12    30    20     0     2   -40.0   32.620 -113.532   2449.1    731.2
     1     1    22    12    30    19     0     1   -41.0   32.778 -113.773   2468.1    728.1
     1     1    22    12    30    18     0     0   -42.0   32.960 -114.040   2461.0    724.9
     1     1    22    12    30    17     0     1   -43.0   33.140 -114.310   2468.0    728.7
     1     1    22    12    30    16     0     2   -44.0   33.294 -114.578   2498.8    725.6
     1     1    22    12    30    15     0     3   -45.0   33.437 -114.868   2537.5    722.7
     1     1    22    12    30    14     0     2   -46.0   33.594 -115.208   2574.5    711.5
     1     1    22    12    30    13     0     1   -47.0   33.795 -115.610   2585.8    685.8
     1     1    22    12    30    12     0     0   -48.0   34.043 -116.054   2565.5    654.5
     1     1    22    12    30    11     0     1   -49.0   34.325 -116.483   2616.9    662.0
     1     1    22    12    30    10     0     2   -50.0   34.653 -116.910   2668.4    657.8
     1     1    22    12    30     9     0     3   -51.0   35.031 -117.412   2681.6    663.8
     1     1    22    12    30     8     0     2   -52.0   35.467 -117.984   2685.5    634.8
     1     1    22    12    30     7     0     1   -53.0   35.878 -118.572   2857.5    650.8
     1     1    22    12    30     6     0     0   -54.0   36.189 -119.194   3019.8    657.4
     1     1    22    12    30     5     0     1   -55.0   36.394 -119.799   3008.8    670.4
     1     1    22    12    30     4     0     2   -56.0   36.538 -120.336   2896.1    699.0
     1     1    22    12    30     3     0     3   -57.0   36.649 -120.882   2817.0    703.2
     1     1    22    12    30     2     0     2   -58.0   36.758 -121.473   2709.9    705.4
     1     1    22    12    30     1     0     1   -59.0   36.845 -122.015   2456.4    735.8
     1     1    22    12    30     0     0     0   -60.0   36.900 -122.481   2224.8    775.1
     1     1    22    12    29    23     0     1   -61.0   36.935 -122.922   2144.8    786.5
     1     1    22    12    29    22     0     2   -62.0   36.989 -123.383   2149.6    783.1
     1     1    22    12    29    21     0     3   -63.0   37.079 -123.850   2117.1    778.6
     1     1    22    12    29    20     0     2   -64.0   37.188 -124.303   2061.1    792.5
     1     1    22    12    29    19     0     1   -65.0   37.322 -124.771   2026.5    791.6
     1     1    22    12    29    18     0     0   -66.0   37.484 -125.232   1945.8    797.6
     1     1    22    12    29    17     0     1   -67.0   37.669 -125.674   1863.0    811.8
     1     1    22    12    29    16     0     2   -68.0   37.881 -126.139   1850.1    812.6
     1     1    22    12    29    15     0     3   -69.0   38.142 -126.671   1903.4    806.2
     1     1    22    12    29    14     0     2   -70.0   38.423 -127.294   2001.9    794.5
     1     1    22    12    29    13     0     1   -71.0   38.683 -127.953   2163.9    781.7
     1     1    22    12    29    12     0     0   -72.0   38.905 -128.660   2393.4    756.7
     1     1    22    12    29    11     0     1   -73.0   39.071 -129.480   2477.1    745.1
     1     1    22    12    29    10     0     2   -74.0   39.264 -130.383   2437.2    751.4
     1     1    22    12    29     9     0     3   -75.0   39.430 -131.299   2428.9    752.2
     1     1    22    12    29     8     0     2   -76.0   39.556 -132.220   2429.2    749.3
     1     1    22    12    29     7     0     1   -77.0   39.680 -133.105   2232.4    767.6
     1     1    22    12    29     6     0     0   -78.0   39.843 -133.924   2045.7    790.7
     1     1    22    12    29     5     0     1   -79.0   40.015 -134.700   2030.5    789.5
     1     1    22    12    29     4     0     2   -80.0   40.149 -135.515   2120.2    778.2
     1     1    22    12    29     3     0     3   -81.0   40.275 -136.401   2095.6    778.3
     1     1    22    12    29     2     0     2   -82.0   40.406 -137.371   1992.5    792.7
     1     1    22    12    29     1     0     1   -83.0   40.500 -138.366   2011.2    788.8
     1     1    22    12    29     0     0     0   -84.0   40.559 -139.378   2030.1    784.8
     1     1    22    12    28    23     0     1   -85.0   40.582 -140.440   2019.0    791.1
     1     1    22    12    28    22     0     2   -86.0   40.584 -141.544   2136.7    773.4
     1     1    22    12    28    21     0     3   -87.0   40.568 -142.615   2145.4    775.1
     1     1    22    12    28    20     0     2   -88.0   40.517 -143.692   2044.8    785.4
     1     1    22    12    28    19     0     1   -89.0   40.424 -144.790   1899.1    798.8
     1     1    22    12    28    18     0     0   -90.0   40.350 -145.877   1813.1    812.8
     1     1    22    12    28    17     0     1   -91.0   40.250 -146.953   1776.0    809.2
     1     1    22    12    28    16     0     2   -92.0   40.141 -148.008   1718.8    820.8
     1     1    22    12    28    15     0     3   -93.0   40.025 -149.111   1996.2    793.5
     1     1    22    12    28    14     0     2   -94.0   39.853 -150.273   2119.4    774.5
     1     1    22    12    28    13     0     1   -95.0   39.631 -151.378   2059.1    786.7
     1     1    22    12    28    12     0     0   -96.0   39.421 -152.497   2124.3    773.0
     1     1    22    12    28    11     0     1   -97.0   39.186 -153.627   2068.2    786.1
     1     1    22    12    28    10     0     2   -98.0   38.904 -154.727   2192.6    767.8
     1     1    22    12    28     9     0     3   -99.0   38.621 -155.864   2187.9    775.2
     1     1    22    12    28     8     0     2  -100.0   38.337 -157.008   2268.7    761.0
     1     1    22    12    28     7     0     1  -101.0   38.048 -158.130   2280.3    764.1
     1     1    22    12    28     6     0     0  -102.0   37.759 -159.284   2347.6    755.7
     1     1    22    12    28     5     0     1  -103.0   37.431 -160.451   2406.3    754.0
     1     1    22    12    28     4     0     2  -104.0   37.100 -161.654   2661.5    723.9
     1     1    22    12    28     3     0     3  -105.0   36.759 -162.958   2849.8    713.8
     1     1    22    12    28     2     0     2  -106.0   36.355 -164.357   3133.7    681.2
     1     1    22    12    28     1     0     1  -107.0   35.921 -165.727   3140.7    685.8
     1     1    22    12    28     0     0     0  -108.0   35.446 -167.104   3125.4    683.4
     1     1    22    12    27    23     0     1  -109.0   34.957 -168.477   3052.9    692.9
     1     1    22    12    27    22     0     2  -110.0   34.450 -169.829   2979.9    698.3
     1     1    22    12    27    21     0     3  -111.0   33.917 -171.166   2941.7    704.1
     1     1    22    12    27    20     0     2  -112.0   33.381 -172.488   2935.3    702.8
     1     1    22    12    27    19     0     1  -113.0   32.866 -173.775   2888.1    709.2
     1     1    22    12    27    18     0     0  -114.0   32.357 -175.044   2863.2    707.5
     1     1    22    12    27    17     0     1  -115.0   31.860 -176.305   2836.1    712.5
     1     1    22    12    27    16     0     2  -116.0   31.373 -177.529   2818.2    713.8
     1     1    22    12    27    15     0     3  -117.0   30.895 -178.733   2785.3    716.5
     1     1    22    12    27    14     0     2  -118.0   30.432 -179.911   2739.1    722.1
     1     1    22    12    27    13     0     1  -119.0   30.007  178.963   2692.6    725.9
     1     1    22    12    27    12     0     0  -120.0   29.602  177.860   2664.2    729.7
