     8     1
    GDAS    22    12    22     0     0
    GDAS    22    12    29     0     0
    GDAS    23     1     1     0     0
    GDAS    23     1     8     0     0
    GDAS    23     1    15     0     0
    GDAS    23     1    22     0     0
    GDAS    23     1    29     0     0
    GDAS    23     2     1     0     0
     1 BACKWARD OMEGA   
    23     1     1    14   32.716  -96.748    15.0
     1 PRESSURE
     1     1    23     1     1    14     0     2     0.0   32.716  -96.748     15.0    989.9
     1     1    23     1     1    13     0     1    -1.0   32.534  -96.804     14.4    988.9
     1     1    23     1     1    12     0     0    -2.0   32.363  -96.871     14.1    987.5
     1     1    23     1     1    11     0     1    -3.0   32.195  -96.947     14.3    986.7
     1     1    23     1     1    10     0     2    -4.0   32.023  -97.032     16.5    985.0
     1     1    23     1     1     9     0     3    -5.0   31.848  -97.130     21.7    983.4
     1     1    23     1     1     8     0     2    -6.0   31.670  -97.245     29.2    981.4
     1     1    23     1     1     7     0     1    -7.0   31.482  -97.379     37.4    979.4
     1     1    23     1     1     6     0     0    -8.0   31.280  -97.530     46.8    977.2
     1     1    23     1     1     5     0     1    -9.0   31.053  -97.711     62.0    973.3
     1     1    23     1     1     4     0     2   -10.0   30.798  -97.947     94.4    965.7
     1     1    23     1     1     3     0     3   -11.0   30.527  -98.221    141.4    954.4
     1     1    23     1     1     2     0     2   -12.0   30.256  -98.480    180.2    943.4
     1     1    23     1     1     1     0     1   -13.0   29.985  -98.714    210.8    935.5
     1     1    23     1     1     0     0     0   -14.0   29.710  -98.936    245.7    935.6
     1     1    22    12    31    23     0     1   -15.0   29.445  -99.139    276.3    937.7
     1     1    22    12    31    22     0     2   -16.0   29.202  -99.313    283.2    945.3
     1     1    22    12    31    21     0     3   -17.0   28.979  -99.463    267.7    955.8
     1     1    22    12    31    20     0     2   -18.0   28.759  -99.589    240.2    961.6
     1     1    22    12    31    19     0     1   -19.0   28.524  -99.686    213.3    966.4
     1     1    22    12    31    18     0     0   -20.0   28.268  -99.759    193.8    970.2
     1     1    22    12    31    17     0     1   -21.0   28.009  -99.805    192.2    972.0
     1     1    22    12    31    16     0     2   -22.0   27.772  -99.829    211.2    970.6
     1     1    22    12    31    15     0     3   -23.0   27.549  -99.834    241.2    968.3
     1     1    22    12    31    14     0     2   -24.0   27.344  -99.826    271.4    965.3
     1     1    22    12    31    13     0     1   -25.0   27.174  -99.806    300.8    962.9
     1     1    22    12    31    12     0     0   -26.0   27.047  -99.777    339.4    959.4
     1     1    22    12    31    11     0     1   -27.0   26.951  -99.740    378.8    951.9
     1     1    22    12    31    10     0     2   -28.0   26.881  -99.699    402.8    946.9
     1     1    22    12    31     9     0     3   -29.0   26.838  -99.655    410.5    945.0
     1     1    22    12    31     8     0     2   -30.0   26.817  -99.605    391.3    945.8
     1     1    22    12    31     7     0     1   -31.0   26.819  -99.544    340.6    952.6
     1     1    22    12    31     6     0     0   -32.0   26.848  -99.471    272.4    962.9
     1     1    22    12    31     5     0     1   -33.0   26.906  -99.389    211.2    972.6
     1     1    22    12    31     4     0     2   -34.0   26.991  -99.302    170.1    978.6
     1     1    22    12    31     3     0     3   -35.0   27.106  -99.213    148.3    981.6
     1     1    22    12    31     2     0     2   -36.0   27.253  -99.145    138.0    982.3
     1     1    22    12    31     1     0     1   -37.0   27.413  -99.120    132.0    983.1
     1     1    22    12    31     0     0     0   -38.0   27.580  -99.138    130.2    983.6
     1     1    22    12    30    23     0     1   -39.0   27.742  -99.197    129.6    983.3
     1     1    22    12    30    22     0     2   -40.0   27.887  -99.292    126.4    982.8
     1     1    22    12    30    21     0     3   -41.0   28.006  -99.421    124.1    981.5
     1     1    22    12    30    20     0     2   -42.0   28.107  -99.557    126.2    979.5
     1     1    22    12    30    19     0     1   -43.0   28.205  -99.660    128.5    977.7
     1     1    22    12    30    18     0     0   -44.0   28.302  -99.722    124.6    977.4
     1     1    22    12    30    17     0     1   -45.0   28.393  -99.745    110.5    978.2
     1     1    22    12    30    16     0     2   -46.0   28.471  -99.742     91.3    980.9
     1     1    22    12    30    15     0     3   -47.0   28.535  -99.724     75.2    983.2
     1     1    22    12    30    14     0     2   -48.0   28.593  -99.717     67.0    984.3
     1     1    22    12    30    13     0     1   -49.0   28.653  -99.738     68.4    983.3
     1     1    22    12    30    12     0     0   -50.0   28.717  -99.783     77.6    981.4
     1     1    22    12    30    11     0     1   -51.0   28.781  -99.850     90.5    978.6
     1     1    22    12    30    10     0     2   -52.0   28.835  -99.938    100.1    976.8
     1     1    22    12    30     9     0     3   -53.0   28.877 -100.051    103.1    975.0
     1     1    22    12    30     8     0     2   -54.0   28.911 -100.162    103.7    973.6
     1     1    22    12    30     7     0     1   -55.0   28.951 -100.247    105.7    971.9
     1     1    22    12    30     6     0     0   -56.0   29.003 -100.312    108.9    970.4
     1     1    22    12    30     5     0     1   -57.0   29.071 -100.355    115.0    966.6
     1     1    22    12    30     4     0     2   -58.0   29.159 -100.377    126.3    961.8
     1     1    22    12    30     3     0     3   -59.0   29.266 -100.383    144.9    956.0
     1     1    22    12    30     2     0     2   -60.0   29.386 -100.392    172.3    947.7
     1     1    22    12    30     1     0     1   -61.0   29.518 -100.417    212.2    938.5
     1     1    22    12    30     0     0     0   -62.0   29.666 -100.456    279.0    927.2
     1     1    22    12    29    23     0     1   -63.0   29.835 -100.528    376.1    909.8
     1     1    22    12    29    22     0     2   -64.0   30.025 -100.652    478.5    893.1
     1     1    22    12    29    21     0     3   -65.0   30.233 -100.830    550.2    881.1
     1     1    22    12    29    20     0     2   -66.0   30.436 -101.052    585.8    875.0
     1     1    22    12    29    19     0     1   -67.0   30.609 -101.319    606.0    868.5
     1     1    22    12    29    18     0     0   -68.0   30.754 -101.658    612.1    863.9
     1     1    22    12    29    17     0     1   -69.0   30.875 -102.069    627.6    861.3
     1     1    22    12    29    16     0     2   -70.0   30.972 -102.514    711.0    849.7
     1     1    22    12    29    15     0     3   -71.0   31.067 -102.986    836.8    828.6
     1     1    22    12    29    14     0     2   -72.0   31.164 -103.502    989.9    798.3
     1     1    22    12    29    13     0     1   -73.0   31.252 -104.078   1213.2    758.3
     1     1    22    12    29    12     0     0   -74.0   31.310 -104.693   1327.3    723.7
     1     1    22    12    29    11     0     1   -75.0   31.355 -105.332   1306.0    725.0
     1     1    22    12    29    10     0     2   -76.0   31.399 -105.969   1334.3    726.8
     1     1    22    12    29     9     0     3   -77.0   31.414 -106.566   1416.1    717.6
     1     1    22    12    29     8     0     2   -78.0   31.430 -107.157   1341.1    731.8
     1     1    22    12    29     7     0     1   -79.0   31.420 -107.767   1202.5    747.0
     1     1    22    12    29     6     0     0   -80.0   31.341 -108.372   1080.9    748.0
     1     1    22    12    29     5     0     1   -81.0   31.178 -108.930   1008.0    739.6
     1     1    22    12    29     4     0     2   -82.0   30.980 -109.450   1086.7    731.5
     1     1    22    12    29     3     0     3   -83.0   30.848 -109.895   1197.7    720.8
     1     1    22    12    29     2     0     2   -84.0   30.734 -110.289   1285.0    736.4
     1     1    22    12    29     1     0     1   -85.0   30.615 -110.672   1395.7    744.6
     1     1    22    12    29     0     0     0   -86.0   30.481 -111.052   1548.6    751.8
     1     1    22    12    28    23     0     1   -87.0   30.348 -111.475   1649.4    748.2
     1     1    22    12    28    22     0     2   -88.0   30.215 -111.941   1578.9    765.9
     1     1    22    12    28    21     0     3   -89.0   30.044 -112.440   1408.6    815.3
     1     1    22    12    28    20     0     2   -90.0   29.869 -112.881   1170.0    871.4
     1     1    22    12    28    19     0     1   -91.0   29.711 -113.222    973.6    908.1
     1     1    22    12    28    18     0     0   -92.0   29.568 -113.548    891.3    910.4
     1     1    22    12    28    17     0     1   -93.0   29.438 -113.947    920.6    894.9
     1     1    22    12    28    16     0     2   -94.0   29.342 -114.417    997.8    874.6
     1     1    22    12    28    15     0     3   -95.0   29.292 -114.885    999.5    873.0
     1     1    22    12    28    14     0     2   -96.0   29.277 -115.312    926.2    892.2
     1     1    22    12    28    13     0     1   -97.0   29.300 -115.678    840.9    911.4
     1     1    22    12    28    12     0     0   -98.0   29.366 -115.992    783.1    925.2
     1     1    22    12    28    11     0     1   -99.0   29.448 -116.278    749.8    928.4
     1     1    22    12    28    10     0     2  -100.0   29.518 -116.561    729.2    930.0
     1     1    22    12    28     9     0     3  -101.0   29.576 -116.849    714.6    932.1
     1     1    22    12    28     8     0     2  -102.0   29.632 -117.131    710.3    933.3
     1     1    22    12    28     7     0     1  -103.0   29.693 -117.395    711.6    932.6
     1     1    22    12    28     6     0     0  -104.0   29.767 -117.647    717.6    933.3
     1     1    22    12    28     5     0     1  -105.0   29.857 -117.898    723.7    931.4
     1     1    22    12    28     4     0     2  -106.0   29.953 -118.146    714.5    932.1
     1     1    22    12    28     3     0     3  -107.0   30.047 -118.378    693.1    935.0
     1     1    22    12    28     2     0     2  -108.0   30.143 -118.604    680.1    938.5
     1     1    22    12    28     1     0     1  -109.0   30.247 -118.846    699.2    937.5
     1     1    22    12    28     0     0     0  -110.0   30.357 -119.106    753.5    931.0
     1     1    22    12    27    23     0     1  -111.0   30.458 -119.368    803.1    922.4
     1     1    22    12    27    22     0     2  -112.0   30.541 -119.615    834.3    921.4
     1     1    22    12    27    21     0     3  -113.0   30.601 -119.852    877.3    918.5
     1     1    22    12    27    20     0     2  -114.0   30.654 -120.088    917.8    912.0
     1     1    22    12    27    19     0     1  -115.0   30.713 -120.323    934.6    911.4
     1     1    22    12    27    18     0     0  -116.0   30.770 -120.549    944.9    912.5
     1     1    22    12    27    17     0     1  -117.0   30.817 -120.769    960.6    910.5
     1     1    22    12    27    16     0     2  -118.0   30.855 -120.991    981.1    908.1
     1     1    22    12    27    15     0     3  -119.0   30.889 -121.219   1000.3    905.3
     1     1    22    12    27    14     0     2  -120.0   30.921 -121.451   1013.6    904.0
