     8     1
    GDAS    22    12    22     0     0
    GDAS    22    12    29     0     0
    GDAS    23     1     1     0     0
    GDAS    23     1     8     0     0
    GDAS    23     1    15     0     0
    GDAS    23     1    22     0     0
    GDAS    23     1    29     0     0
    GDAS    23     2     1     0     0
     1 BACKWARD OMEGA   
    23     1     9    16   32.716  -96.748    15.0
     1 PRESSURE
     1     1    23     1     9    16     0     2     0.0   32.716  -96.748     15.0   1001.9
     1     1    23     1     9    15     0     3    -1.0   32.591  -96.730     12.3   1002.8
     1     1    23     1     9    14     0     2    -2.0   32.485  -96.703     10.3   1002.8
     1     1    23     1     9    13     0     1    -3.0   32.394  -96.670      8.9   1002.5
     1     1    23     1     9    12     0     0    -4.0   32.317  -96.630      8.0   1002.5
     1     1    23     1     9    11     0     1    -5.0   32.252  -96.583      7.4   1003.0
     1     1    23     1     9    10     0     2    -6.0   32.200  -96.527      6.8   1003.4
     1     1    23     1     9     9     0     3    -7.0   32.161  -96.465      6.1   1003.8
     1     1    23     1     9     8     0     2    -8.0   32.130  -96.399      5.5   1005.3
     1     1    23     1     9     7     0     1    -9.0   32.098  -96.338      5.3   1007.1
     1     1    23     1     9     6     0     0   -10.0   32.065  -96.283      5.3   1009.0
     1     1    23     1     9     5     0     1   -11.0   32.044  -96.227      5.5   1009.1
     1     1    23     1     9     4     0     2   -12.0   32.048  -96.160      5.6   1009.0
     1     1    23     1     9     3     0     3   -13.0   32.079  -96.080      5.6   1008.8
     1     1    23     1     9     2     0     2   -14.0   32.130  -95.999      5.8   1009.4
     1     1    23     1     9     1     0     1   -15.0   32.192  -95.930      6.4   1009.0
     1     1    23     1     9     0     0     0   -16.0   32.265  -95.876      7.6   1008.4
     1     1    23     1     8    23     0     1   -17.0   32.349  -95.833      9.0   1007.9
     1     1    23     1     8    22     0     2   -18.0   32.443  -95.801     10.7   1007.3
     1     1    23     1     8    21     0     3   -19.0   32.547  -95.781     12.6   1006.4
     1     1    23     1     8    20     0     2   -20.0   32.659  -95.765     14.9   1006.2
     1     1    23     1     8    19     0     1   -21.0   32.775  -95.746     17.2   1006.3
     1     1    23     1     8    18     0     0   -22.0   32.896  -95.723     19.4   1006.6
     1     1    23     1     8    17     0     1   -23.0   33.028  -95.699     22.1   1005.2
     1     1    23     1     8    16     0     2   -24.0   33.178  -95.677     26.8   1003.8
     1     1    23     1     8    15     0     3   -25.0   33.348  -95.656     34.3   1002.6
     1     1    23     1     8    14     0     2   -26.0   33.527  -95.644     44.8   1001.3
     1     1    23     1     8    13     0     1   -27.0   33.702  -95.651     58.3    999.7
     1     1    23     1     8    12     0     0   -28.0   33.876  -95.677     77.0    997.0
     1     1    23     1     8    11     0     1   -29.0   34.068  -95.709    103.8    993.2
     1     1    23     1     8    10     0     2   -30.0   34.296  -95.738    134.2    987.6
     1     1    23     1     8     9     0     3   -31.0   34.547  -95.764    162.3    982.1
     1     1    23     1     8     8     0     2   -32.0   34.798  -95.785    183.3    977.3
     1     1    23     1     8     7     0     1   -33.0   35.023  -95.800    195.8    974.9
     1     1    23     1     8     6     0     0   -34.0   35.224  -95.813    207.8    974.0
     1     1    23     1     8     5     0     1   -35.0   35.425  -95.821    223.0    971.9
     1     1    23     1     8     4     0     2   -36.0   35.639  -95.818    242.1    969.7
     1     1    23     1     8     3     0     3   -37.0   35.876  -95.805    271.7    966.5
     1     1    23     1     8     2     0     2   -38.0   36.128  -95.783    309.8    959.3
     1     1    23     1     8     1     0     1   -39.0   36.386  -95.747    339.8    952.8
     1     1    23     1     8     0     0     0   -40.0   36.649  -95.688    351.6    949.3
     1     1    23     1     7    23     0     1   -41.0   36.911  -95.619    353.0    948.4
     1     1    23     1     7    22     0     2   -42.0   37.163  -95.551    355.7    946.9
     1     1    23     1     7    21     0     3   -43.0   37.407  -95.471    359.0    945.0
     1     1    23     1     7    20     0     2   -44.0   37.644  -95.345    359.8    944.8
     1     1    23     1     7    19     0     1   -45.0   37.878  -95.140    358.4    945.6
     1     1    23     1     7    18     0     0   -46.0   38.102  -94.865    357.4    947.8
     1     1    23     1     7    17     0     1   -47.0   38.288  -94.535    347.1    949.0
     1     1    23     1     7    16     0     2   -48.0   38.434  -94.158    321.0    953.5
     1     1    23     1     7    15     0     3   -49.0   38.544  -93.739    290.2    958.0
     1     1    23     1     7    14     0     2   -50.0   38.630  -93.307    258.9    962.0
     1     1    23     1     7    13     0     1   -51.0   38.707  -92.895    230.3    965.9
     1     1    23     1     7    12     0     0   -52.0   38.790  -92.493    209.7    966.3
     1     1    23     1     7    11     0     1   -53.0   38.879  -92.102    198.6    965.5
     1     1    23     1     7    10     0     2   -54.0   38.962  -91.746    194.1    967.3
     1     1    23     1     7     9     0     3   -55.0   39.039  -91.445    191.5    970.1
     1     1    23     1     7     8     0     2   -56.0   39.107  -91.201    188.7    972.6
     1     1    23     1     7     7     0     1   -57.0   39.163  -91.006    186.1    974.6
     1     1    23     1     7     6     0     0   -58.0   39.208  -90.848    185.3    976.1
     1     1    23     1     7     5     0     1   -59.0   39.241  -90.714    183.9    976.7
     1     1    23     1     7     4     0     2   -60.0   39.270  -90.599    177.4    978.2
     1     1    23     1     7     3     0     3   -61.0   39.293  -90.497    165.8    980.3
     1     1    23     1     7     2     0     2   -62.0   39.311  -90.416    154.0    982.9
     1     1    23     1     7     1     0     1   -63.0   39.324  -90.361    145.6    984.1
     1     1    23     1     7     0     0     0   -64.0   39.329  -90.329    140.2    984.8
     1     1    23     1     6    23     0     1   -65.0   39.331  -90.331    137.2    984.9
     1     1    23     1     6    22     0     2   -66.0   39.337  -90.375    136.8    984.5
     1     1    23     1     6    21     0     3   -67.0   39.346  -90.461    139.2    983.4
     1     1    23     1     6    20     0     2   -68.0   39.357  -90.574    144.0    982.0
     1     1    23     1     6    19     0     1   -69.0   39.371  -90.703    149.7    980.4
     1     1    23     1     6    18     0     0   -70.0   39.386  -90.846    156.0    978.6
     1     1    23     1     6    17     0     1   -71.0   39.404  -91.007    162.8    976.6
     1     1    23     1     6    16     0     2   -72.0   39.430  -91.184    170.5    974.8
     1     1    23     1     6    15     0     3   -73.0   39.464  -91.376    179.3    972.9
     1     1    23     1     6    14     0     2   -74.0   39.510  -91.585    189.8    970.6
     1     1    23     1     6    13     0     1   -75.0   39.565  -91.814    202.8    968.1
     1     1    23     1     6    12     0     0   -76.0   39.626  -92.066    218.8    965.6
     1     1    23     1     6    11     0     1   -77.0   39.697  -92.330    235.7    962.9
     1     1    23     1     6    10     0     2   -78.0   39.779  -92.594    253.5    960.0
     1     1    23     1     6     9     0     3   -79.0   39.878  -92.867    277.8    955.6
     1     1    23     1     6     8     0     2   -80.0   39.995  -93.151    305.4    949.2
     1     1    23     1     6     7     0     1   -81.0   40.129  -93.441    326.1    945.8
     1     1    23     1     6     6     0     0   -82.0   40.276  -93.740    342.8    943.3
     1     1    23     1     6     5     0     1   -83.0   40.435  -94.048    363.3    939.3
     1     1    23     1     6     4     0     2   -84.0   40.606  -94.354    381.9    935.2
     1     1    23     1     6     3     0     3   -85.0   40.785  -94.652    390.6    932.7
     1     1    23     1     6     2     0     2   -86.0   40.966  -94.949    392.4    931.5
     1     1    23     1     6     1     0     1   -87.0   41.147  -95.243    399.4    930.2
     1     1    23     1     6     0     0     0   -88.0   41.339  -95.533    421.9    927.4
     1     1    23     1     5    23     0     1   -89.0   41.543  -95.823    452.1    922.6
     1     1    23     1     5    22     0     2   -90.0   41.760  -96.112    466.8    918.1
     1     1    23     1     5    21     0     3   -91.0   42.002  -96.397    463.1    915.2
     1     1    23     1     5    20     0     2   -92.0   42.274  -96.676    466.5    913.2
     1     1    23     1     5    19     0     1   -93.0   42.572  -96.942    490.3    909.2
     1     1    23     1     5    18     0     0   -94.0   42.889  -97.185    519.4    905.2
     1     1    23     1     5    17     0     1   -95.0   43.209  -97.402    535.4    900.4
     1     1    23     1     5    16     0     2   -96.0   43.527  -97.591    539.5    899.5
     1     1    23     1     5    15     0     3   -97.0   43.846  -97.750    537.7    900.4
     1     1    23     1     5    14     0     2   -98.0   44.169  -97.889    536.5    903.4
     1     1    23     1     5    13     0     1   -99.0   44.488  -98.022    543.9    904.2
     1     1    23     1     5    12     0     0  -100.0   44.798  -98.146    558.2    901.2
     1     1    23     1     5    11     0     1  -101.0   45.096  -98.235    570.7    898.1
     1     1    23     1     5    10     0     2  -102.0   45.387  -98.268    572.6    896.1
     1     1    23     1     5     9     0     3  -103.0   45.675  -98.237    568.0    896.4
     1     1    23     1     5     8     0     2  -104.0   45.961  -98.154    570.7    897.6
     1     1    23     1     5     7     0     1  -105.0   46.246  -98.050    583.2    897.9
     1     1    23     1     5     6     0     0  -106.0   46.530  -97.939    598.6    897.7
     1     1    23     1     5     5     0     1  -107.0   46.810  -97.818    602.9    897.5
     1     1    23     1     5     4     0     2  -108.0   47.080  -97.681    593.1    901.3
     1     1    23     1     5     3     0     3  -109.0   47.333  -97.531    582.7    904.0
     1     1    23     1     5     2     0     2  -110.0   47.568  -97.364    576.5    906.8
     1     1    23     1     5     1     0     1  -111.0   47.786  -97.167    577.1    910.0
     1     1    23     1     5     0     0     0  -112.0   47.989  -96.918    595.8    911.7
     1     1    23     1     4    23     0     1  -113.0   48.169  -96.638    618.0    904.3
     1     1    23     1     4    22     0     2  -114.0   48.334  -96.356    619.1    901.8
     1     1    23     1     4    21     0     3  -115.0   48.491  -96.066    600.0    901.7
     1     1    23     1     4    20     0     2  -116.0   48.630  -95.749    582.5    905.2
     1     1    23     1     4    19     0     1  -117.0   48.744  -95.380    582.8    905.0
     1     1    23     1     4    18     0     0  -118.0   48.836  -94.960    600.4    903.0
     1     1    23     1     4    17     0     1  -119.0   48.917  -94.499    616.8    898.6
     1     1    23     1     4    16     0     2  -120.0   48.999  -94.007    618.2    899.7
