     8     1
    GDAS    22    12    22     0     0
    GDAS    22    12    29     0     0
    GDAS    23     1     1     0     0
    GDAS    23     1     8     0     0
    GDAS    23     1    15     0     0
    GDAS    23     1    22     0     0
    GDAS    23     1    29     0     0
    GDAS    23     2     1     0     0
     1 BACKWARD OMEGA   
    23     1    13    16   32.716  -96.748   133.0
     1 PRESSURE
     1     1    23     1    13    16     0     2     0.0   32.716  -96.748    133.0    994.6
     1     1    23     1    13    15     0     3    -1.0   32.894  -96.708    137.9    995.1
     1     1    23     1    13    14     0     2    -2.0   33.091  -96.659    146.5    993.5
     1     1    23     1    13    13     0     1    -3.0   33.303  -96.618    156.1    990.6
     1     1    23     1    13    12     0     0    -4.0   33.531  -96.583    166.5    988.1
     1     1    23     1    13    11     0     1    -5.0   33.777  -96.562    182.8    985.6
     1     1    23     1    13    10     0     2    -6.0   34.045  -96.564    213.3    980.9
     1     1    23     1    13     9     0     3    -7.0   34.345  -96.583    255.9    971.7
     1     1    23     1    13     8     0     2    -8.0   34.679  -96.594    295.6    961.6
     1     1    23     1    13     7     0     1    -9.0   35.047  -96.572    323.6    954.6
     1     1    23     1    13     6     0     0   -10.0   35.436  -96.529    343.0    954.7
     1     1    23     1    13     5     0     1   -11.0   35.819  -96.499    350.9    955.0
     1     1    23     1    13     4     0     2   -12.0   36.185  -96.500    348.8    955.3
     1     1    23     1    13     3     0     3   -13.0   36.551  -96.527    354.7    952.7
     1     1    23     1    13     2     0     2   -14.0   36.931  -96.600    380.4    946.2
     1     1    23     1    13     1     0     1   -15.0   37.318  -96.733    414.4    937.3
     1     1    23     1    13     0     0     0   -16.0   37.706  -96.924    447.2    929.5
     1     1    23     1    12    23     0     1   -17.0   38.096  -97.130    491.0    921.7
     1     1    23     1    12    22     0     2   -18.0   38.468  -97.310    528.4    914.2
     1     1    23     1    12    21     0     3   -19.0   38.803  -97.457    536.8    913.1
     1     1    23     1    12    20     0     2   -20.0   39.127  -97.581    533.0    913.7
     1     1    23     1    12    19     0     1   -21.0   39.466  -97.695    544.1    911.7
     1     1    23     1    12    18     0     0   -22.0   39.835  -97.810    583.8    905.6
     1     1    23     1    12    17     0     1   -23.0   40.263  -97.931    634.5    894.7
     1     1    23     1    12    16     0     2   -24.0   40.762  -98.070    687.7    883.9
     1     1    23     1    12    15     0     3   -25.0   41.316  -98.256    761.7    869.2
     1     1    23     1    12    14     0     2   -26.0   41.890  -98.477    841.0    851.1
     1     1    23     1    12    13     0     1   -27.0   42.440  -98.719    888.9    845.5
     1     1    23     1    12    12     0     0   -28.0   42.953  -99.006    889.3    848.7
     1     1    23     1    12    11     0     1   -29.0   43.414  -99.301    887.5    854.8
     1     1    23     1    12    10     0     2   -30.0   43.824  -99.580    908.2    853.7
     1     1    23     1    12     9     0     3   -31.0   44.215  -99.858    912.5    852.5
     1     1    23     1    12     8     0     2   -32.0   44.615 -100.129    906.5    851.1
     1     1    23     1    12     7     0     1   -33.0   45.028 -100.414    924.5    845.0
     1     1    23     1    12     6     0     0   -34.0   45.449 -100.738    976.5    837.1
     1     1    23     1    12     5     0     1   -35.0   45.877 -101.100   1069.2    824.8
     1     1    23     1    12     4     0     2   -36.0   46.292 -101.454   1165.7    810.2
     1     1    23     1    12     3     0     3   -37.0   46.695 -101.799   1235.0    803.7
     1     1    23     1    12     2     0     2   -38.0   47.092 -102.152   1292.8    797.4
     1     1    23     1    12     1     0     1   -39.0   47.474 -102.490   1346.0    789.4
     1     1    23     1    12     0     0     0   -40.0   47.860 -102.818   1382.2    786.2
     1     1    23     1    11    23     0     1   -41.0   48.237 -103.128   1409.3    788.3
     1     1    23     1    11    22     0     2   -42.0   48.591 -103.420   1443.1    785.4
     1     1    23     1    11    21     0     3   -43.0   48.931 -103.720   1464.6    779.7
     1     1    23     1    11    20     0     2   -44.0   49.261 -103.994   1465.8    779.5
     1     1    23     1    11    19     0     1   -45.0   49.586 -104.229   1465.7    781.7
     1     1    23     1    11    18     0     0   -46.0   49.918 -104.450   1484.2    782.2
     1     1    23     1    11    17     0     1   -47.0   50.245 -104.651   1507.7    779.1
     1     1    23     1    11    16     0     2   -48.0   50.561 -104.838   1522.3    779.4
     1     1    23     1    11    15     0     3   -49.0   50.884 -105.041   1544.4    780.1
     1     1    23     1    11    14     0     2   -50.0   51.195 -105.247   1576.6    775.3
     1     1    23     1    11    13     0     1   -51.0   51.477 -105.444   1605.9    771.4
     1     1    23     1    11    12     0     0   -52.0   51.746 -105.653   1626.7    769.1
     1     1    23     1    11    11     0     1   -53.0   51.997 -105.872   1642.4    769.0
     1     1    23     1    11    10     0     2   -54.0   52.215 -106.084   1661.7    768.1
     1     1    23     1    11     9     0     3   -55.0   52.401 -106.293   1692.6    765.4
     1     1    23     1    11     8     0     2   -56.0   52.578 -106.502   1720.6    759.2
     1     1    23     1    11     7     0     1   -57.0   52.761 -106.702   1725.2    756.8
     1     1    23     1    11     6     0     0   -58.0   52.954 -106.889   1713.9    755.4
     1     1    23     1    11     5     0     1   -59.0   53.152 -107.058   1702.2    756.5
     1     1    23     1    11     4     0     2   -60.0   53.350 -107.211   1700.3    757.9
     1     1    23     1    11     3     0     3   -61.0   53.557 -107.351   1709.4    758.2
     1     1    23     1    11     2     0     2   -62.0   53.765 -107.504   1724.4    757.4
     1     1    23     1    11     1     0     1   -63.0   53.965 -107.679   1734.5    757.2
     1     1    23     1    11     0     0     0   -64.0   54.153 -107.860   1743.6    758.3
     1     1    23     1    10    23     0     1   -65.0   54.319 -108.035   1747.3    757.3
     1     1    23     1    10    22     0     2   -66.0   54.460 -108.201   1731.5    757.7
     1     1    23     1    10    21     0     3   -67.0   54.582 -108.359   1693.7    759.4
     1     1    23     1    10    20     0     2   -68.0   54.691 -108.499   1658.7    763.5
     1     1    23     1    10    19     0     1   -69.0   54.797 -108.610   1650.4    761.9
     1     1    23     1    10    18     0     0   -70.0   54.898 -108.691   1666.5    758.3
     1     1    23     1    10    17     0     1   -71.0   54.994 -108.763   1694.7    752.3
     1     1    23     1    10    16     0     2   -72.0   55.081 -108.841   1719.4    749.6
     1     1    23     1    10    15     0     3   -73.0   55.159 -108.923   1737.1    748.4
     1     1    23     1    10    14     0     2   -74.0   55.228 -109.012   1735.9    747.7
     1     1    23     1    10    13     0     1   -75.0   55.290 -109.110   1704.9    751.8
     1     1    23     1    10    12     0     0   -76.0   55.348 -109.216   1646.2    758.3
     1     1    23     1    10    11     0     1   -77.0   55.396 -109.324   1590.4    767.1
     1     1    23     1    10    10     0     2   -78.0   55.424 -109.428   1564.8    769.5
     1     1    23     1    10     9     0     3   -79.0   55.431 -109.534   1567.6    768.6
     1     1    23     1    10     8     0     2   -80.0   55.425 -109.629   1576.4    764.8
     1     1    23     1    10     7     0     1   -81.0   55.411 -109.696   1567.1    764.8
     1     1    23     1    10     6     0     0   -82.0   55.389 -109.734   1537.0    767.0
     1     1    23     1    10     5     0     1   -83.0   55.365 -109.755   1502.9    771.7
     1     1    23     1    10     4     0     2   -84.0   55.347 -109.769   1481.2    773.5
     1     1    23     1    10     3     0     3   -85.0   55.336 -109.776   1472.1    774.2
     1     1    23     1    10     2     0     2   -86.0   55.334 -109.793   1460.9    773.7
     1     1    23     1    10     1     0     1   -87.0   55.339 -109.832   1432.2    776.5
     1     1    23     1    10     0     0     0   -88.0   55.351 -109.893   1386.5    780.8
     1     1    23     1     9    23     0     1   -89.0   55.366 -109.963   1335.5    786.7
     1     1    23     1     9    22     0     2   -90.0   55.377 -110.029   1291.8    791.0
     1     1    23     1     9    21     0     3   -91.0   55.387 -110.091   1255.8    794.5
     1     1    23     1     9    20     0     2   -92.0   55.400 -110.149   1222.2    797.6
     1     1    23     1     9    19     0     1   -93.0   55.417 -110.199   1186.8    801.4
     1     1    23     1     9    18     0     0   -94.0   55.439 -110.238   1149.7    805.6
     1     1    23     1     9    17     0     1   -95.0   55.463 -110.277   1120.7    809.7
     1     1    23     1     9    16     0     2   -96.0   55.489 -110.333   1110.6    810.8
     1     1    23     1     9    15     0     3   -97.0   55.518 -110.410   1120.3    809.9
     1     1    23     1     9    14     0     2   -98.0   55.544 -110.506   1139.1    807.0
     1     1    23     1     9    13     0     1   -99.0   55.558 -110.621   1156.4    805.0
     1     1    23     1     9    12     0     0  -100.0   55.557 -110.763   1174.3    802.7
     1     1    23     1     9    11     0     1  -101.0   55.536 -110.916   1189.3    800.0
     1     1    23     1     9    10     0     2  -102.0   55.490 -111.056   1193.8    798.8
     1     1    23     1     9     9     0     3  -103.0   55.420 -111.182   1189.8    799.4
     1     1    23     1     9     8     0     2  -104.0   55.342 -111.296   1192.0    800.1
     1     1    23     1     9     7     0     1  -105.0   55.265 -111.403   1207.8    798.5
     1     1    23     1     9     6     0     0  -106.0   55.187 -111.508   1234.4    796.0
     1     1    23     1     9     5     0     1  -107.0   55.111 -111.633   1264.0    793.0
     1     1    23     1     9     4     0     2  -108.0   55.048 -111.799   1287.1    791.5
     1     1    23     1     9     3     0     3  -109.0   55.006 -112.013   1294.5    791.6
     1     1    23     1     9     2     0     2  -110.0   54.963 -112.201   1284.9    793.1
     1     1    23     1     9     1     0     1  -111.0   54.894 -112.311   1269.4    794.9
     1     1    23     1     9     0     0     0  -112.0   54.804 -112.373   1254.9    796.2
     1     1    23     1     8    23     0     1  -113.0   54.700 -112.395   1247.6    796.8
     1     1    23     1     8    22     0     2  -114.0   54.581 -112.375   1248.5    795.8
     1     1    23     1     8    21     0     3  -115.0   54.440 -112.323   1254.7    794.2
     1     1    23     1     8    20     0     2  -116.0   54.290 -112.277   1262.7    792.3
     1     1    23     1     8    19     0     1  -117.0   54.146 -112.262   1267.4    790.9
     1     1    23     1     8    18     0     0  -118.0   54.009 -112.279   1262.6    790.3
     1     1    23     1     8    17     0     1  -119.0   53.863 -112.307   1262.4    791.9
     1     1    23     1     8    16     0     2  -120.0   53.695 -112.343   1284.1    789.5
