     8     1
    GDAS    22    12    22     0     0
    GDAS    22    12    29     0     0
    GDAS    23     1     1     0     0
    GDAS    23     1     8     0     0
    GDAS    23     1    15     0     0
    GDAS    23     1    22     0     0
    GDAS    23     1    29     0     0
    GDAS    23     2     1     0     0
     1 BACKWARD OMEGA   
    23     1    23    12   32.716  -96.748   133.0
     1 PRESSURE
     1     1    23     1    23    12     0     0     0.0   32.716  -96.748    133.0    987.5
     1     1    23     1    23    11     0     1    -1.0   32.782  -96.566    126.4    989.1
     1     1    23     1    23    10     0     2    -2.0   32.851  -96.410    125.5    989.2
     1     1    23     1    23     9     0     3    -3.0   32.917  -96.287    126.9    988.7
     1     1    23     1    23     8     0     2    -4.0   32.988  -96.187    127.9    988.0
     1     1    23     1    23     7     0     1    -5.0   33.077  -96.095    127.9    987.6
     1     1    23     1    23     6     0     0    -6.0   33.185  -96.006    127.2    987.2
     1     1    23     1    23     5     0     1    -7.0   33.313  -95.930    129.0    986.8
     1     1    23     1    23     4     0     2    -8.0   33.462  -95.881    137.7    985.5
     1     1    23     1    23     3     0     3    -9.0   33.637  -95.854    155.9    982.8
     1     1    23     1    23     2     0     2   -10.0   33.842  -95.856    182.8    978.1
     1     1    23     1    23     1     0     1   -11.0   34.071  -95.891    219.2    972.8
     1     1    23     1    23     0     0     0   -12.0   34.311  -95.963    269.1    965.0
     1     1    23     1    22    23     0     1   -13.0   34.548  -96.087    326.8    953.4
     1     1    23     1    22    22     0     2   -14.0   34.771  -96.263    373.5    942.5
     1     1    23     1    22    21     0     3   -15.0   34.983  -96.472    406.2    933.6
     1     1    23     1    22    20     0     2   -16.0   35.196  -96.683    435.1    928.9
     1     1    23     1    22    19     0     1   -17.0   35.416  -96.873    463.8    924.1
     1     1    23     1    22    18     0     0   -18.0   35.643  -97.047    485.8    921.2
     1     1    23     1    22    17     0     1   -19.0   35.869  -97.208    505.4    920.2
     1     1    23     1    22    16     0     2   -20.0   36.096  -97.359    532.0    915.8
     1     1    23     1    22    15     0     3   -21.0   36.345  -97.492    560.9    908.8
     1     1    23     1    22    14     0     2   -22.0   36.631  -97.603    578.4    902.5
     1     1    23     1    22    13     0     1   -23.0   36.959  -97.696    577.6    899.3
     1     1    23     1    22    12     0     0   -24.0   37.320  -97.793    569.3    897.4
     1     1    23     1    22    11     0     1   -25.0   37.673  -97.896    568.8    895.1
     1     1    23     1    22    10     0     2   -26.0   38.015  -97.975    575.5    890.7
     1     1    23     1    22     9     0     3   -27.0   38.348  -98.039    581.8    889.5
     1     1    23     1    22     8     0     2   -28.0   38.652  -98.107    587.1    889.0
     1     1    23     1    22     7     0     1   -29.0   38.925  -98.182    591.6    888.4
     1     1    23     1    22     6     0     0   -30.0   39.182  -98.251    591.7    887.9
     1     1    23     1    22     5     0     1   -31.0   39.430  -98.308    588.0    887.6
     1     1    23     1    22     4     0     2   -32.0   39.678  -98.347    591.1    887.5
     1     1    23     1    22     3     0     3   -33.0   39.932  -98.373    617.7    884.8
     1     1    23     1    22     2     0     2   -34.0   40.188  -98.400    646.4    876.6
     1     1    23     1    22     1     0     1   -35.0   40.435  -98.432    650.3    874.2
     1     1    23     1    22     0     0     0   -36.0   40.675  -98.464    628.7    874.9
     1     1    23     1    21    23     0     1   -37.0   40.895  -98.508    586.4    878.1
     1     1    23     1    21    22     0     2   -38.0   41.089  -98.577    543.7    881.9
     1     1    23     1    21    21     0     3   -39.0   41.271  -98.667    517.2    882.8
     1     1    23     1    21    20     0     2   -40.0   41.451  -98.771    506.5    881.4
     1     1    23     1    21    19     0     1   -41.0   41.632  -98.887    511.7    879.0
     1     1    23     1    21    18     0     0   -42.0   41.830  -99.022    546.5    873.5
     1     1    23     1    21    17     0     1   -43.0   42.044  -99.175    590.4    864.4
     1     1    23     1    21    16     0     2   -44.0   42.257  -99.349    605.6    863.4
     1     1    23     1    21    15     0     3   -45.0   42.471  -99.548    587.4    866.0
     1     1    23     1    21    14     0     2   -46.0   42.695  -99.778    570.6    870.7
     1     1    23     1    21    13     0     1   -47.0   42.936 -100.031    583.1    867.5
     1     1    23     1    21    12     0     0   -48.0   43.175 -100.284    620.7    862.9
     1     1    23     1    21    11     0     1   -49.0   43.390 -100.553    666.8    856.3
     1     1    23     1    21    10     0     2   -50.0   43.599 -100.847    702.4    852.4
     1     1    23     1    21     9     0     3   -51.0   43.818 -101.135    727.7    852.2
     1     1    23     1    21     8     0     2   -52.0   44.038 -101.424    768.3    851.8
     1     1    23     1    21     7     0     1   -53.0   44.255 -101.743    822.0    839.9
     1     1    23     1    21     6     0     0   -54.0   44.491 -102.057    830.2    834.4
     1     1    23     1    21     5     0     1   -55.0   44.731 -102.354    826.3    838.9
     1     1    23     1    21     4     0     2   -56.0   44.938 -102.646    853.4    831.2
     1     1    23     1    21     3     0     3   -57.0   45.128 -102.925    856.1    824.0
     1     1    23     1    21     2     0     2   -58.0   45.315 -103.199    829.0    826.0
     1     1    23     1    21     1     0     1   -59.0   45.505 -103.479    798.3    827.3
     1     1    23     1    21     0     0     0   -60.0   45.697 -103.756    783.7    828.2
     1     1    23     1    20    23     0     1   -61.0   45.889 -104.032    774.7    825.9
     1     1    23     1    20    22     0     2   -62.0   46.065 -104.312    756.8    829.7
     1     1    23     1    20    21     0     3   -63.0   46.218 -104.586    742.3    833.7
     1     1    23     1    20    20     0     2   -64.0   46.353 -104.846    735.3    836.5
     1     1    23     1    20    19     0     1   -65.0   46.484 -105.095    728.7    839.2
     1     1    23     1    20    18     0     0   -66.0   46.620 -105.330    721.2    842.0
     1     1    23     1    20    17     0     1   -67.0   46.773 -105.558    724.5    842.7
     1     1    23     1    20    16     0     2   -68.0   46.956 -105.782    747.8    839.7
     1     1    23     1    20    15     0     3   -69.0   47.175 -105.999    785.7    836.9
     1     1    23     1    20    14     0     2   -70.0   47.414 -106.224    823.5    834.9
     1     1    23     1    20    13     0     1   -71.0   47.659 -106.476    851.2    834.5
     1     1    23     1    20    12     0     0   -72.0   47.911 -106.754    858.6    836.9
     1     1    23     1    20    11     0     1   -73.0   48.161 -107.039    841.4    838.3
     1     1    23     1    20    10     0     2   -74.0   48.399 -107.314    812.5    838.3
     1     1    23     1    20     9     0     3   -75.0   48.633 -107.578    784.9    838.2
     1     1    23     1    20     8     0     2   -76.0   48.866 -107.813    780.4    836.9
     1     1    23     1    20     7     0     1   -77.0   49.092 -108.022    813.9    830.7
     1     1    23     1    20     6     0     0   -78.0   49.322 -108.224    858.8    822.6
     1     1    23     1    20     5     0     1   -79.0   49.576 -108.419    888.4    820.0
     1     1    23     1    20     4     0     2   -80.0   49.852 -108.615    918.9    820.3
     1     1    23     1    20     3     0     3   -81.0   50.149 -108.828    971.1    819.7
     1     1    23     1    20     2     0     2   -82.0   50.460 -109.034   1023.3    816.4
     1     1    23     1    20     1     0     1   -83.0   50.758 -109.227   1050.1    817.6
     1     1    23     1    20     0     0     0   -84.0   51.021 -109.429   1058.8    820.1
     1     1    23     1    19    23     0     1   -85.0   51.263 -109.628   1061.0    819.1
     1     1    23     1    19    22     0     2   -86.0   51.500 -109.812   1068.5    816.1
     1     1    23     1    19    21     0     3   -87.0   51.718 -109.991   1073.4    812.2
     1     1    23     1    19    20     0     2   -88.0   51.914 -110.159   1075.2    810.0
     1     1    23     1    19    19     0     1   -89.0   52.084 -110.313   1078.5    808.4
     1     1    23     1    19    18     0     0   -90.0   52.214 -110.466   1075.6    808.5
     1     1    23     1    19    17     0     1   -91.0   52.312 -110.608   1061.8    809.7
     1     1    23     1    19    16     0     2   -92.0   52.387 -110.723   1036.0    811.8
     1     1    23     1    19    15     0     3   -93.0   52.429 -110.805    998.3    815.1
     1     1    23     1    19    14     0     2   -94.0   52.440 -110.871    957.1    819.4
     1     1    23     1    19    13     0     1   -95.0   52.428 -110.939    922.3    822.4
     1     1    23     1    19    12     0     0   -96.0   52.393 -111.008    898.1    823.8
     1     1    23     1    19    11     0     1   -97.0   52.332 -111.066    880.6    823.9
     1     1    23     1    19    10     0     2   -98.0   52.236 -111.105    866.2    823.7
     1     1    23     1    19     9     0     3   -99.0   52.105 -111.132    856.0    822.5
     1     1    23     1    19     8     0     2  -100.0   51.945 -111.153    859.5    821.5
     1     1    23     1    19     7     0     1  -101.0   51.768 -111.166    888.4    819.7
     1     1    23     1    19     6     0     0  -102.0   51.574 -111.169    946.6    815.0
     1     1    23     1    19     5     0     1  -103.0   51.381 -111.154   1022.1    807.3
     1     1    23     1    19     4     0     2  -104.0   51.206 -111.121   1096.0    801.2
     1     1    23     1    19     3     0     3  -105.0   51.053 -111.083   1158.4    795.4
     1     1    23     1    19     2     0     2  -106.0   50.924 -111.059   1207.3    790.9
     1     1    23     1    19     1     0     1  -107.0   50.819 -111.063   1245.2    786.3
     1     1    23     1    19     0     0     0  -108.0   50.731 -111.101   1268.0    783.4
     1     1    23     1    18    23     0     1  -109.0   50.640 -111.179   1284.6    782.1
     1     1    23     1    18    22     0     2  -110.0   50.528 -111.306   1306.4    779.4
     1     1    23     1    18    21     0     3  -111.0   50.396 -111.483   1340.4    775.6
     1     1    23     1    18    20     0     2  -112.0   50.260 -111.674   1391.6    770.1
     1     1    23     1    18    19     0     1  -113.0   50.138 -111.830   1453.0    763.4
     1     1    23     1    18    18     0     0  -114.0   50.035 -111.943   1516.6    756.4
     1     1    23     1    18    17     0     1  -115.0   49.958 -112.033   1582.7    748.2
     1     1    23     1    18    16     0     2  -116.0   49.912 -112.121   1655.0    738.1
     1     1    23     1    18    15     0     3  -117.0   49.895 -112.205   1733.5    728.7
     1     1    23     1    18    14     0     2  -118.0   49.890 -112.293   1813.2    719.2
     1     1    23     1    18    13     0     1  -119.0   49.884 -112.397   1887.7    710.3
     1     1    23     1    18    12     0     0  -120.0   49.880 -112.524   1959.5    701.6
