     8     1
    GDAS    22    12    22     0     0
    GDAS    22    12    29     0     0
    GDAS    23     1     1     0     0
    GDAS    23     1     8     0     0
    GDAS    23     1    15     0     0
    GDAS    23     1    22     0     0
    GDAS    23     1    29     0     0
    GDAS    23     2     1     0     0
     1 BACKWARD OMEGA   
    23     1     3    14   32.716  -96.748   500.0
     1 PRESSURE
     1     1    23     1     3    14     0     2     0.0   32.716  -96.748    500.0    933.5
     1     1    23     1     3    13     0     1    -1.0   32.790  -97.159    497.0    930.5
     1     1    23     1     3    12     0     0    -2.0   32.874  -97.599    516.6    920.9
     1     1    23     1     3    11     0     1    -3.0   32.956  -98.065    572.7    905.9
     1     1    23     1     3    10     0     2    -4.0   33.035  -98.550    662.5    892.8
     1     1    23     1     3     9     0     3    -5.0   33.106  -99.051    785.9    876.8
     1     1    23     1     3     8     0     2    -6.0   33.178  -99.595    888.2    855.5
     1     1    23     1     3     7     0     1    -7.0   33.264 -100.213    946.8    842.7
     1     1    23     1     3     6     0     0    -8.0   33.333 -100.886   1123.4    817.1
     1     1    23     1     3     5     0     1    -9.0   33.344 -101.557   1458.2    764.4
     1     1    23     1     3     4     0     2   -10.0   33.301 -102.232   1844.0    712.8
     1     1    23     1     3     3     0     3   -11.0   33.248 -102.901   2127.1    668.1
     1     1    23     1     3     2     0     2   -12.0   33.211 -103.559   2289.5    654.5
     1     1    23     1     3     1     0     1   -13.0   33.198 -104.214   2452.1    641.1
     1     1    23     1     3     0     0     0   -14.0   33.186 -104.887   2776.6    603.8
     1     1    23     1     2    23     0     1   -15.0   33.121 -105.620   2848.3    555.6
     1     1    23     1     2    22     0     2   -16.0   33.068 -106.207   2388.0    608.7
     1     1    23     1     2    21     0     3   -17.0   33.075 -106.644   1867.1    680.2
     1     1    23     1     2    20     0     2   -18.0   33.089 -107.051   1588.5    699.4
     1     1    23     1     2    19     0     1   -19.0   33.096 -107.519   1470.1    674.3
     1     1    23     1     2    18     0     0   -20.0   33.113 -108.080   1572.7    640.0
     1     1    23     1     2    17     0     1   -21.0   33.138 -108.637   1800.1    628.8
     1     1    23     1     2    16     0     2   -22.0   33.138 -109.170   1944.5    639.4
     1     1    23     1     2    15     0     3   -23.0   33.107 -109.704   2032.6    663.9
     1     1    23     1     2    14     0     2   -24.0   33.044 -110.226   2061.5    685.6
     1     1    23     1     2    13     0     1   -25.0   32.961 -110.703   2046.8    699.8
     1     1    23     1     2    12     0     0   -26.0   32.877 -111.145   2015.1    711.9
     1     1    23     1     2    11     0     1   -27.0   32.788 -111.556   1955.1    731.8
     1     1    23     1     2    10     0     2   -28.0   32.672 -111.928   1880.4    753.2
     1     1    23     1     2     9     0     3   -29.0   32.535 -112.281   1826.9    764.8
     1     1    23     1     2     8     0     2   -30.0   32.411 -112.638   1790.5    771.4
     1     1    23     1     2     7     0     1   -31.0   32.309 -112.980   1759.7    780.7
     1     1    23     1     2     6     0     0   -32.0   32.223 -113.284   1737.0    786.7
     1     1    23     1     2     5     0     1   -33.0   32.164 -113.564   1718.0    792.5
     1     1    23     1     2     4     0     2   -34.0   32.149 -113.829   1713.0    799.1
     1     1    23     1     2     3     0     3   -35.0   32.175 -114.067   1744.1    800.4
     1     1    23     1     2     2     0     2   -36.0   32.219 -114.362   1818.3    795.5
     1     1    23     1     2     1     0     1   -37.0   32.288 -114.814   1930.7    787.9
     1     1    23     1     2     0     0     0   -38.0   32.410 -115.425   2302.2    746.0
     1     1    23     1     1    23     0     1   -39.0   32.687 -116.145   2922.7    655.1
     1     1    23     1     1    22     0     2   -40.0   32.944 -116.811   2890.9    650.7
     1     1    23     1     1    21     0     3   -41.0   33.101 -117.384   2475.3    724.5
     1     1    23     1     1    20     0     2   -42.0   33.287 -117.874   2207.1    773.9
     1     1    23     1     1    19     0     1   -43.0   33.532 -118.269   2117.6    779.9
     1     1    23     1     1    18     0     0   -44.0   33.816 -118.616   2092.9    779.8
     1     1    23     1     1    17     0     1   -45.0   34.162 -118.989   2102.9    772.2
     1     1    23     1     1    16     0     2   -46.0   34.597 -119.440   2107.4    741.5
     1     1    23     1     1    15     0     3   -47.0   35.110 -119.911   2144.1    716.4
     1     1    23     1     1    14     0     2   -48.0   35.663 -120.363   2295.5    733.0
     1     1    23     1     1    13     0     1   -49.0   36.229 -120.799   2433.9    720.3
     1     1    23     1     1    12     0     0   -50.0   36.802 -121.225   2508.7    713.7
     1     1    23     1     1    11     0     1   -51.0   37.339 -121.577   2474.9    725.1
     1     1    23     1     1    10     0     2   -52.0   37.835 -121.785   2448.1    741.1
     1     1    23     1     1     9     0     3   -53.0   38.308 -121.858   2504.8    735.9
     1     1    23     1     1     8     0     2   -54.0   38.758 -121.836   2639.5    722.6
     1     1    23     1     1     7     0     1   -55.0   39.169 -121.734   2719.7    695.0
     1     1    23     1     1     6     0     0   -56.0   39.544 -121.586   2687.8    677.5
     1     1    23     1     1     5     0     1   -57.0   39.916 -121.448   2663.9    661.0
     1     1    23     1     1     4     0     2   -58.0   40.277 -121.323   2687.3    631.3
     1     1    23     1     1     3     0     3   -59.0   40.615 -121.221   2638.0    607.6
     1     1    23     1     1     2     0     2   -60.0   40.929 -121.144   2496.3    614.1
     1     1    23     1     1     1     0     1   -61.0   41.212 -121.101   2464.5    621.3
     1     1    23     1     1     0     0     0   -62.0   41.493 -121.152   2605.8    609.1
     1     1    22    12    31    23     0     1   -63.0   41.764 -121.359   2725.4    592.2
     1     1    22    12    31    22     0     2   -64.0   41.998 -121.675   2744.3    596.9
     1     1    22    12    31    21     0     3   -65.0   42.200 -122.060   2785.3    596.0
     1     1    22    12    31    20     0     2   -66.0   42.390 -122.494   2875.8    597.5
     1     1    22    12    31    19     0     1   -67.0   42.588 -122.949   2961.4    615.4
     1     1    22    12    31    18     0     0   -68.0   42.803 -123.412   2995.9    640.2
     1     1    22    12    31    17     0     1   -69.0   43.020 -123.870   2961.9    663.5
     1     1    22    12    31    16     0     2   -70.0   43.214 -124.301   2948.0    685.9
     1     1    22    12    31    15     0     3   -71.0   43.396 -124.748   3013.6    690.5
     1     1    22    12    31    14     0     2   -72.0   43.562 -125.229   3111.3    685.2
     1     1    22    12    31    13     0     1   -73.0   43.703 -125.759   3150.9    676.2
     1     1    22    12    31    12     0     0   -74.0   43.823 -126.340   3106.4    682.4
     1     1    22    12    31    11     0     1   -75.0   43.916 -126.953   3000.9    690.0
     1     1    22    12    31    10     0     2   -76.0   43.976 -127.568   2860.4    706.3
     1     1    22    12    31     9     0     3   -77.0   44.003 -128.197   2787.0    718.6
     1     1    22    12    31     8     0     2   -78.0   44.006 -128.830   2842.8    712.7
     1     1    22    12    31     7     0     1   -79.0   43.994 -129.450   2919.7    696.7
     1     1    22    12    31     6     0     0   -80.0   43.966 -130.068   2939.2    696.2
     1     1    22    12    31     5     0     1   -81.0   43.943 -130.680   2960.2    697.7
     1     1    22    12    31     4     0     2   -82.0   43.941 -131.287   2967.7    691.8
     1     1    22    12    31     3     0     3   -83.0   43.966 -131.898   2846.9    696.5
     1     1    22    12    31     2     0     2   -84.0   44.004 -132.501   2608.3    725.3
     1     1    22    12    31     1     0     1   -85.0   44.042 -133.104   2411.4    750.4
     1     1    22    12    31     0     0     0   -86.0   44.073 -133.714   2341.4    758.3
     1     1    22    12    30    23     0     1   -87.0   44.102 -134.346   2348.1    750.9
     1     1    22    12    30    22     0     2   -88.0   44.124 -134.990   2377.5    749.4
     1     1    22    12    30    21     0     3   -89.0   44.128 -135.639   2418.4    743.1
     1     1    22    12    30    20     0     2   -90.0   44.129 -136.302   2451.6    740.2
     1     1    22    12    30    19     0     1   -91.0   44.130 -136.982   2468.3    737.0
     1     1    22    12    30    18     0     0   -92.0   44.121 -137.676   2461.4    737.9
     1     1    22    12    30    17     0     1   -93.0   44.108 -138.392   2439.0    739.8
     1     1    22    12    30    16     0     2   -94.0   44.084 -139.121   2395.8    742.8
     1     1    22    12    30    15     0     3   -95.0   44.042 -139.850   2358.5    749.2
     1     1    22    12    30    14     0     2   -96.0   43.982 -140.595   2327.4    749.0
     1     1    22    12    30    13     0     1   -97.0   43.897 -141.348   2271.9    755.8
     1     1    22    12    30    12     0     0   -98.0   43.793 -142.084   2236.6    760.7
     1     1    22    12    30    11     0     1   -99.0   43.671 -142.805   2219.0    760.4
     1     1    22    12    30    10     0     2  -100.0   43.535 -143.514   2209.0    762.1
     1     1    22    12    30     9     0     3  -101.0   43.390 -144.208   2208.9    761.4
     1     1    22    12    30     8     0     2  -102.0   43.244 -144.890   2224.0    761.1
     1     1    22    12    30     7     0     1  -103.0   43.097 -145.565   2252.7    756.8
     1     1    22    12    30     6     0     0  -104.0   42.955 -146.240   2261.9    754.1
     1     1    22    12    30     5     0     1  -105.0   42.812 -146.928   2211.7    756.4
     1     1    22    12    30     4     0     2  -106.0   42.666 -147.631   2143.7    768.7
     1     1    22    12    30     3     0     3  -107.0   42.532 -148.342   2158.8    770.4
     1     1    22    12    30     2     0     2  -108.0   42.402 -149.085   2211.7    757.0
     1     1    22    12    30     1     0     1  -109.0   42.251 -149.863   2233.0    757.6
     1     1    22    12    30     0     0     0  -110.0   42.101 -150.692   2282.2    752.1
     1     1    22    12    29    23     0     1  -111.0   41.931 -151.572   2325.0    748.3
     1     1    22    12    29    22     0     2  -112.0   41.728 -152.461   2365.2    744.9
     1     1    22    12    29    21     0     3  -113.0   41.509 -153.384   2441.7    737.6
     1     1    22    12    29    20     0     2  -114.0   41.270 -154.301   2464.8    734.9
     1     1    22    12    29    19     0     1  -115.0   41.003 -155.201   2487.0    734.2
     1     1    22    12    29    18     0     0  -116.0   40.725 -156.141   2551.0    727.0
     1     1    22    12    29    17     0     1  -117.0   40.455 -157.071   2496.8    728.9
     1     1    22    12    29    16     0     2  -118.0   40.199 -157.956   2438.3    741.2
     1     1    22    12    29    15     0     3  -119.0   39.953 -158.861   2484.3    730.6
     1     1    22    12    29    14     0     2  -120.0   39.720 -159.793   2461.3    735.4
