     8     1
    GDAS    22    12    22     0     0
    GDAS    22    12    29     0     0
    GDAS    23     1     1     0     0
    GDAS    23     1     8     0     0
    GDAS    23     1    15     0     0
    GDAS    23     1    22     0     0
    GDAS    23     1    29     0     0
    GDAS    23     2     1     0     0
     1 BACKWARD OMEGA   
    23     1     7    15   32.716  -96.748   100.0
     1 PRESSURE
     1     1    23     1     7    15     0     3     0.0   32.716  -96.748    100.0    989.8
     1     1    23     1     7    14     0     2    -1.0   32.836  -96.858    103.5    988.4
     1     1    23     1     7    13     0     1    -2.0   32.965  -96.983    101.1    987.4
     1     1    23     1     7    12     0     0    -3.0   33.112  -97.119     92.1    984.4
     1     1    23     1     7    11     0     1    -4.0   33.226  -97.265     84.9    982.3
     1     1    23     1     7    10     0     2    -5.0   33.281  -97.426     80.8    979.2
     1     1    23     1     7     9     0     3    -6.0   33.298  -97.608     76.8    976.1
     1     1    23     1     7     8     0     2    -7.0   33.281  -97.802     75.7    973.0
     1     1    23     1     7     7     0     1    -8.0   33.204  -98.003     84.0    968.0
     1     1    23     1     7     6     0     0    -9.0   33.049  -98.233    109.5    962.8
     1     1    23     1     7     5     0     1   -10.0   32.830  -98.498    147.9    954.9
     1     1    23     1     7     4     0     2   -11.0   32.556  -98.776    177.1    946.7
     1     1    23     1     7     3     0     3   -12.0   32.224  -99.035    191.3    940.3
     1     1    23     1     7     2     0     2   -13.0   31.869  -99.259    184.0    934.4
     1     1    23     1     7     1     0     1   -14.0   31.521  -99.441    166.0    933.3
     1     1    23     1     7     0     0     0   -15.0   31.158  -99.601    161.0    929.5
     1     1    23     1     6    23     0     1   -16.0   30.758  -99.747    165.8    924.8
     1     1    23     1     6    22     0     2   -17.0   30.322  -99.853    158.7    923.1
     1     1    23     1     6    21     0     3   -18.0   29.866  -99.896    120.7    933.1
     1     1    23     1     6    20     0     2   -19.0   29.463  -99.888     77.7    960.3
     1     1    23     1     6    19     0     1   -20.0   29.128  -99.850     47.5    980.9
     1     1    23     1     6    18     0     0   -21.0   28.834  -99.801     30.0    990.8
     1     1    23     1     6    17     0     1   -22.0   28.573  -99.746     20.6    994.1
     1     1    23     1     6    16     0     2   -23.0   28.349  -99.684     15.7    997.0
     1     1    23     1     6    15     0     3   -24.0   28.147  -99.616     13.3    999.5
     1     1    23     1     6    14     0     2   -25.0   27.958  -99.540     12.5   1000.4
     1     1    23     1     6    13     0     1   -26.0   27.789  -99.455     13.1   1000.6
     1     1    23     1     6    12     0     0   -27.0   27.646  -99.359     15.2   1000.7
     1     1    23     1     6    11     0     1   -28.0   27.513  -99.255     18.3   1001.0
     1     1    23     1     6    10     0     2   -29.0   27.378  -99.144     22.2   1001.0
     1     1    23     1     6     9     0     3   -30.0   27.238  -99.028     27.4   1000.4
     1     1    23     1     6     8     0     2   -31.0   27.095  -98.897     35.7   1000.8
     1     1    23     1     6     7     0     1   -32.0   26.951  -98.743     47.6   1002.3
     1     1    23     1     6     6     0     0   -33.0   26.804  -98.575     59.1   1004.2
     1     1    23     1     6     5     0     1   -34.0   26.662  -98.401     66.7   1006.3
     1     1    23     1     6     4     0     2   -35.0   26.539  -98.219     69.5   1008.5
     1     1    23     1     6     3     0     3   -36.0   26.438  -98.034     66.4   1011.3
     1     1    23     1     6     2     0     2   -37.0   26.366  -97.847     58.7   1013.2
     1     1    23     1     6     1     0     1   -38.0   26.325  -97.657     50.0   1014.9
     1     1    23     1     6     0     0     0   -39.0   26.317  -97.468     42.5   1016.2
     1     1    23     1     5    23     0     1   -40.0   26.333  -97.304     39.4   1017.3
     1     1    23     1     5    22     0     2   -41.0   26.366  -97.178     41.3   1017.5
     1     1    23     1     5    21     0     3   -42.0   26.414  -97.086     47.0   1017.2
     1     1    23     1     5    20     0     2   -43.0   26.474  -97.021     54.1   1016.8
     1     1    23     1     5    19     0     1   -44.0   26.542  -96.978     60.1   1016.2
     1     1    23     1     5    18     0     0   -45.0   26.618  -96.956     63.6   1015.8
     1     1    23     1     5    17     0     1   -46.0   26.690  -96.957     63.9   1015.8
     1     1    23     1     5    16     0     2   -47.0   26.746  -96.984     61.2   1016.3
     1     1    23     1     5    15     0     3   -48.0   26.781  -97.042     56.1   1017.0
     1     1    23     1     5    14     0     2   -49.0   26.795  -97.102     50.9   1016.6
     1     1    23     1     5    13     0     1   -50.0   26.790  -97.139     47.0   1015.9
     1     1    23     1     5    12     0     0   -51.0   26.767  -97.155     44.0   1015.2
     1     1    23     1     5    11     0     1   -52.0   26.734  -97.152     41.4   1015.2
     1     1    23     1     5    10     0     2   -53.0   26.698  -97.135     38.6   1015.2
     1     1    23     1     5     9     0     3   -54.0   26.658  -97.102     35.9   1015.3
     1     1    23     1     5     8     0     2   -55.0   26.618  -97.052     34.3   1015.9
     1     1    23     1     5     7     0     1   -56.0   26.585  -96.988     34.9   1016.1
     1     1    23     1     5     6     0     0   -57.0   26.557  -96.911     37.9   1015.9
     1     1    23     1     5     5     0     1   -58.0   26.542  -96.824     41.1   1015.4
     1     1    23     1     5     4     0     2   -59.0   26.544  -96.731     41.7   1015.3
     1     1    23     1     5     3     0     3   -60.0   26.563  -96.632     39.3   1015.5
     1     1    23     1     5     2     0     2   -61.0   26.610  -96.535     36.7   1015.0
     1     1    23     1     5     1     0     1   -62.0   26.695  -96.451     36.9   1014.0
     1     1    23     1     5     0     0     0   -63.0   26.816  -96.385     40.3   1012.7
     1     1    23     1     4    23     0     1   -64.0   26.961  -96.341     46.0   1012.1
     1     1    23     1     4    22     0     2   -65.0   27.111  -96.319     51.8   1011.6
     1     1    23     1     4    21     0     3   -66.0   27.259  -96.320     56.8   1011.0
     1     1    23     1     4    20     0     2   -67.0   27.403  -96.348     61.5   1010.9
     1     1    23     1     4    19     0     1   -68.0   27.545  -96.407     66.2   1010.6
     1     1    23     1     4    18     0     0   -69.0   27.695  -96.496     70.0   1010.5
     1     1    23     1     4    17     0     1   -70.0   27.851  -96.600     74.6   1009.9
     1     1    23     1     4    16     0     2   -71.0   28.004  -96.703     84.6   1008.7
     1     1    23     1     4    15     0     3   -72.0   28.146  -96.801    102.8   1006.4
     1     1    23     1     4    14     0     2   -73.0   28.277  -96.909    127.5   1003.0
     1     1    23     1     4    13     0     1   -74.0   28.400  -97.033    157.7    998.9
     1     1    23     1     4    12     0     0   -75.0   28.518  -97.161    198.2    992.1
     1     1    23     1     4    11     0     1   -76.0   28.632  -97.280    242.2    984.5
     1     1    23     1     4    10     0     2   -77.0   28.749  -97.391    274.2    978.9
     1     1    23     1     4     9     0     3   -78.0   28.885  -97.501    291.0    975.3
     1     1    23     1     4     8     0     2   -79.0   29.022  -97.611    306.9    973.2
     1     1    23     1     4     7     0     1   -80.0   29.125  -97.728    327.1    967.0
     1     1    23     1     4     6     0     0   -81.0   29.190  -97.855    337.3    961.5
     1     1    23     1     4     5     0     1   -82.0   29.225  -97.977    319.2    960.1
     1     1    23     1     4     4     0     2   -83.0   29.240  -98.077    281.2    963.8
     1     1    23     1     4     3     0     3   -84.0   29.240  -98.157    239.3    967.7
     1     1    23     1     4     2     0     2   -85.0   29.240  -98.221    213.0    970.0
     1     1    23     1     4     1     0     1   -86.0   29.247  -98.284    208.7    967.5
     1     1    23     1     4     0     0     0   -87.0   29.259  -98.352    217.1    963.8
     1     1    23     1     3    23     0     1   -88.0   29.287  -98.439    234.6    959.4
     1     1    23     1     3    22     0     2   -89.0   29.335  -98.565    262.2    952.8
     1     1    23     1     3    21     0     3   -90.0   29.392  -98.735    298.0    943.1
     1     1    23     1     3    20     0     2   -91.0   29.448  -98.927    329.5    933.3
     1     1    23     1     3    19     0     1   -92.0   29.506  -99.112    350.3    927.7
     1     1    23     1     3    18     0     0   -93.0   29.568  -99.278    370.3    923.4
     1     1    23     1     3    17     0     1   -94.0   29.666  -99.449    410.0    915.4
     1     1    23     1     3    16     0     2   -95.0   29.811  -99.672    475.7    898.5
     1     1    23     1     3    15     0     3   -96.0   29.972  -99.981    513.9    878.9
     1     1    23     1     3    14     0     2   -97.0   30.156 -100.349    528.0    883.5
     1     1    23     1     3    13     0     1   -98.0   30.350 -100.778    599.3    878.2
     1     1    23     1     3    12     0     0   -99.0   30.512 -101.277    712.9    857.2
     1     1    23     1     3    11     0     1  -100.0   30.645 -101.825    786.3    841.5
     1     1    23     1     3    10     0     2  -101.0   30.762 -102.383    850.0    832.7
     1     1    23     1     3     9     0     3  -102.0   30.849 -102.968    982.1    811.6
     1     1    23     1     3     8     0     2  -103.0   30.887 -103.622   1196.9    767.2
     1     1    23     1     3     7     0     1  -104.0   30.799 -104.367   1398.8    720.9
     1     1    23     1     3     6     0     0  -105.0   30.577 -105.119   1500.7    712.1
     1     1    23     1     3     5     0     1  -106.0   30.366 -105.816   1547.8    704.5
     1     1    23     1     3     4     0     2  -107.0   30.221 -106.451   1553.4    700.6
     1     1    23     1     3     3     0     3  -108.0   30.099 -107.034   1470.0    703.2
     1     1    23     1     3     2     0     2  -109.0   29.938 -107.721   1397.7    686.1
     1     1    23     1     3     1     0     1  -110.0   29.701 -108.603   1500.1    689.2
     1     1    23     1     3     0     0     0  -111.0   29.350 -109.178   1466.5    736.5
     1     1    23     1     2    23     0     1  -112.0   29.016 -109.613   1455.5    762.8
     1     1    23     1     2    22     0     2  -113.0   28.717 -109.945   1369.9    792.3
     1     1    23     1     2    21     0     3  -114.0   28.468 -110.171   1221.9    837.2
     1     1    23     1     2    20     0     2  -115.0   28.251 -110.350   1127.3    866.8
     1     1    23     1     2    19     0     1  -116.0   28.036 -110.524   1120.8    876.2
     1     1    23     1     2    18     0     0  -117.0   27.814 -110.692   1130.0    876.8
     1     1    23     1     2    17     0     1  -118.0   27.599 -110.833   1118.2    881.7
     1     1    23     1     2    16     0     2  -119.0   27.405 -110.953   1082.3    887.9
     1     1    23     1     2    15     0     3  -120.0   27.244 -111.054   1019.8    896.1
