     8     1
    GDAS    22    12    22     0     0
    GDAS    22    12    29     0     0
    GDAS    23     1     1     0     0
    GDAS    23     1     8     0     0
    GDAS    23     1    15     0     0
    GDAS    23     1    22     0     0
    GDAS    23     1    29     0     0
    GDAS    23     2     1     0     0
     1 BACKWARD OMEGA   
    23     1     7    14   32.716  -96.748   500.0
     1 PRESSURE
     1     1    23     1     7    14     0     2     0.0   32.716  -96.748    500.0    942.9
     1     1    23     1     7    13     0     1    -1.0   32.827  -96.915    465.6    945.9
     1     1    23     1     7    12     0     0    -2.0   32.990  -97.083    419.5    949.5
     1     1    23     1     7    11     0     1    -3.0   33.162  -97.273    373.3    951.3
     1     1    23     1     7    10     0     2    -4.0   33.290  -97.502    340.8    949.3
     1     1    23     1     7     9     0     3    -5.0   33.420  -97.752    314.4    947.8
     1     1    23     1     7     8     0     2    -6.0   33.551  -98.023    301.7    946.9
     1     1    23     1     7     7     0     1    -7.0   33.650  -98.344    293.0    943.9
     1     1    23     1     7     6     0     0    -8.0   33.763  -98.733    268.8    944.2
     1     1    23     1     7     5     0     1    -9.0   33.907  -99.127    242.8    944.8
     1     1    23     1     7     4     0     2   -10.0   34.039  -99.508    244.5    938.0
     1     1    23     1     7     3     0     3   -11.0   34.260  -99.979    313.1    920.4
     1     1    23     1     7     2     0     2   -12.0   34.476 -100.509    436.8    885.2
     1     1    23     1     7     1     0     1   -13.0   34.598 -101.031    508.2    855.5
     1     1    23     1     7     0     0     0   -14.0   34.701 -101.574    526.6    845.7
     1     1    23     1     6    23     0     1   -15.0   34.773 -102.162    604.4    831.3
     1     1    23     1     6    22     0     2   -16.0   34.805 -102.794    731.3    798.5
     1     1    23     1     6    21     0     3   -17.0   34.802 -103.439    805.6    781.6
     1     1    23     1     6    20     0     2   -18.0   34.785 -104.079    888.4    773.9
     1     1    23     1     6    19     0     1   -19.0   34.761 -104.756   1089.7    746.4
     1     1    23     1     6    18     0     0   -20.0   34.702 -105.500   1200.5    696.5
     1     1    23     1     6    17     0     1   -21.0   34.655 -106.149   1075.4    700.2
     1     1    23     1     6    16     0     2   -22.0   34.631 -106.670    932.8    737.2
     1     1    23     1     6    15     0     3   -23.0   34.604 -107.177    922.9    741.3
     1     1    23     1     6    14     0     2   -24.0   34.504 -107.832   1107.9    695.6
     1     1    23     1     6    13     0     1   -25.0   34.330 -108.670   1294.0    653.9
     1     1    23     1     6    12     0     0   -26.0   34.138 -109.488   1245.0    673.6
     1     1    23     1     6    11     0     1   -27.0   33.891 -110.169   1208.9    706.7
     1     1    23     1     6    10     0     2   -28.0   33.666 -110.667   1193.8    743.0
     1     1    23     1     6     9     0     3   -29.0   33.485 -111.070   1225.7    763.3
     1     1    23     1     6     8     0     2   -30.0   33.336 -111.427   1238.8    784.4
     1     1    23     1     6     7     0     1   -31.0   33.222 -111.748   1165.4    816.1
     1     1    23     1     6     6     0     0   -32.0   33.139 -112.043   1029.3    848.9
     1     1    23     1     6     5     0     1   -33.0   33.073 -112.323    852.1    877.8
     1     1    23     1     6     4     0     2   -34.0   33.005 -112.597    677.1    908.8
     1     1    23     1     6     3     0     3   -35.0   32.906 -112.856    533.1    927.9
     1     1    23     1     6     2     0     2   -36.0   32.778 -113.081    429.4    940.1
     1     1    23     1     6     1     0     1   -37.0   32.644 -113.271    363.7    944.6
     1     1    23     1     6     0     0     0   -38.0   32.500 -113.428    321.2    946.9
     1     1    23     1     5    23     0     1   -39.0   32.337 -113.536    279.6    951.9
     1     1    23     1     5    22     0     2   -40.0   32.150 -113.590    226.1    958.9
     1     1    23     1     5    21     0     3   -41.0   31.931 -113.615    164.7    969.9
     1     1    23     1     5    20     0     2   -42.0   31.715 -113.621    120.3    984.2
     1     1    23     1     5    19     0     1   -43.0   31.528 -113.607     97.1    991.8
     1     1    23     1     5    18     0     0   -44.0   31.363 -113.578     85.2    998.0
     1     1    23     1     5    17     0     1   -45.0   31.216 -113.541     77.6   1002.3
     1     1    23     1     5    16     0     2   -46.0   31.088 -113.496     70.2   1006.7
     1     1    23     1     5    15     0     3   -47.0   30.982 -113.440     62.9   1010.2
     1     1    23     1     5    14     0     2   -48.0   30.895 -113.379     57.4   1010.4
     1     1    23     1     5    13     0     1   -49.0   30.818 -113.322     54.7   1009.8
     1     1    23     1     5    12     0     0   -50.0   30.749 -113.266     54.3   1008.9
     1     1    23     1     5    11     0     1   -51.0   30.694 -113.221     54.8   1009.7
     1     1    23     1     5    10     0     2   -52.0   30.654 -113.197     54.7   1010.6
     1     1    23     1     5     9     0     3   -53.0   30.630 -113.195     53.6   1011.6
     1     1    23     1     5     8     0     2   -54.0   30.611 -113.204     52.2   1012.1
     1     1    23     1     5     7     0     1   -55.0   30.591 -113.215     50.9   1012.6
     1     1    23     1     5     6     0     0   -56.0   30.570 -113.230     49.7   1013.0
     1     1    23     1     5     5     0     1   -57.0   30.554 -113.246     48.6   1013.2
     1     1    23     1     5     4     0     2   -58.0   30.550 -113.259     47.4   1013.4
     1     1    23     1     5     3     0     3   -59.0   30.556 -113.268     46.1   1013.5
     1     1    23     1     5     2     0     2   -60.0   30.569 -113.282     44.4   1012.8
     1     1    23     1     5     1     0     1   -61.0   30.584 -113.306     42.5   1012.1
     1     1    23     1     5     0     0     0   -62.0   30.602 -113.338     40.3   1011.4
     1     1    23     1     4    23     0     1   -63.0   30.615 -113.362     38.5   1012.1
     1     1    23     1     4    22     0     2   -64.0   30.619 -113.364     37.3   1012.7
     1     1    23     1     4    21     0     3   -65.0   30.615 -113.346     36.7   1013.3
     1     1    23     1     4    20     0     2   -66.0   30.602 -113.311     36.6   1014.1
     1     1    23     1     4    19     0     1   -67.0   30.581 -113.259     36.8   1014.8
     1     1    23     1     4    18     0     0   -68.0   30.552 -113.188     37.5   1015.5
     1     1    23     1     4    17     0     1   -69.0   30.523 -113.105     39.1   1014.8
     1     1    23     1     4    16     0     2   -70.0   30.503 -113.016     41.8   1014.0
     1     1    23     1     4    15     0     3   -71.0   30.490 -112.924     45.4   1007.8
     1     1    23     1     4    14     0     2   -72.0   30.481 -112.836     50.8   1000.8
     1     1    23     1     4    13     0     1   -73.0   30.469 -112.754     58.5    994.0
     1     1    23     1     4    12     0     0   -74.0   30.455 -112.678     69.4    986.9
     1     1    23     1     4    11     0     1   -75.0   30.429 -112.608     81.5    980.2
     1     1    23     1     4    10     0     2   -76.0   30.386 -112.545     91.9    974.4
     1     1    23     1     4     9     0     3   -77.0   30.325 -112.487    100.1    969.4
     1     1    23     1     4     8     0     2   -78.0   30.266 -112.434    108.9    964.8
     1     1    23     1     4     7     0     1   -79.0   30.229 -112.384    120.6    960.0
     1     1    23     1     4     6     0     0   -80.0   30.214 -112.339    134.7    955.4
     1     1    23     1     4     5     0     1   -81.0   30.204 -112.302    150.5    950.4
     1     1    23     1     4     4     0     2   -82.0   30.179 -112.277    169.1    946.1
     1     1    23     1     4     3     0     3   -83.0   30.137 -112.266    193.9    942.2
     1     1    23     1     4     2     0     2   -84.0   30.077 -112.270    219.9    937.8
     1     1    23     1     4     1     0     1   -85.0   29.999 -112.290    236.4    936.4
     1     1    23     1     4     0     0     0   -86.0   29.906 -112.324    245.8    941.8
     1     1    23     1     3    23     0     1   -87.0   29.804 -112.358    251.2    947.7
     1     1    23     1     3    22     0     2   -88.0   29.691 -112.380    249.1    953.6
     1     1    23     1     3    21     0     3   -89.0   29.564 -112.388    236.6    960.2
     1     1    23     1     3    20     0     2   -90.0   29.429 -112.378    229.2    968.5
     1     1    23     1     3    19     0     1   -91.0   29.299 -112.352    243.7    971.9
     1     1    23     1     3    18     0     0   -92.0   29.183 -112.312    278.4    973.0
     1     1    23     1     3    17     0     1   -93.0   29.078 -112.262    325.6    969.6
     1     1    23     1     3    16     0     2   -94.0   28.967 -112.201    380.3    966.5
     1     1    23     1     3    15     0     3   -95.0   28.837 -112.140    449.6    958.1
     1     1    23     1     3    14     0     2   -96.0   28.700 -112.100    518.5    948.1
     1     1    23     1     3    13     0     1   -97.0   28.579 -112.082    565.8    942.9
     1     1    23     1     3    12     0     0   -98.0   28.477 -112.082    591.5    940.4
     1     1    23     1     3    11     0     1   -99.0   28.398 -112.096    601.1    940.0
     1     1    23     1     3    10     0     2  -100.0   28.343 -112.118    599.4    940.1
     1     1    23     1     3     9     0     3  -101.0   28.312 -112.144    589.0    940.8
     1     1    23     1     3     8     0     2  -102.0   28.299 -112.179    582.4    941.6
     1     1    23     1     3     7     0     1  -103.0   28.300 -112.229    592.2    938.8
     1     1    23     1     3     6     0     0  -104.0   28.314 -112.301    619.8    933.6
     1     1    23     1     3     5     0     1  -105.0   28.338 -112.408    668.0    925.2
     1     1    23     1     3     4     0     2  -106.0   28.370 -112.562    746.9    912.9
     1     1    23     1     3     3     0     3  -107.0   28.410 -112.775    882.8    895.3
     1     1    23     1     3     2     0     2  -108.0   28.465 -113.062   1095.2    868.7
     1     1    23     1     3     1     0     1  -109.0   28.559 -113.406   1295.9    845.0
     1     1    23     1     3     0     0     0  -110.0   28.693 -113.788   1428.7    831.5
     1     1    23     1     2    23     0     1  -111.0   28.868 -114.203   1529.4    819.4
     1     1    23     1     2    22     0     2  -112.0   29.068 -114.626   1652.2    819.9
     1     1    23     1     2    21     0     3  -113.0   29.319 -115.069   1807.7    798.8
     1     1    23     1     2    20     0     2  -114.0   29.633 -115.540   1910.5    781.6
     1     1    23     1     2    19     0     1  -115.0   29.948 -115.983   1912.5    799.7
     1     1    23     1     2    18     0     0  -116.0   30.237 -116.386   1882.9    808.8
     1     1    23     1     2    17     0     1  -117.0   30.531 -116.794   1907.1    805.4
     1     1    23     1     2    16     0     2  -118.0   30.844 -117.215   1946.1    801.1
     1     1    23     1     2    15     0     3  -119.0   31.182 -117.634   1948.8    798.6
     1     1    23     1     2    14     0     2  -120.0   31.540 -118.048   1904.4    802.9
