     8     1
    GDAS    22    12    22     0     0
    GDAS    22    12    29     0     0
    GDAS    23     1     1     0     0
    GDAS    23     1     8     0     0
    GDAS    23     1    15     0     0
    GDAS    23     1    22     0     0
    GDAS    23     1    29     0     0
    GDAS    23     2     1     0     0
     1 BACKWARD OMEGA   
    23     1     9    12   32.716  -96.748  1000.0
     1 PRESSURE
     1     1    23     1     9    12     0     0     0.0   32.716  -96.748   1000.0    889.3
     1     1    23     1     9    11     0     1    -1.0   32.547  -96.925   1034.5    885.0
     1     1    23     1     9    10     0     2    -2.0   32.373  -97.091   1067.2    876.8
     1     1    23     1     9     9     0     3    -3.0   32.192  -97.244   1070.0    872.2
     1     1    23     1     9     8     0     2    -4.0   32.007  -97.369   1053.6    873.9
     1     1    23     1     9     7     0     1    -5.0   31.826  -97.465   1044.5    874.9
     1     1    23     1     9     6     0     0    -6.0   31.647  -97.535   1039.0    874.7
     1     1    23     1     9     5     0     1    -7.0   31.487  -97.573   1035.8    875.6
     1     1    23     1     9     4     0     2    -8.0   31.360  -97.577   1041.4    875.6
     1     1    23     1     9     3     0     3    -9.0   31.264  -97.548   1056.5    874.9
     1     1    23     1     9     2     0     2   -10.0   31.203  -97.495   1073.7    873.4
     1     1    23     1     9     1     0     1   -11.0   31.180  -97.432   1089.1    872.9
     1     1    23     1     9     0     0     0   -12.0   31.194  -97.359   1106.9    872.4
     1     1    23     1     8    23     0     1   -13.0   31.238  -97.287   1145.7    871.1
     1     1    23     1     8    22     0     2   -14.0   31.303  -97.232   1220.5    863.9
     1     1    23     1     8    21     0     3   -15.0   31.388  -97.206   1330.0    852.2
     1     1    23     1     8    20     0     2   -16.0   31.486  -97.211   1438.7    838.0
     1     1    23     1     8    19     0     1   -17.0   31.594  -97.239   1509.7    830.0
     1     1    23     1     8    18     0     0   -18.0   31.713  -97.285   1542.1    826.1
     1     1    23     1     8    17     0     1   -19.0   31.840  -97.348   1551.8    824.9
     1     1    23     1     8    16     0     2   -20.0   31.976  -97.427   1553.5    823.0
     1     1    23     1     8    15     0     3   -21.0   32.123  -97.515   1545.6    822.5
     1     1    23     1     8    14     0     2   -22.0   32.268  -97.615   1522.9    823.4
     1     1    23     1     8    13     0     1   -23.0   32.400  -97.725   1489.6    825.7
     1     1    23     1     8    12     0     0   -24.0   32.523  -97.842   1459.2    827.5
     1     1    23     1     8    11     0     1   -25.0   32.636  -97.966   1470.6    827.5
     1     1    23     1     8    10     0     2   -26.0   32.730  -98.110   1549.7    817.6
     1     1    23     1     8     9     0     3   -27.0   32.801  -98.286   1682.8    802.4
     1     1    23     1     8     8     0     2   -28.0   32.842  -98.496   1808.3    784.0
     1     1    23     1     8     7     0     1   -29.0   32.856  -98.719   1897.5    776.0
     1     1    23     1     8     6     0     0   -30.0   32.847  -98.949   1986.9    768.0
     1     1    23     1     8     5     0     1   -31.0   32.836  -99.183   2070.2    756.1
     1     1    23     1     8     4     0     2   -32.0   32.847  -99.419   2103.5    749.9
     1     1    23     1     8     3     0     3   -33.0   32.886  -99.663   2057.1    751.7
     1     1    23     1     8     2     0     2   -34.0   32.950  -99.917   1989.2    763.6
     1     1    23     1     8     1     0     1   -35.0   33.031 -100.209   1975.5    759.5
     1     1    23     1     8     0     0     0   -36.0   33.115 -100.544   1973.7    746.5
     1     1    23     1     7    23     0     1   -37.0   33.190 -100.910   1944.0    739.8
     1     1    23     1     7    22     0     2   -38.0   33.238 -101.307   1946.4    735.9
     1     1    23     1     7    21     0     3   -39.0   33.232 -101.732   1981.3    720.0
     1     1    23     1     7    20     0     2   -40.0   33.183 -102.152   1985.0    713.8
     1     1    23     1     7    19     0     1   -41.0   33.118 -102.556   1966.3    710.0
     1     1    23     1     7    18     0     0   -42.0   33.044 -102.947   1899.5    708.2
     1     1    23     1     7    17     0     1   -43.0   32.962 -103.301   1822.1    719.1
     1     1    23     1     7    16     0     2   -44.0   32.877 -103.612   1779.3    722.0
     1     1    23     1     7    15     0     3   -45.0   32.801 -103.886   1739.7    723.7
     1     1    23     1     7    14     0     2   -46.0   32.733 -104.149   1697.9    725.0
     1     1    23     1     7    13     0     1   -47.0   32.664 -104.428   1658.5    720.4
     1     1    23     1     7    12     0     0   -48.0   32.597 -104.728   1612.9    716.0
     1     1    23     1     7    11     0     1   -49.0   32.532 -105.028   1551.1    713.1
     1     1    23     1     7    10     0     2   -50.0   32.463 -105.306   1480.7    718.9
     1     1    23     1     7     9     0     3   -51.0   32.389 -105.576   1418.6    723.7
     1     1    23     1     7     8     0     2   -52.0   32.317 -105.864   1382.3    724.7
     1     1    23     1     7     7     0     1   -53.0   32.254 -106.169   1360.2    725.9
     1     1    23     1     7     6     0     0   -54.0   32.205 -106.457   1284.2    733.2
     1     1    23     1     7     5     0     1   -55.0   32.188 -106.718   1171.0    752.8
     1     1    23     1     7     4     0     2   -56.0   32.199 -106.968   1099.8    765.4
     1     1    23     1     7     3     0     3   -57.0   32.222 -107.227   1107.1    762.1
     1     1    23     1     7     2     0     2   -58.0   32.246 -107.511   1171.5    744.5
     1     1    23     1     7     1     0     1   -59.0   32.274 -107.830   1257.7    727.3
     1     1    23     1     7     0     0     0   -60.0   32.297 -108.190   1354.4    713.9
     1     1    23     1     6    23     0     1   -61.0   32.308 -108.561   1447.4    710.7
     1     1    23     1     6    22     0     2   -62.0   32.305 -108.925   1566.0    708.2
     1     1    23     1     6    21     0     3   -63.0   32.301 -109.293   1723.3    698.1
     1     1    23     1     6    20     0     2   -64.0   32.307 -109.662   1844.3    687.7
     1     1    23     1     6    19     0     1   -65.0   32.329 -110.011   1898.0    690.9
     1     1    23     1     6    18     0     0   -66.0   32.376 -110.336   1951.5    702.9
     1     1    23     1     6    17     0     1   -67.0   32.453 -110.664   2017.8    707.2
     1     1    23     1     6    16     0     2   -68.0   32.562 -111.011   2072.2    713.1
     1     1    23     1     6    15     0     3   -69.0   32.707 -111.373   2117.1    722.9
     1     1    23     1     6    14     0     2   -70.0   32.861 -111.755   2176.5    734.9
     1     1    23     1     6    13     0     1   -71.0   33.007 -112.165   2246.7    741.9
     1     1    23     1     6    12     0     0   -72.0   33.168 -112.630   2313.1    736.7
     1     1    23     1     6    11     0     1   -73.0   33.340 -113.172   2400.0    727.3
     1     1    23     1     6    10     0     2   -74.0   33.497 -113.767   2480.5    719.1
     1     1    23     1     6     9     0     3   -75.0   33.667 -114.402   2559.5    717.6
     1     1    23     1     6     8     0     2   -76.0   33.889 -115.071   2732.7    705.1
     1     1    23     1     6     7     0     1   -77.0   34.107 -115.838   2906.2    633.5
     1     1    23     1     6     6     0     0   -78.0   34.342 -116.711   3179.3    618.6
     1     1    23     1     6     5     0     1   -79.0   34.599 -117.641   3783.9    577.0
     1     1    23     1     6     4     0     2   -80.0   34.795 -118.467   3751.4    601.6
     1     1    23     1     6     3     0     3   -81.0   35.071 -119.331   3914.2    577.2
     1     1    23     1     6     2     0     2   -82.0   35.353 -120.184   4129.4    571.6
     1     1    23     1     6     1     0     1   -83.0   35.541 -120.977   4258.0    580.8
     1     1    23     1     6     0     0     0   -84.0   35.764 -121.780   4454.5    578.2
     1     1    23     1     5    23     0     1   -85.0   36.020 -122.581   4766.6    553.2
     1     1    23     1     5    22     0     2   -86.0   36.171 -123.309   4911.6    543.2
     1     1    23     1     5    21     0     3   -87.0   36.351 -124.055   5019.9    535.6
     1     1    23     1     5    20     0     2   -88.0   36.562 -124.810   5163.3    524.1
     1     1    23     1     5    19     0     1   -89.0   36.727 -125.541   5309.1    511.7
     1     1    23     1     5    18     0     0   -90.0   36.924 -126.295   5439.2    502.1
     1     1    23     1     5    17     0     1   -91.0   37.210 -127.129   5459.6    499.2
     1     1    23     1     5    16     0     2   -92.0   37.423 -127.942   5431.9    500.2
     1     1    23     1     5    15     0     3   -93.0   37.598 -128.728   5376.7    502.6
     1     1    23     1     5    14     0     2   -94.0   37.807 -129.620   5307.1    506.8
     1     1    23     1     5    13     0     1   -95.0   38.079 -130.651   5248.5    510.0
     1     1    23     1     5    12     0     0   -96.0   38.322 -131.655   5220.1    509.6
     1     1    23     1     5    11     0     1   -97.0   38.607 -132.712   5176.2    512.4
     1     1    23     1     5    10     0     2   -98.0   38.969 -133.840   5191.2    510.9
     1     1    23     1     5     9     0     3   -99.0   39.307 -134.881   5245.2    504.8
     1     1    23     1     5     8     0     2  -100.0   39.728 -135.921   5247.2    504.3
     1     1    23     1     5     7     0     1  -101.0   40.213 -136.906   5285.2    500.8
     1     1    23     1     5     6     0     0  -102.0   40.679 -137.758   5326.3    496.7
     1     1    23     1     5     5     0     1  -103.0   41.148 -138.529   5352.7    495.7
     1     1    23     1     5     4     0     2  -104.0   41.650 -139.296   5419.2    489.3
     1     1    23     1     5     3     0     3  -105.0   42.127 -139.961   5442.0    488.2
     1     1    23     1     5     2     0     2  -106.0   42.572 -140.525   5475.6    486.6
     1     1    23     1     5     1     0     1  -107.0   42.964 -140.999   5541.0    482.3
     1     1    23     1     5     0     0     0  -108.0   43.268 -141.380   5636.1    476.6
     1     1    23     1     4    23     0     1  -109.0   43.516 -141.744   5760.6    467.1
     1     1    23     1     4    22     0     2  -110.0   43.669 -142.078   5873.2    458.8
     1     1    23     1     4    21     0     3  -111.0   43.748 -142.375   5948.9    453.4
     1     1    23     1     4    20     0     2  -112.0   43.784 -142.687   6002.6    452.3
     1     1    23     1     4    19     0     1  -113.0   43.751 -143.048   6092.2    448.5
     1     1    23     1     4    18     0     0  -114.0   43.645 -143.437   6246.2    438.8
     1     1    23     1     4    17     0     1  -115.0   43.478 -143.813   6437.3    426.0
     1     1    23     1     4    16     0     2  -116.0   43.268 -144.176   6627.1    413.8
     1     1    23     1     4    15     0     3  -117.0   42.986 -144.527   6747.7    403.8
     1     1    23     1     4    14     0     2  -118.0   42.662 -144.817   6752.7    403.4
     1     1    23     1     4    13     0     1  -119.0   42.365 -145.034   6706.1    409.6
     1     1    23     1     4    12     0     0  -120.0   42.094 -145.177   6661.0    413.3
