     8     1
    GDAS    22    12    22     0     0
    GDAS    22    12    29     0     0
    GDAS    23     1     1     0     0
    GDAS    23     1     8     0     0
    GDAS    23     1    15     0     0
    GDAS    23     1    22     0     0
    GDAS    23     1    29     0     0
    GDAS    23     2     1     0     0
     1 BACKWARD OMEGA   
    23     1    13    15   32.716  -96.748  1500.0
     1 PRESSURE
     1     1    23     1    13    15     0     3     0.0   32.716  -96.748   1500.0    840.4
     1     1    23     1    13    14     0     2    -1.0   33.107  -96.846   1499.8    841.3
     1     1    23     1    13    13     0     1    -2.0   33.513  -96.977   1507.8    836.7
     1     1    23     1    13    12     0     0    -3.0   33.935  -97.137   1509.2    831.3
     1     1    23     1    13    11     0     1    -4.0   34.357  -97.326   1523.1    827.6
     1     1    23     1    13    10     0     2    -5.0   34.758  -97.554   1571.2    816.9
     1     1    23     1    13     9     0     3    -6.0   35.131  -97.813   1636.5    807.8
     1     1    23     1    13     8     0     2    -7.0   35.486  -98.072   1697.4    798.9
     1     1    23     1    13     7     0     1    -8.0   35.840  -98.314   1745.4    789.5
     1     1    23     1    13     6     0     0    -9.0   36.186  -98.557   1792.3    778.3
     1     1    23     1    13     5     0     1   -10.0   36.512  -98.810   1851.8    769.3
     1     1    23     1    13     4     0     2   -11.0   36.824  -99.074   1959.1    758.4
     1     1    23     1    13     3     0     3   -12.0   37.138  -99.353   2106.2    738.7
     1     1    23     1    13     2     0     2   -13.0   37.458  -99.637   2223.4    717.2
     1     1    23     1    13     1     0     1   -14.0   37.763  -99.916   2308.5    704.9
     1     1    23     1    13     0     0     0   -15.0   38.047 -100.196   2422.7    690.5
     1     1    23     1    12    23     0     1   -16.0   38.334 -100.474   2566.9    672.9
     1     1    23     1    12    22     0     2   -17.0   38.622 -100.738   2721.1    657.8
     1     1    23     1    12    21     0     3   -18.0   38.872 -100.959   2925.6    639.0
     1     1    23     1    12    20     0     2   -19.0   39.121 -101.150   3113.8    613.1
     1     1    23     1    12    19     0     1   -20.0   39.401 -101.349   3210.5    603.4
     1     1    23     1    12    18     0     0   -21.0   39.707 -101.548   3277.6    600.1
     1     1    23     1    12    17     0     1   -22.0   40.024 -101.756   3369.7    592.2
     1     1    23     1    12    16     0     2   -23.0   40.335 -102.000   3459.4    578.7
     1     1    23     1    12    15     0     3   -24.0   40.628 -102.281   3506.0    566.9
     1     1    23     1    12    14     0     2   -25.0   40.913 -102.590   3504.9    561.8
     1     1    23     1    12    13     0     1   -26.0   41.174 -102.918   3465.7    560.8
     1     1    23     1    12    12     0     0   -27.0   41.393 -103.264   3401.2    562.4
     1     1    23     1    12    11     0     1   -28.0   41.590 -103.609   3381.7    566.4
     1     1    23     1    12    10     0     2   -29.0   41.754 -103.929   3458.9    562.2
     1     1    23     1    12     9     0     3   -30.0   41.870 -104.249   3584.4    547.8
     1     1    23     1    12     8     0     2   -31.0   41.985 -104.590   3711.5    533.6
     1     1    23     1    12     7     0     1   -32.0   42.126 -104.919   3837.9    520.1
     1     1    23     1    12     6     0     0   -33.0   42.249 -105.195   3905.8    503.5
     1     1    23     1    12     5     0     1   -34.0   42.367 -105.428   3882.7    498.8
     1     1    23     1    12     4     0     2   -35.0   42.506 -105.634   3786.7    502.7
     1     1    23     1    12     3     0     3   -36.0   42.668 -105.802   3657.1    511.5
     1     1    23     1    12     2     0     2   -37.0   42.835 -105.940   3564.6    522.2
     1     1    23     1    12     1     0     1   -38.0   43.001 -106.074   3580.1    524.0
     1     1    23     1    12     0     0     0   -39.0   43.167 -106.211   3678.3    514.9
     1     1    23     1    11    23     0     1   -40.0   43.311 -106.338   3751.0    501.5
     1     1    23     1    11    22     0     2   -41.0   43.424 -106.441   3744.3    499.1
     1     1    23     1    11    21     0     3   -42.0   43.519 -106.511   3681.3    500.2
     1     1    23     1    11    20     0     2   -43.0   43.583 -106.543   3589.7    505.3
     1     1    23     1    11    19     0     1   -44.0   43.603 -106.544   3482.1    511.6
     1     1    23     1    11    18     0     0   -45.0   43.583 -106.518   3351.0    521.8
     1     1    23     1    11    17     0     1   -46.0   43.544 -106.482   3187.6    534.1
     1     1    23     1    11    16     0     2   -47.0   43.506 -106.448   2995.6    550.6
     1     1    23     1    11    15     0     3   -48.0   43.467 -106.427   2792.0    566.4
     1     1    23     1    11    14     0     2   -49.0   43.415 -106.447   2563.0    582.5
     1     1    23     1    11    13     0     1   -50.0   43.321 -106.523   2249.2    601.3
     1     1    23     1    11    12     0     0   -51.0   43.139 -106.652   1727.3    637.8
     1     1    23     1    11    11     0     1   -52.0   42.910 -106.727   1254.4    708.7
     1     1    23     1    11    10     0     2   -53.0   42.679 -106.779   1014.4    714.3
     1     1    23     1    11     9     0     3   -54.0   42.401 -106.887    905.1    709.6
     1     1    23     1    11     8     0     2   -55.0   42.013 -107.130    807.1    706.9
     1     1    23     1    11     7     0     1   -56.0   41.557 -107.422    726.7    706.5
     1     1    23     1    11     6     0     0   -57.0   41.085 -107.673    672.3    711.4
     1     1    23     1    11     5     0     1   -58.0   40.591 -107.888    679.9    722.3
     1     1    23     1    11     4     0     2   -59.0   40.057 -108.112    768.5    713.4
     1     1    23     1    11     3     0     3   -60.0   39.513 -108.383    851.8    697.9
     1     1    23     1    11     2     0     2   -61.0   39.029 -108.686    955.1    699.7
     1     1    23     1    11     1     0     1   -62.0   38.550 -109.010   1027.1    696.3
     1     1    23     1    11     0     0     0   -63.0   38.016 -109.311   1087.2    699.3
     1     1    23     1    10    23     0     1   -64.0   37.504 -109.719   1163.5    707.8
     1     1    23     1    10    22     0     2   -65.0   37.091 -110.194    904.6    721.1
     1     1    23     1    10    21     0     3   -66.0   36.756 -110.512    632.1    777.7
     1     1    23     1    10    20     0     2   -67.0   36.478 -110.748    481.3    792.0
     1     1    23     1    10    19     0     1   -68.0   36.251 -110.925    426.6    791.4
     1     1    23     1    10    18     0     0   -69.0   36.061 -111.037    405.6    792.1
     1     1    23     1    10    17     0     1   -70.0   35.868 -111.178    418.6    790.8
     1     1    23     1    10    16     0     2   -71.0   35.633 -111.472    507.0    778.3
     1     1    23     1    10    15     0     3   -72.0   35.384 -111.829    568.1    764.1
     1     1    23     1    10    14     0     2   -73.0   35.140 -112.141    537.9    766.5
     1     1    23     1    10    13     0     1   -74.0   34.902 -112.387    480.2    786.5
     1     1    23     1    10    12     0     0   -75.0   34.661 -112.627    472.7    811.1
     1     1    23     1    10    11     0     1   -76.0   34.422 -112.843    492.3    831.9
     1     1    23     1    10    10     0     2   -77.0   34.204 -112.974    494.6    855.6
     1     1    23     1    10     9     0     3   -78.0   34.015 -113.000    469.4    879.4
     1     1    23     1    10     8     0     2   -79.0   33.856 -112.961    432.0    894.6
     1     1    23     1    10     7     0     1   -80.0   33.722 -112.916    398.8    905.3
     1     1    23     1    10     6     0     0   -81.0   33.606 -112.876    372.7    914.0
     1     1    23     1    10     5     0     1   -82.0   33.509 -112.840    351.8    920.7
     1     1    23     1    10     4     0     2   -83.0   33.429 -112.803    333.9    926.3
     1     1    23     1    10     3     0     3   -84.0   33.362 -112.769    318.0    931.0
     1     1    23     1    10     2     0     2   -85.0   33.308 -112.729    317.2    934.6
     1     1    23     1    10     1     0     1   -86.0   33.261 -112.679    346.7    932.9
     1     1    23     1    10     0     0     0   -87.0   33.216 -112.621    415.8    927.3
     1     1    23     1     9    23     0     1   -88.0   33.164 -112.573    508.4    916.4
     1     1    23     1     9    22     0     2   -89.0   33.103 -112.549    594.3    910.3
     1     1    23     1     9    21     0     3   -90.0   33.035 -112.549    667.9    905.9
     1     1    23     1     9    20     0     2   -91.0   32.963 -112.564    729.9    901.8
     1     1    23     1     9    19     0     1   -92.0   32.887 -112.589    785.8    895.3
     1     1    23     1     9    18     0     0   -93.0   32.808 -112.622    835.2    889.8
     1     1    23     1     9    17     0     1   -94.0   32.723 -112.663    871.2    884.0
     1     1    23     1     9    16     0     2   -95.0   32.631 -112.708    888.7    880.6
     1     1    23     1     9    15     0     3   -96.0   32.533 -112.752    890.7    879.0
     1     1    23     1     9    14     0     2   -97.0   32.438 -112.799    885.2    879.0
     1     1    23     1     9    13     0     1   -98.0   32.352 -112.852    878.4    879.0
     1     1    23     1     9    12     0     0   -99.0   32.274 -112.911    870.9    879.4
     1     1    23     1     9    11     0     1  -100.0   32.206 -112.973    866.6    880.5
     1     1    23     1     9    10     0     2  -101.0   32.146 -113.040    867.7    880.8
     1     1    23     1     9     9     0     3  -102.0   32.095 -113.110    871.3    881.0
     1     1    23     1     9     8     0     2  -103.0   32.048 -113.171    882.1    881.5
     1     1    23     1     9     7     0     1  -104.0   32.002 -113.212    905.9    879.4
     1     1    23     1     9     6     0     0  -105.0   31.956 -113.233    939.4    877.7
     1     1    23     1     9     5     0     1  -106.0   31.918 -113.241    976.7    875.0
     1     1    23     1     9     4     0     2  -107.0   31.890 -113.244   1017.7    871.9
     1     1    23     1     9     3     0     3  -108.0   31.871 -113.244   1064.5    867.6
     1     1    23     1     9     2     0     2  -109.0   31.864 -113.252   1113.9    862.5
     1     1    23     1     9     1     0     1  -110.0   31.872 -113.278   1163.7    857.9
     1     1    23     1     9     0     0     0  -111.0   31.893 -113.321   1221.1    852.3
     1     1    23     1     8    23     0     1  -112.0   31.913 -113.370   1290.7    845.4
     1     1    23     1     8    22     0     2  -113.0   31.917 -113.416   1359.7    838.4
     1     1    23     1     8    21     0     3  -114.0   31.909 -113.456   1410.2    833.8
     1     1    23     1     8    20     0     2  -115.0   31.897 -113.491   1448.1    833.1
     1     1    23     1     8    19     0     1  -116.0   31.889 -113.520   1486.7    830.8
     1     1    23     1     8    18     0     0  -117.0   31.884 -113.544   1526.4    827.9
     1     1    23     1     8    17     0     1  -118.0   31.883 -113.571   1553.5    824.1
     1     1    23     1     8    16     0     2  -119.0   31.886 -113.606   1556.5    824.4
     1     1    23     1     8    15     0     3  -120.0   31.894 -113.650   1539.9    826.8
