     8     1
    GDAS    22    12    22     0     0
    GDAS    22    12    29     0     0
    GDAS    23     1     1     0     0
    GDAS    23     1     8     0     0
    GDAS    23     1    15     0     0
    GDAS    23     1    22     0     0
    GDAS    23     1    29     0     0
    GDAS    23     2     1     0     0
     1 BACKWARD OMEGA   
    23     1    21    12   32.716  -96.748    10.0
     1 PRESSURE
     1     1    23     1    21    12     0     0     0.0   32.716  -96.748     10.0    996.3
     1     1    23     1    21    11     0     1    -1.0   32.646  -96.658      7.7    997.1
     1     1    23     1    21    10     0     2    -2.0   32.578  -96.550      5.1    998.3
     1     1    23     1    21     9     0     3    -3.0   32.515  -96.429      2.0    999.8
     1     1    23     1    21     8     0     2    -4.0   32.459  -96.307      0.0   1001.7
     1     1    23     1    21     7     0     1    -5.0   32.410  -96.190      0.0   1003.4
     1     1    23     1    21     6     0     0    -6.0   32.364  -96.076      0.0   1004.7
     1     1    23     1    21     5     0     1    -7.0   32.322  -95.962      0.0   1005.4
     1     1    23     1    21     4     0     2    -8.0   32.281  -95.844      0.0   1005.5
     1     1    23     1    21     3     0     3    -9.0   32.243  -95.722      0.0   1005.5
     1     1    23     1    21     2     0     2   -10.0   32.212  -95.597      0.0   1005.7
     1     1    23     1    21     1     0     1   -11.0   32.191  -95.474      0.5   1005.9
     1     1    23     1    21     0     0     0   -12.0   32.176  -95.359      1.8   1006.1
     1     1    23     1    20    23     0     1   -13.0   32.157  -95.248      3.3   1006.3
     1     1    23     1    20    22     0     2   -14.0   32.129  -95.135      4.4   1006.3
     1     1    23     1    20    21     0     3   -15.0   32.091  -95.014      4.9   1006.0
     1     1    23     1    20    20     0     2   -16.0   32.053  -94.894      4.9   1007.7
     1     1    23     1    20    19     0     1   -17.0   32.023  -94.785      5.1   1009.6
     1     1    23     1    20    18     0     0   -18.0   32.007  -94.682      5.7   1011.3
     1     1    23     1    20    17     0     1   -19.0   32.014  -94.580      6.6   1011.3
     1     1    23     1    20    16     0     2   -20.0   32.046  -94.472      7.5   1011.7
     1     1    23     1    20    15     0     3   -21.0   32.096  -94.361      8.3   1012.3
     1     1    23     1    20    14     0     2   -22.0   32.154  -94.260      8.9   1012.2
     1     1    23     1    20    13     0     1   -23.0   32.214  -94.177      9.3   1011.9
     1     1    23     1    20    12     0     0   -24.0   32.275  -94.109      9.6   1011.2
     1     1    23     1    20    11     0     1   -25.0   32.341  -94.053     10.0   1011.5
     1     1    23     1    20    10     0     2   -26.0   32.413  -94.009     10.5   1011.6
     1     1    23     1    20     9     0     3   -27.0   32.493  -93.975     11.3   1011.6
     1     1    23     1    20     8     0     2   -28.0   32.576  -93.952     12.4   1011.3
     1     1    23     1    20     7     0     1   -29.0   32.656  -93.943     14.1   1011.0
     1     1    23     1    20     6     0     0   -30.0   32.735  -93.951     16.1   1010.6
     1     1    23     1    20     5     0     1   -31.0   32.815  -93.976     19.1   1010.0
     1     1    23     1    20     4     0     2   -32.0   32.898  -94.024     23.8   1009.0
     1     1    23     1    20     3     0     3   -33.0   32.988  -94.097     31.3   1007.3
     1     1    23     1    20     2     0     2   -34.0   33.081  -94.190     39.9   1003.8
     1     1    23     1    20     1     0     1   -35.0   33.165  -94.292     45.6   1001.1
     1     1    23     1    20     0     0     0   -36.0   33.239  -94.406     47.6    999.1
     1     1    23     1    19    23     0     1   -37.0   33.310  -94.536     49.1    998.4
     1     1    23     1    19    22     0     2   -38.0   33.389  -94.690     53.8    997.1
     1     1    23     1    19    21     0     3   -39.0   33.475  -94.868     61.7    995.3
     1     1    23     1    19    20     0     2   -40.0   33.573  -95.065     73.8    992.4
     1     1    23     1    19    19     0     1   -41.0   33.688  -95.278     90.6    989.4
     1     1    23     1    19    18     0     0   -42.0   33.831  -95.506    113.1    986.3
     1     1    23     1    19    17     0     1   -43.0   33.999  -95.756    139.7    982.5
     1     1    23     1    19    16     0     2   -44.0   34.183  -96.037    164.9    976.9
     1     1    23     1    19    15     0     3   -45.0   34.380  -96.358    187.0    969.1
     1     1    23     1    19    14     0     2   -46.0   34.591  -96.729    209.2    959.5
     1     1    23     1    19    13     0     1   -47.0   34.816  -97.163    239.8    948.9
     1     1    23     1    19    12     0     0   -48.0   35.046  -97.645    300.4    940.4
     1     1    23     1    19    11     0     1   -49.0   35.285  -98.144    387.4    924.6
     1     1    23     1    19    10     0     2   -50.0   35.557  -98.650    459.4    902.1
     1     1    23     1    19     9     0     3   -51.0   35.870  -99.184    536.2    881.6
     1     1    23     1    19     8     0     2   -52.0   36.268  -99.767    700.1    859.6
     1     1    23     1    19     7     0     1   -53.0   36.788 -100.368    886.7    821.1
     1     1    23     1    19     6     0     0   -54.0   37.396 -100.927   1007.9    799.3
     1     1    23     1    19     5     0     1   -55.0   38.071 -101.414   1135.5    776.2
     1     1    23     1    19     4     0     2   -56.0   38.777 -101.796   1208.5    749.5
     1     1    23     1    19     3     0     3   -57.0   39.499 -102.028   1211.3    751.6
     1     1    23     1    19     2     0     2   -58.0   40.173 -102.112   1141.4    758.3
     1     1    23     1    19     1     0     1   -59.0   40.767 -102.067   1003.9    772.1
     1     1    23     1    19     0     0     0   -60.0   41.311 -101.882    857.1    790.9
     1     1    23     1    18    23     0     1   -61.0   41.795 -101.607    744.0    804.5
     1     1    23     1    18    22     0     2   -62.0   42.212 -101.302    654.7    818.9
     1     1    23     1    18    21     0     3   -63.0   42.568 -100.984    589.0    835.4
     1     1    23     1    18    20     0     2   -64.0   42.852 -100.653    533.4    848.4
     1     1    23     1    18    19     0     1   -65.0   43.071 -100.323    473.5    865.9
     1     1    23     1    18    18     0     0   -66.0   43.240 -100.007    417.1    883.9
     1     1    23     1    18    17     0     1   -67.0   43.384  -99.700    373.6    895.3
     1     1    23     1    18    16     0     2   -68.0   43.515  -99.393    352.7    902.8
     1     1    23     1    18    15     0     3   -69.0   43.628  -99.090    356.4    905.7
     1     1    23     1    18    14     0     2   -70.0   43.720  -98.820    372.1    906.8
     1     1    23     1    18    13     0     1   -71.0   43.795  -98.603    382.7    909.0
     1     1    23     1    18    12     0     0   -72.0   43.854  -98.432    380.0    912.3
     1     1    23     1    18    11     0     1   -73.0   43.911  -98.285    370.2    916.9
     1     1    23     1    18    10     0     2   -74.0   43.977  -98.144    363.3    920.5
     1     1    23     1    18     9     0     3   -75.0   44.058  -98.011    364.8    922.8
     1     1    23     1    18     8     0     2   -76.0   44.146  -97.897    375.4    919.9
     1     1    23     1    18     7     0     1   -77.0   44.235  -97.812    387.1    916.5
     1     1    23     1    18     6     0     0   -78.0   44.329  -97.752    391.1    914.4
     1     1    23     1    18     5     0     1   -79.0   44.432  -97.709    392.5    914.1
     1     1    23     1    18     4     0     2   -80.0   44.543  -97.674    400.3    912.4
     1     1    23     1    18     3     0     3   -81.0   44.660  -97.646    416.4    909.8
     1     1    23     1    18     2     0     2   -82.0   44.791  -97.633    437.9    905.8
     1     1    23     1    18     1     0     1   -83.0   44.949  -97.644    462.2    902.2
     1     1    23     1    18     0     0     0   -84.0   45.131  -97.677    485.5    900.2
     1     1    23     1    17    23     0     1   -85.0   45.322  -97.720    501.7    900.2
     1     1    23     1    17    22     0     2   -86.0   45.508  -97.776    517.5    900.4
     1     1    23     1    17    21     0     3   -87.0   45.683  -97.848    543.8    899.0
     1     1    23     1    17    20     0     2   -88.0   45.849  -97.915    572.6    894.5
     1     1    23     1    17    19     0     1   -89.0   46.014  -97.953    589.4    892.5
     1     1    23     1    17    18     0     0   -90.0   46.187  -97.955    594.1    891.8
     1     1    23     1    17    17     0     1   -91.0   46.382  -97.916    592.5    892.4
     1     1    23     1    17    16     0     2   -92.0   46.608  -97.843    589.8    893.1
     1     1    23     1    17    15     0     3   -93.0   46.865  -97.742    585.2    894.7
     1     1    23     1    17    14     0     2   -94.0   47.141  -97.626    579.2    896.3
     1     1    23     1    17    13     0     1   -95.0   47.428  -97.501    575.6    897.4
     1     1    23     1    17    12     0     0   -96.0   47.729  -97.365    578.2    898.5
     1     1    23     1    17    11     0     1   -97.0   48.040  -97.209    580.4    899.8
     1     1    23     1    17    10     0     2   -98.0   48.354  -97.037    571.7    904.1
     1     1    23     1    17     9     0     3   -99.0   48.662  -96.863    552.7    905.9
     1     1    23     1    17     8     0     2  -100.0   48.957  -96.679    534.0    907.4
     1     1    23     1    17     7     0     1  -101.0   49.232  -96.472    525.5    908.6
     1     1    23     1    17     6     0     0  -102.0   49.484  -96.239    524.0    908.2
     1     1    23     1    17     5     0     1  -103.0   49.718  -95.974    524.3    907.8
     1     1    23     1    17     4     0     2  -104.0   49.946  -95.675    530.3    907.1
     1     1    23     1    17     3     0     3  -105.0   50.169  -95.345    551.2    903.0
     1     1    23     1    17     2     0     2  -106.0   50.387  -95.008    572.6    896.0
     1     1    23     1    17     1     0     1  -107.0   50.603  -94.692    577.3    893.6
     1     1    23     1    17     0     0     0  -108.0   50.816  -94.400    577.0    892.4
     1     1    23     1    16    23     0     1  -109.0   51.016  -94.154    591.0    890.5
     1     1    23     1    16    22     0     2  -110.0   51.193  -93.975    621.1    886.3
     1     1    23     1    16    21     0     3  -111.0   51.345  -93.871    649.2    882.8
     1     1    23     1    16    20     0     2  -112.0   51.466  -93.822    657.7    881.5
     1     1    23     1    16    19     0     1  -113.0   51.554  -93.801    641.6    884.6
     1     1    23     1    16    18     0     0  -114.0   51.613  -93.802    607.6    889.3
     1     1    23     1    16    17     0     1  -115.0   51.655  -93.812    570.9    894.9
     1     1    23     1    16    16     0     2  -116.0   51.689  -93.820    544.1    898.0
     1     1    23     1    16    15     0     3  -117.0   51.712  -93.826    526.7    900.1
     1     1    23     1    16    14     0     2  -118.0   51.729  -93.847    515.4    901.1
     1     1    23     1    16    13     0     1  -119.0   51.748  -93.905    506.9    902.6
     1     1    23     1    16    12     0     0  -120.0   51.768  -93.998    503.0    903.7
