     8     1
    GDAS    22    12    22     0     0
    GDAS    22    12    29     0     0
    GDAS    23     1     1     0     0
    GDAS    23     1     8     0     0
    GDAS    23     1    15     0     0
    GDAS    23     1    22     0     0
    GDAS    23     1    29     0     0
    GDAS    23     2     1     0     0
     1 BACKWARD OMEGA   
    23     1    27    11   32.716  -96.748   130.0
     1 PRESSURE
     1     1    23     1    27    11     0     1     0.0   32.716  -96.748    130.0    990.0
     1     1    23     1    27    10     0     2    -1.0   32.571  -96.895    134.1    988.9
     1     1    23     1    27     9     0     3    -2.0   32.442  -97.034    142.9    986.2
     1     1    23     1    27     8     0     2    -3.0   32.328  -97.174    158.3    981.1
     1     1    23     1    27     7     0     1    -4.0   32.233  -97.320    181.0    975.2
     1     1    23     1    27     6     0     0    -5.0   32.168  -97.464    208.0    969.4
     1     1    23     1    27     5     0     1    -6.0   32.133  -97.601    233.8    964.0
     1     1    23     1    27     4     0     2    -7.0   32.125  -97.731    254.4    959.8
     1     1    23     1    27     3     0     3    -8.0   32.150  -97.857    270.5    956.1
     1     1    23     1    27     2     0     2    -9.0   32.206  -97.982    281.3    952.1
     1     1    23     1    27     1     0     1   -10.0   32.281  -98.106    284.0    949.9
     1     1    23     1    27     0     0     0   -11.0   32.373  -98.228    276.2    949.0
     1     1    23     1    26    23     0     1   -12.0   32.479  -98.357    269.8    950.3
     1     1    23     1    26    22     0     2   -13.0   32.596  -98.500    277.6    948.2
     1     1    23     1    26    21     0     3   -14.0   32.724  -98.657    300.6    944.4
     1     1    23     1    26    20     0     2   -15.0   32.860  -98.822    334.3    940.0
     1     1    23     1    26    19     0     1   -16.0   32.995  -98.988    370.5    936.2
     1     1    23     1    26    18     0     0   -17.0   33.124  -99.155    403.7    932.7
     1     1    23     1    26    17     0     1   -18.0   33.266  -99.319    434.6    928.2
     1     1    23     1    26    16     0     2   -19.0   33.442  -99.483    467.3    922.3
     1     1    23     1    26    15     0     3   -20.0   33.658  -99.650    504.8    915.1
     1     1    23     1    26    14     0     2   -21.0   33.912  -99.826    550.8    905.3
     1     1    23     1    26    13     0     1   -22.0   34.202 -100.010    606.5    892.7
     1     1    23     1    26    12     0     0   -23.0   34.531 -100.209    668.2    876.2
     1     1    23     1    26    11     0     1   -24.0   34.896 -100.423    743.0    860.5
     1     1    23     1    26    10     0     2   -25.0   35.282 -100.640    831.7    842.4
     1     1    23     1    26     9     0     3   -26.0   35.662 -100.875    890.1    825.9
     1     1    23     1    26     8     0     2   -27.0   36.035 -101.120    924.3    821.2
     1     1    23     1    26     7     0     1   -28.0   36.434 -101.344    988.1    809.7
     1     1    23     1    26     6     0     0   -29.0   36.866 -101.561   1056.8    792.9
     1     1    23     1    26     5     0     1   -30.0   37.316 -101.785   1047.1    784.9
     1     1    23     1    26     4     0     2   -31.0   37.794 -101.988    932.6    795.5
     1     1    23     1    26     3     0     3   -32.0   38.298 -102.183    803.5    809.8
     1     1    23     1    26     2     0     2   -33.0   38.817 -102.424    804.9    800.9
     1     1    23     1    26     1     0     1   -34.0   39.382 -102.702    947.9    772.4
     1     1    23     1    26     0     0     0   -35.0   39.950 -103.049   1118.6    747.2
     1     1    23     1    25    23     0     1   -36.0   40.502 -103.422   1238.2    729.1
     1     1    23     1    25    22     0     2   -37.0   41.069 -103.787   1411.9    712.7
     1     1    23     1    25    21     0     3   -38.0   41.631 -104.160   1589.0    689.4
     1     1    23     1    25    20     0     2   -39.0   42.152 -104.522   1486.6    695.1
     1     1    23     1    25    19     0     1   -40.0   42.653 -104.875   1186.2    738.3
     1     1    23     1    25    18     0     0   -41.0   43.125 -105.221    987.1    760.1
     1     1    23     1    25    17     0     1   -42.0   43.577 -105.548    845.4    763.9
     1     1    23     1    25    16     0     2   -43.0   44.066 -105.905    606.0    794.3
     1     1    23     1    25    15     0     3   -44.0   44.473 -106.299    471.0    826.6
     1     1    23     1    25    14     0     2   -45.0   44.842 -106.724    600.2    812.8
     1     1    23     1    25    13     0     1   -46.0   45.244 -107.181    713.2    786.5
     1     1    23     1    25    12     0     0   -47.0   45.650 -107.623    558.9    801.6
     1     1    23     1    25    11     0     1   -48.0   45.941 -107.999    382.4    869.2
     1     1    23     1    25    10     0     2   -49.0   46.177 -108.361    308.7    873.4
     1     1    23     1    25     9     0     3   -50.0   46.432 -108.816    387.2    850.0
     1     1    23     1    25     8     0     2   -51.0   46.753 -109.362    604.1    807.3
     1     1    23     1    25     7     0     1   -52.0   47.121 -109.874    738.6    784.2
     1     1    23     1    25     6     0     0   -53.0   47.465 -110.326    740.6    795.8
     1     1    23     1    25     5     0     1   -54.0   47.775 -110.726    682.6    815.9
     1     1    23     1    25     4     0     2   -55.0   48.070 -111.112    620.3    840.9
     1     1    23     1    25     3     0     3   -56.0   48.367 -111.467    573.9    838.2
     1     1    23     1    25     2     0     2   -57.0   48.683 -111.793    559.5    837.7
     1     1    23     1    25     1     0     1   -58.0   49.037 -112.106    591.8    830.6
     1     1    23     1    25     0     0     0   -59.0   49.402 -112.393    636.9    829.4
     1     1    23     1    24    23     0     1   -60.0   49.769 -112.659    656.0    832.1
     1     1    23     1    24    22     0     2   -61.0   50.160 -112.929    663.0    836.8
     1     1    23     1    24    21     0     3   -62.0   50.595 -113.257    680.1    829.4
     1     1    23     1    24    20     0     2   -63.0   51.049 -113.656    711.1    826.2
     1     1    23     1    24    19     0     1   -64.0   51.496 -114.117    753.1    814.6
     1     1    23     1    24    18     0     0   -65.0   51.947 -114.693    779.6    796.6
     1     1    23     1    24    17     0     1   -66.0   52.361 -115.366    793.6    784.9
     1     1    23     1    24    16     0     2   -67.0   52.726 -116.131    948.4    768.6
     1     1    23     1    24    15     0     3   -68.0   53.049 -117.004   1113.6    729.1
     1     1    23     1    24    14     0     2   -69.0   53.250 -117.816   1184.0    722.6
     1     1    23     1    24    13     0     1   -70.0   53.344 -118.562   1222.6    711.6
     1     1    23     1    24    12     0     0   -71.0   53.436 -119.336   1242.9    704.7
     1     1    23     1    24    11     0     1   -72.0   53.550 -120.197   1435.2    684.8
     1     1    23     1    24    10     0     2   -73.0   53.703 -121.128   1350.1    731.1
     1     1    23     1    24     9     0     3   -74.0   53.783 -121.945    951.4    818.8
     1     1    23     1    24     8     0     2   -75.0   53.776 -122.711    683.0    853.8
     1     1    23     1    24     7     0     1   -76.0   53.772 -123.537    632.3    853.5
     1     1    23     1    24     6     0     0   -77.0   53.769 -124.545    678.0    840.7
     1     1    23     1    24     5     0     1   -78.0   53.711 -125.679    844.9    813.6
     1     1    23     1    24     4     0     2   -79.0   53.552 -126.712    919.5    795.7
     1     1    23     1    24     3     0     3   -80.0   53.350 -127.396    840.0    806.5
     1     1    23     1    24     2     0     2   -81.0   53.087 -127.857    764.9    835.6
     1     1    23     1    24     1     0     1   -82.0   52.782 -128.178    653.5    875.0
     1     1    23     1    24     0     0     0   -83.0   52.500 -128.361    480.3    923.4
     1     1    23     1    23    23     0     1   -84.0   52.231 -128.459    310.4    971.8
     1     1    23     1    23    22     0     2   -85.0   51.944 -128.491    196.4   1002.0
     1     1    23     1    23    21     0     3   -86.0   51.648 -128.465    124.3   1010.6
     1     1    23     1    23    20     0     2   -87.0   51.380 -128.390     84.2   1016.3
     1     1    23     1    23    19     0     1   -88.0   51.150 -128.291     64.3   1019.3
     1     1    23     1    23    18     0     0   -89.0   50.958 -128.191     54.7   1020.9
     1     1    23     1    23    17     0     1   -90.0   50.780 -128.047     50.2   1021.6
     1     1    23     1    23    16     0     2   -91.0   50.614 -127.810     52.8   1016.2
     1     1    23     1    23    15     0     3   -92.0   50.477 -127.559     71.3   1005.6
     1     1    23     1    23    14     0     2   -93.0   50.385 -127.347    112.1    992.7
     1     1    23     1    23    13     0     1   -94.0   50.333 -127.187    182.6    978.7
     1     1    23     1    23    12     0     0   -95.0   50.306 -127.074    288.6    962.3
     1     1    23     1    23    11     0     1   -96.0   50.266 -126.978    432.5    939.9
     1     1    23     1    23    10     0     2   -97.0   50.166 -126.891    589.8    911.9
     1     1    23     1    23     9     0     3   -98.0   49.980 -126.869    735.5    891.0
     1     1    23     1    23     8     0     2   -99.0   49.720 -126.932    797.2    892.2
     1     1    23     1    23     7     0     1  -100.0   49.432 -126.978    739.3    914.8
     1     1    23     1    23     6     0     0  -101.0   49.115 -126.939    615.6    945.9
     1     1    23     1    23     5     0     1  -102.0   48.805 -126.846    500.7    971.4
     1     1    23     1    23     4     0     2  -103.0   48.547 -126.767    440.7    978.8
     1     1    23     1    23     3     0     3  -104.0   48.345 -126.709    428.7    979.5
     1     1    23     1    23     2     0     2  -105.0   48.200 -126.697    440.9    976.5
     1     1    23     1    23     1     0     1  -106.0   48.108 -126.751    452.5    974.6
     1     1    23     1    23     0     0     0  -107.0   48.062 -126.858    456.8    974.0
     1     1    23     1    22    23     0     1  -108.0   48.041 -127.002    449.0    974.6
     1     1    23     1    22    22     0     2  -109.0   48.024 -127.169    434.1    977.4
     1     1    23     1    22    21     0     3  -110.0   48.009 -127.356    422.5    979.1
     1     1    23     1    22    20     0     2  -111.0   47.999 -127.548    422.4    979.8
     1     1    23     1    22    19     0     1  -112.0   48.004 -127.732    432.9    978.1
     1     1    23     1    22    18     0     0  -113.0   48.024 -127.905    442.5    976.2
     1     1    23     1    22    17     0     1  -114.0   48.059 -128.082    447.9    975.6
     1     1    23     1    22    16     0     2  -115.0   48.104 -128.278    453.2    975.3
     1     1    23     1    22    15     0     3  -116.0   48.159 -128.492    463.2    974.1
     1     1    23     1    22    14     0     2  -117.0   48.225 -128.712    477.1    972.2
     1     1    23     1    22    13     0     1  -118.0   48.302 -128.926    487.9    970.3
     1     1    23     1    22    12     0     0  -119.0   48.392 -129.137    490.8    970.0
     1     1    23     1    22    11     0     1  -120.0   48.485 -129.354    497.8    970.4
