     8     1
    GDAS    22    12    22     0     0
    GDAS    22    12    29     0     0
    GDAS    23     1     1     0     0
    GDAS    23     1     8     0     0
    GDAS    23     1    15     0     0
    GDAS    23     1    22     0     0
    GDAS    23     1    29     0     0
    GDAS    23     2     1     0     0
     1 BACKWARD OMEGA   
    23     1    27    12   32.716  -96.748   130.0
     1 PRESSURE
     1     1    23     1    27    12     0     0     0.0   32.716  -96.748    130.0    989.8
     1     1    23     1    27    11     0     1    -1.0   32.550  -96.899    134.1    988.6
     1     1    23     1    27    10     0     2    -2.0   32.399  -97.044    144.1    985.4
     1     1    23     1    27     9     0     3    -3.0   32.260  -97.184    160.4    980.0
     1     1    23     1    27     8     0     2    -4.0   32.135  -97.321    183.3    974.3
     1     1    23     1    27     7     0     1    -5.0   32.035  -97.457    211.8    968.4
     1     1    23     1    27     6     0     0    -6.0   31.973  -97.585    240.3    963.3
     1     1    23     1    27     5     0     1    -7.0   31.944  -97.703    263.2    958.9
     1     1    23     1    27     4     0     2    -8.0   31.941  -97.813    277.8    955.5
     1     1    23     1    27     3     0     3    -9.0   31.972  -97.919    284.9    953.2
     1     1    23     1    27     2     0     2   -10.0   32.032  -98.025    285.0    951.2
     1     1    23     1    27     1     0     1   -11.0   32.107  -98.129    279.2    950.3
     1     1    23     1    27     0     0     0   -12.0   32.195  -98.232    266.3    950.2
     1     1    23     1    26    23     0     1   -13.0   32.297  -98.342    256.9    951.5
     1     1    23     1    26    22     0     2   -14.0   32.408  -98.467    261.7    949.8
     1     1    23     1    26    21     0     3   -15.0   32.532  -98.606    280.8    946.6
     1     1    23     1    26    20     0     2   -16.0   32.663  -98.753    310.0    942.4
     1     1    23     1    26    19     0     1   -17.0   32.797  -98.904    342.4    938.8
     1     1    23     1    26    18     0     0   -18.0   32.927  -99.060    373.6    935.6
     1     1    23     1    26    17     0     1   -19.0   33.064  -99.217    402.7    932.2
     1     1    23     1    26    16     0     2   -20.0   33.229  -99.373    432.5    927.7
     1     1    23     1    26    15     0     3   -21.0   33.429  -99.532    465.0    921.8
     1     1    23     1    26    14     0     2   -22.0   33.662  -99.696    503.4    914.0
     1     1    23     1    26    13     0     1   -23.0   33.927  -99.867    550.2    903.9
     1     1    23     1    26    12     0     0   -24.0   34.224 -100.048    605.3    890.8
     1     1    23     1    26    11     0     1   -25.0   34.553 -100.240    674.6    875.3
     1     1    23     1    26    10     0     2   -26.0   34.911 -100.434    760.7    857.6
     1     1    23     1    26     9     0     3   -27.0   35.281 -100.628    842.1    840.3
     1     1    23     1    26     8     0     2   -28.0   35.645 -100.832    904.8    827.6
     1     1    23     1    26     7     0     1   -29.0   36.015 -101.042    974.1    818.5
     1     1    23     1    26     6     0     0   -30.0   36.415 -101.233   1080.4    803.1
     1     1    23     1    26     5     0     1   -31.0   36.856 -101.422   1181.3    782.3
     1     1    23     1    26     4     0     2   -32.0   37.319 -101.623   1196.9    773.3
     1     1    23     1    26     3     0     3   -33.0   37.817 -101.808   1101.2    780.3
     1     1    23     1    26     2     0     2   -34.0   38.341 -101.999    981.1    794.5
     1     1    23     1    26     1     0     1   -35.0   38.875 -102.239    981.7    786.4
     1     1    23     1    26     0     0     0   -36.0   39.428 -102.518   1107.6    760.7
     1     1    23     1    25    23     0     1   -37.0   39.968 -102.844   1229.1    740.1
     1     1    23     1    25    22     0     2   -38.0   40.489 -103.179   1338.2    727.3
     1     1    23     1    25    21     0     3   -39.0   41.024 -103.518   1517.6    707.6
     1     1    23     1    25    20     0     2   -40.0   41.565 -103.864   1698.2    685.7
     1     1    23     1    25    19     0     1   -41.0   42.079 -104.197   1691.5    690.4
     1     1    23     1    25    18     0     0   -42.0   42.574 -104.532   1570.1    708.6
     1     1    23     1    25    17     0     1   -43.0   43.084 -104.866   1486.9    711.8
     1     1    23     1    25    16     0     2   -44.0   43.607 -105.180   1441.4    711.5
     1     1    23     1    25    15     0     3   -45.0   44.153 -105.508   1397.0    720.7
     1     1    23     1    25    14     0     2   -46.0   44.703 -105.865   1327.3    740.3
     1     1    23     1    25    13     0     1   -47.0   45.216 -106.244   1276.1    759.7
     1     1    23     1    25    12     0     0   -48.0   45.694 -106.656   1195.3    765.5
     1     1    23     1    25    11     0     1   -49.0   46.163 -107.083   1040.9    788.7
     1     1    23     1    25    10     0     2   -50.0   46.620 -107.495    914.2    814.4
     1     1    23     1    25     9     0     3   -51.0   47.062 -107.912    827.9    830.2
     1     1    23     1    25     8     0     2   -52.0   47.485 -108.347    810.0    830.6
     1     1    23     1    25     7     0     1   -53.0   47.893 -108.745    862.7    816.0
     1     1    23     1    25     6     0     0   -54.0   48.284 -109.101    872.1    809.1
     1     1    23     1    25     5     0     1   -55.0   48.662 -109.442    825.2    822.4
     1     1    23     1    25     4     0     2   -56.0   49.048 -109.778    803.3    835.2
     1     1    23     1    25     3     0     3   -57.0   49.429 -110.105    798.1    832.7
     1     1    23     1    25     2     0     2   -58.0   49.799 -110.419    751.8    837.6
     1     1    23     1    25     1     0     1   -59.0   50.167 -110.724    680.1    853.3
     1     1    23     1    25     0     0     0   -60.0   50.548 -111.048    627.5    862.5
     1     1    23     1    24    23     0     1   -61.0   50.970 -111.390    611.0    866.8
     1     1    23     1    24    22     0     2   -62.0   51.422 -111.758    629.0    859.0
     1     1    23     1    24    21     0     3   -63.0   51.869 -112.216    676.8    845.2
     1     1    23     1    24    20     0     2   -64.0   52.327 -112.728    758.9    840.2
     1     1    23     1    24    19     0     1   -65.0   52.803 -113.287    852.2    830.3
     1     1    23     1    24    18     0     0   -66.0   53.282 -113.947    925.9    819.5
     1     1    23     1    24    17     0     1   -67.0   53.748 -114.629    976.9    819.3
     1     1    23     1    24    16     0     2   -68.0   54.179 -115.339   1086.4    809.5
     1     1    23     1    24    15     0     3   -69.0   54.584 -116.055   1144.5    776.8
     1     1    23     1    24    14     0     2   -70.0   54.955 -116.705    954.0    807.5
     1     1    23     1    24    13     0     1   -71.0   55.228 -117.406    672.8    861.4
     1     1    23     1    24    12     0     0   -72.0   55.430 -118.180    491.9    884.5
     1     1    23     1    24    11     0     1   -73.0   55.591 -118.982    477.3    887.0
     1     1    23     1    24    10     0     2   -74.0   55.717 -119.874    549.5    870.1
     1     1    23     1    24     9     0     3   -75.0   55.806 -120.821    581.0    855.6
     1     1    23     1    24     8     0     2   -76.0   55.850 -121.800    625.4    846.2
     1     1    23     1    24     7     0     1   -77.0   55.863 -122.684    700.7    820.1
     1     1    23     1    24     6     0     0   -78.0   55.835 -123.324    741.0    816.1
     1     1    23     1    24     5     0     1   -79.0   55.783 -123.873    698.0    828.8
     1     1    23     1    24     4     0     2   -80.0   55.684 -124.344    633.7    830.6
     1     1    23     1    24     3     0     3   -81.0   55.560 -124.838    598.9    823.5
     1     1    23     1    24     2     0     2   -82.0   55.432 -125.338    564.7    822.3
     1     1    23     1    24     1     0     1   -83.0   55.281 -125.760    496.8    833.7
     1     1    23     1    24     0     0     0   -84.0   55.066 -126.087    448.4    849.0
     1     1    23     1    23    23     0     1   -85.0   54.820 -126.420    461.1    848.8
     1     1    23     1    23    22     0     2   -86.0   54.580 -126.887    574.8    829.7
     1     1    23     1    23    21     0     3   -87.0   54.308 -127.438    744.2    804.4
     1     1    23     1    23    20     0     2   -88.0   54.026 -127.963    939.1    775.5
     1     1    23     1    23    19     0     1   -89.0   53.636 -128.520    910.0    791.1
     1     1    23     1    23    18     0     0   -90.0   53.248 -128.776    505.7    894.4
     1     1    23     1    23    17     0     1   -91.0   53.003 -128.799    274.1    965.5
     1     1    23     1    23    16     0     2   -92.0   52.801 -128.759    163.8    974.6
     1     1    23     1    23    15     0     3   -93.0   52.608 -128.707    119.6    979.4
     1     1    23     1    23    14     0     2   -94.0   52.430 -128.653     89.6    988.4
     1     1    23     1    23    13     0     1   -95.0   52.274 -128.613     61.8    999.8
     1     1    23     1    23    12     0     0   -96.0   52.139 -128.590     38.2   1009.4
     1     1    23     1    23    11     0     1   -97.0   52.014 -128.597     21.8   1017.5
     1     1    23     1    23    10     0     2   -98.0   51.884 -128.644     12.1   1019.3
     1     1    23     1    23     9     0     3   -99.0   51.746 -128.724      6.9   1019.8
     1     1    23     1    23     8     0     2  -100.0   51.539 -128.783      3.0   1020.9
     1     1    23     1    23     7     0     1  -101.0   51.214 -128.730      0.0   1021.3
     1     1    23     1    23     6     0     0  -102.0   50.825 -128.575      0.0   1021.6
     1     1    23     1    23     5     0     1  -103.0   50.455 -128.335      0.0   1022.9
     1     1    23     1    23     4     0     2  -104.0   50.130 -128.008      1.0   1024.1
     1     1    23     1    23     3     0     3  -105.0   49.872 -127.712      1.1   1015.0
     1     1    23     1    23     2     0     2  -106.0   49.680 -127.520      0.0   1013.2
     1     1    23     1    23     1     0     1  -107.0   49.541 -127.403      0.0   1014.0
     1     1    23     1    23     0     0     0  -108.0   49.445 -127.338      0.0   1015.5
     1     1    23     1    22    23     0     1  -109.0   49.384 -127.321      0.0   1017.0
     1     1    23     1    22    22     0     2  -110.0   49.351 -127.351      0.0   1018.5
     1     1    23     1    22    21     0     3  -111.0   49.342 -127.428      0.0   1020.0
     1     1    23     1    22    20     0     2  -112.0   49.350 -127.534      0.0   1021.5
     1     1    23     1    22    19     0     1  -113.0   49.376 -127.648      0.3   1022.9
     1     1    23     1    22    18     0     0  -114.0   49.422 -127.764      1.5   1024.4
     1     1    23     1    22    17     0     1  -115.0   49.491 -127.885      2.8   1026.1
     1     1    23     1    22    16     0     2  -116.0   49.585 -128.018      3.9   1028.5
     1     1    23     1    22    15     0     3  -117.0   49.703 -128.161      4.8   1028.6
     1     1    23     1    22    14     0     2  -118.0   49.837 -128.306      5.5   1028.6
     1     1    23     1    22    13     0     1  -119.0   49.987 -128.450      5.6   1028.6
     1     1    23     1    22    12     0     0  -120.0   50.146 -128.606      5.1   1028.6
