     8     1
    GDAS    22    12    22     0     0
    GDAS    22    12    29     0     0
    GDAS    23     1     1     0     0
    GDAS    23     1     8     0     0
    GDAS    23     1    15     0     0
    GDAS    23     1    22     0     0
    GDAS    23     1    29     0     0
    GDAS    23     2     1     0     0
     1 BACKWARD OMEGA   
    23     1     1    16   32.716  -96.748     5.0
     1 PRESSURE
     1     1    23     1     1    16     0     2     0.0   32.716  -96.748      5.0    991.7
     1     1    23     1     1    15     0     3    -1.0   32.524  -96.793      4.4    992.0
     1     1    23     1     1    14     0     2    -2.0   32.344  -96.832      4.3    990.9
     1     1    23     1     1    13     0     1    -3.0   32.173  -96.882      4.2    989.4
     1     1    23     1     1    12     0     0    -4.0   32.006  -96.943      4.1    987.5
     1     1    23     1     1    11     0     1    -5.0   31.844  -97.010      4.5    987.8
     1     1    23     1     1    10     0     2    -6.0   31.687  -97.079      5.7    987.7
     1     1    23     1     1     9     0     3    -7.0   31.535  -97.148      7.4    987.3
     1     1    23     1     1     8     0     2    -8.0   31.383  -97.221      9.1    987.0
     1     1    23     1     1     7     0     1    -9.0   31.226  -97.301     10.6    986.4
     1     1    23     1     1     6     0     0   -10.0   31.058  -97.391     12.1    985.7
     1     1    23     1     1     5     0     1   -11.0   30.879  -97.497     14.4    984.0
     1     1    23     1     1     4     0     2   -12.0   30.699  -97.619     18.1    981.6
     1     1    23     1     1     3     0     3   -13.0   30.526  -97.754     23.1    978.8
     1     1    23     1     1     2     0     2   -14.0   30.362  -97.889     29.4    976.0
     1     1    23     1     1     1     0     1   -15.0   30.205  -98.011     36.0    973.3
     1     1    23     1     1     0     0     0   -16.0   30.053  -98.124     42.1    970.2
     1     1    22    12    31    23     0     1   -17.0   29.891  -98.248     48.3    969.3
     1     1    22    12    31    22     0     2   -18.0   29.708  -98.401     54.8    969.8
     1     1    22    12    31    21     0     3   -19.0   29.512  -98.579     58.7    970.7
     1     1    22    12    31    20     0     2   -20.0   29.314  -98.757     56.9    974.7
     1     1    22    12    31    19     0     1   -21.0   29.118  -98.911     48.2    981.3
     1     1    22    12    31    18     0     0   -22.0   28.922  -99.036     36.4    988.1
     1     1    22    12    31    17     0     1   -23.0   28.748  -99.135     28.4    991.3
     1     1    22    12    31    16     0     2   -24.0   28.614  -99.211     25.2    992.6
     1     1    22    12    31    15     0     3   -25.0   28.520  -99.269     24.1    993.6
     1     1    22    12    31    14     0     2   -26.0   28.457  -99.318     23.9    993.6
     1     1    22    12    31    13     0     1   -27.0   28.415  -99.367     24.2    993.3
     1     1    22    12    31    12     0     0   -28.0   28.394  -99.418     24.6    992.7
     1     1    22    12    31    11     0     1   -29.0   28.385  -99.470     24.6    992.3
     1     1    22    12    31    10     0     2   -30.0   28.379  -99.522     23.9    991.9
     1     1    22    12    31     9     0     3   -31.0   28.380  -99.578     22.8    991.5
     1     1    22    12    31     8     0     2   -32.0   28.388  -99.627     21.6    991.3
     1     1    22    12    31     7     0     1   -33.0   28.406  -99.655     20.3    991.1
     1     1    22    12    31     6     0     0   -34.0   28.436  -99.663     19.1    991.1
     1     1    22    12    31     5     0     1   -35.0   28.482  -99.662     18.8    990.9
     1     1    22    12    31     4     0     2   -36.0   28.551  -99.664     19.9    990.3
     1     1    22    12    31     3     0     3   -37.0   28.640  -99.672     22.5    989.3
     1     1    22    12    31     2     0     2   -38.0   28.739  -99.698     28.4    987.3
     1     1    22    12    31     1     0     1   -39.0   28.840  -99.751     42.8    984.5
     1     1    22    12    31     0     0     0   -40.0   28.944  -99.840     77.5    980.3
     1     1    22    12    30    23     0     1   -41.0   29.043  -99.955    143.9    970.8
     1     1    22    12    30    22     0     2   -42.0   29.118 -100.059    209.1    956.0
     1     1    22    12    30    21     0     3   -43.0   29.164 -100.137    244.4    948.6
     1     1    22    12    30    20     0     2   -44.0   29.200 -100.199    252.1    946.9
     1     1    22    12    30    19     0     1   -45.0   29.238 -100.259    242.3    946.6
     1     1    22    12    30    18     0     0   -46.0   29.274 -100.319    220.2    947.8
     1     1    22    12    30    17     0     1   -47.0   29.317 -100.382    205.1    949.2
     1     1    22    12    30    16     0     2   -48.0   29.376 -100.456    208.6    946.1
     1     1    22    12    30    15     0     3   -49.0   29.446 -100.540    232.3    941.3
     1     1    22    12    30    14     0     2   -50.0   29.514 -100.626    264.7    933.8
     1     1    22    12    30    13     0     1   -51.0   29.573 -100.692    269.8    929.2
     1     1    22    12    30    12     0     0   -52.0   29.642 -100.724    229.1    930.9
     1     1    22    12    30    11     0     1   -53.0   29.703 -100.738    185.1    938.0
     1     1    22    12    30    10     0     2   -54.0   29.727 -100.763    161.1    939.7
     1     1    22    12    30     9     0     3   -55.0   29.706 -100.803    152.9    941.1
     1     1    22    12    30     8     0     2   -56.0   29.674 -100.855    160.8    941.2
     1     1    22    12    30     7     0     1   -57.0   29.670 -100.911    184.8    938.7
     1     1    22    12    30     6     0     0   -58.0   29.702 -100.971    229.7    933.6
     1     1    22    12    30     5     0     1   -59.0   29.761 -101.031    287.4    924.0
     1     1    22    12    30     4     0     2   -60.0   29.826 -101.089    338.1    915.1
     1     1    22    12    30     3     0     3   -61.0   29.890 -101.157    371.4    909.1
     1     1    22    12    30     2     0     2   -62.0   29.964 -101.225    415.8    906.8
     1     1    22    12    30     1     0     1   -63.0   30.062 -101.296    510.3    894.6
     1     1    22    12    30     0     0     0   -64.0   30.164 -101.370    647.7    876.7
     1     1    22    12    29    23     0     1   -65.0   30.258 -101.476    803.8    855.7
     1     1    22    12    29    22     0     2   -66.0   30.352 -101.636    969.2    836.8
     1     1    22    12    29    21     0     3   -67.0   30.450 -101.850   1170.5    815.3
     1     1    22    12    29    20     0     2   -68.0   30.536 -102.132   1367.1    785.4
     1     1    22    12    29    19     0     1   -69.0   30.603 -102.474   1491.4    765.4
     1     1    22    12    29    18     0     0   -70.0   30.666 -102.868   1588.2    752.3
     1     1    22    12    29    17     0     1   -71.0   30.716 -103.299   1680.4    731.0
     1     1    22    12    29    16     0     2   -72.0   30.735 -103.747   1732.1    707.7
     1     1    22    12    29    15     0     3   -73.0   30.736 -104.200   1718.4    697.9
     1     1    22    12    29    14     0     2   -74.0   30.742 -104.662   1747.1    700.8
     1     1    22    12    29    13     0     1   -75.0   30.744 -105.135   1832.9    684.4
     1     1    22    12    29    12     0     0   -76.0   30.747 -105.608   1892.5    672.4
     1     1    22    12    29    11     0     1   -77.0   30.753 -106.074   1938.2    670.5
     1     1    22    12    29    10     0     2   -78.0   30.756 -106.514   1995.0    670.5
     1     1    22    12    29     9     0     3   -79.0   30.765 -106.918   2023.7    674.0
     1     1    22    12    29     8     0     2   -80.0   30.786 -107.309   1976.1    671.9
     1     1    22    12    29     7     0     1   -81.0   30.820 -107.719   1859.9    679.4
     1     1    22    12    29     6     0     0   -82.0   30.856 -108.153   1757.9    685.7
     1     1    22    12    29     5     0     1   -83.0   30.874 -108.636   1794.8    678.3
     1     1    22    12    29     4     0     2   -84.0   30.918 -109.171   2142.7    646.7
     1     1    22    12    29     3     0     3   -85.0   31.097 -109.768   2587.8    593.7
     1     1    22    12    29     2     0     2   -86.0   31.311 -110.379   2759.6    603.1
     1     1    22    12    29     1     0     1   -87.0   31.507 -110.949   2795.3    622.0
     1     1    22    12    29     0     0     0   -88.0   31.736 -111.443   2796.4    650.9
     1     1    22    12    28    23     0     1   -89.0   31.974 -111.926   2891.6    660.2
     1     1    22    12    28    22     0     2   -90.0   32.213 -112.437   3020.4    654.4
     1     1    22    12    28    21     0     3   -91.0   32.509 -112.939   3066.8    665.0
     1     1    22    12    28    20     0     2   -92.0   32.791 -113.436   3054.9    674.4
     1     1    22    12    28    19     0     1   -93.0   33.042 -113.930   3096.1    670.1
     1     1    22    12    28    18     0     0   -94.0   33.330 -114.405   3107.4    659.8
     1     1    22    12    28    17     0     1   -95.0   33.639 -114.896   3072.6    671.6
     1     1    22    12    28    16     0     2   -96.0   33.967 -115.437   3073.3    645.4
     1     1    22    12    28    15     0     3   -97.0   34.366 -115.948   3280.2    617.7
     1     1    22    12    28    14     0     2   -98.0   34.752 -116.508   3498.9    584.6
     1     1    22    12    28    13     0     1   -99.0   35.126 -117.148   3374.2    590.0
     1     1    22    12    28    12     0     0  -100.0   35.569 -117.832   3125.4    588.2
     1     1    22    12    28    11     0     1  -101.0   36.015 -118.515   3125.8    621.3
     1     1    22    12    28    10     0     2  -102.0   36.417 -119.172   3279.6    613.0
     1     1    22    12    28     9     0     3  -103.0   36.804 -119.808   3537.8    618.5
     1     1    22    12    28     8     0     2  -104.0   37.185 -120.455   3696.5    616.3
     1     1    22    12    28     7     0     1  -105.0   37.569 -121.141   3796.5    618.3
     1     1    22    12    28     6     0     0  -106.0   37.979 -121.860   3674.1    620.1
     1     1    22    12    28     5     0     1  -107.0   38.372 -122.601   3501.1    655.6
     1     1    22    12    28     4     0     2  -108.0   38.832 -123.516   3677.1    623.9
     1     1    22    12    28     3     0     3  -109.0   39.317 -124.483   3950.9    613.6
     1     1    22    12    28     2     0     2  -110.0   39.769 -125.443   4060.5    607.2
     1     1    22    12    28     1     0     1  -111.0   40.244 -126.453   4178.2    598.8
     1     1    22    12    28     0     0     0  -112.0   40.757 -127.571   4364.1    583.0
     1     1    22    12    27    23     0     1  -113.0   41.259 -128.781   4548.0    566.5
     1     1    22    12    27    22     0     2  -114.0   41.783 -130.041   4638.6    559.8
     1     1    22    12    27    21     0     3  -115.0   42.321 -131.378   4780.9    547.9
     1     1    22    12    27    20     0     2  -116.0   42.799 -132.723   4867.2    541.1
     1     1    22    12    27    19     0     1  -117.0   43.314 -134.070   5006.6    533.2
     1     1    22    12    27    18     0     0  -118.0   43.794 -135.415   5242.3    511.9
     1     1    22    12    27    17     0     1  -119.0   44.193 -136.729   5334.2    508.4
     1     1    22    12    27    16     0     2  -120.0   44.657 -138.074   5414.6    498.2
