     8     1
    GDAS    22    12    22     0     0
    GDAS    22    12    29     0     0
    GDAS    23     1     1     0     0
    GDAS    23     1     8     0     0
    GDAS    23     1    15     0     0
    GDAS    23     1    22     0     0
    GDAS    23     1    29     0     0
    GDAS    23     2     1     0     0
     1 BACKWARD OMEGA   
    23     1    15    16   32.716  -96.748   133.0
     1 PRESSURE
     1     1    23     1    15    16     0     2     0.0   32.716  -96.748    133.0    978.6
     1     1    23     1    15    15     0     3    -1.0   32.348  -96.801    119.1    979.7
     1     1    23     1    15    14     0     2    -2.0   31.983  -96.862    107.0    978.8
     1     1    23     1    15    13     0     1    -3.0   31.636  -96.919     90.6    982.9
     1     1    23     1    15    12     0     0    -4.0   31.335  -96.963     70.2    988.0
     1     1    23     1    15    11     0     1    -5.0   31.081  -96.989     52.9    993.5
     1     1    23     1    15    10     0     2    -6.0   30.858  -96.996     41.5    996.0
     1     1    23     1    15     9     0     3    -7.0   30.656  -96.984     33.3    998.0
     1     1    23     1    15     8     0     2    -8.0   30.472  -96.957     26.3   1000.5
     1     1    23     1    15     7     0     1    -9.0   30.305  -96.915     20.2   1002.6
     1     1    23     1    15     6     0     0   -10.0   30.153  -96.860     15.6   1004.2
     1     1    23     1    15     5     0     1   -11.0   30.013  -96.791     12.0   1005.3
     1     1    23     1    15     4     0     2   -12.0   29.880  -96.709      9.1   1007.1
     1     1    23     1    15     3     0     3   -13.0   29.753  -96.611      6.8   1009.0
     1     1    23     1    15     2     0     2   -14.0   29.634  -96.504      4.7   1011.0
     1     1    23     1    15     1     0     1   -15.0   29.528  -96.398      3.1   1012.9
     1     1    23     1    15     0     0     0   -16.0   29.432  -96.292      1.9   1014.7
     1     1    23     1    14    23     0     1   -17.0   29.333  -96.190      0.9   1016.2
     1     1    23     1    14    22     0     2   -18.0   29.220  -96.095      0.1   1017.5
     1     1    23     1    14    21     0     3   -19.0   29.087  -96.008      0.0   1018.9
     1     1    23     1    14    20     0     2   -20.0   28.959  -95.916      0.0   1021.2
     1     1    23     1    14    19     0     1   -21.0   28.865  -95.808      0.0   1022.6
     1     1    23     1    14    18     0     0   -22.0   28.798  -95.686      0.0   1023.7
     1     1    23     1    14    17     0     1   -23.0   28.751  -95.554      0.2   1024.1
     1     1    23     1    14    16     0     2   -24.0   28.720  -95.412      0.2   1024.8
     1     1    23     1    14    15     0     3   -25.0   28.706  -95.258      0.0   1025.7
     1     1    23     1    14    14     0     2   -26.0   28.713  -95.100      0.0   1025.4
     1     1    23     1    14    13     0     1   -27.0   28.747  -94.952      0.0   1024.7
     1     1    23     1    14    12     0     0   -28.0   28.809  -94.817      0.0   1023.8
     1     1    23     1    14    11     0     1   -29.0   28.891  -94.689      0.0   1023.8
     1     1    23     1    14    10     0     2   -30.0   28.989  -94.556      0.0   1023.8
     1     1    23     1    14     9     0     3   -31.0   29.102  -94.417      0.0   1023.7
     1     1    23     1    14     8     0     2   -32.0   29.230  -94.285      0.0   1024.0
     1     1    23     1    14     7     0     1   -33.0   29.369  -94.168      0.1   1023.9
     1     1    23     1    14     6     0     0   -34.0   29.513  -94.070      0.7   1023.8
     1     1    23     1    14     5     0     1   -35.0   29.654  -94.000      1.5   1024.9
     1     1    23     1    14     4     0     2   -36.0   29.788  -93.961      2.3   1026.1
     1     1    23     1    14     3     0     3   -37.0   29.910  -93.952      3.1   1027.3
     1     1    23     1    14     2     0     2   -38.0   30.019  -93.961      3.9   1025.9
     1     1    23     1    14     1     0     1   -39.0   30.122  -93.979      4.7   1023.7
     1     1    23     1    14     0     0     0   -40.0   30.226  -94.002      5.7   1021.7
     1     1    23     1    13    23     0     1   -41.0   30.338  -94.034      6.5   1020.8
     1     1    23     1    13    22     0     2   -42.0   30.466  -94.077      7.1   1019.7
     1     1    23     1    13    21     0     3   -43.0   30.609  -94.130      7.3   1018.6
     1     1    23     1    13    20     0     2   -44.0   30.753  -94.182      7.6   1017.6
     1     1    23     1    13    19     0     1   -45.0   30.885  -94.225      8.0   1016.4
     1     1    23     1    13    18     0     0   -46.0   31.004  -94.260      8.5   1015.2
     1     1    23     1    13    17     0     1   -47.0   31.116  -94.290      9.2   1015.5
     1     1    23     1    13    16     0     2   -48.0   31.227  -94.316     10.3   1015.9
     1     1    23     1    13    15     0     3   -49.0   31.339  -94.339     11.6   1016.3
     1     1    23     1    13    14     0     2   -50.0   31.454  -94.364     12.7   1015.4
     1     1    23     1    13    13     0     1   -51.0   31.573  -94.397     13.2   1014.4
     1     1    23     1    13    12     0     0   -52.0   31.699  -94.434     13.2   1013.2
     1     1    23     1    13    11     0     1   -53.0   31.828  -94.477     13.2   1012.9
     1     1    23     1    13    10     0     2   -54.0   31.951  -94.533     13.3   1012.3
     1     1    23     1    13     9     0     3   -55.0   32.061  -94.610     13.4   1011.8
     1     1    23     1    13     8     0     2   -56.0   32.180  -94.682     13.4   1011.4
     1     1    23     1    13     7     0     1   -57.0   32.329  -94.716     14.0   1011.1
     1     1    23     1    13     6     0     0   -58.0   32.501  -94.718     15.8   1010.7
     1     1    23     1    13     5     0     1   -59.0   32.681  -94.724     18.6   1010.0
     1     1    23     1    13     4     0     2   -60.0   32.862  -94.762     21.2   1009.3
     1     1    23     1    13     3     0     3   -61.0   33.053  -94.826     23.1   1008.6
     1     1    23     1    13     2     0     2   -62.0   33.259  -94.904     27.1   1006.8
     1     1    23     1    13     1     0     1   -63.0   33.492  -94.990     39.0   1004.1
     1     1    23     1    13     0     0     0   -64.0   33.763  -95.083     69.5   1000.3
     1     1    23     1    12    23     0     1   -65.0   34.065  -95.191    121.7    992.1
     1     1    23     1    12    22     0     2   -66.0   34.390  -95.328    176.2    981.1
     1     1    23     1    12    21     0     3   -67.0   34.741  -95.491    219.1    973.3
     1     1    23     1    12    20     0     2   -68.0   35.117  -95.658    251.2    967.8
     1     1    23     1    12    19     0     1   -69.0   35.515  -95.795    280.1    964.4
     1     1    23     1    12    18     0     0   -70.0   35.933  -95.889    305.9    960.5
     1     1    23     1    12    17     0     1   -71.0   36.379  -95.962    335.8    955.2
     1     1    23     1    12    16     0     2   -72.0   36.878  -96.034    400.5    945.2
     1     1    23     1    12    15     0     3   -73.0   37.443  -96.075    504.8    925.5
     1     1    23     1    12    14     0     2   -74.0   38.078  -96.042    613.3    907.3
     1     1    23     1    12    13     0     1   -75.0   38.747  -95.961    668.2    895.8
     1     1    23     1    12    12     0     0   -76.0   39.425  -95.879    677.9    899.1
     1     1    23     1    12    11     0     1   -77.0   40.119  -95.781    674.9    898.5
     1     1    23     1    12    10     0     2   -78.0   40.786  -95.689    680.3    900.1
     1     1    23     1    12     9     0     3   -79.0   41.411  -95.610    710.3    893.4
     1     1    23     1    12     8     0     2   -80.0   41.981  -95.553    734.0    886.2
     1     1    23     1    12     7     0     1   -81.0   42.495  -95.519    741.0    884.0
     1     1    23     1    12     6     0     0   -82.0   42.972  -95.489    752.0    881.4
     1     1    23     1    12     5     0     1   -83.0   43.418  -95.475    790.1    875.8
     1     1    23     1    12     4     0     2   -84.0   43.844  -95.494    845.1    863.3
     1     1    23     1    12     3     0     3   -85.0   44.267  -95.538    893.6    860.4
     1     1    23     1    12     2     0     2   -86.0   44.673  -95.617    960.3    860.1
     1     1    23     1    12     1     0     1   -87.0   45.054  -95.734   1045.8    853.5
     1     1    23     1    12     0     0     0   -88.0   45.432  -95.863   1113.4    843.4
     1     1    23     1    11    23     0     1   -89.0   45.806  -96.001   1148.5    840.0
     1     1    23     1    11    22     0     2   -90.0   46.157  -96.144   1169.5    837.7
     1     1    23     1    11    21     0     3   -91.0   46.487  -96.274   1186.1    833.8
     1     1    23     1    11    20     0     2   -92.0   46.793  -96.384   1197.6    832.7
     1     1    23     1    11    19     0     1   -93.0   47.072  -96.474   1216.0    831.9
     1     1    23     1    11    18     0     0   -94.0   47.329  -96.543   1249.6    829.7
     1     1    23     1    11    17     0     1   -95.0   47.547  -96.606   1275.9    825.1
     1     1    23     1    11    16     0     2   -96.0   47.719  -96.654   1267.3    826.1
     1     1    23     1    11    15     0     3   -97.0   47.854  -96.668   1213.6    831.1
     1     1    23     1    11    14     0     2   -98.0   47.948  -96.655   1139.4    842.4
     1     1    23     1    11    13     0     1   -99.0   47.997  -96.645   1088.0    848.5
     1     1    23     1    11    12     0     0  -100.0   48.003  -96.644   1069.6    850.4
     1     1    23     1    11    11     0     1  -101.0   47.962  -96.670   1063.8    848.8
     1     1    23     1    11    10     0     2  -102.0   47.874  -96.743   1056.1    850.6
     1     1    23     1    11     9     0     3  -103.0   47.729  -96.871   1065.0    851.8
     1     1    23     1    11     8     0     2  -104.0   47.539  -97.047   1082.2    848.3
     1     1    23     1    11     7     0     1  -105.0   47.345  -97.252   1064.7    845.8
     1     1    23     1    11     6     0     0  -106.0   47.146  -97.470    999.6    849.7
     1     1    23     1    11     5     0     1  -107.0   46.941  -97.683    911.8    859.6
     1     1    23     1    11     4     0     2  -108.0   46.743  -97.866    853.6    866.7
     1     1    23     1    11     3     0     3  -109.0   46.552  -98.005    848.9    865.8
     1     1    23     1    11     2     0     2  -110.0   46.372  -98.107    839.8    859.1
     1     1    23     1    11     1     0     1  -111.0   46.203  -98.187    780.1    864.5
     1     1    23     1    11     0     0     0  -112.0   46.036  -98.230    688.1    874.4
     1     1    23     1    10    23     0     1  -113.0   45.866  -98.239    600.7    887.3
     1     1    23     1    10    22     0     2  -114.0   45.696  -98.230    540.9    894.1
     1     1    23     1    10    21     0     3  -115.0   45.524  -98.202    507.8    898.7
     1     1    23     1    10    20     0     2  -116.0   45.349  -98.167    496.5    900.6
     1     1    23     1    10    19     0     1  -117.0   45.176  -98.132    492.7    901.5
     1     1    23     1    10    18     0     0  -118.0   45.011  -98.105    480.8    903.0
     1     1    23     1    10    17     0     1  -119.0   44.865  -98.085    461.3    906.5
     1     1    23     1    10    16     0     2  -120.0   44.753  -98.070    445.7    908.9
