     8     1
    GDAS    22    12    22     0     0
    GDAS    22    12    29     0     0
    GDAS    23     1     1     0     0
    GDAS    23     1     8     0     0
    GDAS    23     1    15     0     0
    GDAS    23     1    22     0     0
    GDAS    23     1    29     0     0
    GDAS    23     2     1     0     0
     1 BACKWARD OMEGA   
    23     1     3    15   32.716  -96.748   132.0
     1 PRESSURE
     1     1    23     1     3    15     0     3     0.0   32.716  -96.748    132.0    975.7
     1     1    23     1     3    14     0     2    -1.0   32.711  -97.046    150.6    972.0
     1     1    23     1     3    13     0     1    -2.0   32.719  -97.383    178.9    961.5
     1     1    23     1     3    12     0     0    -3.0   32.739  -97.775    219.9    949.0
     1     1    23     1     3    11     0     1    -4.0   32.767  -98.228    276.6    936.4
     1     1    23     1     3    10     0     2    -5.0   32.803  -98.723    347.9    923.7
     1     1    23     1     3     9     0     3    -6.0   32.841  -99.250    438.1    910.6
     1     1    23     1     3     8     0     2    -7.0   32.885  -99.817    527.0    893.8
     1     1    23     1     3     7     0     1    -8.0   32.941 -100.434    606.7    875.1
     1     1    23     1     3     6     0     0    -9.0   32.998 -101.081    708.6    849.7
     1     1    23     1     3     5     0     1   -10.0   33.051 -101.715    910.5    822.6
     1     1    23     1     3     4     0     2   -11.0   33.098 -102.311   1230.9    773.6
     1     1    23     1     3     3     0     3   -12.0   33.131 -102.875   1538.6    726.9
     1     1    23     1     3     2     0     2   -13.0   33.150 -103.427   1718.7    702.5
     1     1    23     1     3     1     0     1   -14.0   33.176 -103.968   1827.1    698.3
     1     1    23     1     3     0     0     0   -15.0   33.207 -104.543   2056.6    670.9
     1     1    23     1     2    23     0     1   -16.0   33.188 -105.202   2357.0    618.4
     1     1    23     1     2    22     0     2   -17.0   33.143 -105.834   2140.6    603.8
     1     1    23     1     2    21     0     3   -18.0   33.160 -106.303   1540.1    687.0
     1     1    23     1     2    20     0     2   -19.0   33.165 -106.722   1009.4    756.3
     1     1    23     1     2    19     0     1   -20.0   33.147 -107.127    749.7    777.1
     1     1    23     1     2    18     0     0   -21.0   33.125 -107.543    654.8    743.4
     1     1    23     1     2    17     0     1   -22.0   33.077 -108.010    607.5    711.3
     1     1    23     1     2    16     0     2   -23.0   33.012 -108.461    564.8    735.8
     1     1    23     1     2    15     0     3   -24.0   32.972 -108.801    483.6    765.2
     1     1    23     1     2    14     0     2   -25.0   32.938 -109.029    373.6    788.2
     1     1    23     1     2    13     0     1   -26.0   32.875 -109.162    237.0    812.4
     1     1    23     1     2    12     0     0   -27.0   32.792 -109.246    136.1    831.6
     1     1    23     1     2    11     0     1   -28.0   32.728 -109.339     79.7    842.1
     1     1    23     1     2    10     0     2   -29.0   32.707 -109.474     48.8    849.9
     1     1    23     1     2     9     0     3   -30.0   32.714 -109.632     32.5    858.3
     1     1    23     1     2     8     0     2   -31.0   32.727 -109.787     24.3    866.7
     1     1    23     1     2     7     0     1   -32.0   32.725 -109.928     20.7    873.6
     1     1    23     1     2     6     0     0   -33.0   32.708 -110.064     19.8    878.5
     1     1    23     1     2     5     0     1   -34.0   32.657 -110.229     25.8    881.5
     1     1    23     1     2     4     0     2   -35.0   32.548 -110.460     64.0    884.2
     1     1    23     1     2     3     0     3   -36.0   32.370 -110.788    198.8    882.7
     1     1    23     1     2     2     0     2   -37.0   32.079 -111.226    429.2    866.1
     1     1    23     1     2     1     0     1   -38.0   31.719 -111.706    428.7    851.2
     1     1    23     1     2     0     0     0   -39.0   31.377 -112.138    189.7    918.7
     1     1    23     1     1    23     0     1   -40.0   31.086 -112.498     46.1    967.7
     1     1    23     1     1    22     0     2   -41.0   30.820 -112.837      0.0    993.8
     1     1    23     1     1    21     0     3   -42.0   30.578 -113.160      0.0   1005.9
     1     1    23     1     1    20     0     2   -43.0   30.354 -113.462      0.0   1007.7
     1     1    23     1     1    19     0     1   -44.0   30.135 -113.781      0.0   1009.6
     1     1    23     1     1    18     0     0   -45.0   29.927 -114.171      0.0    996.6
     1     1    23     1     1    17     0     1   -46.0   29.751 -114.573      0.0    973.5
     1     1    23     1     1    16     0     2   -47.0   29.583 -114.916      0.0    969.0
     1     1    23     1     1    15     0     3   -48.0   29.395 -115.193      0.0    987.0
     1     1    23     1     1    14     0     2   -49.0   29.216 -115.431      0.0   1001.8
     1     1    23     1     1    13     0     1   -50.0   29.071 -115.662      0.0   1009.3
     1     1    23     1     1    12     0     0   -51.0   28.942 -115.880      0.0   1011.0
     1     1    23     1     1    11     0     1   -52.0   28.828 -116.084      0.0   1011.2
     1     1    23     1     1    10     0     2   -53.0   28.727 -116.275      0.0   1011.7
     1     1    23     1     1     9     0     3   -54.0   28.633 -116.449      0.0   1012.4
     1     1    23     1     1     8     0     2   -55.0   28.556 -116.617      0.1   1013.3
     1     1    23     1     1     7     0     1   -56.0   28.506 -116.792      0.6   1014.0
     1     1    23     1     1     6     0     0   -57.0   28.482 -116.977      1.4   1014.5
     1     1    23     1     1     5     0     1   -58.0   28.469 -117.163      2.4   1014.3
     1     1    23     1     1     4     0     2   -59.0   28.453 -117.337      3.1   1014.1
     1     1    23     1     1     3     0     3   -60.0   28.429 -117.501      3.7   1013.8
     1     1    23     1     1     2     0     2   -61.0   28.406 -117.662      4.3   1014.4
     1     1    23     1     1     1     0     1   -62.0   28.390 -117.829      4.9   1015.0
     1     1    23     1     1     0     0     0   -63.0   28.383 -118.003      5.5   1015.6
     1     1    22    12    31    23     0     1   -64.0   28.376 -118.178      5.8   1015.9
     1     1    22    12    31    22     0     2   -65.0   28.363 -118.348      5.5   1016.1
     1     1    22    12    31    21     0     3   -66.0   28.347 -118.510      4.9   1016.4
     1     1    22    12    31    20     0     2   -67.0   28.332 -118.656      4.6   1017.5
     1     1    22    12    31    19     0     1   -68.0   28.323 -118.775      5.1   1018.6
     1     1    22    12    31    18     0     0   -69.0   28.324 -118.869      6.1   1019.8
     1     1    22    12    31    17     0     1   -70.0   28.338 -118.939      7.3   1018.5
     1     1    22    12    31    16     0     2   -71.0   28.371 -118.988      8.1   1017.3
     1     1    22    12    31    15     0     3   -72.0   28.423 -119.014      8.4   1016.1
     1     1    22    12    31    14     0     2   -73.0   28.493 -119.032      8.5   1016.2
     1     1    22    12    31    13     0     1   -74.0   28.579 -119.055      8.5   1016.3
     1     1    22    12    31    12     0     0   -75.0   28.680 -119.083      8.5   1016.4
     1     1    22    12    31    11     0     1   -76.0   28.783 -119.116      8.5   1016.4
     1     1    22    12    31    10     0     2   -77.0   28.878 -119.154      8.6   1016.4
     1     1    22    12    31     9     0     3   -78.0   28.963 -119.201      8.6   1016.3
     1     1    22    12    31     8     0     2   -79.0   29.046 -119.253      8.7   1017.6
     1     1    22    12    31     7     0     1   -80.0   29.138 -119.308      8.9   1018.8
     1     1    22    12    31     6     0     0   -81.0   29.237 -119.367      9.2   1020.0
     1     1    22    12    31     5     0     1   -82.0   29.343 -119.435      9.8   1020.0
     1     1    22    12    31     4     0     2   -83.0   29.458 -119.515     10.4   1019.9
     1     1    22    12    31     3     0     3   -84.0   29.581 -119.606     11.0   1019.7
     1     1    22    12    31     2     0     2   -85.0   29.705 -119.708     11.5   1019.6
     1     1    22    12    31     1     0     1   -86.0   29.821 -119.820     12.1   1019.4
     1     1    22    12    31     0     0     0   -87.0   29.929 -119.945     13.3   1019.2
     1     1    22    12    30    23     0     1   -88.0   30.029 -120.080     15.1   1018.8
     1     1    22    12    30    22     0     2   -89.0   30.120 -120.216     16.8   1018.5
     1     1    22    12    30    21     0     3   -90.0   30.198 -120.352     18.0   1018.3
     1     1    22    12    30    20     0     2   -91.0   30.268 -120.480     18.8   1018.1
     1     1    22    12    30    19     0     1   -92.0   30.336 -120.597     18.9   1018.0
     1     1    22    12    30    18     0     0   -93.0   30.405 -120.704     18.4   1017.9
     1     1    22    12    30    17     0     1   -94.0   30.482 -120.808     17.9   1017.9
     1     1    22    12    30    16     0     2   -95.0   30.574 -120.912     18.0   1017.7
     1     1    22    12    30    15     0     3   -96.0   30.680 -121.016     18.9   1017.4
     1     1    22    12    30    14     0     2   -97.0   30.794 -121.126     20.5   1017.1
     1     1    22    12    30    13     0     1   -98.0   30.909 -121.245     22.4   1016.7
     1     1    22    12    30    12     0     0   -99.0   31.023 -121.371     24.0   1016.4
     1     1    22    12    30    11     0     1  -100.0   31.132 -121.502     25.1   1016.2
     1     1    22    12    30    10     0     2  -101.0   31.234 -121.640     25.9   1016.0
     1     1    22    12    30     9     0     3  -102.0   31.330 -121.783     26.4   1015.9
     1     1    22    12    30     8     0     2  -103.0   31.425 -121.930     27.0   1015.7
     1     1    22    12    30     7     0     1  -104.0   31.522 -122.085     27.9   1015.5
     1     1    22    12    30     6     0     0  -105.0   31.622 -122.249     29.4   1015.2
     1     1    22    12    30     5     0     1  -106.0   31.717 -122.422     30.9   1014.9
     1     1    22    12    30     4     0     2  -107.0   31.804 -122.602     31.9   1014.7
     1     1    22    12    30     3     0     3  -108.0   31.885 -122.790     32.4   1014.6
     1     1    22    12    30     2     0     2  -109.0   31.964 -122.988     32.7   1013.5
     1     1    22    12    30     1     0     1  -110.0   32.045 -123.198     32.7   1012.5
     1     1    22    12    30     0     0     0  -111.0   32.123 -123.417     32.9   1011.5
     1     1    22    12    29    23     0     1  -112.0   32.194 -123.642     33.4   1011.5
     1     1    22    12    29    22     0     2  -113.0   32.259 -123.880     34.7   1011.4
     1     1    22    12    29    21     0     3  -114.0   32.321 -124.131     36.5   1011.3
     1     1    22    12    29    20     0     2  -115.0   32.380 -124.388     38.6   1011.2
     1     1    22    12    29    19     0     1  -116.0   32.438 -124.646     40.6   1011.1
     1     1    22    12    29    18     0     0  -117.0   32.500 -124.902     42.3   1011.0
     1     1    22    12    29    17     0     1  -118.0   32.564 -125.164     43.3   1010.8
     1     1    22    12    29    16     0     2  -119.0   32.625 -125.434     44.1   1010.7
     1     1    22    12    29    15     0     3  -120.0   32.695 -125.712     46.1   1010.5
