     8     1
    GDAS    22    12    22     0     0
    GDAS    22    12    29     0     0
    GDAS    23     1     1     0     0
    GDAS    23     1     8     0     0
    GDAS    23     1    15     0     0
    GDAS    23     1    22     0     0
    GDAS    23     1    29     0     0
    GDAS    23     2     1     0     0
     1 BACKWARD OMEGA   
    23     1    31    12   32.716  -96.748    15.0
     1 PRESSURE
     1     1    23     1    31    12     0     0     0.0   32.716  -96.748     15.0   1005.3
     1     1    23     1    31    11     0     1    -1.0   32.907  -96.725     19.9   1004.4
     1     1    23     1    31    10     0     2    -2.0   33.106  -96.690     26.5   1002.6
     1     1    23     1    31     9     0     3    -3.0   33.315  -96.641     33.6   1000.5
     1     1    23     1    31     8     0     2    -4.0   33.532  -96.588     40.6    999.3
     1     1    23     1    31     7     0     1    -5.0   33.754  -96.544     48.2    998.2
     1     1    23     1    31     6     0     0    -6.0   33.977  -96.509     56.8    996.9
     1     1    23     1    31     5     0     1    -7.0   34.203  -96.475     67.0    994.1
     1     1    23     1    31     4     0     2    -8.0   34.435  -96.430     77.6    990.8
     1     1    23     1    31     3     0     3    -9.0   34.669  -96.369     86.2    988.1
     1     1    23     1    31     2     0     2   -10.0   34.899  -96.293     91.3    986.1
     1     1    23     1    31     1     0     1   -11.0   35.114  -96.209     93.3    986.5
     1     1    23     1    31     0     0     0   -12.0   35.310  -96.125     92.3    987.8
     1     1    23     1    30    23     0     1   -13.0   35.492  -96.046     89.6    989.0
     1     1    23     1    30    22     0     2   -14.0   35.672  -95.977     89.8    989.6
     1     1    23     1    30    21     0     3   -15.0   35.850  -95.918     98.4    988.6
     1     1    23     1    30    20     0     2   -16.0   36.032  -95.855    120.3    986.2
     1     1    23     1    30    19     0     1   -17.0   36.227  -95.777    154.6    980.6
     1     1    23     1    30    18     0     0   -18.0   36.435  -95.686    192.1    973.9
     1     1    23     1    30    17     0     1   -19.0   36.653  -95.580    217.0    968.5
     1     1    23     1    30    16     0     2   -20.0   36.883  -95.457    227.5    967.3
     1     1    23     1    30    15     0     3   -21.0   37.125  -95.313    243.4    966.2
     1     1    23     1    30    14     0     2   -22.0   37.374  -95.161    263.2    961.8
     1     1    23     1    30    13     0     1   -23.0   37.627  -95.014    269.6    960.7
     1     1    23     1    30    12     0     0   -24.0   37.886  -94.873    262.4    962.6
     1     1    23     1    30    11     0     1   -25.0   38.149  -94.743    252.0    965.7
     1     1    23     1    30    10     0     2   -26.0   38.417  -94.627    245.5    966.2
     1     1    23     1    30     9     0     3   -27.0   38.690  -94.526    239.0    966.1
     1     1    23     1    30     8     0     2   -28.0   38.966  -94.438    227.1    966.2
     1     1    23     1    30     7     0     1   -29.0   39.238  -94.360    211.1    968.6
     1     1    23     1    30     6     0     0   -30.0   39.509  -94.293    198.1    970.6
     1     1    23     1    30     5     0     1   -31.0   39.778  -94.225    192.3    971.6
     1     1    23     1    30     4     0     2   -32.0   40.042  -94.148    194.8    970.9
     1     1    23     1    30     3     0     3   -33.0   40.303  -94.065    204.0    967.5
     1     1    23     1    30     2     0     2   -34.0   40.569  -93.994    219.1    963.1
     1     1    23     1    30     1     0     1   -35.0   40.847  -93.950    240.2    958.4
     1     1    23     1    30     0     0     0   -36.0   41.131  -93.932    264.8    954.0
     1     1    23     1    29    23     0     1   -37.0   41.409  -93.932    284.6    950.3
     1     1    23     1    29    22     0     2   -38.0   41.668  -93.944    296.3    948.9
     1     1    23     1    29    21     0     3   -39.0   41.900  -93.963    306.1    947.7
     1     1    23     1    29    20     0     2   -40.0   42.122  -93.989    319.0    946.6
     1     1    23     1    29    19     0     1   -41.0   42.356  -94.019    337.7    944.4
     1     1    23     1    29    18     0     0   -42.0   42.598  -94.049    361.5    941.6
     1     1    23     1    29    17     0     1   -43.0   42.854  -94.071    384.4    937.9
     1     1    23     1    29    16     0     2   -44.0   43.130  -94.086    397.5    936.5
     1     1    23     1    29    15     0     3   -45.0   43.415  -94.112    399.2    938.3
     1     1    23     1    29    14     0     2   -46.0   43.698  -94.153    400.3    940.0
     1     1    23     1    29    13     0     1   -47.0   43.978  -94.209    403.8    939.5
     1     1    23     1    29    12     0     0   -48.0   44.257  -94.279    405.4    938.5
     1     1    23     1    29    11     0     1   -49.0   44.532  -94.373    408.4    938.1
     1     1    23     1    29    10     0     2   -50.0   44.796  -94.499    417.9    937.0
     1     1    23     1    29     9     0     3   -51.0   45.048  -94.649    436.7    934.1
     1     1    23     1    29     8     0     2   -52.0   45.294  -94.816    460.4    926.3
     1     1    23     1    29     7     0     1   -53.0   45.545  -94.998    481.2    920.2
     1     1    23     1    29     6     0     0   -54.0   45.796  -95.198    492.4    917.4
     1     1    23     1    29     5     0     1   -55.0   46.038  -95.420    495.0    918.1
     1     1    23     1    29     4     0     2   -56.0   46.268  -95.659    496.9    918.1
     1     1    23     1    29     3     0     3   -57.0   46.503  -95.914    494.1    917.6
     1     1    23     1    29     2     0     2   -58.0   46.742  -96.183    480.4    920.1
     1     1    23     1    29     1     0     1   -59.0   46.970  -96.458    452.4    926.3
     1     1    23     1    29     0     0     0   -60.0   47.176  -96.735    415.2    937.0
     1     1    23     1    28    23     0     1   -61.0   47.355  -97.009    387.8    945.3
     1     1    23     1    28    22     0     2   -62.0   47.516  -97.288    382.4    940.4
     1     1    23     1    28    21     0     3   -63.0   47.678  -97.595    395.8    930.7
     1     1    23     1    28    20     0     2   -64.0   47.863  -97.946    425.8    919.0
     1     1    23     1    28    19     0     1   -65.0   48.072  -98.331    464.2    910.7
     1     1    23     1    28    18     0     0   -66.0   48.288  -98.700    495.5    907.5
     1     1    23     1    28    17     0     1   -67.0   48.516  -99.055    520.6    902.1
     1     1    23     1    28    16     0     2   -68.0   48.765  -99.409    558.3    892.6
     1     1    23     1    28    15     0     3   -69.0   49.045  -99.757    648.1    874.9
     1     1    23     1    28    14     0     2   -70.0   49.343 -100.102    738.1    857.9
     1     1    23     1    28    13     0     1   -71.0   49.643 -100.452    778.9    863.1
     1     1    23     1    28    12     0     0   -72.0   49.958 -100.815    807.0    866.8
     1     1    23     1    28    11     0     1   -73.0   50.281 -101.188    850.2    855.3
     1     1    23     1    28    10     0     2   -74.0   50.594 -101.556    905.2    842.8
     1     1    23     1    28     9     0     3   -75.0   50.897 -101.911    955.6    837.7
     1     1    23     1    28     8     0     2   -76.0   51.193 -102.243    973.8    834.5
     1     1    23     1    28     7     0     1   -77.0   51.485 -102.538    954.5    836.2
     1     1    23     1    28     6     0     0   -78.0   51.783 -102.801    919.4    839.0
     1     1    23     1    28     5     0     1   -79.0   52.099 -103.038    901.7    841.7
     1     1    23     1    28     4     0     2   -80.0   52.438 -103.258    930.5    843.5
     1     1    23     1    28     3     0     3   -81.0   52.791 -103.460    996.4    839.8
     1     1    23     1    28     2     0     2   -82.0   53.157 -103.655   1061.8    835.6
     1     1    23     1    28     1     0     1   -83.0   53.536 -103.843   1088.6    835.4
     1     1    23     1    28     0     0     0   -84.0   53.935 -104.020   1093.4    836.4
     1     1    23     1    27    23     0     1   -85.0   54.340 -104.205   1106.5    833.0
     1     1    23     1    27    22     0     2   -86.0   54.736 -104.415   1122.0    831.5
     1     1    23     1    27    21     0     3   -87.0   55.121 -104.641   1122.1    835.2
     1     1    23     1    27    20     0     2   -88.0   55.493 -104.855   1112.6    836.4
     1     1    23     1    27    19     0     1   -89.0   55.861 -105.036   1104.4    834.8
     1     1    23     1    27    18     0     0   -90.0   56.224 -105.182   1089.7    830.6
     1     1    23     1    27    17     0     1   -91.0   56.592 -105.296   1070.6    828.0
     1     1    23     1    27    16     0     2   -92.0   56.980 -105.389   1055.9    824.7
     1     1    23     1    27    15     0     3   -93.0   57.391 -105.466   1058.1    826.2
     1     1    23     1    27    14     0     2   -94.0   57.818 -105.551   1083.3    824.9
     1     1    23     1    27    13     0     1   -95.0   58.251 -105.664   1118.2    826.6
     1     1    23     1    27    12     0     0   -96.0   58.675 -105.796   1152.5    833.2
     1     1    23     1    27    11     0     1   -97.0   59.077 -105.935   1182.6    835.4
     1     1    23     1    27    10     0     2   -98.0   59.459 -106.077   1196.5    824.8
     1     1    23     1    27     9     0     3   -99.0   59.830 -106.215   1199.1    816.7
     1     1    23     1    27     8     0     2  -100.0   60.196 -106.340   1205.7    814.7
     1     1    23     1    27     7     0     1  -101.0   60.566 -106.446   1217.5    813.4
     1     1    23     1    27     6     0     0  -102.0   60.943 -106.521   1216.4    813.2
     1     1    23     1    27     5     0     1  -103.0   61.324 -106.574   1207.7    816.7
     1     1    23     1    27     4     0     2  -104.0   61.713 -106.618   1207.1    818.4
     1     1    23     1    27     3     0     3  -105.0   62.113 -106.648   1215.2    818.7
     1     1    23     1    27     2     0     2  -106.0   62.516 -106.677   1228.9    817.6
     1     1    23     1    27     1     0     1  -107.0   62.920 -106.715   1242.8    816.1
     1     1    23     1    27     0     0     0  -108.0   63.330 -106.755   1253.7    814.4
     1     1    23     1    26    23     0     1  -109.0   63.738 -106.810   1262.4    812.7
     1     1    23     1    26    22     0     2  -110.0   64.139 -106.883   1269.6    811.7
     1     1    23     1    26    21     0     3  -111.0   64.536 -106.968   1273.5    812.9
     1     1    23     1    26    20     0     2  -112.0   64.929 -107.047   1276.6    815.4
     1     1    23     1    26    19     0     1  -113.0   65.316 -107.099   1284.5    814.7
     1     1    23     1    26    18     0     0  -114.0   65.695 -107.113   1299.5    812.2
     1     1    23     1    26    17     0     1  -115.0   66.069 -107.106   1318.0    810.8
     1     1    23     1    26    16     0     2  -116.0   66.449 -107.100   1334.2    817.4
     1     1    23     1    26    15     0     3  -117.0   66.836 -107.094   1343.8    825.7
     1     1    23     1    26    14     0     2  -118.0   67.227 -107.097   1343.8    830.4
     1     1    23     1    26    13     0     1  -119.0   67.618 -107.125   1332.9    834.6
     1     1    23     1    26    12     0     0  -120.0   68.006 -107.191   1314.1    839.8
