     8     1
    GDAS    22    12    22     0     0
    GDAS    22    12    29     0     0
    GDAS    23     1     1     0     0
    GDAS    23     1     8     0     0
    GDAS    23     1    15     0     0
    GDAS    23     1    22     0     0
    GDAS    23     1    29     0     0
    GDAS    23     2     1     0     0
     1 BACKWARD OMEGA   
    23     1    19    15   32.716  -96.748  1500.0
     1 PRESSURE
     1     1    23     1    19    15     0     3     0.0   32.716  -96.748   1500.0    831.8
     1     1    23     1    19    14     0     2    -1.0   33.060  -97.314   1603.8    816.7
     1     1    23     1    19    13     0     1    -2.0   33.389  -97.920   1748.9    792.5
     1     1    23     1    19    12     0     0    -3.0   33.716  -98.554   1975.4    769.6
     1     1    23     1    19    11     0     1    -4.0   34.027  -99.210   2222.4    732.9
     1     1    23     1    19    10     0     2    -5.0   34.313  -99.853   2366.8    703.3
     1     1    23     1    19     9     0     3    -6.0   34.612 -100.468   2460.8    685.1
     1     1    23     1    19     8     0     2    -7.0   34.931 -101.092   2576.1    659.4
     1     1    23     1    19     7     0     1    -8.0   35.264 -101.704   2720.1    634.3
     1     1    23     1    19     6     0     0    -9.0   35.636 -102.261   2911.7    609.3
     1     1    23     1    19     5     0     1   -10.0   36.033 -102.773   3137.5    580.4
     1     1    23     1    19     4     0     2   -11.0   36.457 -103.242   3281.4    547.6
     1     1    23     1    19     3     0     3   -12.0   36.956 -103.637   3393.3    527.7
     1     1    23     1    19     2     0     2   -13.0   37.507 -103.972   3554.3    515.6
     1     1    23     1    19     1     0     1   -14.0   38.098 -104.250   3538.8    510.1
     1     1    23     1    19     0     0     0   -15.0   38.718 -104.443   3542.3    500.4
     1     1    23     1    18    23     0     1   -16.0   39.307 -104.502   3630.3    477.3
     1     1    23     1    18    22     0     2   -17.0   39.858 -104.490   3549.3    508.4
     1     1    23     1    18    21     0     3   -18.0   40.358 -104.414   3255.9    536.6
     1     1    23     1    18    20     0     2   -19.0   40.795 -104.240   2971.2    560.0
     1     1    23     1    18    19     0     1   -20.0   41.157 -103.991   2802.1    581.3
     1     1    23     1    18    18     0     0   -21.0   41.434 -103.718   2756.5    599.0
     1     1    23     1    18    17     0     1   -22.0   41.624 -103.426   2790.5    599.7
     1     1    23     1    18    16     0     2   -23.0   41.729 -103.105   2830.3    597.9
     1     1    23     1    18    15     0     3   -24.0   41.744 -102.772   2749.6    599.2
     1     1    23     1    18    14     0     2   -25.0   41.670 -102.449   2511.9    624.2
     1     1    23     1    18    13     0     1   -26.0   41.511 -102.146   2163.7    657.9
     1     1    23     1    18    12     0     0   -27.0   41.254 -101.810   1738.3    704.0
     1     1    23     1    18    11     0     1   -28.0   40.965 -101.385   1350.6    758.8
     1     1    23     1    18    10     0     2   -29.0   40.695 -100.897   1103.5    793.5
     1     1    23     1    18     9     0     3   -30.0   40.409 -100.400    902.4    810.9
     1     1    23     1    18     8     0     2   -31.0   40.175  -99.892    671.9    849.2
     1     1    23     1    18     7     0     1   -32.0   40.051  -99.401    520.7    881.7
     1     1    23     1    18     6     0     0   -33.0   39.982  -98.928    452.0    890.4
     1     1    23     1    18     5     0     1   -34.0   39.960  -98.490    393.3    903.0
     1     1    23     1    18     4     0     2   -35.0   39.987  -98.108    339.5    914.9
     1     1    23     1    18     3     0     3   -36.0   40.060  -97.777    290.1    923.3
     1     1    23     1    18     2     0     2   -37.0   40.158  -97.500    246.5    930.0
     1     1    23     1    18     1     0     1   -38.0   40.271  -97.282    213.9    934.3
     1     1    23     1    18     0     0     0   -39.0   40.398  -97.115    194.3    936.8
     1     1    23     1    17    23     0     1   -40.0   40.535  -97.007    192.2    937.0
     1     1    23     1    17    22     0     2   -41.0   40.673  -96.968    210.3    933.8
     1     1    23     1    17    21     0     3   -42.0   40.811  -96.997    250.7    927.9
     1     1    23     1    17    20     0     2   -43.0   40.961  -97.074    295.2    918.5
     1     1    23     1    17    19     0     1   -44.0   41.127  -97.176    318.4    914.2
     1     1    23     1    17    18     0     0   -45.0   41.304  -97.300    323.7    912.8
     1     1    23     1    17    17     0     1   -46.0   41.494  -97.455    336.3    911.2
     1     1    23     1    17    16     0     2   -47.0   41.703  -97.651    368.7    903.5
     1     1    23     1    17    15     0     3   -48.0   41.933  -97.890    409.3    893.8
     1     1    23     1    17    14     0     2   -49.0   42.175  -98.157    443.4    886.7
     1     1    23     1    17    13     0     1   -50.0   42.414  -98.419    464.1    883.6
     1     1    23     1    17    12     0     0   -51.0   42.654  -98.678    483.1    881.8
     1     1    23     1    17    11     0     1   -52.0   42.899  -98.939    510.5    878.1
     1     1    23     1    17    10     0     2   -53.0   43.145  -99.197    529.2    873.0
     1     1    23     1    17     9     0     3   -54.0   43.384  -99.437    537.9    873.8
     1     1    23     1    17     8     0     2   -55.0   43.610  -99.660    563.1    874.1
     1     1    23     1    17     7     0     1   -56.0   43.825  -99.864    609.2    871.1
     1     1    23     1    17     6     0     0   -57.0   44.030 -100.043    653.5    867.0
     1     1    23     1    17     5     0     1   -58.0   44.237 -100.187    679.8    860.4
     1     1    23     1    17     4     0     2   -59.0   44.451 -100.290    693.5    856.9
     1     1    23     1    17     3     0     3   -60.0   44.672 -100.355    705.0    854.3
     1     1    23     1    17     2     0     2   -61.0   44.905 -100.385    726.2    851.2
     1     1    23     1    17     1     0     1   -62.0   45.158 -100.382    757.2    846.4
     1     1    23     1    17     0     0     0   -63.0   45.430 -100.348    781.6    842.8
     1     1    23     1    16    23     0     1   -64.0   45.715 -100.295    793.9    841.8
     1     1    23     1    16    22     0     2   -65.0   46.001 -100.231    800.8    841.5
     1     1    23     1    16    21     0     3   -66.0   46.281 -100.153    814.6    843.1
     1     1    23     1    16    20     0     2   -67.0   46.538 -100.044    831.1    842.8
     1     1    23     1    16    19     0     1   -68.0   46.766  -99.894    845.0    844.1
     1     1    23     1    16    18     0     0   -69.0   46.965  -99.711    866.8    843.7
     1     1    23     1    16    17     0     1   -70.0   47.147  -99.496    885.7    841.1
     1     1    23     1    16    16     0     2   -71.0   47.326  -99.244    887.2    842.1
     1     1    23     1    16    15     0     3   -72.0   47.511  -98.964    868.3    845.3
     1     1    23     1    16    14     0     2   -73.0   47.683  -98.672    838.5    852.2
     1     1    23     1    16    13     0     1   -74.0   47.828  -98.391    816.6    856.1
     1     1    23     1    16    12     0     0   -75.0   47.954  -98.128    807.6    857.0
     1     1    23     1    16    11     0     1   -76.0   48.066  -97.886    800.4    859.6
     1     1    23     1    16    10     0     2   -77.0   48.164  -97.666    780.4    866.7
     1     1    23     1    16     9     0     3   -78.0   48.245  -97.473    744.4    874.8
     1     1    23     1    16     8     0     2   -79.0   48.301  -97.317    699.1    883.5
     1     1    23     1    16     7     0     1   -80.0   48.322  -97.201    652.8    891.2
     1     1    23     1    16     6     0     0   -81.0   48.303  -97.123    610.0    897.5
     1     1    23     1    16     5     0     1   -82.0   48.257  -97.070    572.9    902.3
     1     1    23     1    16     4     0     2   -83.0   48.197  -97.026    543.3    906.0
     1     1    23     1    16     3     0     3   -84.0   48.123  -96.992    520.0    908.8
     1     1    23     1    16     2     0     2   -85.0   48.039  -96.958    502.3    910.4
     1     1    23     1    16     1     0     1   -86.0   47.947  -96.917    490.3    911.4
     1     1    23     1    16     0     0     0   -87.0   47.849  -96.869    485.7    911.6
     1     1    23     1    15    23     0     1   -88.0   47.758  -96.836    477.4    910.2
     1     1    23     1    15    22     0     2   -89.0   47.683  -96.832    451.7    912.7
     1     1    23     1    15    21     0     3   -90.0   47.622  -96.849    410.5    917.5
     1     1    23     1    15    20     0     2   -91.0   47.566  -96.889    371.3    923.9
     1     1    23     1    15    19     0     1   -92.0   47.505  -96.959    348.2    927.3
     1     1    23     1    15    18     0     0   -93.0   47.446  -97.059    340.9    927.8
     1     1    23     1    15    17     0     1   -94.0   47.397  -97.192    340.2    924.3
     1     1    23     1    15    16     0     2   -95.0   47.369  -97.358    334.5    921.7
     1     1    23     1    15    15     0     3   -96.0   47.370  -97.567    319.7    919.3
     1     1    23     1    15    14     0     2   -97.0   47.398  -97.842    313.9    917.0
     1     1    23     1    15    13     0     1   -98.0   47.445  -98.203    342.5    909.1
     1     1    23     1    15    12     0     0   -99.0   47.499  -98.604    396.5    898.4
     1     1    23     1    15    11     0     1  -100.0   47.565  -99.001    442.1    888.5
     1     1    23     1    15    10     0     2  -101.0   47.646  -99.386    467.6    886.7
     1     1    23     1    15     9     0     3  -102.0   47.739  -99.766    476.7    885.9
     1     1    23     1    15     8     0     2  -103.0   47.845 -100.133    484.9    886.4
     1     1    23     1    15     7     0     1  -104.0   47.971 -100.494    507.5    881.7
     1     1    23     1    15     6     0     0  -105.0   48.110 -100.840    534.0    875.8
     1     1    23     1    15     5     0     1  -106.0   48.245 -101.135    539.5    872.3
     1     1    23     1    15     4     0     2  -107.0   48.372 -101.360    522.9    874.7
     1     1    23     1    15     3     0     3  -108.0   48.500 -101.524    511.1    876.3
     1     1    23     1    15     2     0     2  -109.0   48.614 -101.630    498.8    876.9
     1     1    23     1    15     1     0     1  -110.0   48.692 -101.692    470.9    880.1
     1     1    23     1    15     0     0     0  -111.0   48.734 -101.723    424.4    886.0
     1     1    23     1    14    23     0     1  -112.0   48.744 -101.729    371.2    892.9
     1     1    23     1    14    22     0     2  -113.0   48.727 -101.708    319.8    898.6
     1     1    23     1    14    21     0     3  -114.0   48.680 -101.658    270.0    904.5
     1     1    23     1    14    20     0     2  -115.0   48.601 -101.598    229.7    910.1
     1     1    23     1    14    19     0     1  -116.0   48.486 -101.560    205.5    912.8
     1     1    23     1    14    18     0     0  -117.0   48.333 -101.557    199.9    912.8
     1     1    23     1    14    17     0     1  -118.0   48.147 -101.598    206.7    908.7
     1     1    23     1    14    16     0     2  -119.0   47.938 -101.681    216.9    904.8
     1     1    23     1    14    15     0     3  -120.0   47.710 -101.771    229.1    902.1
