     8     1
    GDAS    22    12    22     0     0
    GDAS    22    12    29     0     0
    GDAS    23     1     1     0     0
    GDAS    23     1     8     0     0
    GDAS    23     1    15     0     0
    GDAS    23     1    22     0     0
    GDAS    23     1    29     0     0
    GDAS    23     2     1     0     0
     1 BACKWARD OMEGA   
    23     1     3    16   32.716  -96.748  1500.0
     1 PRESSURE
     1     1    23     1     3    16     0     2     0.0   32.716  -96.748   1500.0    828.4
     1     1    23     1     3    15     0     3    -1.0   32.632  -97.346   1518.0    821.0
     1     1    23     1     3    14     0     2    -2.0   32.567  -97.994   1596.2    804.7
     1     1    23     1     3    13     0     1    -3.0   32.487  -98.712   1711.5    781.1
     1     1    23     1     3    12     0     0    -4.0   32.388  -99.491   1811.0    763.9
     1     1    23     1     3    11     0     1    -5.0   32.264 -100.341   1880.3    745.9
     1     1    23     1     3    10     0     2    -6.0   32.110 -101.287   1938.3    729.1
     1     1    23     1     3     9     0     3    -7.0   31.955 -102.298   2216.4    692.8
     1     1    23     1     3     8     0     2    -8.0   31.827 -103.280   2413.9    672.5
     1     1    23     1     3     7     0     1    -9.0   31.765 -104.235   2586.8    643.3
     1     1    23     1     3     6     0     0   -10.0   31.659 -105.227   2844.2    603.6
     1     1    23     1     3     5     0     1   -11.0   31.597 -106.207   3308.6    556.3
     1     1    23     1     3     4     0     2   -12.0   31.600 -107.126   3424.1    559.2
     1     1    23     1     3     3     0     3   -13.0   31.660 -108.017   3357.5    563.8
     1     1    23     1     3     2     0     2   -14.0   31.814 -108.933   3461.7    548.6
     1     1    23     1     3     1     0     1   -15.0   32.052 -109.903   3466.1    549.1
     1     1    23     1     3     0     0     0   -16.0   32.321 -110.807   3583.4    573.2
     1     1    23     1     2    23     0     1   -17.0   32.553 -111.572   3746.1    580.5
     1     1    23     1     2    22     0     2   -18.0   32.762 -112.225   3819.2    595.6
     1     1    23     1     2    21     0     3   -19.0   32.954 -112.790   3899.3    602.8
     1     1    23     1     2    20     0     2   -20.0   33.176 -113.344   4007.1    591.1
     1     1    23     1     2    19     0     1   -21.0   33.471 -113.921   4134.2    574.4
     1     1    23     1     2    18     0     0   -22.0   33.801 -114.459   4205.5    569.6
     1     1    23     1     2    17     0     1   -23.0   34.157 -114.964   4245.4    563.5
     1     1    23     1     2    16     0     2   -24.0   34.596 -115.526   4296.2    538.0
     1     1    23     1     2    15     0     3   -25.0   35.134 -116.132   4410.0    533.8
     1     1    23     1     2    14     0     2   -26.0   35.721 -116.749   4513.4    508.9
     1     1    23     1     2    13     0     1   -27.0   36.409 -117.425   4619.0    461.8
     1     1    23     1     2    12     0     0   -28.0   37.274 -118.107   4874.5    425.7
     1     1    23     1     2    11     0     1   -29.0   38.279 -118.722   5463.3    391.7
     1     1    23     1     2    10     0     2   -30.0   39.345 -119.331   6257.1    356.2
     1     1    23     1     2     9     0     3   -31.0   40.364 -119.885   6651.3    339.0
     1     1    23     1     2     8     0     2   -32.0   41.292 -120.392   7017.3    320.5
     1     1    23     1     2     7     0     1   -33.0   42.129 -120.789   7289.7    312.4
     1     1    23     1     2     6     0     0   -34.0   42.889 -121.038   7444.1    305.7
     1     1    23     1     2     5     0     1   -35.0   43.590 -121.253   7749.7    299.3
     1     1    23     1     2     4     0     2   -36.0   44.245 -121.337   8006.0    299.6
     1     1    23     1     2     3     0     3   -37.0   44.909 -121.257   8336.4    299.3
     1     1    23     1     2     2     0     2   -38.0   45.635 -121.208   8685.4    283.5
     1     1    23     1     2     1     0     1   -39.0   46.389 -121.331   8973.3    266.5
     1     1    23     1     2     0     0     0   -40.0   47.133 -121.620   9278.5    254.9
     1     1    23     1     1    23     0     1   -41.0   47.843 -122.026   9837.9    258.5
     1     1    23     1     1    22     0     2   -42.0   48.517 -122.466  10054.7    245.8
