     8     1
    GDAS    22    12    22     0     0
    GDAS    22    12    29     0     0
    GDAS    23     1     1     0     0
    GDAS    23     1     8     0     0
    GDAS    23     1    15     0     0
    GDAS    23     1    22     0     0
    GDAS    23     1    29     0     0
    GDAS    23     2     1     0     0
     1 BACKWARD OMEGA   
    23     1    15    16   32.716  -96.748    15.0
     1 PRESSURE
     1     1    23     1    15    16     0     2     0.0   32.716  -96.748     15.0    991.9
     1     1    23     1    15    15     0     3    -1.0   32.463  -96.766     12.9    993.2
     1     1    23     1    15    14     0     2    -2.0   32.223  -96.780     11.4    993.6
     1     1    23     1    15    13     0     1    -3.0   31.990  -96.791      9.8    994.1
     1     1    23     1    15    12     0     0    -4.0   31.773  -96.797      7.7    995.5
     1     1    23     1    15    11     0     1    -5.0   31.571  -96.798      5.2    996.8
     1     1    23     1    15    10     0     2    -6.0   31.376  -96.792      2.4    998.1
     1     1    23     1    15     9     0     3    -7.0   31.189  -96.777      0.0    999.3
     1     1    23     1    15     8     0     2    -8.0   31.013  -96.752      0.0   1001.8
     1     1    23     1    15     7     0     1    -9.0   30.848  -96.717      0.0   1003.6
     1     1    23     1    15     6     0     0   -10.0   30.691  -96.674      0.0   1005.2
     1     1    23     1    15     5     0     1   -11.0   30.539  -96.617      0.0   1005.5
     1     1    23     1    15     4     0     2   -12.0   30.391  -96.541      0.0   1006.3
     1     1    23     1    15     3     0     3   -13.0   30.245  -96.446      0.0   1007.3
     1     1    23     1    15     2     0     2   -14.0   30.106  -96.344      0.0   1008.6
     1     1    23     1    15     1     0     1   -15.0   29.977  -96.244      0.0   1010.0
     1     1    23     1    15     0     0     0   -16.0   29.859  -96.145      0.0   1011.8
     1     1    23     1    14    23     0     1   -17.0   29.743  -96.052      0.0   1013.4
     1     1    23     1    14    22     0     2   -18.0   29.619  -95.968      0.0   1014.8
     1     1    23     1    14    21     0     3   -19.0   29.486  -95.891      0.0   1016.3
     1     1    23     1    14    20     0     2   -20.0   29.360  -95.808      0.0   1018.9
     1     1    23     1    14    19     0     1   -21.0   29.262  -95.708      0.0   1021.1
     1     1    23     1    14    18     0     0   -22.0   29.190  -95.594      0.0   1022.8
     1     1    23     1    14    17     0     1   -23.0   29.139  -95.467      0.2   1023.8
     1     1    23     1    14    16     0     2   -24.0   29.102  -95.329      0.1   1025.0
     1     1    23     1    14    15     0     3   -25.0   29.077  -95.172      0.0   1026.5
     1     1    23     1    14    14     0     2   -26.0   29.072  -95.007      0.0   1026.1
     1     1    23     1    14    13     0     1   -27.0   29.095  -94.854      0.0   1024.9
     1     1    23     1    14    12     0     0   -28.0   29.144  -94.722      0.0   1023.8
     1     1    23     1    14    11     0     1   -29.0   29.212  -94.599      0.0   1023.8
     1     1    23     1    14    10     0     2   -30.0   29.293  -94.474      0.0   1023.8
     1     1    23     1    14     9     0     3   -31.0   29.388  -94.349      0.0   1023.7
     1     1    23     1    14     8     0     2   -32.0   29.495  -94.233      0.0   1023.8
     1     1    23     1    14     7     0     1   -33.0   29.608  -94.133      0.2   1023.8
     1     1    23     1    14     6     0     0   -34.0   29.722  -94.051      0.7   1023.7
     1     1    23     1    14     5     0     1   -35.0   29.833  -93.995      1.6   1024.9
     1     1    23     1    14     4     0     2   -36.0   29.938  -93.966      2.4   1026.1
     1     1    23     1    14     3     0     3   -37.0   30.038  -93.962      3.2   1026.9
     1     1    23     1    14     2     0     2   -38.0   30.136  -93.972      4.0   1024.6
     1     1    23     1    14     1     0     1   -39.0   30.236  -93.987      4.9   1022.6
     1     1    23     1    14     0     0     0   -40.0   30.336  -94.008      5.9   1020.9
     1     1    23     1    13    23     0     1   -41.0   30.444  -94.038      6.8   1019.9
     1     1    23     1    13    22     0     2   -42.0   30.568  -94.079      7.4   1018.9
     1     1    23     1    13    21     0     3   -43.0   30.708  -94.130      7.6   1017.8
     1     1    23     1    13    20     0     2   -44.0   30.848  -94.180      7.8   1016.7
     1     1    23     1    13    19     0     1   -45.0   30.975  -94.222      8.1   1015.5
     1     1    23     1    13    18     0     0   -46.0   31.093  -94.257      8.6   1015.1
     1     1    23     1    13    17     0     1   -47.0   31.206  -94.287      9.2   1015.4
     1     1    23     1    13    16     0     2   -48.0   31.319  -94.313     10.1   1016.0
     1     1    23     1    13    15     0     3   -49.0   31.432  -94.336     11.2   1016.5
     1     1    23     1    13    14     0     2   -50.0   31.548  -94.362     12.0   1015.5
     1     1    23     1    13    13     0     1   -51.0   31.668  -94.395     12.3   1014.5
     1     1    23     1    13    12     0     0   -52.0   31.797  -94.431     12.3   1013.2
     1     1    23     1    13    11     0     1   -53.0   31.929  -94.473     12.3   1012.8
     1     1    23     1    13    10     0     2   -54.0   32.052  -94.529     12.5   1012.4
     1     1    23     1    13     9     0     3   -55.0   32.160  -94.607     12.5   1012.0
     1     1    23     1    13     8     0     2   -56.0   32.276  -94.678     12.5   1011.7
     1     1    23     1    13     7     0     1   -57.0   32.419  -94.716     13.2   1011.3
     1     1    23     1    13     6     0     0   -58.0   32.583  -94.721     15.0   1010.9
     1     1    23     1    13     5     0     1   -59.0   32.756  -94.730     17.9   1010.2
     1     1    23     1    13     4     0     2   -60.0   32.933  -94.769     20.5   1009.5
     1     1    23     1    13     3     0     3   -61.0   33.121  -94.833     23.0   1008.6
     1     1    23     1    13     2     0     2   -62.0   33.327  -94.911     28.4   1006.6
     1     1    23     1    13     1     0     1   -63.0   33.562  -94.998     43.1   1003.7
     1     1    23     1    13     0     0     0   -64.0   33.836  -95.091     78.6    999.1
     1     1    23     1    12    23     0     1   -65.0   34.141  -95.199    132.8    989.9
     1     1    23     1    12    22     0     2   -66.0   34.467  -95.338    184.6    979.5
     1     1    23     1    12    21     0     3   -67.0   34.818  -95.502    224.2    972.2
     1     1    23     1    12    20     0     2   -68.0   35.195  -95.666    255.1    967.5
     1     1    23     1    12    19     0     1   -69.0   35.594  -95.799    284.6    963.7
     1     1    23     1    12    18     0     0   -70.0   36.012  -95.889    310.0    959.9
     1     1    23     1    12    17     0     1   -71.0   36.459  -95.959    342.2    954.1
     1     1    23     1    12    16     0     2   -72.0   36.963  -96.027    415.0    943.2
     1     1    23     1    12    15     0     3   -73.0   37.535  -96.055    522.7    921.9
     1     1    23     1    12    14     0     2   -74.0   38.170  -96.014    618.8    906.1
     1     1    23     1    12    13     0     1   -75.0   38.830  -95.938    657.9    897.5
     1     1    23     1    12    12     0     0   -76.0   39.502  -95.862    660.1    902.0
     1     1    23     1    12    11     0     1   -77.0   40.191  -95.771    657.0    900.7
     1     1    23     1    12    10     0     2   -78.0   40.853  -95.685    665.6    902.1
     1     1    23     1    12     9     0     3   -79.0   41.473  -95.612    697.2    894.4
     1     1    23     1    12     8     0     2   -80.0   42.040  -95.561    719.8    887.7
     1     1    23     1    12     7     0     1   -81.0   42.551  -95.531    727.7    885.5
     1     1    23     1    12     6     0     0   -82.0   43.026  -95.504    742.3    882.4
     1     1    23     1    12     5     0     1   -83.0   43.472  -95.492    783.1    875.9
     1     1    23     1    12     4     0     2   -84.0   43.899  -95.515    835.5    863.4
     1     1    23     1    12     3     0     3   -85.0   44.322  -95.562    885.4    862.6
     1     1    23     1    12     2     0     2   -86.0   44.725  -95.645    957.5    861.0
     1     1    23     1    12     1     0     1   -87.0   45.105  -95.763   1041.8    853.3
     1     1    23     1    12     0     0     0   -88.0   45.485  -95.893   1104.0    844.6
     1     1    23     1    11    23     0     1   -89.0   45.859  -96.030   1134.8    841.5
     1     1    23     1    11    22     0     2   -90.0   46.208  -96.173   1153.6    839.3
     1     1    23     1    11    21     0     3   -91.0   46.536  -96.302   1167.4    835.8
     1     1    23     1    11    20     0     2   -92.0   46.840  -96.409   1175.6    835.4
     1     1    23     1    11    19     0     1   -93.0   47.118  -96.497   1191.8    835.1
     1     1    23     1    11    18     0     0   -94.0   47.374  -96.567   1223.7    832.9
     1     1    23     1    11    17     0     1   -95.0   47.594  -96.628   1248.2    828.4
     1     1    23     1    11    16     0     2   -96.0   47.768  -96.672   1236.5    829.6
     1     1    23     1    11    15     0     3   -97.0   47.906  -96.677   1177.1    835.1
     1     1    23     1    11    14     0     2   -98.0   48.004  -96.655   1098.9    847.1
     1     1    23     1    11    13     0     1   -99.0   48.059  -96.639   1048.0    853.0
     1     1    23     1    11    12     0     0  -100.0   48.073  -96.636   1033.4    854.3
     1     1    23     1    11    11     0     1  -101.0   48.042  -96.657   1031.4    852.2
     1     1    23     1    11    10     0     2  -102.0   47.965  -96.714   1024.5    853.7
     1     1    23     1    11     9     0     3  -103.0   47.834  -96.820   1026.8    855.1
     1     1    23     1    11     8     0     2  -104.0   47.661  -96.973   1035.6    853.9
     1     1    23     1    11     7     0     1  -105.0   47.478  -97.153   1019.8    852.3
     1     1    23     1    11     6     0     0  -106.0   47.287  -97.352    968.9    855.3
     1     1    23     1    11     5     0     1  -107.0   47.091  -97.553    901.4    862.2
     1     1    23     1    11     4     0     2  -108.0   46.901  -97.739    851.1    867.7
     1     1    23     1    11     3     0     3  -109.0   46.722  -97.890    847.3    867.6
     1     1    23     1    11     2     0     2  -110.0   46.555  -98.005    843.2    860.8
     1     1    23     1    11     1     0     1  -111.0   46.399  -98.097    789.1    865.2
     1     1    23     1    11     0     0     0  -112.0   46.248  -98.158    699.6    874.6
     1     1    23     1    10    23     0     1  -113.0   46.096  -98.191    611.0    886.7
     1     1    23     1    10    22     0     2  -114.0   45.943  -98.215    543.6    892.9
     1     1    23     1    10    21     0     3  -115.0   45.792  -98.224    496.7    898.6
     1     1    23     1    10    20     0     2  -116.0   45.637  -98.223    472.3    902.2
     1     1    23     1    10    19     0     1  -117.0   45.478  -98.217    464.4    903.6
     1     1    23     1    10    18     0     0  -118.0   45.318  -98.214    462.5    904.3
     1     1    23     1    10    17     0     1  -119.0   45.176  -98.210    458.7    905.0
     1     1    23     1    10    16     0     2  -120.0   45.067  -98.208    451.9    906.6
