     8     1
    GDAS    22    12    22     0     0
    GDAS    22    12    29     0     0
    GDAS    23     1     1     0     0
    GDAS    23     1     8     0     0
    GDAS    23     1    15     0     0
    GDAS    23     1    22     0     0
    GDAS    23     1    29     0     0
    GDAS    23     2     1     0     0
     1 BACKWARD OMEGA   
    23     1     7    15   32.716  -96.748   132.0
     1 PRESSURE
     1     1    23     1     7    15     0     3     0.0   32.716  -96.748    132.0    986.3
     1     1    23     1     7    14     0     2    -1.0   32.846  -96.862    133.6    985.4
     1     1    23     1     7    13     0     1    -2.0   32.992  -96.990    128.0    984.9
     1     1    23     1     7    12     0     0    -3.0   33.158  -97.129    116.7    981.9
     1     1    23     1     7    11     0     1    -4.0   33.289  -97.281    109.5    979.2
     1     1    23     1     7    10     0     2    -5.0   33.362  -97.452    105.0    976.0
     1     1    23     1     7     9     0     3    -6.0   33.405  -97.649     99.8    973.0
     1     1    23     1     7     8     0     2    -7.0   33.421  -97.862     97.1    970.2
     1     1    23     1     7     7     0     1    -8.0   33.384  -98.090    102.2    966.5
     1     1    23     1     7     6     0     0    -9.0   33.290  -98.351    118.1    962.2
     1     1    23     1     7     5     0     1   -10.0   33.154  -98.641    141.1    956.3
     1     1    23     1     7     4     0     2   -11.0   32.959  -98.951    164.0    949.5
     1     1    23     1     7     3     0     3   -12.0   32.682  -99.254    177.8    942.5
     1     1    23     1     7     2     0     2   -13.0   32.373  -99.514    167.2    936.7
     1     1    23     1     7     1     0     1   -14.0   32.082  -99.732    130.5    935.6
     1     1    23     1     7     0     0     0   -15.0   31.810  -99.911     95.1    935.7
     1     1    23     1     6    23     0     1   -16.0   31.530 -100.081     76.8    933.3
     1     1    23     1     6    22     0     2   -17.0   31.215 -100.256     74.4    929.0
     1     1    23     1     6    21     0     3   -18.0   30.848 -100.419     76.8    926.1
     1     1    23     1     6    20     0     2   -19.0   30.464 -100.519     60.5    932.2
     1     1    23     1     6    19     0     1   -20.0   30.106 -100.538     25.8    943.4
     1     1    23     1     6    18     0     0   -21.0   29.780 -100.510      5.5    956.0
     1     1    23     1     6    17     0     1   -22.0   29.496 -100.463      0.0    966.3
     1     1    23     1     6    16     0     2   -23.0   29.269 -100.407      0.0    975.7
     1     1    23     1     6    15     0     3   -24.0   29.109 -100.344      0.0    983.7
     1     1    23     1     6    14     0     2   -25.0   28.993 -100.271      0.0    988.3
     1     1    23     1     6    13     0     1   -26.0   28.893 -100.186      0.0    988.5
     1     1    23     1     6    12     0     0   -27.0   28.799 -100.088      0.0    989.2
     1     1    23     1     6    11     0     1   -28.0   28.709  -99.982      0.0    992.5
     1     1    23     1     6    10     0     2   -29.0   28.616  -99.877      0.0    994.8
     1     1    23     1     6     9     0     3   -30.0   28.518  -99.775      0.0    996.9
     1     1    23     1     6     8     0     2   -31.0   28.413  -99.672      0.0    998.1
     1     1    23     1     6     7     0     1   -32.0   28.302  -99.564      0.0    999.4
     1     1    23     1     6     6     0     0   -33.0   28.185  -99.449      0.0   1001.0
     1     1    23     1     6     5     0     1   -34.0   28.071  -99.325      0.0   1002.8
     1     1    23     1     6     4     0     2   -35.0   27.972  -99.192      0.0   1004.4
     1     1    23     1     6     3     0     3   -36.0   27.892  -99.046      0.0   1005.3
     1     1    23     1     6     2     0     2   -37.0   27.835  -98.896      0.6   1006.4
     1     1    23     1     6     1     0     1   -38.0   27.800  -98.755      1.3   1007.7
     1     1    23     1     6     0     0     0   -39.0   27.786  -98.627      1.7   1008.9
     1     1    23     1     5    23     0     1   -40.0   27.779  -98.522      2.1   1010.0
     1     1    23     1     5    22     0     2   -41.0   27.764  -98.449      2.6   1010.7
     1     1    23     1     5    21     0     3   -42.0   27.743  -98.406      3.2   1011.2
     1     1    23     1     5    20     0     2   -43.0   27.728  -98.386      3.7   1011.9
     1     1    23     1     5    19     0     1   -44.0   27.727  -98.378      3.9   1012.4
     1     1    23     1     5    18     0     0   -45.0   27.742  -98.385      3.8   1012.9
     1     1    23     1     5    17     0     1   -46.0   27.763  -98.400      3.4   1012.8
     1     1    23     1     5    16     0     2   -47.0   27.783  -98.420      2.8   1012.8
     1     1    23     1     5    15     0     3   -48.0   27.800  -98.446      2.0   1012.7
     1     1    23     1     5    14     0     2   -49.0   27.815  -98.478      1.0   1012.1
     1     1    23     1     5    13     0     1   -50.0   27.827  -98.518      0.0   1011.4
     1     1    23     1     5    12     0     0   -51.0   27.836  -98.565      0.0   1010.5
     1     1    23     1     5    11     0     1   -52.0   27.830  -98.614      0.0   1009.6
     1     1    23     1     5    10     0     2   -53.0   27.794  -98.657      0.0   1008.7
     1     1    23     1     5     9     0     3   -54.0   27.726  -98.694      0.0   1007.9
     1     1    23     1     5     8     0     2   -55.0   27.640  -98.716      0.5   1007.5
     1     1    23     1     5     7     0     1   -56.0   27.551  -98.716      1.8   1007.1
     1     1    23     1     5     6     0     0   -57.0   27.459  -98.690      4.6   1006.8
     1     1    23     1     5     5     0     1   -58.0   27.372  -98.640      8.9   1006.8
     1     1    23     1     5     4     0     2   -59.0   27.291  -98.570     15.4   1006.6
     1     1    23     1     5     3     0     3   -60.0   27.215  -98.480     24.5   1006.4
     1     1    23     1     5     2     0     2   -61.0   27.152  -98.380     32.4   1006.0
     1     1    23     1     5     1     0     1   -62.0   27.114  -98.278     34.0   1006.5
     1     1    23     1     5     0     0     0   -63.0   27.108  -98.172     28.9   1007.5
     1     1    23     1     4    23     0     1   -64.0   27.137  -98.077     22.9   1009.6
     1     1    23     1     4    22     0     2   -65.0   27.201  -98.011     20.1   1010.4
     1     1    23     1     4    21     0     3   -66.0   27.298  -97.980     20.4   1010.1
     1     1    23     1     4    20     0     2   -67.0   27.417  -97.976     22.6   1010.4
     1     1    23     1     4    19     0     1   -68.0   27.552  -97.984     26.1   1010.5
     1     1    23     1     4    18     0     0   -69.0   27.706  -98.004     32.3   1010.0
     1     1    23     1     4    17     0     1   -70.0   27.868  -98.038     43.1   1007.4
     1     1    23     1     4    16     0     2   -71.0   28.014  -98.081     59.4   1004.1
     1     1    23     1     4    15     0     3   -72.0   28.138  -98.122     82.1   1000.0
     1     1    23     1     4    14     0     2   -73.0   28.255  -98.170    109.9    995.0
     1     1    23     1     4    13     0     1   -74.0   28.381  -98.232    138.6    990.2
     1     1    23     1     4    12     0     0   -75.0   28.515  -98.299    164.6    984.8
     1     1    23     1     4    11     0     1   -76.0   28.650  -98.376    186.8    980.3
     1     1    23     1     4    10     0     2   -77.0   28.794  -98.477    208.4    975.8
     1     1    23     1     4     9     0     3   -78.0   28.984  -98.606    239.5    969.5
     1     1    23     1     4     8     0     2   -79.0   29.200  -98.786    279.6    954.4
     1     1    23     1     4     7     0     1   -80.0   29.398  -99.034    320.3    939.0
     1     1    23     1     4     6     0     0   -81.0   29.592  -99.342    368.5    924.5
     1     1    23     1     4     5     0     1   -82.0   29.797  -99.712    426.9    906.3
     1     1    23     1     4     4     0     2   -83.0   30.013 -100.123    483.4    886.9
     1     1    23     1     4     3     0     3   -84.0   30.221 -100.554    511.7    884.5
     1     1    23     1     4     2     0     2   -85.0   30.398 -101.029    528.9    884.4
     1     1    23     1     4     1     0     1   -86.0   30.542 -101.557    577.0    873.8
     1     1    23     1     4     0     0     0   -87.0   30.663 -102.103    665.1    858.1
     1     1    23     1     3    23     0     1   -88.0   30.738 -102.681    801.1    832.7
     1     1    23     1     3    22     0     2   -89.0   30.759 -103.325   1060.2    795.3
     1     1    23     1     3    21     0     3   -90.0   30.792 -104.089   1440.9    724.8
     1     1    23     1     3    20     0     2   -91.0   30.912 -104.971   1878.1    681.2
     1     1    23     1     3    19     0     1   -92.0   31.073 -105.898   2357.7    628.6
     1     1    23     1     3    18     0     0   -93.0   31.237 -106.794   2523.0    630.1
     1     1    23     1     3    17     0     1   -94.0   31.386 -107.625   2417.1    640.5
     1     1    23     1     3    16     0     2   -95.0   31.554 -108.453   2363.5    637.3
     1     1    23     1     3    15     0     3   -96.0   31.717 -109.320   2574.0    615.2
     1     1    23     1     3    14     0     2   -97.0   31.855 -110.229   2757.3    608.2
     1     1    23     1     3    13     0     1   -98.0   31.977 -111.084   2756.8    644.2
     1     1    23     1     3    12     0     0   -99.0   32.132 -111.847   2706.1    671.1
     1     1    23     1     3    11     0     1  -100.0   32.286 -112.545   2688.8    687.8
     1     1    23     1     3    10     0     2  -101.0   32.384 -113.193   2582.7    709.6
     1     1    23     1     3     9     0     3  -102.0   32.446 -113.807   2473.2    729.5
     1     1    23     1     3     8     0     2  -103.0   32.514 -114.417   2433.9    740.5
     1     1    23     1     3     7     0     1  -104.0   32.603 -115.040   2435.6    740.3
     1     1    23     1     3     6     0     0  -105.0   32.723 -115.699   2449.0    722.6
     1     1    23     1     3     5     0     1  -106.0   32.868 -116.421   2441.7    723.9
     1     1    23     1     3     4     0     2  -107.0   32.930 -117.157   2440.9    739.1
     1     1    23     1     3     3     0     3  -108.0   32.922 -117.854   2623.7    742.4
     1     1    23     1     3     2     0     2  -109.0   32.971 -118.595   2776.9    710.9
     1     1    23     1     3     1     0     1  -110.0   33.053 -119.369   2778.3    720.4
     1     1    23     1     3     0     0     0  -111.0   33.033 -120.154   2740.8    727.0
     1     1    23     1     2    23     0     1  -112.0   33.001 -120.921   2759.4    722.2
     1     1    23     1     2    22     0     2  -113.0   33.005 -121.686   2839.5    720.8
     1     1    23     1     2    21     0     3  -114.0   33.056 -122.505   3036.1    691.8
     1     1    23     1     2    20     0     2  -115.0   33.108 -123.272   2884.3    717.8
     1     1    23     1     2    19     0     1  -116.0   33.122 -123.998   2863.9    714.8
     1     1    23     1     2    18     0     0  -117.0   33.104 -124.731   2970.2    722.6
     1     1    23     1     2    17     0     1  -118.0   33.154 -125.539   3145.1    687.4
     1     1    23     1     2    16     0     2  -119.0   33.238 -126.334   3109.5    698.2
     1     1    23     1     2    15     0     3  -120.0   33.293 -127.118   3127.4    691.2
