     8     1
    GDAS    22    12    22     0     0
    GDAS    22    12    29     0     0
    GDAS    23     1     1     0     0
    GDAS    23     1     8     0     0
    GDAS    23     1    15     0     0
    GDAS    23     1    22     0     0
    GDAS    23     1    29     0     0
    GDAS    23     2     1     0     0
     1 BACKWARD OMEGA   
    23     1     1    15   32.716  -96.748    10.0
     1 PRESSURE
     1     1    23     1     1    15     0     3     0.0   32.716  -96.748     10.0    991.8
     1     1    23     1     1    14     0     2    -1.0   32.532  -96.789      9.7    990.9
     1     1    23     1     1    13     0     1    -2.0   32.360  -96.838      9.5    989.7
     1     1    23     1     1    12     0     0    -3.0   32.197  -96.897      9.4    988.0
     1     1    23     1     1    11     0     1    -4.0   32.035  -96.965      9.7    987.2
     1     1    23     1     1    10     0     2    -5.0   31.874  -97.038     11.0    986.9
     1     1    23     1     1     9     0     3    -6.0   31.714  -97.117     13.7    986.0
     1     1    23     1     1     8     0     2    -7.0   31.549  -97.207     17.6    984.6
     1     1    23     1     1     7     0     1    -8.0   31.377  -97.312     21.7    983.2
     1     1    23     1     1     6     0     0    -9.0   31.191  -97.432     26.4    981.8
     1     1    23     1     1     5     0     1   -10.0   30.985  -97.573     33.5    979.3
     1     1    23     1     1     4     0     2   -11.0   30.771  -97.743     45.6    975.6
     1     1    23     1     1     3     0     3   -12.0   30.561  -97.935     63.9    970.7
     1     1    23     1     1     2     0     2   -13.0   30.354  -98.130     87.0    963.6
     1     1    23     1     1     1     0     1   -14.0   30.148  -98.309    109.1    957.0
     1     1    23     1     1     0     0     0   -15.0   29.940  -98.480    131.2    952.5
     1     1    22    12    31    23     0     1   -16.0   29.721  -98.662    149.6    951.4
     1     1    22    12    31    22     0     2   -17.0   29.495  -98.855    155.4    953.5
     1     1    22    12    31    21     0     3   -18.0   29.273  -99.048    146.1    959.2
     1     1    22    12    31    20     0     2   -19.0   29.056  -99.214    122.1    971.0
     1     1    22    12    31    19     0     1   -20.0   28.842  -99.341     94.8    979.6
     1     1    22    12    31    18     0     0   -21.0   28.626  -99.438     74.3    985.2
     1     1    22    12    31    17     0     1   -22.0   28.425  -99.510     63.8    988.3
     1     1    22    12    31    16     0     2   -23.0   28.258  -99.560     61.5    989.4
     1     1    22    12    31    15     0     3   -24.0   28.126  -99.592     64.9    989.7
     1     1    22    12    31    14     0     2   -25.0   28.022  -99.617     71.3    988.7
     1     1    22    12    31    13     0     1   -26.0   27.940  -99.643     77.1    987.3
     1     1    22    12    31    12     0     0   -27.0   27.880  -99.671     80.9    986.2
     1     1    22    12    31    11     0     1   -28.0   27.840  -99.700     84.1    985.5
     1     1    22    12    31    10     0     2   -29.0   27.818  -99.729     88.3    984.5
     1     1    22    12    31     9     0     3   -30.0   27.815  -99.758     93.6    983.3
     1     1    22    12    31     8     0     2   -31.0   27.831  -99.780     92.7    982.3
     1     1    22    12    31     7     0     1   -32.0   27.863  -99.790     79.6    984.0
     1     1    22    12    31     6     0     0   -33.0   27.908  -99.785     59.8    987.4
     1     1    22    12    31     5     0     1   -34.0   27.972  -99.770     44.4    990.1
     1     1    22    12    31     4     0     2   -35.0   28.065  -99.751     36.9    990.5
     1     1    22    12    31     3     0     3   -36.0   28.184  -99.731     34.9    990.0
     1     1    22    12    31     2     0     2   -37.0   28.317  -99.727     36.7    988.3
     1     1    22    12    31     1     0     1   -38.0   28.453  -99.752     42.8    986.1
     1     1    22    12    31     0     0     0   -39.0   28.592  -99.809     58.2    983.1
     1     1    22    12    30    23     0     1   -40.0   28.721  -99.893     87.3    978.4
     1     1    22    12    30    22     0     2   -41.0   28.826  -99.987    125.6    973.6
     1     1    22    12    30    21     0     3   -42.0   28.910 -100.073    157.2    967.3
     1     1    22    12    30    20     0     2   -43.0   28.986 -100.137    171.5    965.4
     1     1    22    12    30    19     0     1   -44.0   29.056 -100.180    169.5    963.1
     1     1    22    12    30    18     0     0   -45.0   29.114 -100.212    154.7    962.8
     1     1    22    12    30    17     0     1   -46.0   29.172 -100.249    145.5    963.1
     1     1    22    12    30    16     0     2   -47.0   29.242 -100.301    151.6    958.6
     1     1    22    12    30    15     0     3   -48.0   29.327 -100.368    169.3    952.6
     1     1    22    12    30    14     0     2   -49.0   29.412 -100.443    190.7    945.5
     1     1    22    12    30    13     0     1   -50.0   29.489 -100.511    201.5    940.6
     1     1    22    12    30    12     0     0   -51.0   29.568 -100.560    190.5    938.0
     1     1    22    12    30    11     0     1   -52.0   29.640 -100.596    170.3    939.6
     1     1    22    12    30    10     0     2   -53.0   29.678 -100.634    155.2    940.4
     1     1    22    12    30     9     0     3   -54.0   29.676 -100.680    147.5    941.6
     1     1    22    12    30     8     0     2   -55.0   29.661 -100.734    151.1    942.0
     1     1    22    12    30     7     0     1   -56.0   29.671 -100.792    168.7    939.9
     1     1    22    12    30     6     0     0   -57.0   29.712 -100.856    204.6    935.3
     1     1    22    12    30     5     0     1   -58.0   29.777 -100.918    253.9    928.1
     1     1    22    12    30     4     0     2   -59.0   29.850 -100.975    302.8    921.0
     1     1    22    12    30     3     0     3   -60.0   29.927 -101.039    342.3    913.9
     1     1    22    12    30     2     0     2   -61.0   30.014 -101.110    400.1    909.3
     1     1    22    12    30     1     0     1   -62.0   30.119 -101.197    508.6    893.8
     1     1    22    12    30     0     0     0   -63.0   30.220 -101.288    656.2    874.6
     1     1    22    12    29    23     0     1   -64.0   30.312 -101.408    812.4    853.1
     1     1    22    12    29    22     0     2   -65.0   30.408 -101.576    960.8    835.9
     1     1    22    12    29    21     0     3   -66.0   30.513 -101.792   1123.2    817.7
     1     1    22    12    29    20     0     2   -67.0   30.613 -102.070   1277.1    795.3
     1     1    22    12    29    19     0     1   -68.0   30.699 -102.412   1383.6    778.1
     1     1    22    12    29    18     0     0   -69.0   30.785 -102.815   1483.4    766.1
     1     1    22    12    29    17     0     1   -70.0   30.860 -103.262   1590.6    743.3
     1     1    22    12    29    16     0     2   -71.0   30.908 -103.731   1677.2    716.3
     1     1    22    12    29    15     0     3   -72.0   30.939 -104.204   1729.6    698.6
     1     1    22    12    29    14     0     2   -73.0   30.956 -104.681   1824.5    691.6
     1     1    22    12    29    13     0     1   -74.0   30.945 -105.157   1927.1    671.7
     1     1    22    12    29    12     0     0   -75.0   30.926 -105.631   1987.3    662.7
     1     1    22    12    29    11     0     1   -76.0   30.909 -106.096   2044.2    662.3
     1     1    22    12    29    10     0     2   -77.0   30.885 -106.527   2129.6    661.2
     1     1    22    12    29     9     0     3   -78.0   30.865 -106.915   2210.0    661.5
     1     1    22    12    29     8     0     2   -79.0   30.859 -107.285   2229.0    652.8
     1     1    22    12    29     7     0     1   -80.0   30.882 -107.661   2150.9    656.8
     1     1    22    12    29     6     0     0   -81.0   30.937 -108.041   2040.3    665.8
     1     1    22    12    29     5     0     1   -82.0   31.002 -108.475   2013.7    664.3
     1     1    22    12    29     4     0     2   -83.0   31.098 -109.014   2394.2    633.5
     1     1    22    12    29     3     0     3   -84.0   31.303 -109.707   3019.3    563.7
     1     1    22    12    29     2     0     2   -85.0   31.513 -110.448   3310.4    564.1
     1     1    22    12    29     1     0     1   -86.0   31.713 -111.164   3417.5    584.6
     1     1    22    12    29     0     0     0   -87.0   31.940 -111.804   3505.0    609.3
     1     1    22    12    28    23     0     1   -88.0   32.172 -112.434   3643.9    604.0
     1     1    22    12    28    22     0     2   -89.0   32.412 -113.042   3740.0    613.3
     1     1    22    12    28    21     0     3   -90.0   32.658 -113.633   3872.7    611.9
     1     1    22    12    28    20     0     2   -91.0   32.893 -114.223   4028.5    591.1
     1     1    22    12    28    19     0     1   -92.0   33.127 -114.792   4090.3    586.9
     1     1    22    12    28    18     0     0   -93.0   33.383 -115.340   4103.2    589.5
     1     1    22    12    28    17     0     1   -94.0   33.693 -115.924   4194.0    555.3
     1     1    22    12    28    16     0     2   -95.0   34.066 -116.606   4508.3    513.8
     1     1    22    12    28    15     0     3   -96.0   34.483 -117.438   4756.2    500.9
     1     1    22    12    28    14     0     2   -97.0   34.889 -118.183   4164.4    557.3
     1     1    22    12    28    13     0     1   -98.0   35.307 -118.919   4096.5    579.1
     1     1    22    12    28    12     0     0   -99.0   35.745 -119.740   4597.6    542.4
     1     1    22    12    28    11     0     1  -100.0   36.119 -120.548   4675.6    547.6
     1     1    22    12    28    10     0     2  -101.0   36.469 -121.333   4726.0    544.7
     1     1    22    12    28     9     0     3  -102.0   36.783 -122.089   4725.7    553.6
     1     1    22    12    28     8     0     2  -103.0   37.064 -122.849   4789.2    555.7
     1     1    22    12    28     7     0     1  -104.0   37.317 -123.630   4881.5    550.5
     1     1    22    12    28     6     0     0  -105.0   37.552 -124.440   5004.7    540.5
     1     1    22    12    28     5     0     1  -106.0   37.812 -125.289   5061.3    536.2
     1     1    22    12    28     4     0     2  -107.0   38.089 -126.180   5063.1    536.6
     1     1    22    12    28     3     0     3  -108.0   38.386 -127.096   5039.6    537.5
     1     1    22    12    28     2     0     2  -109.0   38.693 -128.034   4980.7    542.5
     1     1    22    12    28     1     0     1  -110.0   38.977 -128.996   4934.7    545.0
     1     1    22    12    28     0     0     0  -111.0   39.251 -129.976   4905.7    546.4
     1     1    22    12    27    23     0     1  -112.0   39.553 -131.015   4915.7    547.8
     1     1    22    12    27    22     0     2  -113.0   39.846 -132.108   5021.7    538.3
     1     1    22    12    27    21     0     3  -114.0   40.115 -133.195   4719.3    557.3
     1     1    22    12    27    20     0     2  -115.0   40.381 -134.229   4597.0    570.3
     1     1    22    12    27    19     0     1  -116.0   40.654 -135.312   4653.0    564.6
     1     1    22    12    27    18     0     0  -117.0   40.927 -136.424   4781.2    554.3
     1     1    22    12    27    17     0     1  -118.0   41.202 -137.574   4933.1    542.2
     1     1    22    12    27    16     0     2  -119.0   41.471 -138.741   5050.6    533.0
     1     1    22    12    27    15     0     3  -120.0   41.719 -139.910   5173.3    524.4
