     8     1
    GDAS    22    12    22     0     0
    GDAS    22    12    29     0     0
    GDAS    23     1     1     0     0
    GDAS    23     1     8     0     0
    GDAS    23     1    15     0     0
    GDAS    23     1    22     0     0
    GDAS    23     1    29     0     0
    GDAS    23     2     1     0     0
     1 BACKWARD OMEGA   
    23     1     9    11   32.716  -96.748    10.0
     1 PRESSURE
     1     1    23     1     9    11     0     1     0.0   32.716  -96.748     10.0   1001.2
     1     1    23     1     9    10     0     2    -1.0   32.649  -96.712      8.5   1001.5
     1     1    23     1     9     9     0     3    -2.0   32.590  -96.670      7.4   1001.9
     1     1    23     1     9     8     0     2    -3.0   32.538  -96.624      6.6   1002.8
     1     1    23     1     9     7     0     1    -4.0   32.489  -96.577      6.2   1003.8
     1     1    23     1     9     6     0     0    -5.0   32.441  -96.532      6.3   1004.9
     1     1    23     1     9     5     0     1    -6.0   32.406  -96.483      6.4   1005.2
     1     1    23     1     9     4     0     2    -7.0   32.395  -96.424      6.6   1005.5
     1     1    23     1     9     3     0     3    -8.0   32.408  -96.355      6.6   1005.8
     1     1    23     1     9     2     0     2    -9.0   32.440  -96.284      6.8   1005.9
     1     1    23     1     9     1     0     1   -10.0   32.487  -96.219      7.6   1005.9
     1     1    23     1     9     0     0     0   -11.0   32.548  -96.163      9.1   1005.7
     1     1    23     1     8    23     0     1   -12.0   32.622  -96.117     11.0   1005.5
     1     1    23     1     8    22     0     2   -13.0   32.710  -96.084     13.5   1004.8
     1     1    23     1     8    21     0     3   -14.0   32.811  -96.064     16.9   1003.8
     1     1    23     1     8    20     0     2   -15.0   32.922  -96.051     21.1   1003.6
     1     1    23     1     8    19     0     1   -16.0   33.040  -96.034     25.6   1003.6
     1     1    23     1     8    18     0     0   -17.0   33.168  -96.016     29.9   1003.9
     1     1    23     1     8    17     0     1   -18.0   33.313  -95.999     35.5   1002.8
     1     1    23     1     8    16     0     2   -19.0   33.483  -95.983     44.8   1001.7
     1     1    23     1     8    15     0     3   -20.0   33.680  -95.969     59.0   1000.5
     1     1    23     1     8    14     0     2   -21.0   33.889  -95.960     78.0    997.5
     1     1    23     1     8    13     0     1   -22.0   34.097  -95.960    100.3    993.7
     1     1    23     1     8    12     0     0   -23.0   34.309  -95.959    122.8    988.9
     1     1    23     1     8    11     0     1   -24.0   34.536  -95.954    140.6    985.0
     1     1    23     1     8    10     0     2   -25.0   34.776  -95.949    151.2    981.7
     1     1    23     1     8     9     0     3   -26.0   35.014  -95.950    155.9    979.6
     1     1    23     1     8     8     0     2   -27.0   35.233  -95.956    159.8    979.7
     1     1    23     1     8     7     0     1   -28.0   35.431  -95.964    167.8    979.0
     1     1    23     1     8     6     0     0   -29.0   35.616  -95.974    181.5    977.6
     1     1    23     1     8     5     0     1   -30.0   35.807  -95.982    201.7    975.1
     1     1    23     1     8     4     0     2   -31.0   36.018  -95.981    230.8    971.9
     1     1    23     1     8     3     0     3   -32.0   36.255  -95.955    269.1    965.7
     1     1    23     1     8     2     0     2   -33.0   36.507  -95.898    305.4    957.4
     1     1    23     1     8     1     0     1   -34.0   36.764  -95.818    325.4    952.4
     1     1    23     1     8     0     0     0   -35.0   37.028  -95.716    325.8    950.6
     1     1    23     1     7    23     0     1   -36.0   37.288  -95.604    326.3    951.2
     1     1    23     1     7    22     0     2   -37.0   37.535  -95.488    335.3    948.1
     1     1    23     1     7    21     0     3   -38.0   37.774  -95.348    336.9    946.5
     1     1    23     1     7    20     0     2   -39.0   38.010  -95.154    328.3    949.0
     1     1    23     1     7    19     0     1   -40.0   38.235  -94.911    318.1    952.5
     1     1    23     1     7    18     0     0   -41.0   38.432  -94.648    311.7    954.4
     1     1    23     1     7    17     0     1   -42.0   38.597  -94.344    298.4    955.1
     1     1    23     1     7    16     0     2   -43.0   38.733  -93.987    271.8    958.9
     1     1    23     1     7    15     0     3   -44.0   38.841  -93.595    240.8    964.2
     1     1    23     1     7    14     0     2   -45.0   38.935  -93.207    209.8    969.7
     1     1    23     1     7    13     0     1   -46.0   39.035  -92.834    185.0    973.6
     1     1    23     1     7    12     0     0   -47.0   39.154  -92.456    171.6    972.3
     1     1    23     1     7    11     0     1   -48.0   39.284  -92.090    165.2    971.7
     1     1    23     1     7    10     0     2   -49.0   39.405  -91.776    160.1    974.0
     1     1    23     1     7     9     0     3   -50.0   39.512  -91.525    155.6    976.4
     1     1    23     1     7     8     0     2   -51.0   39.605  -91.323    153.5    978.0
     1     1    23     1     7     7     0     1   -52.0   39.684  -91.156    155.2    978.6
     1     1    23     1     7     6     0     0   -53.0   39.748  -91.018    161.9    978.4
     1     1    23     1     7     5     0     1   -54.0   39.805  -90.899    171.1    977.4
     1     1    23     1     7     4     0     2   -55.0   39.861  -90.791    179.7    976.9
     1     1    23     1     7     3     0     3   -56.0   39.920  -90.692    187.8    976.6
     1     1    23     1     7     2     0     2   -57.0   39.980  -90.618    193.1    975.8
     1     1    23     1     7     1     0     1   -58.0   40.040  -90.585    192.1    975.7
     1     1    23     1     7     0     0     0   -59.0   40.099  -90.592    185.2    976.1
     1     1    23     1     6    23     0     1   -60.0   40.155  -90.634    178.3    976.8
     1     1    23     1     6    22     0     2   -61.0   40.203  -90.714    175.4    976.0
     1     1    23     1     6    21     0     3   -62.0   40.241  -90.832    174.7    974.9
     1     1    23     1     6    20     0     2   -63.0   40.273  -90.973    175.3    974.1
     1     1    23     1     6    19     0     1   -64.0   40.304  -91.120    176.7    973.9
     1     1    23     1     6    18     0     0   -65.0   40.333  -91.271    178.9    973.8
     1     1    23     1     6    17     0     1   -66.0   40.363  -91.428    181.9    973.4
     1     1    23     1     6    16     0     2   -67.0   40.402  -91.591    186.1    972.9
     1     1    23     1     6    15     0     3   -68.0   40.456  -91.767    191.4    972.2
     1     1    23     1     6    14     0     2   -69.0   40.524  -91.956    196.3    971.0
     1     1    23     1     6    13     0     1   -70.0   40.603  -92.163    200.4    968.9
     1     1    23     1     6    12     0     0   -71.0   40.694  -92.386    204.5    966.3
     1     1    23     1     6    11     0     1   -72.0   40.792  -92.625    209.9    963.7
     1     1    23     1     6    10     0     2   -73.0   40.894  -92.879    214.1    960.5
     1     1    23     1     6     9     0     3   -74.0   41.000  -93.149    211.8    958.2
     1     1    23     1     6     8     0     2   -75.0   41.115  -93.422    211.2    957.2
     1     1    23     1     6     7     0     1   -76.0   41.245  -93.696    220.3    953.9
     1     1    23     1     6     6     0     0   -77.0   41.391  -93.971    239.7    949.6
     1     1    23     1     6     5     0     1   -78.0   41.551  -94.250    268.9    944.9
     1     1    23     1     6     4     0     2   -79.0   41.722  -94.534    305.2    938.3
     1     1    23     1     6     3     0     3   -80.0   41.910  -94.820    342.7    930.5
     1     1    23     1     6     2     0     2   -81.0   42.115  -95.096    365.4    925.0
     1     1    23     1     6     1     0     1   -82.0   42.331  -95.357    373.5    926.1
     1     1    23     1     6     0     0     0   -83.0   42.557  -95.613    378.9    925.7
     1     1    23     1     5    23     0     1   -84.0   42.792  -95.864    371.4    924.1
     1     1    23     1     5    22     0     2   -85.0   43.025  -96.108    343.2    925.6
     1     1    23     1     5    21     0     3   -86.0   43.251  -96.356    319.0    927.5
     1     1    23     1     5    20     0     2   -87.0   43.484  -96.611    319.2    924.1
     1     1    23     1     5    19     0     1   -88.0   43.741  -96.854    341.0    917.4
     1     1    23     1     5    18     0     0   -89.0   44.022  -97.071    381.4    910.0
     1     1    23     1     5    17     0     1   -90.0   44.310  -97.252    427.1    904.2
     1     1    23     1     5    16     0     2   -91.0   44.588  -97.399    460.1    901.2
     1     1    23     1     5    15     0     3   -92.0   44.860  -97.521    482.2    900.2
     1     1    23     1     5    14     0     2   -93.0   45.129  -97.628    494.9    901.7
     1     1    23     1     5    13     0     1   -94.0   45.393  -97.722    492.5    905.3
     1     1    23     1     5    12     0     0   -95.0   45.644  -97.808    469.1    910.0
     1     1    23     1     5    11     0     1   -96.0   45.879  -97.868    434.8    916.6
     1     1    23     1     5    10     0     2   -97.0   46.109  -97.873    406.7    920.8
     1     1    23     1     5     9     0     3   -98.0   46.340  -97.827    388.3    923.2
     1     1    23     1     5     8     0     2   -99.0   46.574  -97.757    376.2    925.4
     1     1    23     1     5     7     0     1  -100.0   46.811  -97.680    370.0    927.7
     1     1    23     1     5     6     0     0  -101.0   47.048  -97.581    374.1    929.3
     1     1    23     1     5     5     0     1  -102.0   47.284  -97.464    382.9    928.2
     1     1    23     1     5     4     0     2  -103.0   47.513  -97.338    387.1    929.2
     1     1    23     1     5     3     0     3  -104.0   47.736  -97.208    382.8    931.3
     1     1    23     1     5     2     0     2  -105.0   47.952  -97.066    373.1    935.8
     1     1    23     1     5     1     0     1  -106.0   48.150  -96.885    369.5    937.2
     1     1    23     1     5     0     0     0  -107.0   48.325  -96.655    377.7    934.1
     1     1    23     1     4    23     0     1  -108.0   48.481  -96.397    388.1    929.7
     1     1    23     1     4    22     0     2  -109.0   48.622  -96.140    392.0    927.2
     1     1    23     1     4    21     0     3  -110.0   48.755  -95.893    390.1    926.2
     1     1    23     1     4    20     0     2  -111.0   48.874  -95.629    389.2    927.2
     1     1    23     1     4    19     0     1  -112.0   48.978  -95.306    390.5    926.5
     1     1    23     1     4    18     0     0  -113.0   49.067  -94.926    385.4    926.7
     1     1    23     1     4    17     0     1  -114.0   49.148  -94.516    377.5    927.3
     1     1    23     1     4    16     0     2  -115.0   49.223  -94.083    381.7    926.9
     1     1    23     1     4    15     0     3  -116.0   49.292  -93.608    407.7    921.1
     1     1    23     1     4    14     0     2  -117.0   49.360  -93.115    454.3    912.9
     1     1    23     1     4    13     0     1  -118.0   49.437  -92.635    512.2    904.2
     1     1    23     1     4    12     0     0  -119.0   49.531  -92.175    574.9    897.2
     1     1    23     1     4    11     0     1  -120.0   49.645  -91.754    617.8    889.1
