     8     1
    GDAS    22    12    22     0     0
    GDAS    22    12    29     0     0
    GDAS    23     1     1     0     0
    GDAS    23     1     8     0     0
    GDAS    23     1    15     0     0
    GDAS    23     1    22     0     0
    GDAS    23     1    29     0     0
    GDAS    23     2     1     0     0
     1 BACKWARD OMEGA   
    23     1    11    12   32.716  -96.748   100.0
     1 PRESSURE
     1     1    23     1    11    12     0     0     0.0   32.716  -96.748    100.0    979.6
     1     1    23     1    11    11     0     1    -1.0   32.613  -97.044    106.5    977.1
     1     1    23     1    11    10     0     2    -2.0   32.508  -97.374    125.3    968.5
     1     1    23     1    11     9     0     3    -3.0   32.403  -97.751    164.6    958.0
     1     1    23     1    11     8     0     2    -4.0   32.312  -98.195    233.4    944.2
     1     1    23     1    11     7     0     1    -5.0   32.229  -98.683    302.8    927.9
     1     1    23     1    11     6     0     0    -6.0   32.159  -99.168    328.7    917.6
     1     1    23     1    11     5     0     1    -7.0   32.123  -99.648    302.1    914.4
     1     1    23     1    11     4     0     2    -8.0   32.123 -100.124    265.7    916.3
     1     1    23     1    11     3     0     3    -9.0   32.130 -100.613    283.2    910.5
     1     1    23     1    11     2     0     2   -10.0   32.127 -101.140    377.2    891.2
     1     1    23     1    11     1     0     1   -11.0   32.105 -101.663    506.6    867.7
     1     1    23     1    11     0     0     0   -12.0   32.068 -102.170    641.9    848.6
     1     1    23     1    10    23     0     1   -13.0   32.040 -102.669    730.8    831.5
     1     1    23     1    10    22     0     2   -14.0   32.021 -103.161    724.9    829.9
     1     1    23     1    10    21     0     3   -15.0   31.991 -103.682    589.7    840.3
     1     1    23     1    10    20     0     2   -16.0   31.938 -104.184    399.7    859.0
     1     1    23     1    10    19     0     1   -17.0   31.867 -104.543    224.6    862.2
     1     1    23     1    10    18     0     0   -18.0   31.781 -104.738    140.9    869.7
     1     1    23     1    10    17     0     1   -19.0   31.696 -104.852    116.1    862.4
     1     1    23     1    10    16     0     2   -20.0   31.623 -104.926    105.7    859.9
     1     1    23     1    10    15     0     3   -21.0   31.566 -104.974    106.2    857.6
     1     1    23     1    10    14     0     2   -22.0   31.517 -105.022    102.0    854.8
     1     1    23     1    10    13     0     1   -23.0   31.471 -105.081     83.9    855.9
     1     1    23     1    10    12     0     0   -24.0   31.426 -105.145     63.6    857.6
     1     1    23     1    10    11     0     1   -25.0   31.377 -105.204     48.1    858.8
     1     1    23     1    10    10     0     2   -26.0   31.323 -105.255     38.0    858.7
     1     1    23     1    10     9     0     3   -27.0   31.266 -105.304     30.1    858.6
     1     1    23     1    10     8     0     2   -28.0   31.212 -105.350     25.6    858.8
     1     1    23     1    10     7     0     1   -29.0   31.165 -105.397     25.8    858.1
     1     1    23     1    10     6     0     0   -30.0   31.126 -105.443     31.5    857.0
     1     1    23     1    10     5     0     1   -31.0   31.094 -105.492     40.5    855.1
     1     1    23     1    10     4     0     2   -32.0   31.070 -105.546     47.0    853.8
     1     1    23     1    10     3     0     3   -33.0   31.055 -105.600     48.0    853.1
     1     1    23     1    10     2     0     2   -34.0   31.042 -105.663     48.5    853.0
     1     1    23     1    10     1     0     1   -35.0   31.025 -105.747     54.1    851.6
     1     1    23     1    10     0     0     0   -36.0   31.001 -105.858     63.2    849.2
     1     1    23     1     9    23     0     1   -37.0   30.970 -105.987     68.2    847.2
     1     1    23     1     9    22     0     2   -38.0   30.939 -106.113     68.3    850.8
     1     1    23     1     9    21     0     3   -39.0   30.908 -106.228     68.5    854.0
     1     1    23     1     9    20     0     2   -40.0   30.878 -106.322     69.2    856.9
     1     1    23     1     9    19     0     1   -41.0   30.854 -106.384     70.9    858.8
     1     1    23     1     9    18     0     0   -42.0   30.832 -106.421     73.9    859.8
     1     1    23     1     9    17     0     1   -43.0   30.811 -106.446     77.1    859.5
     1     1    23     1     9    16     0     2   -44.0   30.787 -106.469     79.2    859.3
     1     1    23     1     9    15     0     3   -45.0   30.760 -106.492     80.6    859.2
     1     1    23     1     9    14     0     2   -46.0   30.732 -106.518     85.2    858.7
     1     1    23     1     9    13     0     1   -47.0   30.703 -106.552     96.5    857.1
     1     1    23     1     9    12     0     0   -48.0   30.674 -106.597    114.8    855.0
     1     1    23     1     9    11     0     1   -49.0   30.647 -106.648    134.8    853.0
     1     1    23     1     9    10     0     2   -50.0   30.628 -106.699    150.3    851.7
     1     1    23     1     9     9     0     3   -51.0   30.617 -106.750    161.2    851.2
     1     1    23     1     9     8     0     2   -52.0   30.608 -106.799    169.4    851.2
     1     1    23     1     9     7     0     1   -53.0   30.598 -106.845    175.5    851.1
     1     1    23     1     9     6     0     0   -54.0   30.590 -106.890    178.8    851.3
     1     1    23     1     9     5     0     1   -55.0   30.586 -106.926    184.2    851.4
     1     1    23     1     9     4     0     2   -56.0   30.582 -106.944    198.2    849.7
     1     1    23     1     9     3     0     3   -57.0   30.576 -106.943    222.1    847.0
     1     1    23     1     9     2     0     2   -58.0   30.579 -106.934    243.8    843.2
     1     1    23     1     9     1     0     1   -59.0   30.602 -106.925    250.2    842.5
     1     1    23     1     9     0     0     0   -60.0   30.645 -106.917    245.4    843.9
     1     1    23     1     8    23     0     1   -61.0   30.681 -106.905    246.6    846.1
     1     1    23     1     8    22     0     2   -62.0   30.685 -106.877    262.4    844.0
     1     1    23     1     8    21     0     3   -63.0   30.657 -106.837    287.8    839.9
     1     1    23     1     8    20     0     2   -64.0   30.605 -106.793    311.3    835.7
     1     1    23     1     8    19     0     1   -65.0   30.542 -106.751    325.1    833.7
     1     1    23     1     8    18     0     0   -66.0   30.468 -106.711    332.8    832.4
     1     1    23     1     8    17     0     1   -67.0   30.391 -106.673    334.7    830.4
     1     1    23     1     8    16     0     2   -68.0   30.318 -106.637    328.5    829.6
     1     1    23     1     8    15     0     3   -69.0   30.249 -106.603    314.1    830.0
     1     1    23     1     8    14     0     2   -70.0   30.187 -106.570    301.2    831.1
     1     1    23     1     8    13     0     1   -71.0   30.128 -106.536    297.7    830.5
     1     1    23     1     8    12     0     0   -72.0   30.075 -106.499    302.7    829.1
     1     1    23     1     8    11     0     1   -73.0   30.027 -106.459    304.0    827.6
     1     1    23     1     8    10     0     2   -74.0   29.986 -106.416    289.3    828.7
     1     1    23     1     8     9     0     3   -75.0   29.955 -106.376    257.8    831.6
     1     1    23     1     8     8     0     2   -76.0   29.929 -106.341    224.3    836.4
     1     1    23     1     8     7     0     1   -77.0   29.899 -106.314    204.8    838.4
     1     1    23     1     8     6     0     0   -78.0   29.865 -106.295    200.2    838.9
     1     1    23     1     8     5     0     1   -79.0   29.836 -106.271    204.4    837.6
     1     1    23     1     8     4     0     2   -80.0   29.820 -106.232    210.6    837.4
     1     1    23     1     8     3     0     3   -81.0   29.815 -106.175    218.8    837.5
     1     1    23     1     8     2     0     2   -82.0   29.828 -106.088    228.2    837.7
     1     1    23     1     8     1     0     1   -83.0   29.859 -105.948    244.2    838.5
     1     1    23     1     8     0     0     0   -84.0   29.920 -105.774    267.0    837.7
     1     1    23     1     7    23     0     1   -85.0   29.999 -105.621    282.7    836.3
     1     1    23     1     7    22     0     2   -86.0   30.071 -105.523    275.8    837.2
     1     1    23     1     7    21     0     3   -87.0   30.127 -105.470    246.0    840.5
     1     1    23     1     7    20     0     2   -88.0   30.174 -105.434    211.8    845.6
     1     1    23     1     7    19     0     1   -89.0   30.221 -105.394    187.4    848.4
     1     1    23     1     7    18     0     0   -90.0   30.268 -105.345    171.8    850.4
     1     1    23     1     7    17     0     1   -91.0   30.317 -105.295    164.4    851.0
     1     1    23     1     7    16     0     2   -92.0   30.367 -105.251    164.8    850.8
     1     1    23     1     7    15     0     3   -93.0   30.418 -105.211    172.0    849.7
     1     1    23     1     7    14     0     2   -94.0   30.468 -105.170    180.4    847.7
     1     1    23     1     7    13     0     1   -95.0   30.520 -105.126    184.6    846.6
     1     1    23     1     7    12     0     0   -96.0   30.572 -105.081    183.7    846.0
     1     1    23     1     7    11     0     1   -97.0   30.628 -105.041    181.7    846.1
     1     1    23     1     7    10     0     2   -98.0   30.695 -105.017    182.1    845.2
     1     1    23     1     7     9     0     3   -99.0   30.773 -105.013    182.1    843.8
     1     1    23     1     7     8     0     2  -100.0   30.863 -105.033    186.8    842.8
     1     1    23     1     7     7     0     1  -101.0   30.961 -105.084    203.7    840.0
     1     1    23     1     7     6     0     0  -102.0   31.056 -105.165    233.8    836.8
     1     1    23     1     7     5     0     1  -103.0   31.148 -105.269    285.0    832.6
     1     1    23     1     7     4     0     2  -104.0   31.241 -105.400    363.6    823.9
     1     1    23     1     7     3     0     3  -105.0   31.343 -105.569    463.2    812.7
     1     1    23     1     7     2     0     2  -106.0   31.445 -105.775    556.4    799.4
     1     1    23     1     7     1     0     1  -107.0   31.531 -106.009    636.5    790.4
     1     1    23     1     7     0     0     0  -108.0   31.605 -106.267    724.3    786.9
     1     1    23     1     6    23     0     1  -109.0   31.666 -106.548    812.4    783.7
     1     1    23     1     6    22     0     2  -110.0   31.710 -106.846    894.6    781.4
     1     1    23     1     6    21     0     3  -111.0   31.734 -107.159    968.7    775.7
     1     1    23     1     6    20     0     2  -112.0   31.740 -107.506   1026.1    767.5
     1     1    23     1     6    19     0     1  -113.0   31.737 -107.892   1065.1    761.9
     1     1    23     1     6    18     0     0  -114.0   31.724 -108.286   1101.7    756.8
     1     1    23     1     6    17     0     1  -115.0   31.685 -108.667   1157.4    747.7
     1     1    23     1     6    16     0     2  -116.0   31.606 -109.046   1255.3    733.3
     1     1    23     1     6    15     0     3  -117.0   31.511 -109.456   1383.2    716.6
     1     1    23     1     6    14     0     2  -118.0   31.420 -109.888   1455.7    705.8
     1     1    23     1     6    13     0     1  -119.0   31.330 -110.306   1483.4    716.9
     1     1    23     1     6    12     0     0  -120.0   31.238 -110.701   1496.5    728.2
