     8     1
    GDAS    22    12    22     0     0
    GDAS    22    12    29     0     0
    GDAS    23     1     1     0     0
    GDAS    23     1     8     0     0
    GDAS    23     1    15     0     0
    GDAS    23     1    22     0     0
    GDAS    23     1    29     0     0
    GDAS    23     2     1     0     0
     1 BACKWARD OMEGA   
    23     1    17    13   32.716  -96.748    20.0
     1 PRESSURE
     1     1    23     1    17    13     0     1     0.0   32.716  -96.748     20.0    985.3
     1     1    23     1    17    12     0     0    -1.0   32.672  -96.895     21.8    984.1
     1     1    23     1    17    11     0     1    -2.0   32.623  -97.050     24.6    981.8
     1     1    23     1    17    10     0     2    -3.0   32.569  -97.214     26.9    978.1
     1     1    23     1    17     9     0     3    -4.0   32.513  -97.390     29.5    974.3
     1     1    23     1    17     8     0     2    -5.0   32.454  -97.579     34.9    970.2
     1     1    23     1    17     7     0     1    -6.0   32.389  -97.788     46.1    965.2
     1     1    23     1    17     6     0     0    -7.0   32.323  -98.029     65.2    959.2
     1     1    23     1    17     5     0     1    -8.0   32.255  -98.317     92.4    952.4
     1     1    23     1    17     4     0     2    -9.0   32.181  -98.656    121.4    944.8
     1     1    23     1    17     3     0     3   -10.0   32.107  -99.048    142.6    936.6
     1     1    23     1    17     2     0     2   -11.0   32.059  -99.476    166.7    928.9
     1     1    23     1    17     1     0     1   -12.0   32.019  -99.957    193.4    916.8
     1     1    23     1    17     0     0     0   -13.0   31.953 -100.487    238.5    907.8
     1     1    23     1    16    23     0     1   -14.0   31.895 -101.086    381.8    887.5
     1     1    23     1    16    22     0     2   -15.0   31.843 -101.754    572.1    852.3
     1     1    23     1    16    21     0     3   -16.0   31.787 -102.403    696.7    833.1
     1     1    23     1    16    20     0     2   -17.0   31.737 -102.977    761.2    826.1
     1     1    23     1    16    19     0     1   -18.0   31.684 -103.471    827.7    818.7
     1     1    23     1    16    18     0     0   -19.0   31.625 -103.919    933.0    799.4
     1     1    23     1    16    17     0     1   -20.0   31.572 -104.402   1002.6    772.9
     1     1    23     1    16    16     0     2   -21.0   31.527 -104.951    906.6    761.5
     1     1    23     1    16    15     0     3   -22.0   31.484 -105.482    718.5    783.7
     1     1    23     1    16    14     0     2   -23.0   31.448 -105.982    580.5    789.5
     1     1    23     1    16    13     0     1   -24.0   31.415 -106.454    492.2    809.2
     1     1    23     1    16    12     0     0   -25.0   31.375 -106.931    458.1    823.2
     1     1    23     1    16    11     0     1   -26.0   31.302 -107.440    455.1    818.8
     1     1    23     1    16    10     0     2   -27.0   31.179 -107.967    455.7    811.7
     1     1    23     1    16     9     0     3   -28.0   30.992 -108.510    409.1    793.5
     1     1    23     1    16     8     0     2   -29.0   30.765 -109.000    216.0    797.4
     1     1    23     1    16     7     0     1   -30.0   30.604 -109.282     58.3    839.1
     1     1    23     1    16     6     0     0   -31.0   30.469 -109.466      3.0    848.9
     1     1    23     1    16     5     0     1   -32.0   30.338 -109.605      0.0    858.4
     1     1    23     1    16     4     0     2   -33.0   30.208 -109.717      0.0    867.9
     1     1    23     1    16     3     0     3   -34.0   30.079 -109.807      0.0    877.2
     1     1    23     1    16     2     0     2   -35.0   29.953 -109.898      0.0    886.5
     1     1    23     1    16     1     0     1   -36.0   29.828 -110.018      0.0    896.4
     1     1    23     1    16     0     0     0   -37.0   29.699 -110.177      0.0    909.2
     1     1    23     1    15    23     0     1   -38.0   29.555 -110.369      0.0    924.9
     1     1    23     1    15    22     0     2   -39.0   29.395 -110.581      0.0    943.4
     1     1    23     1    15    21     0     3   -40.0   29.219 -110.798      0.0    964.2
     1     1    23     1    15    20     0     2   -41.0   29.053 -110.988      0.0    985.4
     1     1    23     1    15    19     0     1   -42.0   28.929 -111.128      0.0    993.3
     1     1    23     1    15    18     0     0   -43.0   28.850 -111.225      0.0    996.9
     1     1    23     1    15    17     0     1   -44.0   28.795 -111.291      0.0    997.3
     1     1    23     1    15    16     0     2   -45.0   28.747 -111.340      0.0    997.5
     1     1    23     1    15    15     0     3   -46.0   28.704 -111.378      0.0    997.5
     1     1    23     1    15    14     0     2   -47.0   28.665 -111.414      0.0    998.1
     1     1    23     1    15    13     0     1   -48.0   28.628 -111.453      0.0    998.8
     1     1    23     1    15    12     0     0   -49.0   28.591 -111.493      0.0    999.4
     1     1    23     1    15    11     0     1   -50.0   28.552 -111.541      0.0   1000.7
     1     1    23     1    15    10     0     2   -51.0   28.510 -111.609      0.0   1002.2
     1     1    23     1    15     9     0     3   -52.0   28.467 -111.706      0.0   1004.0
     1     1    23     1    15     8     0     2   -53.0   28.426 -111.838      0.0   1006.7
     1     1    23     1    15     7     0     1   -54.0   28.386 -112.005      0.1   1009.7
     1     1    23     1    15     6     0     0   -55.0   28.341 -112.193      3.0   1005.1
     1     1    23     1    15     5     0     1   -56.0   28.289 -112.372      8.6    998.1
     1     1    23     1    15     4     0     2   -57.0   28.225 -112.534     18.8    989.2
     1     1    23     1    15     3     0     3   -58.0   28.160 -112.695     50.0    977.2
     1     1    23     1    15     2     0     2   -59.0   28.097 -112.883    155.9    958.4
     1     1    23     1    15     1     0     1   -60.0   28.051 -113.155    435.4    929.5
     1     1    23     1    15     0     0     0   -61.0   28.023 -113.471    758.2    896.7
     1     1    23     1    14    23     0     1   -62.0   28.004 -113.759    944.4    886.1
     1     1    23     1    14    22     0     2   -63.0   28.000 -113.995    986.6    896.0
     1     1    23     1    14    21     0     3   -64.0   28.017 -114.184    951.9    905.7
     1     1    23     1    14    20     0     2   -65.0   28.052 -114.348    916.1    912.2
     1     1    23     1    14    19     0     1   -66.0   28.102 -114.500    907.5    914.6
     1     1    23     1    14    18     0     0   -67.0   28.156 -114.637    943.8    912.0
     1     1    23     1    14    17     0     1   -68.0   28.198 -114.765   1003.3    902.0
     1     1    23     1    14    16     0     2   -69.0   28.223 -114.885   1052.5    896.6
     1     1    23     1    14    15     0     3   -70.0   28.238 -114.999   1082.8    893.4
     1     1    23     1    14    14     0     2   -71.0   28.255 -115.113   1096.1    892.7
     1     1    23     1    14    13     0     1   -72.0   28.283 -115.237   1095.9    891.9
     1     1    23     1    14    12     0     0   -73.0   28.323 -115.368   1069.5    893.8
     1     1    23     1    14    11     0     1   -74.0   28.372 -115.503   1021.9    900.4
     1     1    23     1    14    10     0     2   -75.0   28.425 -115.638    963.3    907.1
     1     1    23     1    14     9     0     3   -76.0   28.487 -115.773    895.6    915.3
     1     1    23     1    14     8     0     2   -77.0   28.571 -115.907    843.6    923.5
     1     1    23     1    14     7     0     1   -78.0   28.680 -116.035    834.2    925.2
     1     1    23     1    14     6     0     0   -79.0   28.798 -116.154    867.3    921.9
     1     1    23     1    14     5     0     1   -80.0   28.917 -116.264    927.2    913.9
     1     1    23     1    14     4     0     2   -81.0   29.031 -116.371    992.0    905.9
     1     1    23     1    14     3     0     3   -82.0   29.146 -116.474   1047.8    899.2
     1     1    23     1    14     2     0     2   -83.0   29.255 -116.575   1080.7    894.8
     1     1    23     1    14     1     0     1   -84.0   29.350 -116.676   1085.0    894.4
     1     1    23     1    14     0     0     0   -85.0   29.436 -116.779   1062.9    896.5
     1     1    23     1    13    23     0     1   -86.0   29.515 -116.883   1038.7    901.8
     1     1    23     1    13    22     0     2   -87.0   29.580 -116.984   1032.9    902.4
     1     1    23     1    13    21     0     3   -88.0   29.628 -117.080   1045.0    901.5
     1     1    23     1    13    20     0     2   -89.0   29.661 -117.175   1079.4    899.1
     1     1    23     1    13    19     0     1   -90.0   29.684 -117.273   1133.2    894.0
     1     1    23     1    13    18     0     0   -91.0   29.697 -117.377   1196.1    887.7
     1     1    23     1    13    17     0     1   -92.0   29.702 -117.485   1249.8    880.0
     1     1    23     1    13    16     0     2   -93.0   29.701 -117.593   1291.8    876.0
     1     1    23     1    13    15     0     3   -94.0   29.697 -117.701   1339.9    871.4
     1     1    23     1    13    14     0     2   -95.0   29.681 -117.804   1384.6    864.7
     1     1    23     1    13    13     0     1   -96.0   29.651 -117.894   1403.6    862.4
     1     1    23     1    13    12     0     0   -97.0   29.610 -117.964   1393.1    863.1
     1     1    23     1    13    11     0     1   -98.0   29.563 -118.026   1379.3    867.5
     1     1    23     1    13    10     0     2   -99.0   29.510 -118.087   1386.1    866.5
     1     1    23     1    13     9     0     3  -100.0   29.449 -118.146   1401.9    864.6
     1     1    23     1    13     8     0     2  -101.0   29.385 -118.197   1406.1    863.0
     1     1    23     1    13     7     0     1  -102.0   29.321 -118.235   1392.2    865.5
     1     1    23     1    13     6     0     0  -103.0   29.260 -118.261   1376.0    868.2
     1     1    23     1    13     5     0     1  -104.0   29.199 -118.279   1350.3    869.2
     1     1    23     1    13     4     0     2  -105.0   29.137 -118.295   1298.0    874.0
     1     1    23     1    13     3     0     3  -106.0   29.078 -118.306   1212.0    882.6
     1     1    23     1    13     2     0     2  -107.0   29.022 -118.312   1128.5    894.9
     1     1    23     1    13     1     0     1  -108.0   28.967 -118.321   1086.0    899.2
     1     1    23     1    13     0     0     0  -109.0   28.911 -118.335   1085.0    898.6
     1     1    23     1    12    23     0     1  -110.0   28.851 -118.353   1111.7    894.7
     1     1    23     1    12    22     0     2  -111.0   28.785 -118.372   1151.3    890.7
     1     1    23     1    12    21     0     3  -112.0   28.714 -118.392   1200.7    885.5
     1     1    23     1    12    20     0     2  -113.0   28.645 -118.402   1243.3    880.0
     1     1    23     1    12    19     0     1  -114.0   28.588 -118.386   1265.1    878.5
     1     1    23     1    12    18     0     0  -115.0   28.544 -118.344   1271.6    878.7
     1     1    23     1    12    17     0     1  -116.0   28.519 -118.292   1281.5    879.0
     1     1    23     1    12    16     0     2  -117.0   28.518 -118.250   1307.6    875.7
     1     1    23     1    12    15     0     3  -118.0   28.539 -118.218   1346.7    871.2
     1     1    23     1    12    14     0     2  -119.0   28.571 -118.197   1386.4    865.6
     1     1    23     1    12    13     0     1  -120.0   28.608 -118.183   1416.6    862.3
