     8     1
    GDAS    22    12    22     0     0
    GDAS    22    12    29     0     0
    GDAS    23     1     1     0     0
    GDAS    23     1     8     0     0
    GDAS    23     1    15     0     0
    GDAS    23     1    22     0     0
    GDAS    23     1    29     0     0
    GDAS    23     2     1     0     0
     1 BACKWARD OMEGA   
    23     1    15    14   32.716  -96.748  1500.0
     1 PRESSURE
     1     1    23     1    15    14     0     2     0.0   32.716  -96.748   1500.0    831.5
     1     1    23     1    15    13     0     1    -1.0   32.343  -97.142   1494.8    829.0
     1     1    23     1    15    12     0     0    -2.0   32.029  -97.501   1518.7    819.3
     1     1    23     1    15    11     0     1    -3.0   31.760  -97.835   1548.5    811.1
     1     1    23     1    15    10     0     2    -4.0   31.516  -98.166   1569.6    804.3
     1     1    23     1    15     9     0     3    -5.0   31.300  -98.490   1600.4    797.9
     1     1    23     1    15     8     0     2    -6.0   31.111  -98.809   1662.5    786.8
     1     1    23     1    15     7     0     1    -7.0   30.949  -99.134   1755.7    772.6
     1     1    23     1    15     6     0     0    -8.0   30.812  -99.468   1867.4    758.0
     1     1    23     1    15     5     0     1    -9.0   30.698  -99.804   1969.4    743.2
     1     1    23     1    15     4     0     2   -10.0   30.609 -100.142   2040.3    734.2
     1     1    23     1    15     3     0     3   -11.0   30.537 -100.484   2070.9    731.1
     1     1    23     1    15     2     0     2   -12.0   30.468 -100.831   2067.3    733.7
     1     1    23     1    15     1     0     1   -13.0   30.395 -101.183   2068.1    736.9
     1     1    23     1    15     0     0     0   -14.0   30.319 -101.546   2141.4    734.5
     1     1    23     1    14    23     0     1   -15.0   30.237 -101.927   2304.0    717.9
     1     1    23     1    14    22     0     2   -16.0   30.150 -102.322   2464.4    688.6
     1     1    23     1    14    21     0     3   -17.0   30.056 -102.725   2575.3    664.0
     1     1    23     1    14    20     0     2   -18.0   29.952 -103.121   2664.1    644.5
     1     1    23     1    14    19     0     1   -19.0   29.841 -103.502   2718.0    631.0
     1     1    23     1    14    18     0     0   -20.0   29.719 -103.876   2694.0    624.3
     1     1    23     1    14    17     0     1   -21.0   29.588 -104.230   2658.6    629.9
     1     1    23     1    14    16     0     2   -22.0   29.450 -104.558   2655.7    633.6
     1     1    23     1    14    15     0     3   -23.0   29.305 -104.862   2661.0    637.9
     1     1    23     1    14    14     0     2   -24.0   29.155 -105.136   2660.5    639.1
     1     1    23     1    14    13     0     1   -25.0   29.010 -105.375   2655.2    635.9
     1     1    23     1    14    12     0     0   -26.0   28.871 -105.593   2646.2    631.0
     1     1    23     1    14    11     0     1   -27.0   28.736 -105.797   2651.0    627.3
     1     1    23     1    14    10     0     2   -28.0   28.593 -105.991   2686.5    620.4
     1     1    23     1    14     9     0     3   -29.0   28.434 -106.174   2725.3    605.8
     1     1    23     1    14     8     0     2   -30.0   28.268 -106.344   2747.5    593.5
     1     1    23     1    14     7     0     1   -31.0   28.107 -106.492   2760.2    586.1
     1     1    23     1    14     6     0     0   -32.0   27.943 -106.614   2798.1    577.3
     1     1    23     1    14     5     0     1   -33.0   27.775 -106.717   2853.8    564.0
     1     1    23     1    14     4     0     2   -34.0   27.615 -106.804   2907.2    554.0
     1     1    23     1    14     3     0     3   -35.0   27.475 -106.869   2957.3    546.1
     1     1    23     1    14     2     0     2   -36.0   27.352 -106.928   3024.3    539.2
     1     1    23     1    14     1     0     1   -37.0   27.239 -106.993   3129.1    528.6
     1     1    23     1    14     0     0     0   -38.0   27.138 -107.058   3284.7    521.4
     1     1    23     1    13    23     0     1   -39.0   27.043 -107.123   3449.7    513.4
     1     1    23     1    13    22     0     2   -40.0   26.945 -107.186   3584.5    510.5
     1     1    23     1    13    21     0     3   -41.0   26.845 -107.241   3683.6    510.7
     1     1    23     1    13    20     0     2   -42.0   26.752 -107.292   3761.9    513.3
     1     1    23     1    13    19     0     1   -43.0   26.673 -107.343   3833.6    515.5
     1     1    23     1    13    18     0     0   -44.0   26.606 -107.396   3899.7    518.2
     1     1    23     1    13    17     0     1   -45.0   26.545 -107.452   3969.0    520.7
     1     1    23     1    13    16     0     2   -46.0   26.485 -107.510   4047.5    522.4
     1     1    23     1    13    15     0     3   -47.0   26.425 -107.574   4130.3    524.4
     1     1    23     1    13    14     0     2   -48.0   26.357 -107.643   4196.0    527.5
     1     1    23     1    13    13     0     1   -49.0   26.281 -107.709   4228.2    534.7
     1     1    23     1    13    12     0     0   -50.0   26.198 -107.768   4232.8    543.6
     1     1    23     1    13    11     0     1   -51.0   26.107 -107.820   4222.2    554.0
     1     1    23     1    13    10     0     2   -52.0   26.001 -107.871   4207.6    565.2
     1     1    23     1    13     9     0     3   -53.0   25.877 -107.925   4193.2    577.9
     1     1    23     1    13     8     0     2   -54.0   25.728 -107.968   4198.3    590.0
     1     1    23     1    13     7     0     1   -55.0   25.561 -107.991   4247.0    595.1
     1     1    23     1    13     6     0     0   -56.0   25.395 -108.000   4351.3    594.7
     1     1    23     1    13     5     0     1   -57.0   25.242 -107.987   4454.8    586.6
     1     1    23     1    13     4     0     2   -58.0   25.098 -107.930   4473.3    586.7
     1     1    23     1    13     3     0     3   -59.0   24.960 -107.823   4404.1    592.6
     1     1    23     1    13     2     0     2   -60.0   24.831 -107.672   4336.6    598.9
     1     1    23     1    13     1     0     1   -61.0   24.721 -107.505   4338.9    593.8
     1     1    23     1    13     0     0     0   -62.0   24.629 -107.320   4375.7    586.7
     1     1    23     1    12    23     0     1   -63.0   24.552 -107.131   4413.5    580.5
     1     1    23     1    12    22     0     2   -64.0   24.487 -106.961   4421.8    574.8
     1     1    23     1    12    21     0     3   -65.0   24.437 -106.823   4379.8    565.1
     1     1    23     1    12    20     0     2   -66.0   24.405 -106.708   4349.7    559.8
     1     1    23     1    12    19     0     1   -67.0   24.395 -106.610   4365.3    549.7
     1     1    23     1    12    18     0     0   -68.0   24.409 -106.533   4430.2    537.0
     1     1    23     1    12    17     0     1   -69.0   24.448 -106.487   4500.5    521.8
     1     1    23     1    12    16     0     2   -70.0   24.510 -106.472   4527.2    514.4
     1     1    23     1    12    15     0     3   -71.0   24.591 -106.483   4507.9    511.8
     1     1    23     1    12    14     0     2   -72.0   24.679 -106.517   4472.2    514.4
     1     1    23     1    12    13     0     1   -73.0   24.763 -106.576   4449.2    517.7
     1     1    23     1    12    12     0     0   -74.0   24.842 -106.659   4438.5    523.5
     1     1    23     1    12    11     0     1   -75.0   24.918 -106.755   4435.0    531.6
     1     1    23     1    12    10     0     2   -76.0   24.989 -106.854   4436.7    540.7
     1     1    23     1    12     9     0     3   -77.0   25.052 -106.961   4443.7    548.1
     1     1    23     1    12     8     0     2   -78.0   25.107 -107.057   4445.4    549.1
     1     1    23     1    12     7     0     1   -79.0   25.161 -107.128   4436.6    547.2
     1     1    23     1    12     6     0     0   -80.0   25.217 -107.178   4414.1    545.8
     1     1    23     1    12     5     0     1   -81.0   25.281 -107.230   4390.7    545.3
     1     1    23     1    12     4     0     2   -82.0   25.358 -107.307   4384.4    543.3
     1     1    23     1    12     3     0     3   -83.0   25.447 -107.410   4394.7    542.1
     1     1    23     1    12     2     0     2   -84.0   25.541 -107.544   4419.4    543.0
     1     1    23     1    12     1     0     1   -85.0   25.635 -107.710   4461.6    548.1
     1     1    23     1    12     0     0     0   -86.0   25.730 -107.906   4529.2    556.4
     1     1    23     1    11    23     0     1   -87.0   25.821 -108.129   4597.3    560.8
     1     1    23     1    11    22     0     2   -88.0   25.907 -108.376   4653.2    561.2
     1     1    23     1    11    21     0     3   -89.0   25.987 -108.648   4698.1    564.8
     1     1    23     1    11    20     0     2   -90.0   26.044 -108.937   4728.2    571.7
     1     1    23     1    11    19     0     1   -91.0   26.067 -109.235   4738.3    573.5
     1     1    23     1    11    18     0     0   -92.0   26.070 -109.539   4734.2    573.9
     1     1    23     1    11    17     0     1   -93.0   26.055 -109.837   4739.9    576.5
     1     1    23     1    11    16     0     2   -94.0   26.026 -110.124   4799.5    573.2
     1     1    23     1    11    15     0     3   -95.0   25.976 -110.408   4913.3    563.5
     1     1    23     1    11    14     0     2   -96.0   25.910 -110.698   4994.9    550.9
     1     1    23     1    11    13     0     1   -97.0   25.826 -110.988   4983.9    549.5
     1     1    23     1    11    12     0     0   -98.0   25.718 -111.269   4928.2    551.2
     1     1    23     1    11    11     0     1   -99.0   25.594 -111.539   4892.1    554.5
     1     1    23     1    11    10     0     2  -100.0   25.456 -111.794   4874.9    555.5
     1     1    23     1    11     9     0     3  -101.0   25.294 -112.020   4816.2    562.1
     1     1    23     1    11     8     0     2  -102.0   25.121 -112.195   4727.3    576.2
     1     1    23     1    11     7     0     1  -103.0   24.954 -112.331   4669.4    581.8
     1     1    23     1    11     6     0     0  -104.0   24.792 -112.439   4627.7    584.3
     1     1    23     1    11     5     0     1  -105.0   24.643 -112.536   4606.6    586.7
     1     1    23     1    11     4     0     2  -106.0   24.515 -112.637   4614.2    586.0
     1     1    23     1    11     3     0     3  -107.0   24.403 -112.745   4649.1    583.4
     1     1    23     1    11     2     0     2  -108.0   24.295 -112.854   4698.3    578.6
     1     1    23     1    11     1     0     1  -109.0   24.182 -112.949   4744.4    574.7
     1     1    23     1    11     0     0     0  -110.0   24.062 -113.023   4773.6    571.6
     1     1    23     1    10    23     0     1  -111.0   23.927 -113.066   4760.6    571.5
     1     1    23     1    10    22     0     2  -112.0   23.774 -113.072   4704.5    576.6
     1     1    23     1    10    21     0     3  -113.0   23.602 -113.037   4627.4    582.9
     1     1    23     1    10    20     0     2  -114.0   23.431 -112.963   4568.9    589.9
     1     1    23     1    10    19     0     1  -115.0   23.282 -112.862   4539.1    591.3
     1     1    23     1    10    18     0     0  -116.0   23.160 -112.737   4504.6    593.4
     1     1    23     1    10    17     0     1  -117.0   23.073 -112.598   4481.9    597.1
     1     1    23     1    10    16     0     2  -118.0   23.029 -112.466   4508.3    595.3
     1     1    23     1    10    15     0     3  -119.0   23.024 -112.347   4588.1    589.0
     1     1    23     1    10    14     0     2  -120.0   23.048 -112.236   4688.1    579.0
