     8     1
    GDAS    22    12    22     0     0
    GDAS    22    12    29     0     0
    GDAS    23     1     1     0     0
    GDAS    23     1     8     0     0
    GDAS    23     1    15     0     0
    GDAS    23     1    22     0     0
    GDAS    23     1    29     0     0
    GDAS    23     2     1     0     0
     1 BACKWARD OMEGA   
    23     1    13    12   32.716  -96.748   132.0
     1 PRESSURE
     1     1    23     1    13    12     0     0     0.0   32.716  -96.748    132.0    993.7
     1     1    23     1    13    11     0     1    -1.0   32.952  -96.724    142.5    992.2
     1     1    23     1    13    10     0     2    -2.0   33.191  -96.715    142.0    992.4
     1     1    23     1    13     9     0     3    -3.0   33.432  -96.724    142.6    991.9
     1     1    23     1    13     8     0     2    -4.0   33.674  -96.745    152.7    989.6
     1     1    23     1    13     7     0     1    -5.0   33.920  -96.772    175.7    984.5
     1     1    23     1    13     6     0     0    -6.0   34.188  -96.794    203.1    977.0
     1     1    23     1    13     5     0     1    -7.0   34.494  -96.806    229.3    970.0
     1     1    23     1    13     4     0     2    -8.0   34.837  -96.821    247.6    962.1
     1     1    23     1    13     3     0     3    -9.0   35.179  -96.860    243.3    960.5
     1     1    23     1    13     2     0     2   -10.0   35.496  -96.920    225.7    964.6
     1     1    23     1    13     1     0     1   -11.0   35.797  -96.998    211.8    967.8
     1     1    23     1    13     0     0     0   -12.0   36.090  -97.112    211.0    968.4
     1     1    23     1    12    23     0     1   -13.0   36.394  -97.248    225.0    962.8
     1     1    23     1    12    22     0     2   -14.0   36.719  -97.389    253.1    956.7
     1     1    23     1    12    21     0     3   -15.0   37.053  -97.535    304.8    947.1
     1     1    23     1    12    20     0     2   -16.0   37.397  -97.666    362.4    934.2
     1     1    23     1    12    19     0     1   -17.0   37.760  -97.771    400.3    926.2
     1     1    23     1    12    18     0     0   -18.0   38.133  -97.859    414.7    922.2
     1     1    23     1    12    17     0     1   -19.0   38.524  -97.947    414.9    922.3
     1     1    23     1    12    16     0     2   -20.0   38.934  -98.051    408.8    921.5
     1     1    23     1    12    15     0     3   -21.0   39.359  -98.169    406.2    921.1
     1     1    23     1    12    14     0     2   -22.0   39.812  -98.276    417.3    917.0
     1     1    23     1    12    13     0     1   -23.0   40.307  -98.370    441.5    909.3
     1     1    23     1    12    12     0     0   -24.0   40.843  -98.479    467.2    899.1
     1     1    23     1    12    11     0     1   -25.0   41.380  -98.623    492.1    891.0
     1     1    23     1    12    10     0     2   -26.0   41.891  -98.802    522.5    880.6
     1     1    23     1    12     9     0     3   -27.0   42.359  -99.009    551.4    878.4
     1     1    23     1    12     8     0     2   -28.0   42.782  -99.222    565.0    878.9
     1     1    23     1    12     7     0     1   -29.0   43.173  -99.425    555.0    882.1
     1     1    23     1    12     6     0     0   -30.0   43.543  -99.616    536.5    888.8
     1     1    23     1    12     5     0     1   -31.0   43.900  -99.791    543.7    895.4
     1     1    23     1    12     4     0     2   -32.0   44.256  -99.940    588.3    889.2
     1     1    23     1    12     3     0     3   -33.0   44.616 -100.074    658.6    876.7
     1     1    23     1    12     2     0     2   -34.0   44.983 -100.219    749.2    862.2
     1     1    23     1    12     1     0     1   -35.0   45.355 -100.397    846.5    848.6
     1     1    23     1    12     0     0     0   -36.0   45.729 -100.608    922.1    836.7
     1     1    23     1    11    23     0     1   -37.0   46.090 -100.848    973.8    830.6
     1     1    23     1    11    22     0     2   -38.0   46.423 -101.117   1015.6    826.4
     1     1    23     1    11    21     0     3   -39.0   46.725 -101.415   1049.3    822.2
     1     1    23     1    11    20     0     2   -40.0   47.007 -101.714   1099.7    819.2
     1     1    23     1    11    19     0     1   -41.0   47.286 -101.985   1185.0    807.3
     1     1    23     1    11    18     0     0   -42.0   47.573 -102.225   1274.2    794.0
     1     1    23     1    11    17     0     1   -43.0   47.875 -102.463   1343.1    786.5
     1     1    23     1    11    16     0     2   -44.0   48.195 -102.713   1392.3    784.1
     1     1    23     1    11    15     0     3   -45.0   48.523 -102.961   1441.3    781.7
     1     1    23     1    11    14     0     2   -46.0   48.841 -103.225   1497.1    776.1
     1     1    23     1    11    13     0     1   -47.0   49.140 -103.525   1537.6    768.9
     1     1    23     1    11    12     0     0   -48.0   49.426 -103.835   1554.9    767.3
     1     1    23     1    11    11     0     1   -49.0   49.696 -104.140   1565.1    768.2
     1     1    23     1    11    10     0     2   -50.0   49.953 -104.447   1578.4    768.5
     1     1    23     1    11     9     0     3   -51.0   50.199 -104.741   1588.9    767.7
     1     1    23     1    11     8     0     2   -52.0   50.424 -104.993   1594.5    769.3
     1     1    23     1    11     7     0     1   -53.0   50.623 -105.213   1602.0    768.7
     1     1    23     1    11     6     0     0   -54.0   50.807 -105.428   1611.3    766.7
     1     1    23     1    11     5     0     1   -55.0   50.993 -105.650   1626.7    765.9
     1     1    23     1    11     4     0     2   -56.0   51.192 -105.872   1660.4    762.3
     1     1    23     1    11     3     0     3   -57.0   51.404 -106.080   1706.4    757.6
     1     1    23     1    11     2     0     2   -58.0   51.620 -106.296   1738.6    753.9
     1     1    23     1    11     1     0     1   -59.0   51.832 -106.544   1747.5    755.4
     1     1    23     1    11     0     0     0   -60.0   52.040 -106.825   1746.1    756.7
     1     1    23     1    10    23     0     1   -61.0   52.228 -107.097   1754.2    755.3
     1     1    23     1    10    22     0     2   -62.0   52.389 -107.343   1788.1    748.6
     1     1    23     1    10    21     0     3   -63.0   52.525 -107.588   1833.9    741.4
     1     1    23     1    10    20     0     2   -64.0   52.646 -107.832   1870.5    735.7
     1     1    23     1    10    19     0     1   -65.0   52.761 -108.064   1891.2    734.5
     1     1    23     1    10    18     0     0   -66.0   52.868 -108.278   1905.1    735.3
     1     1    23     1    10    17     0     1   -67.0   52.967 -108.482   1927.6    736.3
     1     1    23     1    10    16     0     2   -68.0   53.055 -108.686   1969.0    733.5
     1     1    23     1    10    15     0     3   -69.0   53.128 -108.881   2027.1    729.0
     1     1    23     1    10    14     0     2   -70.0   53.184 -109.076   2077.4    722.1
     1     1    23     1    10    13     0     1   -71.0   53.222 -109.281   2097.3    718.9
     1     1    23     1    10    12     0     0   -72.0   53.242 -109.495   2091.1    717.8
     1     1    23     1    10    11     0     1   -73.0   53.247 -109.714   2075.6    718.9
     1     1    23     1    10    10     0     2   -74.0   53.237 -109.938   2067.3    718.1
     1     1    23     1    10     9     0     3   -75.0   53.210 -110.169   2062.0    716.9
     1     1    23     1    10     8     0     2   -76.0   53.171 -110.407   2058.9    716.6
     1     1    23     1    10     7     0     1   -77.0   53.120 -110.646   2058.4    715.1
     1     1    23     1    10     6     0     0   -78.0   53.044 -110.886   2049.7    714.1
     1     1    23     1    10     5     0     1   -79.0   52.949 -111.125   1994.9    715.0
     1     1    23     1    10     4     0     2   -80.0   52.849 -111.341   1896.0    725.9
     1     1    23     1    10     3     0     3   -81.0   52.746 -111.527   1790.5    735.1
     1     1    23     1    10     2     0     2   -82.0   52.646 -111.685   1696.6    742.9
     1     1    23     1    10     1     0     1   -83.0   52.552 -111.829   1615.9    747.9
     1     1    23     1    10     0     0     0   -84.0   52.458 -111.965   1532.6    753.3
     1     1    23     1     9    23     0     1   -85.0   52.371 -112.098   1486.5    760.6
     1     1    23     1     9    22     0     2   -86.0   52.302 -112.241   1532.7    755.1
     1     1    23     1     9    21     0     3   -87.0   52.249 -112.399   1680.7    739.7
     1     1    23     1     9    20     0     2   -88.0   52.203 -112.550   1854.2    715.6
     1     1    23     1     9    19     0     1   -89.0   52.153 -112.668   1952.1    704.6
     1     1    23     1     9    18     0     0   -90.0   52.087 -112.751   1954.5    703.4
     1     1    23     1     9    17     0     1   -91.0   52.034 -112.794   1927.7    711.4
     1     1    23     1     9    16     0     2   -92.0   52.031 -112.802   1932.0    710.8
     1     1    23     1     9    15     0     3   -93.0   52.078 -112.777   1963.6    708.2
     1     1    23     1     9    14     0     2   -94.0   52.145 -112.750   2006.3    704.0
     1     1    23     1     9    13     0     1   -95.0   52.204 -112.745   2059.0    700.7
     1     1    23     1     9    12     0     0   -96.0   52.256 -112.764   2127.0    695.4
     1     1    23     1     9    11     0     1   -97.0   52.291 -112.800   2180.8    688.4
     1     1    23     1     9    10     0     2   -98.0   52.304 -112.851   2193.8    687.0
     1     1    23     1     9     9     0     3   -99.0   52.296 -112.916   2167.0    689.4
     1     1    23     1     9     8     0     2  -100.0   52.272 -112.981   2127.2    694.8
     1     1    23     1     9     7     0     1  -101.0   52.232 -113.033   2099.7    696.6
     1     1    23     1     9     6     0     0  -102.0   52.177 -113.063   2080.3    697.0
     1     1    23     1     9     5     0     1  -103.0   52.110 -113.086   2062.3    697.6
     1     1    23     1     9     4     0     2  -104.0   52.035 -113.123   2048.3    698.0
     1     1    23     1     9     3     0     3  -105.0   51.944 -113.187   2039.7    697.4
     1     1    23     1     9     2     0     2  -106.0   51.841 -113.297   2036.2    696.2
     1     1    23     1     9     1     0     1  -107.0   51.732 -113.445   2028.6    693.8
     1     1    23     1     9     0     0     0  -108.0   51.616 -113.607   1992.1    693.5
     1     1    23     1     8    23     0     1  -109.0   51.499 -113.757   1937.5    698.2
     1     1    23     1     8    22     0     2  -110.0   51.389 -113.892   1898.6    700.3
     1     1    23     1     8    21     0     3  -111.0   51.292 -114.014   1888.4    699.4
     1     1    23     1     8    20     0     2  -112.0   51.211 -114.134   1916.8    691.1
     1     1    23     1     8    19     0     1  -113.0   51.141 -114.271   2002.4    676.3
     1     1    23     1     8    18     0     0  -114.0   51.077 -114.465   2139.5    652.2
     1     1    23     1     8    17     0     1  -115.0   51.003 -114.826   2250.4    614.7
     1     1    23     1     8    16     0     2  -116.0   50.871 -115.430   2322.2    595.0
     1     1    23     1     8    15     0     3  -117.0   50.654 -116.109   2501.6    588.4
     1     1    23     1     8    14     0     2  -118.0   50.351 -116.736   2778.7    567.4
     1     1    23     1     8    13     0     1  -119.0   49.969 -117.275   2944.8    572.8
     1     1    23     1     8    12     0     0  -120.0   49.530 -117.724   2945.0    587.6
