     8     1
    GDAS    22    12    22     0     0
    GDAS    22    12    29     0     0
    GDAS    23     1     1     0     0
    GDAS    23     1     8     0     0
    GDAS    23     1    15     0     0
    GDAS    23     1    22     0     0
    GDAS    23     1    29     0     0
    GDAS    23     2     1     0     0
     1 BACKWARD OMEGA   
    23     1    13    16   32.716  -96.748   500.0
     1 PRESSURE
     1     1    23     1    13    16     0     2     0.0   32.716  -96.748    500.0    950.4
     1     1    23     1    13    15     0     3    -1.0   32.988  -96.687    508.1    950.2
     1     1    23     1    13    14     0     2    -2.0   33.298  -96.617    518.1    947.3
     1     1    23     1    13    13     0     1    -3.0   33.639  -96.568    531.2    944.5
     1     1    23     1    13    12     0     0    -4.0   34.016  -96.541    559.2    940.4
     1     1    23     1    13    11     0     1    -5.0   34.418  -96.544    603.3    930.3
     1     1    23     1    13    10     0     2    -6.0   34.830  -96.583    652.9    919.0
     1     1    23     1    13     9     0     3    -7.0   35.244  -96.655    705.8    911.3
     1     1    23     1    13     8     0     2    -8.0   35.660  -96.745    757.8    905.7
     1     1    23     1    13     7     0     1    -9.0   36.086  -96.833    790.3    901.7
     1     1    23     1    13     6     0     0   -10.0   36.529  -96.916    828.3    897.7
     1     1    23     1    13     5     0     1   -11.0   36.993  -97.027    937.0    884.5
     1     1    23     1    13     4     0     2   -12.0   37.457  -97.176   1082.3    857.6
     1     1    23     1    13     3     0     3   -13.0   37.913  -97.343   1168.9    841.0
     1     1    23     1    13     2     0     2   -14.0   38.366  -97.520   1215.4    839.7
     1     1    23     1    13     1     0     1   -15.0   38.818  -97.711   1260.2    833.6
     1     1    23     1    13     0     0     0   -16.0   39.265  -97.909   1307.7    826.5
     1     1    23     1    12    23     0     1   -17.0   39.710  -98.106   1366.0    817.9
     1     1    23     1    12    22     0     2   -18.0   40.153  -98.289   1416.9    806.9
     1     1    23     1    12    21     0     3   -19.0   40.599  -98.462   1430.1    798.8
     1     1    23     1    12    20     0     2   -20.0   41.067  -98.641   1414.8    797.3
     1     1    23     1    12    19     0     1   -21.0   41.559  -98.840   1414.7    793.7
     1     1    23     1    12    18     0     0   -22.0   42.067  -99.057   1464.1    785.7
     1     1    23     1    12    17     0     1   -23.0   42.571  -99.294   1540.0    777.3
     1     1    23     1    12    16     0     2   -24.0   43.059  -99.552   1582.3    773.7
     1     1    23     1    12    15     0     3   -25.0   43.533  -99.834   1617.3    778.4
     1     1    23     1    12    14     0     2   -26.0   43.987 -100.149   1696.2    777.2
     1     1    23     1    12    13     0     1   -27.0   44.420 -100.485   1791.0    759.2
     1     1    23     1    12    12     0     0   -28.0   44.828 -100.825   1854.9    746.7
     1     1    23     1    12    11     0     1   -29.0   45.217 -101.173   1876.4    742.6
     1     1    23     1    12    10     0     2   -30.0   45.589 -101.535   1878.6    741.8
     1     1    23     1    12     9     0     3   -31.0   45.949 -101.901   1856.0    739.0
     1     1    23     1    12     8     0     2   -32.0   46.292 -102.261   1824.0    743.7
     1     1    23     1    12     7     0     1   -33.0   46.613 -102.621   1833.6    741.4
     1     1    23     1    12     6     0     0   -34.0   46.916 -102.994   1913.4    732.1
     1     1    23     1    12     5     0     1   -35.0   47.213 -103.362   2013.2    717.9
     1     1    23     1    12     4     0     2   -36.0   47.516 -103.698   2078.5    717.3
     1     1    23     1    12     3     0     3   -37.0   47.825 -104.012   2115.0    721.0
     1     1    23     1    12     2     0     2   -38.0   48.135 -104.313   2128.2    721.9
     1     1    23     1    12     1     0     1   -39.0   48.433 -104.617   2144.7    717.5
     1     1    23     1    12     0     0     0   -40.0   48.712 -104.931   2193.9    710.1
     1     1    23     1    11    23     0     1   -41.0   48.974 -105.272   2272.3    696.0
     1     1    23     1    11    22     0     2   -42.0   49.228 -105.641   2338.9    685.4
     1     1    23     1    11    21     0     3   -43.0   49.471 -106.000   2364.0    683.5
     1     1    23     1    11    20     0     2   -44.0   49.698 -106.330   2379.8    687.4
     1     1    23     1    11    19     0     1   -45.0   49.915 -106.632   2405.6    685.5
     1     1    23     1    11    18     0     0   -46.0   50.131 -106.913   2446.7    683.0
     1     1    23     1    11    17     0     1   -47.0   50.348 -107.198   2501.5    676.5
     1     1    23     1    11    16     0     2   -48.0   50.568 -107.493   2557.9    671.4
     1     1    23     1    11    15     0     3   -49.0   50.789 -107.778   2618.0    666.6
     1     1    23     1    11    14     0     2   -50.0   51.002 -108.041   2677.5    662.7
     1     1    23     1    11    13     0     1   -51.0   51.206 -108.299   2732.5    658.0
     1     1    23     1    11    12     0     0   -52.0   51.411 -108.581   2782.5    652.6
     1     1    23     1    11    11     0     1   -53.0   51.614 -108.897   2820.2    649.1
     1     1    23     1    11    10     0     2   -54.0   51.810 -109.231   2857.6    645.6
     1     1    23     1    11     9     0     3   -55.0   51.993 -109.561   2911.3    639.1
     1     1    23     1    11     8     0     2   -56.0   52.163 -109.885   2971.5    632.3
     1     1    23     1    11     7     0     1   -57.0   52.331 -110.202   3020.8    628.5
     1     1    23     1    11     6     0     0   -58.0   52.501 -110.519   3063.7    624.9
     1     1    23     1    11     5     0     1   -59.0   52.670 -110.836   3093.5    621.9
     1     1    23     1    11     4     0     2   -60.0   52.837 -111.147   3103.9    621.7
     1     1    23     1    11     3     0     3   -61.0   52.996 -111.440   3094.6    624.2
     1     1    23     1    11     2     0     2   -62.0   53.146 -111.709   3075.1    626.9
     1     1    23     1    11     1     0     1   -63.0   53.287 -111.958   3072.4    627.9
     1     1    23     1    11     0     0     0   -64.0   53.422 -112.201   3094.9    625.3
     1     1    23     1    10    23     0     1   -65.0   53.540 -112.463   3126.9    620.5
     1     1    23     1    10    22     0     2   -66.0   53.636 -112.746   3151.3    618.0
     1     1    23     1    10    21     0     3   -67.0   53.716 -113.043   3173.5    616.2
     1     1    23     1    10    20     0     2   -68.0   53.786 -113.339   3188.7    613.8
     1     1    23     1    10    19     0     1   -69.0   53.845 -113.612   3186.9    613.7
     1     1    23     1    10    18     0     0   -70.0   53.888 -113.850   3168.6    615.6
     1     1    23     1    10    17     0     1   -71.0   53.918 -114.062   3135.8    618.1
     1     1    23     1    10    16     0     2   -72.0   53.943 -114.263   3087.7    621.4
     1     1    23     1    10    15     0     3   -73.0   53.967 -114.447   3022.9    625.7
     1     1    23     1    10    14     0     2   -74.0   53.982 -114.622   2963.5    631.9
     1     1    23     1    10    13     0     1   -75.0   53.986 -114.801   2937.6    633.1
     1     1    23     1    10    12     0     0   -76.0   53.978 -114.988   2948.3    631.0
     1     1    23     1    10    11     0     1   -77.0   53.957 -115.188   2969.3    623.7
     1     1    23     1    10    10     0     2   -78.0   53.918 -115.408   2967.0    619.1
     1     1    23     1    10     9     0     3   -79.0   53.855 -115.655   2926.3    616.9
     1     1    23     1    10     8     0     2   -80.0   53.779 -115.926   2845.0    618.4
     1     1    23     1    10     7     0     1   -81.0   53.694 -116.196   2752.2    621.5
     1     1    23     1    10     6     0     0   -82.0   53.595 -116.452   2668.8    620.9
     1     1    23     1    10     5     0     1   -83.0   53.480 -116.711   2599.9    617.7
     1     1    23     1    10     4     0     2   -84.0   53.353 -117.013   2547.1    609.5
     1     1    23     1    10     3     0     3   -85.0   53.214 -117.342   2539.8    602.3
     1     1    23     1    10     2     0     2   -86.0   53.066 -117.668   2576.2    588.5
     1     1    23     1    10     1     0     1   -87.0   52.907 -117.989   2572.2    577.6
     1     1    23     1    10     0     0     0   -88.0   52.717 -118.293   2507.9    583.4
     1     1    23     1     9    23     0     1   -89.0   52.481 -118.559   2466.2    590.2
     1     1    23     1     9    22     0     2   -90.0   52.215 -118.781   2481.0    592.1
     1     1    23     1     9    21     0     3   -91.0   51.921 -118.967   2562.8    594.2
     1     1    23     1     9    20     0     2   -92.0   51.608 -119.116   2658.2    598.2
     1     1    23     1     9    19     0     1   -93.0   51.288 -119.216   2703.4    610.1
     1     1    23     1     9    18     0     0   -94.0   50.982 -119.286   2734.5    619.0
     1     1    23     1     9    17     0     1   -95.0   50.700 -119.374   2721.3    608.6
     1     1    23     1     9    16     0     2   -96.0   50.444 -119.486   2687.3    605.5
     1     1    23     1     9    15     0     3   -97.0   50.224 -119.617   2688.3    602.5
     1     1    23     1     9    14     0     2   -98.0   50.037 -119.791   2732.0    593.2
     1     1    23     1     9    13     0     1   -99.0   49.858 -120.026   2754.9    584.0
     1     1    23     1     9    12     0     0  -100.0   49.674 -120.356   2722.0    588.9
     1     1    23     1     9    11     0     1  -101.0   49.476 -120.777   2734.7    603.0
     1     1    23     1     9    10     0     2  -102.0   49.254 -121.249   2900.3    605.5
     1     1    23     1     9     9     0     3  -103.0   48.990 -121.748   3222.4    608.4
     1     1    23     1     9     8     0     2  -104.0   48.676 -122.220   3459.2    608.2
     1     1    23     1     9     7     0     1  -105.0   48.336 -122.643   3463.9    622.5
     1     1    23     1     9     6     0     0  -106.0   47.975 -123.068   3539.0    621.5
     1     1    23     1     9     5     0     1  -107.0   47.568 -123.505   3588.8    607.6
     1     1    23     1     9     4     0     2  -108.0   47.098 -123.966   3518.7    632.5
     1     1    23     1     9     3     0     3  -109.0   46.572 -124.446   3302.4    662.9
     1     1    23     1     9     2     0     2  -110.0   46.004 -124.989   3139.4    682.6
     1     1    23     1     9     1     0     1  -111.0   45.431 -125.574   3041.1    686.0
     1     1    23     1     9     0     0     0  -112.0   44.860 -126.176   2936.7    692.8
     1     1    23     1     8    23     0     1  -113.0   44.303 -126.805   2831.2    704.6
     1     1    23     1     8    22     0     2  -114.0   43.787 -127.452   2753.4    711.7
     1     1    23     1     8    21     0     3  -115.0   43.333 -128.121   2713.4    716.0
     1     1    23     1     8    20     0     2  -116.0   42.941 -128.856   2693.7    715.3
     1     1    23     1     8    19     0     1  -117.0   42.602 -129.653   2684.7    715.6
     1     1    23     1     8    18     0     0  -118.0   42.346 -130.473   2690.3    713.7
     1     1    23     1     8    17     0     1  -119.0   42.149 -131.326   2652.8    717.4
     1     1    23     1     8    16     0     2  -120.0   41.995 -132.234   2653.8    716.7
