     8     1
    GDAS    22    12    22     0     0
    GDAS    22    12    29     0     0
    GDAS    23     1     1     0     0
    GDAS    23     1     8     0     0
    GDAS    23     1    15     0     0
    GDAS    23     1    22     0     0
    GDAS    23     1    29     0     0
    GDAS    23     2     1     0     0
     1 BACKWARD OMEGA   
    23     1    27    14   32.716  -96.748     5.0
     1 PRESSURE
     1     1    23     1    27    14     0     2     0.0   32.716  -96.748      5.0   1004.6
     1     1    23     1    27    13     0     1    -1.0   32.599  -96.828      5.1   1004.0
     1     1    23     1    27    12     0     0    -2.0   32.488  -96.902      5.6   1003.5
     1     1    23     1    27    11     0     1    -3.0   32.383  -96.974      6.5   1003.1
     1     1    23     1    27    10     0     2    -4.0   32.283  -97.047      7.6   1001.8
     1     1    23     1    27     9     0     3    -5.0   32.187  -97.121      8.8   1000.2
     1     1    23     1    27     8     0     2    -6.0   32.101  -97.200     11.4    998.0
     1     1    23     1    27     7     0     1    -7.0   32.029  -97.289     17.7    994.7
     1     1    23     1    27     6     0     0    -8.0   31.978  -97.385     27.9    991.3
     1     1    23     1    27     5     0     1    -9.0   31.943  -97.480     39.7    988.5
     1     1    23     1    27     4     0     2   -10.0   31.919  -97.568     50.6    986.3
     1     1    23     1    27     3     0     3   -11.0   31.912  -97.650     60.9    983.8
     1     1    23     1    27     2     0     2   -12.0   31.926  -97.729     70.1    981.2
     1     1    23     1    27     1     0     1   -13.0   31.962  -97.807     76.5    978.8
     1     1    23     1    27     0     0     0   -14.0   32.017  -97.886     78.2    977.0
     1     1    23     1    26    23     0     1   -15.0   32.091  -97.972     79.9    976.1
     1     1    23     1    26    22     0     2   -16.0   32.183  -98.076     87.5    973.7
     1     1    23     1    26    21     0     3   -17.0   32.290  -98.200    101.4    970.6
     1     1    23     1    26    20     0     2   -18.0   32.407  -98.335    119.2    968.0
     1     1    23     1    26    19     0     1   -19.0   32.530  -98.476    138.3    965.9
     1     1    23     1    26    18     0     0   -20.0   32.655  -98.621    159.0    963.2
     1     1    23     1    26    17     0     1   -21.0   32.787  -98.773    181.6    959.5
     1     1    23     1    26    16     0     2   -22.0   32.935  -98.935    206.6    956.0
     1     1    23     1    26    15     0     3   -23.0   33.104  -99.105    233.3    952.7
     1     1    23     1    26    14     0     2   -24.0   33.294  -99.280    262.4    948.2
     1     1    23     1    26    13     0     1   -25.0   33.508  -99.455    294.1    941.3
     1     1    23     1    26    12     0     0   -26.0   33.751  -99.634    327.3    933.7
     1     1    23     1    26    11     0     1   -27.0   34.020  -99.824    373.2    924.5
     1     1    23     1    26    10     0     2   -28.0   34.317 -100.020    446.4    910.1
     1     1    23     1    26     9     0     3   -29.0   34.637 -100.207    544.4    889.6
     1     1    23     1    26     8     0     2   -30.0   34.964 -100.380    647.3    870.0
     1     1    23     1    26     7     0     1   -31.0   35.286 -100.547    738.5    852.7
     1     1    23     1    26     6     0     0   -32.0   35.612 -100.707    827.7    839.4
     1     1    23     1    26     5     0     1   -33.0   35.966 -100.861    929.6    825.1
     1     1    23     1    26     4     0     2   -34.0   36.361 -101.019   1039.1    809.7
     1     1    23     1    26     3     0     3   -35.0   36.784 -101.177   1128.4    794.7
     1     1    23     1    26     2     0     2   -36.0   37.217 -101.346   1175.4    783.8
     1     1    23     1    26     1     0     1   -37.0   37.658 -101.531   1170.0    779.4
     1     1    23     1    26     0     0     0   -38.0   38.112 -101.724   1129.3    781.9
     1     1    23     1    25    23     0     1   -39.0   38.572 -101.936   1122.7    778.5
     1     1    23     1    25    22     0     2   -40.0   39.034 -102.156   1201.8    759.2
     1     1    23     1    25    21     0     3   -41.0   39.490 -102.369   1305.0    740.9
     1     1    23     1    25    20     0     2   -42.0   39.943 -102.585   1348.5    734.6
     1     1    23     1    25    19     0     1   -43.0   40.419 -102.797   1356.4    733.3
     1     1    23     1    25    18     0     0   -44.0   40.944 -102.989   1384.0    730.3
     1     1    23     1    25    17     0     1   -45.0   41.488 -103.184   1412.3    724.5
     1     1    23     1    25    16     0     2   -46.0   42.025 -103.403   1383.3    730.6
     1     1    23     1    25    15     0     3   -47.0   42.564 -103.653   1311.9    746.4
     1     1    23     1    25    14     0     2   -48.0   43.115 -103.954   1302.4    742.7
     1     1    23     1    25    13     0     1   -49.0   43.690 -104.290   1400.0    702.1
     1     1    23     1    25    12     0     0   -50.0   44.265 -104.649   1560.3    694.7
     1     1    23     1    25    11     0     1   -51.0   44.792 -105.032   1664.6    704.4
     1     1    23     1    25    10     0     2   -52.0   45.261 -105.413   1692.5    715.1
     1     1    23     1    25     9     0     3   -53.0   45.696 -105.781   1655.9    730.3
     1     1    23     1    25     8     0     2   -54.0   46.105 -106.146   1559.0    750.2
     1     1    23     1    25     7     0     1   -55.0   46.493 -106.505   1481.1    758.5
     1     1    23     1    25     6     0     0   -56.0   46.882 -106.834   1482.5    753.9
     1     1    23     1    25     5     0     1   -57.0   47.282 -107.141   1499.1    753.2
     1     1    23     1    25     4     0     2   -58.0   47.674 -107.438   1475.2    764.9
     1     1    23     1    25     3     0     3   -59.0   48.049 -107.699   1437.5    774.6
     1     1    23     1    25     2     0     2   -60.0   48.422 -107.966   1379.6    772.8
     1     1    23     1    25     1     0     1   -61.0   48.793 -108.266   1303.0    777.8
     1     1    23     1    25     0     0     0   -62.0   49.150 -108.538   1251.0    782.5
     1     1    23     1    24    23     0     1   -63.0   49.495 -108.813   1217.6    786.0
     1     1    23     1    24    22     0     2   -64.0   49.827 -109.111   1167.7    793.1
     1     1    23     1    24    21     0     3   -65.0   50.158 -109.376   1089.0    805.3
     1     1    23     1    24    20     0     2   -66.0   50.498 -109.656    995.5    819.9
     1     1    23     1    24    19     0     1   -67.0   50.836 -109.972    886.5    835.8
     1     1    23     1    24    18     0     0   -68.0   51.169 -110.294    778.1    847.8
     1     1    23     1    24    17     0     1   -69.0   51.508 -110.641    717.1    852.3
     1     1    23     1    24    16     0     2   -70.0   51.837 -111.009    721.3    845.3
     1     1    23     1    24    15     0     3   -71.0   52.157 -111.447    737.8    837.4
     1     1    23     1    24    14     0     2   -72.0   52.486 -111.964    730.0    842.2
     1     1    23     1    24    13     0     1   -73.0   52.801 -112.485    698.3    848.3
     1     1    23     1    24    12     0     0   -74.0   53.085 -113.030    566.8    854.5
     1     1    23     1    24    11     0     1   -75.0   53.316 -113.619    505.2    878.2
     1     1    23     1    24    10     0     2   -76.0   53.567 -114.296    527.4    861.1
     1     1    23     1    24     9     0     3   -77.0   53.788 -114.987    528.7    863.6
     1     1    23     1    24     8     0     2   -78.0   53.969 -115.700    615.8    852.2
     1     1    23     1    24     7     0     1   -79.0   54.153 -116.580    713.5    817.0
     1     1    23     1    24     6     0     0   -80.0   54.278 -117.600    636.3    830.3
     1     1    23     1    24     5     0     1   -81.0   54.285 -118.746    848.6    792.1
     1     1    23     1    24     4     0     2   -82.0   54.263 -119.921   1259.8    724.5
     1     1    23     1    24     3     0     3   -83.0   54.266 -121.097   1542.5    714.1
     1     1    23     1    24     2     0     2   -84.0   54.148 -122.152   1423.7    771.8
     1     1    23     1    24     1     0     1   -85.0   54.019 -123.101   1225.1    799.9
     1     1    23     1    24     0     0     0   -86.0   53.901 -124.037    950.7    819.5
     1     1    23     1    23    23     0     1   -87.0   53.746 -124.950    880.5    814.9
     1     1    23     1    23    22     0     2   -88.0   53.480 -126.022   1066.0    795.2
     1     1    23     1    23    21     0     3   -89.0   53.112 -127.024   1381.9    744.1
     1     1    23     1    23    20     0     2   -90.0   52.681 -127.823   1403.6    778.5
     1     1    23     1    23    19     0     1   -91.0   52.213 -128.308    873.2    907.2
     1     1    23     1    23    18     0     0   -92.0   51.771 -128.570    570.6    972.9
     1     1    23     1    23    17     0     1   -93.0   51.354 -128.744    416.6    982.6
     1     1    23     1    23    16     0     2   -94.0   50.951 -128.818    341.6    989.2
     1     1    23     1    23    15     0     3   -95.0   50.604 -128.791    298.9    991.0
     1     1    23     1    23    14     0     2   -96.0   50.362 -128.674    265.7    995.8
     1     1    23     1    23    13     0     1   -97.0   50.213 -128.497    255.6    998.8
     1     1    23     1    23    12     0     0   -98.0   50.100 -128.198    321.7    995.5
     1     1    23     1    23    11     0     1   -99.0   49.930 -127.810    507.0    962.2
     1     1    23     1    23    10     0     2  -100.0   49.730 -127.609    634.9    931.6
     1     1    23     1    23     9     0     3  -101.0   49.532 -127.553    649.4    932.3
     1     1    23     1    23     8     0     2  -102.0   49.328 -127.565    604.8    947.1
     1     1    23     1    23     7     0     1  -103.0   49.067 -127.645    540.4    959.8
     1     1    23     1    23     6     0     0  -104.0   48.690 -127.775    480.4    970.6
     1     1    23     1    23     5     0     1  -105.0   48.264 -127.947    417.2    976.5
     1     1    23     1    23     4     0     2  -106.0   47.880 -128.128    368.4    984.7
     1     1    23     1    23     3     0     3  -107.0   47.535 -128.291    351.4    987.7
     1     1    23     1    23     2     0     2  -108.0   47.233 -128.449    352.0    985.7
     1     1    23     1    23     1     0     1  -109.0   46.978 -128.624    352.6    986.1
     1     1    23     1    23     0     0     0  -110.0   46.762 -128.803    350.4    986.4
     1     1    23     1    22    23     0     1  -111.0   46.575 -128.983    346.8    987.6
     1     1    23     1    22    22     0     2  -112.0   46.405 -129.178    347.6    988.2
     1     1    23     1    22    21     0     3  -113.0   46.248 -129.387    351.8    987.6
     1     1    23     1    22    20     0     2  -114.0   46.101 -129.600    357.4    987.4
     1     1    23     1    22    19     0     1  -115.0   45.963 -129.813    368.3    986.7
     1     1    23     1    22    18     0     0  -116.0   45.837 -130.033    387.2    984.9
     1     1    23     1    22    17     0     1  -117.0   45.727 -130.257    408.7    981.8
     1     1    23     1    22    16     0     2  -118.0   45.631 -130.487    420.8    979.7
     1     1    23     1    22    15     0     3  -119.0   45.547 -130.732    416.9    980.0
     1     1    23     1    22    14     0     2  -120.0   45.458 -130.979    414.0    982.3
