     8     1
    GDAS    22    12    22     0     0
    GDAS    22    12    29     0     0
    GDAS    23     1     1     0     0
    GDAS    23     1     8     0     0
    GDAS    23     1    15     0     0
    GDAS    23     1    22     0     0
    GDAS    23     1    29     0     0
    GDAS    23     2     1     0     0
     1 BACKWARD OMEGA   
    23     1    27    14   32.716  -96.748    10.0
     1 PRESSURE
     1     1    23     1    27    14     0     2     0.0   32.716  -96.748     10.0   1004.6
     1     1    23     1    27    13     0     1    -1.0   32.599  -96.828     10.0   1004.0
     1     1    23     1    27    12     0     0    -2.0   32.487  -96.902     10.6   1003.4
     1     1    23     1    27    11     0     1    -3.0   32.381  -96.975     11.8   1002.7
     1     1    23     1    27    10     0     2    -4.0   32.280  -97.051     13.3   1001.1
     1     1    23     1    27     9     0     3    -5.0   32.182  -97.128     15.3    999.0
     1     1    23     1    27     8     0     2    -6.0   32.092  -97.210     19.2    996.4
     1     1    23     1    27     7     0     1    -7.0   32.018  -97.302     27.0    993.1
     1     1    23     1    27     6     0     0    -8.0   31.965  -97.400     38.8    990.0
     1     1    23     1    27     5     0     1    -9.0   31.929  -97.496     52.2    987.3
     1     1    23     1    27     4     0     2   -10.0   31.905  -97.584     64.6    984.3
     1     1    23     1    27     3     0     3   -11.0   31.899  -97.667     75.9    981.6
     1     1    23     1    27     2     0     2   -12.0   31.916  -97.747     85.7    979.0
     1     1    23     1    27     1     0     1   -13.0   31.955  -97.826     92.2    976.6
     1     1    23     1    27     0     0     0   -14.0   32.014  -97.906     92.9    974.8
     1     1    23     1    26    23     0     1   -15.0   32.091  -97.993     93.7    974.1
     1     1    23     1    26    22     0     2   -16.0   32.186  -98.099    101.1    971.8
     1     1    23     1    26    21     0     3   -17.0   32.295  -98.223    115.6    968.8
     1     1    23     1    26    20     0     2   -18.0   32.414  -98.360    134.7    966.2
     1     1    23     1    26    19     0     1   -19.0   32.538  -98.501    155.0    963.4
     1     1    23     1    26    18     0     0   -20.0   32.664  -98.647    176.8    960.7
     1     1    23     1    26    17     0     1   -21.0   32.797  -98.799    200.6    957.0
     1     1    23     1    26    16     0     2   -22.0   32.948  -98.962    226.4    953.7
     1     1    23     1    26    15     0     3   -23.0   33.122  -99.135    253.5    950.4
     1     1    23     1    26    14     0     2   -24.0   33.315  -99.309    282.9    945.2
     1     1    23     1    26    13     0     1   -25.0   33.533  -99.483    315.0    938.4
     1     1    23     1    26    12     0     0   -26.0   33.779  -99.661    349.3    930.6
     1     1    23     1    26    11     0     1   -27.0   34.053  -99.850    397.0    921.1
     1     1    23     1    26    10     0     2   -28.0   34.354 -100.045    472.1    905.8
     1     1    23     1    26     9     0     3   -29.0   34.677 -100.231    570.7    885.7
     1     1    23     1    26     8     0     2   -30.0   35.007 -100.402    672.9    866.2
     1     1    23     1    26     7     0     1   -31.0   35.332 -100.570    762.6    849.3
     1     1    23     1    26     6     0     0   -32.0   35.663 -100.730    851.6    836.6
     1     1    23     1    26     5     0     1   -33.0   36.022 -100.884    956.1    821.9
     1     1    23     1    26     4     0     2   -34.0   36.422 -101.043   1065.5    806.2
     1     1    23     1    26     3     0     3   -35.0   36.849 -101.204   1152.1    791.4
     1     1    23     1    26     2     0     2   -36.0   37.286 -101.376   1190.9    780.9
     1     1    23     1    26     1     0     1   -37.0   37.732 -101.562   1172.8    778.6
     1     1    23     1    26     0     0     0   -38.0   38.193 -101.759   1130.4    781.7
     1     1    23     1    25    23     0     1   -39.0   38.658 -101.976   1137.7    775.5
     1     1    23     1    25    22     0     2   -40.0   39.125 -102.201   1224.1    755.4
     1     1    23     1    25    21     0     3   -41.0   39.585 -102.420   1320.8    738.9
     1     1    23     1    25    20     0     2   -42.0   40.041 -102.643   1357.5    732.8
     1     1    23     1    25    19     0     1   -43.0   40.523 -102.859   1368.5    731.8
     1     1    23     1    25    18     0     0   -44.0   41.053 -103.057   1404.3    727.0
     1     1    23     1    25    17     0     1   -45.0   41.595 -103.259   1426.6    722.8
     1     1    23     1    25    16     0     2   -46.0   42.129 -103.487   1389.5    731.8
     1     1    23     1    25    15     0     3   -47.0   42.670 -103.747   1320.4    745.6
     1     1    23     1    25    14     0     2   -48.0   43.231 -104.057   1324.9    732.5
     1     1    23     1    25    13     0     1   -49.0   43.812 -104.395   1440.2    695.9
     1     1    23     1    25    12     0     0   -50.0   44.380 -104.758   1592.8    697.0
     1     1    23     1    25    11     0     1   -51.0   44.894 -105.144   1666.1    707.6
     1     1    23     1    25    10     0     2   -52.0   45.357 -105.526   1671.6    719.7
     1     1    23     1    25     9     0     3   -53.0   45.788 -105.895   1607.6    738.0
     1     1    23     1    25     8     0     2   -54.0   46.194 -106.263   1499.6    756.4
     1     1    23     1    25     7     0     1   -55.0   46.581 -106.624   1438.0    761.0
     1     1    23     1    25     6     0     0   -56.0   46.972 -106.951   1452.7    755.7
     1     1    23     1    25     5     0     1   -57.0   47.370 -107.255   1468.2    757.6
     1     1    23     1    25     4     0     2   -58.0   47.755 -107.549   1434.2    771.1
     1     1    23     1    25     3     0     3   -59.0   48.126 -107.809   1394.7    777.7
     1     1    23     1    25     2     0     2   -60.0   48.497 -108.079   1337.8    775.3
     1     1    23     1    25     1     0     1   -61.0   48.865 -108.374   1270.6    780.4
     1     1    23     1    25     0     0     0   -62.0   49.220 -108.641   1225.2    784.7
     1     1    23     1    24    23     0     1   -63.0   49.563 -108.913   1186.8    789.5
     1     1    23     1    24    22     0     2   -64.0   49.893 -109.202   1120.7    798.4
     1     1    23     1    24    21     0     3   -65.0   50.225 -109.471   1024.3    813.2
     1     1    23     1    24    20     0     2   -66.0   50.564 -109.767    920.1    829.4
     1     1    23     1    24    19     0     1   -67.0   50.900 -110.085    811.5    844.8
     1     1    23     1    24    18     0     0   -68.0   51.233 -110.413    715.1    854.1
     1     1    23     1    24    17     0     1   -69.0   51.575 -110.767    670.0    855.8
     1     1    23     1    24    16     0     2   -70.0   51.904 -111.145    679.4    848.0
     1     1    23     1    24    15     0     3   -71.0   52.227 -111.611    688.0    842.3
     1     1    23     1    24    14     0     2   -72.0   52.555 -112.156    677.8    850.3
     1     1    23     1    24    13     0     1   -73.0   52.871 -112.701    634.9    852.7
     1     1    23     1    24    12     0     0   -74.0   53.145 -113.290    569.3    861.7
     1     1    23     1    24    11     0     1   -75.0   53.400 -113.984    591.1    863.1
     1     1    23     1    24    10     0     2   -76.0   53.670 -114.748    620.4    852.5
     1     1    23     1    24     9     0     3   -77.0   53.884 -115.533    673.8    841.9
     1     1    23     1    24     8     0     2   -78.0   54.067 -116.446    836.2    802.9
     1     1    23     1    24     7     0     1   -79.0   54.228 -117.505    704.0    823.5
     1     1    23     1    24     6     0     0   -80.0   54.262 -118.674    882.5    786.3
     1     1    23     1    24     5     0     1   -81.0   54.239 -119.867   1232.1    727.3
     1     1    23     1    24     4     0     2   -82.0   54.246 -121.042   1492.2    715.2
     1     1    23     1    24     3     0     3   -83.0   54.110 -122.088   1337.2    782.1
     1     1    23     1    24     2     0     2   -84.0   53.964 -123.044   1100.6    811.7
     1     1    23     1    24     1     0     1   -85.0   53.850 -123.990    854.7    829.2
     1     1    23     1    24     0     0     0   -86.0   53.704 -124.918    791.7    823.2
     1     1    23     1    23    23     0     1   -87.0   53.463 -125.966    982.3    803.3
     1     1    23     1    23    22     0     2   -88.0   53.138 -126.983   1347.1    748.9
     1     1    23     1    23    21     0     3   -89.0   52.731 -127.871   1486.5    768.1
     1     1    23     1    23    20     0     2   -90.0   52.268 -128.449    959.8    895.0
     1     1    23     1    23    19     0     1   -91.0   51.810 -128.773    616.4    969.1
     1     1    23     1    23    18     0     0   -92.0   51.354 -129.040    454.7    981.8
     1     1    23     1    23    17     0     1   -93.0   50.931 -129.272    386.5    981.9
     1     1    23     1    23    16     0     2   -94.0   50.603 -129.476    337.7    985.9
     1     1    23     1    23    15     0     3   -95.0   50.360 -129.632    297.0    991.6
     1     1    23     1    23    14     0     2   -96.0   50.209 -129.777    266.2    995.7
     1     1    23     1    23    13     0     1   -97.0   50.155 -129.992    253.8    997.9
     1     1    23     1    23    12     0     0   -98.0   50.170 -130.279    260.6    996.2
     1     1    23     1    23    11     0     1   -99.0   50.203 -130.641    270.9    993.7
     1     1    23     1    23    10     0     2  -100.0   50.240 -131.110    290.6    991.4
     1     1    23     1    23     9     0     3  -101.0   50.292 -131.689    306.9    986.2
     1     1    23     1    23     8     0     2  -102.0   50.301 -132.354    299.7    986.5
     1     1    23     1    23     7     0     1  -103.0   50.245 -133.088    286.4    988.7
     1     1    23     1    23     6     0     0  -104.0   50.159 -133.898    312.0    986.4
     1     1    23     1    23     5     0     1  -105.0   50.062 -134.784    376.6    975.0
     1     1    23     1    23     4     0     2  -106.0   49.927 -135.711    392.9    973.3
     1     1    23     1    23     3     0     3  -107.0   49.767 -136.695    412.4    970.6
     1     1    23     1    23     2     0     2  -108.0   49.570 -137.682    439.7    966.1
     1     1    23     1    23     1     0     1  -109.0   49.308 -138.651    458.8    964.1
     1     1    23     1    23     0     0     0  -110.0   49.015 -139.614    500.1    957.4
     1     1    23     1    22    23     0     1  -111.0   48.677 -140.546    533.2    952.4
     1     1    23     1    22    22     0     2  -112.0   48.291 -141.449    527.1    954.3
     1     1    23     1    22    21     0     3  -113.0   47.878 -142.340    533.3    953.0
     1     1    23     1    22    20     0     2  -114.0   47.463 -143.204    559.7    948.8
     1     1    23     1    22    19     0     1  -115.0   47.027 -144.048    563.4    947.3
     1     1    23     1    22    18     0     0  -116.0   46.575 -144.905    559.4    948.0
     1     1    23     1    22    17     0     1  -117.0   46.127 -145.777    583.4    944.3
     1     1    23     1    22    16     0     2  -118.0   45.660 -146.623    601.7    940.6
     1     1    23     1    22    15     0     3  -119.0   45.170 -147.474    612.9    938.7
     1     1    23     1    22    14     0     2  -120.0   44.687 -148.330    597.5    939.8
