     8     1
    GDAS    22    12    22     0     0
    GDAS    22    12    29     0     0
    GDAS    23     1     1     0     0
    GDAS    23     1     8     0     0
    GDAS    23     1    15     0     0
    GDAS    23     1    22     0     0
    GDAS    23     1    29     0     0
    GDAS    23     2     1     0     0
     1 BACKWARD OMEGA   
    23     1    29    13   32.716  -96.748   500.0
     1 PRESSURE
     1     1    23     1    29    13     0     1     0.0   32.716  -96.748    500.0    939.1
     1     1    23     1    29    12     0     0    -1.0   32.760  -97.018    454.7    942.5
     1     1    23     1    29    11     0     1    -2.0   32.765  -97.302    416.7    942.4
     1     1    23     1    29    10     0     2    -3.0   32.696  -97.609    400.4    937.5
     1     1    23     1    29     9     0     3    -4.0   32.551  -97.963    395.6    930.2
     1     1    23     1    29     8     0     2    -5.0   32.370  -98.347    380.9    925.5
     1     1    23     1    29     7     0     1    -6.0   32.190  -98.728    355.5    924.5
     1     1    23     1    29     6     0     0    -7.0   32.006  -99.103    337.0    920.5
     1     1    23     1    29     5     0     1    -8.0   31.803  -99.470    332.5    915.0
     1     1    23     1    29     4     0     2    -9.0   31.572  -99.822    348.5    906.5
     1     1    23     1    29     3     0     3   -10.0   31.328 -100.167    388.7    896.8
     1     1    23     1    29     2     0     2   -11.0   31.084 -100.494    451.1    883.0
     1     1    23     1    29     1     0     1   -12.0   30.856 -100.779    515.2    873.5
     1     1    23     1    29     0     0     0   -13.0   30.650 -101.010    574.2    871.0
     1     1    23     1    28    23     0     1   -14.0   30.474 -101.210    615.8    868.6
     1     1    23     1    28    22     0     2   -15.0   30.330 -101.392    622.6    871.7
     1     1    23     1    28    21     0     3   -16.0   30.202 -101.555    619.5    875.7
     1     1    23     1    28    20     0     2   -17.0   30.077 -101.706    634.2    878.1
     1     1    23     1    28    19     0     1   -18.0   29.947 -101.871    672.4    870.6
     1     1    23     1    28    18     0     0   -19.0   29.816 -102.077    718.3    851.2
     1     1    23     1    28    17     0     1   -20.0   29.672 -102.340    772.7    830.6
     1     1    23     1    28    16     0     2   -21.0   29.507 -102.641    826.6    817.3
     1     1    23     1    28    15     0     3   -22.0   29.317 -102.935    841.4    816.6
     1     1    23     1    28    14     0     2   -23.0   29.122 -103.192    815.4    818.2
     1     1    23     1    28    13     0     1   -24.0   28.934 -103.469    812.9    807.7
     1     1    23     1    28    12     0     0   -25.0   28.750 -103.832    895.2    782.9
     1     1    23     1    28    11     0     1   -26.0   28.574 -104.250    995.9    763.1
     1     1    23     1    28    10     0     2   -27.0   28.392 -104.617   1025.2    766.7
     1     1    23     1    28     9     0     3   -28.0   28.212 -104.942   1018.9    770.6
     1     1    23     1    28     8     0     2   -29.0   28.039 -105.267   1016.2    766.4
     1     1    23     1    28     7     0     1   -30.0   27.863 -105.634   1020.2    753.8
     1     1    23     1    28     6     0     0   -31.0   27.684 -106.056   1012.8    736.8
     1     1    23     1    28     5     0     1   -32.0   27.481 -106.540   1084.5    707.5
     1     1    23     1    28     4     0     2   -33.0   27.235 -107.097   1321.2    671.0
     1     1    23     1    28     3     0     3   -34.0   26.995 -107.553   1545.4    685.9
     1     1    23     1    28     2     0     2   -35.0   26.769 -107.831   1633.0    725.3
     1     1    23     1    28     1     0     1   -36.0   26.526 -107.984   1721.6    757.2
     1     1    23     1    28     0     0     0   -37.0   26.284 -108.094   1962.7    758.3
     1     1    23     1    27    23     0     1   -38.0   26.072 -108.261   2192.2    737.3
     1     1    23     1    27    22     0     2   -39.0   25.876 -108.384   2225.1    748.2
     1     1    23     1    27    21     0     3   -40.0   25.675 -108.437   2133.2    768.0
     1     1    23     1    27    20     0     2   -41.0   25.474 -108.440   2058.9    789.8
     1     1    23     1    27    19     0     1   -42.0   25.284 -108.432   2065.0    791.4
     1     1    23     1    27    18     0     0   -43.0   25.105 -108.419   2103.5    790.7
     1     1    23     1    27    17     0     1   -44.0   24.932 -108.409   2111.8    788.5
     1     1    23     1    27    16     0     2   -45.0   24.765 -108.403   2063.3    794.2
     1     1    23     1    27    15     0     3   -46.0   24.605 -108.397   1980.6    802.3
     1     1    23     1    27    14     0     2   -47.0   24.447 -108.385   1889.7    812.9
     1     1    23     1    27    13     0     1   -48.0   24.287 -108.364   1805.8    820.1
     1     1    23     1    27    12     0     0   -49.0   24.129 -108.331   1716.9    827.5
     1     1    23     1    27    11     0     1   -50.0   23.978 -108.282   1628.7    837.7
     1     1    23     1    27    10     0     2   -51.0   23.834 -108.220   1560.3    845.4
     1     1    23     1    27     9     0     3   -52.0   23.692 -108.151   1516.1    849.9
     1     1    23     1    27     8     0     2   -53.0   23.556 -108.079   1484.2    852.5
     1     1    23     1    27     7     0     1   -54.0   23.436 -108.002   1457.6    855.8
     1     1    23     1    27     6     0     0   -55.0   23.333 -107.922   1438.1    858.0
     1     1    23     1    27     5     0     1   -56.0   23.252 -107.847   1421.4    859.2
     1     1    23     1    27     4     0     2   -57.0   23.196 -107.780   1403.9    860.7
     1     1    23     1    27     3     0     3   -58.0   23.162 -107.722   1383.8    862.5
     1     1    23     1    27     2     0     2   -59.0   23.136 -107.669   1364.0    864.4
     1     1    23     1    27     1     0     1   -60.0   23.105 -107.622   1349.8    865.6
     1     1    23     1    27     0     0     0   -61.0   23.070 -107.581   1343.9    865.9
     1     1    23     1    26    23     0     1   -62.0   23.028 -107.541   1347.5    865.5
     1     1    23     1    26    22     0     2   -63.0   22.977 -107.498   1360.5    864.2
     1     1    23     1    26    21     0     3   -64.0   22.912 -107.451   1382.4    861.9
     1     1    23     1    26    20     0     2   -65.0   22.834 -107.398   1410.4    859.7
     1     1    23     1    26    19     0     1   -66.0   22.748 -107.337   1439.9    857.4
     1     1    23     1    26    18     0     0   -67.0   22.650 -107.267   1465.0    855.5
     1     1    23     1    26    17     0     1   -68.0   22.544 -107.194   1485.7    853.6
     1     1    23     1    26    16     0     2   -69.0   22.432 -107.127   1512.6    851.3
     1     1    23     1    26    15     0     3   -70.0   22.320 -107.065   1558.1    846.9
     1     1    23     1    26    14     0     2   -71.0   22.210 -107.016   1600.8    839.5
     1     1    23     1    26    13     0     1   -72.0   22.112 -106.985   1616.6    837.3
     1     1    23     1    26    12     0     0   -73.0   22.029 -106.968   1602.8    838.1
     1     1    23     1    26    11     0     1   -74.0   21.958 -106.962   1575.6    842.7
     1     1    23     1    26    10     0     2   -75.0   21.890 -106.964   1555.4    844.8
     1     1    23     1    26     9     0     3   -76.0   21.825 -106.975   1543.4    846.1
     1     1    23     1    26     8     0     2   -77.0   21.757 -106.992   1530.3    846.7
     1     1    23     1    26     7     0     1   -78.0   21.682 -107.009   1507.7    849.5
     1     1    23     1    26     6     0     0   -79.0   21.602 -107.028   1481.0    852.8
     1     1    23     1    26     5     0     1   -80.0   21.512 -107.042   1461.4    855.3
     1     1    23     1    26     4     0     2   -81.0   21.405 -107.050   1454.7    855.6
     1     1    23     1    26     3     0     3   -82.0   21.280 -107.052   1455.6    855.1
     1     1    23     1    26     2     0     2   -83.0   21.144 -107.052   1457.4    854.1
     1     1    23     1    26     1     0     1   -84.0   21.010 -107.052   1457.7    853.7
     1     1    23     1    26     0     0     0   -85.0   20.878 -107.053   1458.4    853.2
     1     1    23     1    25    23     0     1   -86.0   20.751 -107.056   1462.1    853.0
     1     1    23     1    25    22     0     2   -87.0   20.632 -107.063   1471.8    852.2
     1     1    23     1    25    21     0     3   -88.0   20.522 -107.073   1490.0    850.6
     1     1    23     1    25    20     0     2   -89.0   20.425 -107.081   1507.0    848.7
     1     1    23     1    25    19     0     1   -90.0   20.341 -107.081   1512.8    849.1
     1     1    23     1    25    18     0     0   -91.0   20.267 -107.072   1507.8    850.5
     1     1    23     1    25    17     0     1   -92.0   20.206 -107.067   1513.6    852.0
     1     1    23     1    25    16     0     2   -93.0   20.162 -107.085   1548.8    848.0
     1     1    23     1    25    15     0     3   -94.0   20.137 -107.127   1610.4    841.4
     1     1    23     1    25    14     0     2   -95.0   20.122 -107.193   1674.2    832.3
     1     1    23     1    25    13     0     1   -96.0   20.109 -107.279   1715.4    827.7
     1     1    23     1    25    12     0     0   -97.0   20.103 -107.383   1731.4    825.5
     1     1    23     1    25    11     0     1   -98.0   20.104 -107.493   1735.1    826.6
     1     1    23     1    25    10     0     2   -99.0   20.108 -107.602   1738.0    826.4
     1     1    23     1    25     9     0     3  -100.0   20.115 -107.712   1737.3    826.5
     1     1    23     1    25     8     0     2  -101.0   20.123 -107.821   1730.8    827.5
     1     1    23     1    25     7     0     1  -102.0   20.131 -107.930   1723.3    829.1
     1     1    23     1    25     6     0     0  -103.0   20.139 -108.040   1722.3    830.0
     1     1    23     1    25     5     0     1  -104.0   20.155 -108.154   1735.2    829.1
     1     1    23     1    25     4     0     2  -105.0   20.188 -108.273   1762.1    826.0
     1     1    23     1    25     3     0     3  -106.0   20.238 -108.398   1797.7    822.2
     1     1    23     1    25     2     0     2  -107.0   20.292 -108.538   1825.0    817.8
     1     1    23     1    25     1     0     1  -108.0   20.340 -108.697   1836.0    816.8
     1     1    23     1    25     0     0     0  -109.0   20.383 -108.866   1840.1    816.3
     1     1    23     1    24    23     0     1  -110.0   20.413 -109.035   1842.6    816.2
     1     1    23     1    24    22     0     2  -111.0   20.425 -109.195   1851.0    816.0
     1     1    23     1    24    21     0     3  -112.0   20.421 -109.350   1874.5    814.0
     1     1    23     1    24    20     0     2  -113.0   20.409 -109.499   1906.2    810.7
     1     1    23     1    24    19     0     1  -114.0   20.396 -109.642   1931.5    808.4
     1     1    23     1    24    18     0     0  -115.0   20.382 -109.775   1938.9    808.0
     1     1    23     1    24    17     0     1  -116.0   20.373 -109.901   1938.1    809.3
     1     1    23     1    24    16     0     2  -117.0   20.369 -110.028   1946.3    808.6
     1     1    23     1    24    15     0     3  -118.0   20.366 -110.158   1968.2    806.3
     1     1    23     1    24    14     0     2  -119.0   20.360 -110.296   1995.6    802.3
     1     1    23     1    24    13     0     1  -120.0   20.355 -110.444   2016.2    799.6
