     8     1
    GDAS    22    12    22     0     0
    GDAS    22    12    29     0     0
    GDAS    23     1     1     0     0
    GDAS    23     1     8     0     0
    GDAS    23     1    15     0     0
    GDAS    23     1    22     0     0
    GDAS    23     1    29     0     0
    GDAS    23     2     1     0     0
     1 BACKWARD OMEGA   
    23     1     9    17   32.000  -96.000  1000.0
     1 PRESSURE
     1     1    23     1     9    17     0     1     0.0   32.000  -96.000   1000.0    898.4
     1     1    23     1     9    16     0     2    -1.0   31.844  -96.136    995.5    898.9
     1     1    23     1     9    15     0     3    -2.0   31.710  -96.269   1007.3    895.1
     1     1    23     1     9    14     0     2    -3.0   31.590  -96.396   1021.6    891.8
     1     1    23     1     9    13     0     1    -4.0   31.475  -96.513   1029.9    888.9
     1     1    23     1     9    12     0     0    -5.0   31.362  -96.616   1018.5    888.4
     1     1    23     1     9    11     0     1    -6.0   31.244  -96.699   1004.9    892.5
     1     1    23     1     9    10     0     2    -7.0   31.120  -96.770   1034.9    891.6
     1     1    23     1     9     9     0     3    -8.0   30.989  -96.846   1159.4    881.8
     1     1    23     1     9     8     0     2    -9.0   30.854  -96.948   1318.3    856.0
     1     1    23     1     9     7     0     1   -10.0   30.721  -97.048   1411.1    846.9
     1     1    23     1     9     6     0     0   -11.0   30.587  -97.131   1456.4    843.7
     1     1    23     1     9     5     0     1   -12.0   30.468  -97.191   1489.4    841.8
     1     1    23     1     9     4     0     2   -13.0   30.383  -97.228   1527.4    837.9
     1     1    23     1     9     3     0     3   -14.0   30.331  -97.246   1571.8    833.4
     1     1    23     1     9     2     0     2   -15.0   30.314  -97.263   1614.7    827.8
     1     1    23     1     9     1     0     1   -16.0   30.336  -97.297   1648.1    823.1
     1     1    23     1     9     0     0     0   -17.0   30.392  -97.348   1671.6    819.2
     1     1    23     1     8    23     0     1   -18.0   30.470  -97.419   1696.8    815.8
     1     1    23     1     8    22     0     2   -19.0   30.556  -97.519   1735.3    809.7
     1     1    23     1     8    21     0     3   -20.0   30.650  -97.653   1788.6    801.4
     1     1    23     1     8    20     0     2   -21.0   30.747  -97.821   1836.0    791.8
     1     1    23     1     8    19     0     1   -22.0   30.850  -98.006   1856.9    786.2
     1     1    23     1     8    18     0     0   -23.0   30.962  -98.193   1863.5    783.0
     1     1    23     1     8    17     0     1   -24.0   31.077  -98.394   1866.3    778.9
     1     1    23     1     8    16     0     2   -25.0   31.185  -98.621   1877.9    775.3
     1     1    23     1     8    15     0     3   -26.0   31.284  -98.876   1920.8    768.1
     1     1    23     1     8    14     0     2   -27.0   31.379  -99.154   1997.8    756.4
     1     1    23     1     8    13     0     1   -28.0   31.475  -99.457   2084.6    744.1
     1     1    23     1     8    12     0     0   -29.0   31.573  -99.790   2152.8    733.0
     1     1    23     1     8    11     0     1   -30.0   31.652 -100.148   2191.0    726.4
     1     1    23     1     8    10     0     2   -31.0   31.702 -100.526   2234.4    720.5
     1     1    23     1     8     9     0     3   -32.0   31.754 -100.918   2282.7    710.2
     1     1    23     1     8     8     0     2   -33.0   31.800 -101.303   2361.9    704.4
     1     1    23     1     8     7     0     1   -34.0   31.818 -101.675   2490.3    687.5
     1     1    23     1     8     6     0     0   -35.0   31.824 -102.032   2595.7    672.1
     1     1    23     1     8     5     0     1   -36.0   31.817 -102.382   2653.2    666.6
     1     1    23     1     8     4     0     2   -37.0   31.793 -102.732   2730.4    662.7
     1     1    23     1     8     3     0     3   -38.0   31.759 -103.075   2914.7    648.4
     1     1    23     1     8     2     0     2   -39.0   31.704 -103.426   3093.6    618.8
     1     1    23     1     8     1     0     1   -40.0   31.642 -103.789   3162.3    609.4
     1     1    23     1     8     0     0     0   -41.0   31.597 -104.152   3177.0    604.2
     1     1    23     1     7    23     0     1   -42.0   31.538 -104.552   3233.2    594.6
     1     1    23     1     7    22     0     2   -43.0   31.418 -105.072   3387.8    571.5
     1     1    23     1     7    21     0     3   -44.0   31.228 -105.694   3463.1    547.7
     1     1    23     1     7    20     0     2   -45.0   31.003 -106.294   3296.2    563.3
     1     1    23     1     7    19     0     1   -46.0   30.775 -106.832   3094.3    601.1
     1     1    23     1     7    18     0     0   -47.0   30.514 -107.360   2930.3    597.2
     1     1    23     1     7    17     0     1   -48.0   30.195 -107.935   2699.8    582.1
     1     1    23     1     7    16     0     2   -49.0   29.847 -108.516   2495.2    613.5
     1     1    23     1     7    15     0     3   -50.0   29.511 -109.018   2360.6    660.4
     1     1    23     1     7    14     0     2   -51.0   29.188 -109.460   2252.3    686.4
     1     1    23     1     7    13     0     1   -52.0   28.878 -109.833   2104.0    721.5
     1     1    23     1     7    12     0     0   -53.0   28.590 -110.126   1957.8    765.2
     1     1    23     1     7    11     0     1   -54.0   28.330 -110.365   1868.4    792.6
     1     1    23     1     7    10     0     2   -55.0   28.099 -110.576   1836.1    804.6
     1     1    23     1     7     9     0     3   -56.0   27.886 -110.774   1831.8    811.0
     1     1    23     1     7     8     0     2   -57.0   27.682 -110.980   1834.0    813.4
     1     1    23     1     7     7     0     1   -58.0   27.484 -111.192   1825.1    817.1
     1     1    23     1     7     6     0     0   -59.0   27.290 -111.392   1805.7    821.0
     1     1    23     1     7     5     0     1   -60.0   27.095 -111.581   1789.5    824.9
     1     1    23     1     7     4     0     2   -61.0   26.892 -111.767   1789.6    823.5
     1     1    23     1     7     3     0     3   -62.0   26.680 -111.952   1807.3    817.1
     1     1    23     1     7     2     0     2   -63.0   26.465 -112.139   1817.5    809.5
     1     1    23     1     7     1     0     1   -64.0   26.259 -112.320   1788.3    810.5
     1     1    23     1     7     0     0     0   -65.0   26.070 -112.489   1724.7    818.1
     1     1    23     1     6    23     0     1   -66.0   25.895 -112.644   1668.4    830.4
     1     1    23     1     6    22     0     2   -67.0   25.728 -112.794   1644.1    836.4
     1     1    23     1     6    21     0     3   -68.0   25.563 -112.944   1647.4    838.3
     1     1    23     1     6    20     0     2   -69.0   25.403 -113.090   1664.1    836.9
     1     1    23     1     6    19     0     1   -70.0   25.251 -113.226   1685.3    835.5
     1     1    23     1     6    18     0     0   -71.0   25.105 -113.353   1713.4    833.6
     1     1    23     1     6    17     0     1   -72.0   24.969 -113.483   1741.0    829.7
     1     1    23     1     6    16     0     2   -73.0   24.851 -113.623   1760.0    827.8
     1     1    23     1     6    15     0     3   -74.0   24.755 -113.769   1774.3    826.3
     1     1    23     1     6    14     0     2   -75.0   24.674 -113.925   1789.7    824.8
     1     1    23     1     6    13     0     1   -76.0   24.600 -114.092   1807.1    822.6
     1     1    23     1     6    12     0     0   -77.0   24.532 -114.266   1822.2    820.6
     1     1    23     1     6    11     0     1   -78.0   24.464 -114.438   1831.7    819.9
     1     1    23     1     6    10     0     2   -79.0   24.391 -114.604   1837.3    819.9
     1     1    23     1     6     9     0     3   -80.0   24.315 -114.766   1843.5    819.7
     1     1    23     1     6     8     0     2   -81.0   24.232 -114.920   1845.4    819.3
     1     1    23     1     6     7     0     1   -82.0   24.140 -115.060   1831.9    820.4
     1     1    23     1     6     6     0     0   -83.0   24.041 -115.184   1799.6    823.9
     1     1    23     1     6     5     0     1   -84.0   23.944 -115.295   1757.7    828.6
     1     1    23     1     6     4     0     2   -85.0   23.851 -115.402   1713.6    832.7
     1     1    23     1     6     3     0     3   -86.0   23.762 -115.503   1665.8    837.2
     1     1    23     1     6     2     0     2   -87.0   23.675 -115.596   1626.2    842.1
     1     1    23     1     6     1     0     1   -88.0   23.578 -115.683   1604.9    843.8
     1     1    23     1     6     0     0     0   -89.0   23.469 -115.765   1598.6    843.9
     1     1    23     1     5    23     0     1   -90.0   23.353 -115.837   1600.2    843.4
     1     1    23     1     5    22     0     2   -91.0   23.238 -115.894   1604.3    843.1
     1     1    23     1     5    21     0     3   -92.0   23.124 -115.935   1609.8    842.7
     1     1    23     1     5    20     0     2   -93.0   23.015 -115.961   1624.9    842.7
     1     1    23     1     5    19     0     1   -94.0   22.908 -115.973   1656.3    839.9
     1     1    23     1     5    18     0     0   -95.0   22.800 -115.975   1699.5    835.9
     1     1    23     1     5    17     0     1   -96.0   22.690 -115.973   1737.2    830.6
     1     1    23     1     5    16     0     2   -97.0   22.583 -115.971   1760.8    828.5
     1     1    23     1     5    15     0     3   -98.0   22.477 -115.966   1779.6    826.8
     1     1    23     1     5    14     0     2   -99.0   22.368 -115.957   1797.8    824.6
     1     1    23     1     5    13     0     1  -100.0   22.255 -115.942   1814.9    822.5
     1     1    23     1     5    12     0     0  -101.0   22.139 -115.920   1829.8    820.6
     1     1    23     1     5    11     0     1  -102.0   22.021 -115.889   1838.9    819.6
     1     1    23     1     5    10     0     2  -103.0   21.900 -115.853   1839.2    819.9
     1     1    23     1     5     9     0     3  -104.0   21.777 -115.814   1833.5    820.8
     1     1    23     1     5     8     0     2  -105.0   21.657 -115.771   1833.3    822.1
     1     1    23     1     5     7     0     1  -106.0   21.541 -115.723   1843.9    821.0
     1     1    23     1     5     6     0     0  -107.0   21.426 -115.672   1858.2    819.7
     1     1    23     1     5     5     0     1  -108.0   21.315 -115.618   1871.5    818.0
     1     1    23     1     5     4     0     2  -109.0   21.208 -115.562   1884.1    816.7
     1     1    23     1     5     3     0     3  -110.0   21.103 -115.501   1898.8    815.0
     1     1    23     1     5     2     0     2  -111.0   21.006 -115.437   1912.8    812.7
     1     1    23     1     5     1     0     1  -112.0   20.924 -115.370   1920.7    811.3
     1     1    23     1     5     0     0     0  -113.0   20.856 -115.302   1922.8    810.7
     1     1    23     1     4    23     0     1  -114.0   20.793 -115.231   1926.2    811.0
     1     1    23     1     4    22     0     2  -115.0   20.731 -115.155   1936.6    810.1
     1     1    23     1     4    21     0     3  -116.0   20.671 -115.076   1954.4    808.5
     1     1    23     1     4    20     0     2  -117.0   20.617 -114.990   1977.4    806.7
     1     1    23     1     4    19     0     1  -118.0   20.570 -114.898   2003.7    804.8
     1     1    23     1     4    18     0     0  -119.0   20.530 -114.801   2035.3    802.4
     1     1    23     1     4    17     0     1  -120.0   20.498 -114.704   2067.8    798.5
